Type,Age,Breed1,Breed2,Gender,Color1,Color2,Color3,MaturitySize,FurLength,Vaccinated,Dewormed,Sterilized,Health,Quantity,Fee,State,VideoAmt,PhotoAmt,desc_length,desc_words,average_word_length
1,12,104,0,1,0,6,0,1,1,2,2,2,0,1,0,2,0,2.0,232,45,5.155555555555556
1,3,103,0,1,0,1,3,2,2,0,0,1,0,1,50,2,0,2.0,658,126,5.222222222222222
1,1,105,0,2,0,1,5,0,0,1,1,1,0,5,0,2,0,1.0,529,97,5.453608247422681
1,1,105,0,2,0,1,5,0,0,1,1,1,0,3,0,2,0,1.0,94,17,5.529411764705882
0,2,144,0,0,1,6,0,1,0,0,0,1,0,1,0,2,0,3.0,288,54,5.333333333333333
1,9,105,0,1,1,6,0,1,0,1,1,1,0,1,0,12,0,1.0,325,62,5.241935483870968
0,12,144,0,1,1,0,0,1,0,0,0,0,0,1,0,2,0,3.0,122,25,4.88
0,2,144,0,1,0,1,0,1,0,0,1,1,0,1,0,3,0,1.0,218,36,6.055555555555555
0,2,144,130,0,0,6,0,1,0,0,0,1,0,1,0,2,4,18.0,1308,228,5.7368421052631575
1,1,103,0,2,4,5,0,0,1,1,1,1,0,2,0,12,0,1.0,210,43,4.883720930232558
0,24,13,114,1,0,5,5,1,1,2,2,0,0,1,0,2,0,2.0,448,84,5.333333333333333
0,3,144,0,1,1,0,0,1,0,0,0,1,0,1,0,12,0,4.0,165,31,5.32258064516129
0,36,8,0,1,1,2,2,2,1,0,0,1,0,1,0,2,0,4.0,701,134,5.231343283582089
1,3,105,0,1,5,6,0,1,0,0,0,1,0,1,0,12,1,3.0,426,84,5.071428571428571
0,2,144,0,1,0,1,0,1,1,0,0,1,0,1,0,2,0,4.0,209,34,6.147058823529412
1,1,105,0,0,0,1,0,1,0,1,1,1,0,1,0,2,0,1.0,251,58,4.327586206896552
1,13,105,0,1,1,2,0,1,0,1,0,1,0,1,0,2,0,5.0,589,113,5.212389380530974
1,10,105,0,1,3,0,0,1,0,0,0,0,0,1,0,12,0,8.0,296,54,5.481481481481482
1,4,105,0,1,0,1,4,2,0,1,1,1,0,1,0,12,0,8.0,11,3,3.6666666666666665
1,2,105,73,1,0,3,5,0,0,1,1,1,0,1,0,2,0,5.0,729,116,6.2844827586206895
1,0,128,106,2,1,4,0,1,0,1,1,1,1,3,0,2,0,1.0,112,27,4.148148148148148
1,11,105,0,1,0,3,5,1,0,0,0,0,0,1,50,2,0,5.0,204,37,5.513513513513513
0,60,41,30,1,1,0,0,0,2,0,0,0,0,1,0,2,0,3.0,12,2,6.0
1,3,105,81,1,0,3,5,1,0,1,0,1,0,4,0,2,0,5.0,644,128,5.03125
0,2,144,0,1,0,6,0,1,1,1,0,1,0,1,0,2,0,12.0,288,54,5.333333333333333
1,1,105,0,2,0,6,0,1,1,1,1,1,0,3,0,12,0,4.0,125,25,5.0
0,36,144,0,1,1,0,0,1,0,0,0,0,0,1,0,2,0,1.0,35,6,5.833333333333333
1,12,88,0,0,0,5,5,1,1,0,0,0,0,1,0,2,0,1.0,217,36,6.027777777777778
0,55,54,0,0,0,3,5,1,0,0,0,0,0,1,0,2,0,5.0,490,94,5.212765957446808
1,6,104,82,1,1,4,0,1,1,1,1,1,0,1,0,12,0,3.0,366,66,5.545454545454546
0,24,99,114,1,0,1,0,1,1,0,0,0,0,1,250,2,0,9.0,504,98,5.142857142857143
0,2,144,0,1,0,1,5,1,0,1,0,1,0,2,0,3,0,2.0,68,12,5.666666666666667
1,4,105,0,0,0,1,2,1,0,1,1,1,0,1,0,2,0,4.0,84,15,5.6
1,22,104,0,1,0,0,0,1,1,0,0,0,0,1,0,3,0,7.0,291,54,5.388888888888889
0,3,144,0,1,0,1,5,1,1,0,0,1,0,1,0,2,0,4.0,152,30,5.066666666666666
0,2,144,0,2,1,6,0,1,0,1,1,1,0,5,0,2,0,2.0,256,51,5.019607843137255
1,7,103,0,0,0,6,0,1,1,0,0,0,0,1,0,2,0,15.0,257,44,5.840909090909091
0,25,51,0,0,5,6,0,1,2,0,0,1,0,1,100,2,0,2.0,16,3,5.333333333333333
0,1,144,0,2,0,1,5,2,1,1,0,1,0,12,0,2,0,5.0,3100,561,5.52584670231729
0,84,8,0,0,1,4,0,1,1,0,0,0,1,1,0,2,0,1.0,1302,248,5.25
1,4,105,0,0,0,2,5,0,0,0,0,1,0,2,40,12,0,5.0,28,4,7.0
1,1,105,0,2,1,3,5,1,1,0,0,1,0,20,0,12,0,5.0,142,24,5.916666666666667
1,0,105,0,2,0,4,5,1,1,1,1,1,0,4,0,2,0,3.0,295,58,5.086206896551724
1,4,105,0,0,0,0,0,1,0,0,0,0,1,1,0,2,0,5.0,332,55,6.036363636363636
0,2,144,0,1,1,0,0,1,0,1,0,1,0,4,0,4,0,2.0,452,90,5.022222222222222
1,3,105,0,0,3,0,0,0,0,0,0,1,0,1,0,12,0,6.0,68,10,6.8
1,5,105,0,0,0,1,5,1,1,1,0,1,0,1,0,2,0,1.0,195,41,4.7560975609756095
0,24,144,30,1,0,0,0,0,0,2,0,2,1,1,0,7,0,1.0,440,80,5.5
1,2,105,0,2,0,3,5,0,0,0,0,1,0,3,0,2,0,4.0,232,49,4.73469387755102
0,2,144,0,2,0,1,3,1,0,1,0,1,0,4,0,2,0,1.0,283,56,5.053571428571429
0,3,144,114,0,1,0,0,1,0,1,1,1,0,1,0,2,0,3.0,235,44,5.340909090909091
0,2,144,0,1,2,0,0,1,0,2,0,1,0,1,0,12,0,2.0,167,23,7.260869565217392
0,1,144,0,0,0,1,5,1,0,0,0,1,0,1,100,4,0,2.0,589,117,5.034188034188034
0,36,149,114,0,0,1,5,2,0,0,0,0,0,1,0,2,0,10.0,433,79,5.481012658227848
1,2,105,0,1,3,5,5,0,0,2,2,2,0,3,0,2,0,5.0,175,32,5.46875
1,19,105,82,0,5,0,0,1,0,0,0,0,0,2,0,2,0,4.0,123,7,17.571428571428573
1,24,105,82,1,4,0,0,0,0,0,0,2,0,1,0,2,0,2.0,102,20,5.1
0,24,144,0,0,1,0,0,2,0,0,0,0,0,1,200,2,0,3.0,48,9,5.333333333333333
1,10,105,0,1,0,6,0,1,1,1,1,1,0,1,0,2,0,1.0,115,21,5.476190476190476
1,2,104,0,0,0,6,0,1,0,0,0,2,0,1,0,12,0,1.0,102,22,4.636363636363637
1,4,84,82,1,4,6,0,0,1,0,0,1,0,1,80,2,0,13.0,16,3,5.333333333333333
1,2,115,0,1,0,6,0,1,0,1,0,1,0,1,0,3,0,7.0,744,143,5.2027972027972025
1,2,128,80,1,0,3,0,0,1,1,2,1,0,1,0,5,0,3.0,110,22,5.0
0,12,166,16,0,0,1,0,1,0,0,0,2,0,2,0,3,0,2.0,307,60,5.116666666666666
1,2,132,82,1,0,6,0,1,0,1,0,1,0,1,50,2,2,5.0,1168,214,5.457943925233645
0,1,144,114,1,0,0,0,1,2,0,0,1,0,1,0,2,0,3.0,344,51,6.745098039215686
1,1,104,82,1,1,6,0,1,1,2,2,1,0,3,0,2,0,3.0,282,52,5.423076923076923
1,2,105,0,0,0,6,0,0,0,1,0,1,0,1,0,12,0,5.0,104,19,5.473684210526316
1,3,105,0,0,1,3,4,1,0,1,0,1,0,1,0,2,0,5.0,53,11,4.818181818181818
0,15,155,0,0,0,4,0,0,1,0,0,1,0,1,200,2,0,3.0,140,25,5.6
1,5,103,0,0,3,0,0,1,1,1,1,1,0,1,0,12,0,2.0,48,9,5.333333333333333
0,2,144,114,0,0,6,0,1,0,1,1,1,0,1,0,2,0,2.0,221,41,5.390243902439025
0,1,144,16,1,0,6,0,1,0,2,2,2,0,1,0,12,0,3.0,185,33,5.606060606060606
0,24,144,0,0,0,1,2,1,1,0,0,0,0,1,0,4,0,3.0,314,63,4.984126984126984
0,2,144,114,1,4,0,0,1,1,1,0,1,0,1,0,2,0,8.0,12,2,6.0
0,60,54,0,0,1,6,0,1,0,2,2,0,0,1,300,12,0,4.0,162,31,5.225806451612903
0,2,144,0,0,1,0,0,1,1,0,0,1,0,1,0,2,0,1.0,195,37,5.27027027027027
0,84,41,0,0,0,1,4,1,2,0,0,1,0,1,0,2,0,2.0,450,89,5.056179775280899
0,1,22,114,2,4,0,0,1,0,1,1,1,0,4,0,2,0,2.0,208,40,5.2
0,8,144,0,1,0,6,0,1,1,0,0,0,0,1,0,12,0,3.0,40,10,4.0
0,11,144,0,0,0,4,0,1,0,0,0,1,0,1,0,4,0,5.0,1141,214,5.331775700934579
1,23,105,0,2,0,2,5,1,0,1,0,0,0,3,100,2,0,11.0,609,123,4.951219512195122
1,2,105,0,0,0,6,0,0,0,1,0,1,1,1,9,2,1,10.0,458,86,5.325581395348837
0,12,144,0,0,3,0,0,1,0,2,0,2,1,1,0,2,0,2.0,781,159,4.911949685534591
0,3,144,0,1,0,1,0,1,0,0,0,1,0,1,0,2,0,3.0,266,54,4.925925925925926
1,14,105,0,0,0,6,0,2,0,1,1,1,0,1,0,12,0,2.0,55,10,5.5
1,2,105,0,1,1,3,4,1,0,2,2,1,0,1,0,2,0,1.0,1116,209,5.339712918660287
0,5,144,114,0,3,0,0,2,0,0,0,0,0,1,50,5,0,2.0,488,92,5.304347826086956
0,48,54,0,0,0,1,5,1,1,0,0,0,0,1,500,12,0,0.0,264,53,4.981132075471698
0,12,69,114,0,0,0,0,1,1,2,2,2,0,1,0,12,0,3.0,1199,235,5.102127659574468
0,3,144,0,1,0,1,0,1,0,0,0,1,0,1,0,2,0,4.0,400,76,5.2631578947368425
0,36,13,0,1,1,4,0,2,1,2,2,0,0,1,0,2,0,3.0,299,61,4.901639344262295
1,2,104,0,0,2,3,0,0,1,1,0,1,0,1,0,12,0,3.0,16,3,5.333333333333333
0,12,5,114,0,0,1,0,1,1,0,0,0,0,1,0,2,0,10.0,88,17,5.176470588235294
0,3,144,114,0,4,5,0,1,1,1,1,1,0,1,0,2,0,1.0,150,28,5.357142857142857
1,2,122,80,1,0,3,5,1,2,1,0,1,0,1,550,2,0,5.0,115,21,5.476190476190476
1,36,105,0,0,0,1,0,2,0,0,0,0,0,1,0,12,0,1.0,460,91,5.054945054945055
0,12,8,114,2,0,1,0,1,1,2,2,1,0,3,0,2,0,9.0,798,142,5.619718309859155
0,1,150,114,0,1,6,0,1,1,1,1,1,0,1,0,12,0,3.0,69,15,4.6
1,3,105,0,0,3,6,0,1,0,0,0,1,0,1,0,12,0,27.0,71,14,5.071428571428571
0,2,144,0,1,1,0,0,1,0,0,0,1,0,1,0,2,0,3.0,244,52,4.6923076923076925
0,12,144,0,1,3,0,0,1,1,0,0,1,1,1,0,2,0,4.0,430,79,5.443037974683544
0,2,144,0,0,0,1,0,1,0,1,1,1,0,1,0,2,0,2.0,212,37,5.72972972972973
1,3,84,0,2,1,3,0,0,1,1,1,1,0,2,0,2,0,4.0,265,55,4.818181818181818
0,1,144,0,1,1,6,0,1,1,1,0,1,0,1,0,2,0,4.0,301,53,5.679245283018868
0,120,62,0,1,2,5,0,0,1,2,2,2,0,1,0,2,0,1.0,207,37,5.594594594594595
1,1,105,0,1,2,5,5,1,0,1,1,1,0,1,0,12,0,8.0,427,84,5.083333333333333
1,3,84,0,2,5,0,0,1,1,1,1,1,0,3,0,12,0,1.0,459,83,5.530120481927711
0,27,41,0,1,0,0,0,1,1,0,0,1,0,1,200,2,0,2.0,691,147,4.700680272108843
0,1,144,0,1,1,4,0,1,0,1,1,1,0,2,0,12,0,2.0,28,5,5.6
0,6,144,0,0,1,6,0,1,0,0,1,1,0,1,0,2,0,1.0,312,54,5.777777777777778
0,5,144,0,0,1,0,0,1,0,0,0,0,0,1,0,2,0,5.0,252,43,5.8604651162790695
1,12,128,82,0,6,0,0,2,0,2,2,1,0,1,0,2,0,4.0,185,35,5.285714285714286
0,4,79,114,1,0,1,0,1,0,0,2,1,0,1,0,2,0,4.0,125,21,5.9523809523809526
0,18,144,114,2,0,6,0,2,0,0,0,0,0,2,0,2,0,2.0,1592,303,5.254125412541254
0,24,144,114,1,1,6,0,1,1,2,2,2,0,2,0,3,0,4.0,342,68,5.029411764705882
0,12,155,0,0,4,6,0,0,0,0,0,1,0,1,50,2,0,3.0,26,6,4.333333333333333
0,72,60,0,0,0,6,0,0,0,2,2,2,2,1,0,2,0,3.0,715,146,4.897260273972603
0,3,144,0,0,0,1,3,1,0,1,0,1,0,1,0,2,0,5.0,275,54,5.092592592592593
1,2,104,0,2,4,5,5,1,1,2,2,2,0,2,0,2,0,4.0,257,46,5.586956521739131
0,2,144,0,0,0,4,5,1,0,0,0,1,0,2,0,12,0,3.0,544,86,6.325581395348837
0,2,144,0,1,0,1,0,1,1,1,1,1,0,1,0,3,0,1.0,512,93,5.505376344086022
0,1,144,114,2,0,1,3,0,0,1,0,2,0,6,0,2,0,5.0,371,60,6.183333333333334
0,2,144,0,0,4,0,0,1,1,2,2,2,0,1,0,0,0,1.0,64,11,5.818181818181818
0,2,144,0,1,1,0,0,1,1,0,0,1,0,1,0,4,0,1.0,225,41,5.487804878048781
1,2,104,0,0,1,5,0,1,1,0,0,1,0,1,0,12,0,3.0,674,124,5.435483870967742
1,4,105,0,0,6,0,0,0,0,0,0,1,0,1,0,6,0,4.0,130,25,5.2
1,12,104,0,1,0,3,0,1,1,0,0,0,0,1,0,2,0,1.0,88,17,5.176470588235294
0,2,144,0,2,1,3,0,0,0,1,1,1,0,2,0,2,0,1.0,252,46,5.478260869565218
0,3,144,0,1,1,0,0,1,1,0,0,1,0,1,50,2,0,2.0,127,26,4.884615384615385
0,3,54,4,2,0,1,0,1,0,1,0,2,0,3,0,3,0,4.0,424,80,5.3
0,12,10,0,1,0,0,0,3,0,0,0,0,0,1,500,2,0,3.0,33,7,4.714285714285714
1,2,104,0,0,0,6,0,1,1,1,0,1,0,1,0,5,0,6.0,33,6,5.5
1,1,125,82,2,6,0,0,2,1,1,1,1,1,2,30,12,0,5.0,64,12,5.333333333333333
0,2,144,114,0,0,1,0,1,1,1,1,1,0,1,0,2,0,5.0,12,2,6.0
1,12,105,0,1,0,6,0,1,0,1,0,1,0,7,0,4,0,5.0,139,23,6.043478260869565
0,4,144,0,1,0,0,0,1,0,0,0,1,1,1,0,12,0,3.0,440,85,5.176470588235294
0,3,144,0,1,1,0,0,1,0,0,0,1,0,1,0,2,0,1.0,34,6,5.666666666666667
1,2,103,0,2,0,1,2,2,2,1,1,1,0,2,250,2,0,2.0,265,46,5.760869565217392
1,18,122,80,1,0,3,5,1,2,0,0,0,0,1,30,2,0,5.0,209,35,5.9714285714285715
0,60,144,0,0,0,6,0,2,1,0,0,1,0,1,0,2,0,5.0,1232,244,5.049180327868853
0,24,144,0,0,0,3,0,1,0,1,1,1,0,1,0,2,0,2.0,765,146,5.239726027397261
1,7,104,0,0,0,6,0,1,1,0,0,0,0,1,0,2,0,5.0,175,32,5.46875
1,4,140,0,1,0,3,3,1,0,1,1,1,0,1,0,2,0,1.0,37,5,7.4
0,3,144,0,1,4,0,0,1,0,1,0,1,0,1,0,7,0,1.0,261,55,4.745454545454545
1,1,105,0,0,5,6,0,1,0,1,1,1,0,1,0,2,0,7.0,500,85,5.882352941176471
0,6,144,0,0,4,0,0,1,0,0,0,1,0,1,0,3,0,1.0,115,22,5.2272727272727275
1,3,104,0,1,1,2,5,0,1,0,0,1,1,1,0,2,0,4.0,652,124,5.258064516129032
0,2,144,0,0,0,1,0,1,0,1,1,1,0,1,20,3,0,1.0,201,32,6.28125
0,3,144,114,0,1,6,0,1,1,1,0,1,0,1,0,2,0,5.0,14,3,4.666666666666667
0,36,144,0,1,0,0,0,2,0,0,0,0,0,1,100,2,0,4.0,840,153,5.490196078431373
0,12,5,114,1,0,1,1,0,1,0,0,0,0,1,0,2,0,5.0,381,70,5.442857142857143
1,4,128,0,1,1,5,5,2,1,1,1,1,0,1,100,2,0,3.0,280,42,6.666666666666667
1,3,105,0,2,0,1,3,1,1,1,1,1,0,4,0,7,0,2.0,65,12,5.416666666666667
1,12,88,82,1,0,6,0,1,0,0,0,1,0,1,0,2,0,4.0,245,30,8.166666666666666
1,3,105,0,1,3,6,0,2,1,1,1,2,0,1,100,2,0,2.0,586,122,4.80327868852459
0,2,144,0,1,0,0,0,0,0,1,1,1,0,1,0,2,0,2.0,293,54,5.425925925925926
0,84,154,0,0,1,2,5,1,2,0,0,0,0,1,0,12,0,14.0,503,101,4.98019801980198
1,1,105,0,0,0,0,0,1,0,1,1,1,0,1,0,2,0,7.0,824,155,5.316129032258065
1,12,141,0,0,1,6,0,2,2,0,0,1,0,1,200,2,0,4.0,161,27,5.962962962962963
1,17,104,89,0,6,0,0,1,1,0,0,1,1,1,50,7,0,3.0,1706,304,5.6118421052631575
0,1,22,114,0,0,6,0,1,0,1,1,1,0,1,0,1,0,2.0,177,34,5.205882352941177
1,1,105,0,1,1,3,5,0,0,1,1,1,0,1,0,2,0,1.0,93,18,5.166666666666667
1,9,128,82,0,4,0,0,1,0,0,0,0,0,2,0,2,0,3.0,204,36,5.666666666666667
1,3,91,0,1,5,0,0,0,0,1,0,1,0,1,0,12,0,2.0,16,4,4.0
0,2,144,0,0,0,1,0,1,0,2,2,1,0,1,0,2,0,3.0,88,16,5.5
0,2,144,0,1,4,6,0,2,0,0,0,1,0,1,50,2,0,4.0,141,27,5.222222222222222
1,2,119,0,0,0,6,0,1,1,0,0,1,0,1,0,12,0,1.0,70,15,4.666666666666667
1,2,105,0,1,0,1,5,1,1,1,1,1,0,1,0,12,0,8.0,54,9,6.0
1,6,104,0,0,0,5,5,1,1,0,0,1,0,1,0,2,0,4.0,16,3,5.333333333333333
1,3,104,0,1,0,0,0,1,1,1,1,1,0,4,0,2,0,4.0,263,48,5.479166666666667
0,3,144,0,2,1,6,0,1,0,2,2,1,0,2,0,2,0,2.0,137,26,5.269230769230769
0,2,144,0,1,0,1,0,1,0,2,2,1,0,1,0,2,0,1.0,76,13,5.846153846153846
1,1,105,0,2,0,3,5,0,0,1,1,1,0,5,0,2,1,17.0,352,72,4.888888888888889
0,1,144,0,2,0,1,5,0,0,1,1,1,0,6,0,3,0,2.0,47,11,4.2727272727272725
0,2,144,0,0,0,0,0,2,1,0,0,1,0,1,0,3,0,3.0,234,47,4.9787234042553195
1,11,104,82,1,4,6,0,1,1,0,0,1,0,1,10,12,0,3.0,301,59,5.101694915254237
0,6,144,0,1,1,0,0,1,0,1,1,1,0,2,0,2,0,1.0,400,69,5.797101449275362
1,1,104,0,0,0,3,5,1,1,1,1,1,0,1,0,2,0,1.0,25,4,6.25
0,84,150,0,1,6,0,0,1,0,2,2,2,0,1,0,12,0,1.0,346,79,4.379746835443038
1,2,143,101,2,0,6,0,0,1,1,1,1,0,2,0,2,0,5.0,113,19,5.947368421052632
1,12,105,0,1,3,0,0,0,0,2,0,0,0,1,0,12,0,2.0,82,12,6.833333333333333
1,6,104,0,1,0,6,0,1,1,0,0,1,0,1,0,2,0,5.0,238,45,5.288888888888889
1,1,104,66,0,2,4,5,1,1,1,0,1,0,1,40,2,0,5.0,1038,180,5.766666666666667
0,8,144,0,0,3,6,0,2,0,1,1,1,0,1,0,7,0,1.0,912,175,5.211428571428572
1,60,105,0,1,5,6,0,1,1,2,2,2,0,1,0,2,0,3.0,426,89,4.786516853932584
0,2,144,114,1,1,0,0,1,0,0,0,1,0,1,0,12,0,3.0,214,37,5.783783783783784
1,12,105,0,0,0,6,0,1,0,1,1,1,0,1,0,12,0,4.0,47,9,5.222222222222222
1,12,105,0,1,0,3,5,1,0,1,1,1,0,1,0,2,0,2.0,226,44,5.136363636363637
0,2,144,0,1,1,2,5,1,0,1,0,1,0,9,0,2,0,1.0,44,6,7.333333333333333
1,1,104,0,0,1,0,0,0,1,0,0,1,0,1,0,12,2,6.0,1488,257,5.78988326848249
0,2,144,0,1,1,0,0,1,1,0,0,1,0,2,0,2,0,3.0,420,74,5.675675675675675
1,1,105,0,1,0,5,5,0,0,1,0,1,0,1,0,12,0,1.0,12,2,6.0
1,6,103,0,1,2,0,0,2,2,0,0,1,0,1,100,2,0,3.0,248,51,4.862745098039215
0,2,144,0,1,4,6,0,0,0,0,0,1,0,1,50,2,0,3.0,18,3,6.0
1,3,104,0,2,0,5,5,1,1,1,0,1,0,6,0,2,0,4.0,155,26,5.961538461538462
0,1,144,114,2,0,1,0,1,0,1,1,1,0,2,0,12,0,1.0,57,12,4.75
1,5,135,0,0,2,6,0,1,0,0,0,1,0,1,0,12,0,1.0,162,25,6.48
1,3,104,0,2,0,5,0,1,1,1,1,1,0,2,0,12,0,5.0,150,27,5.555555555555555
0,1,144,114,2,1,3,0,2,0,1,1,1,0,3,0,12,0,5.0,41,8,5.125
0,2,144,0,1,1,0,0,1,0,1,1,1,0,1,20,3,0,1.0,122,21,5.809523809523809
1,3,105,0,1,3,6,0,1,0,1,0,1,0,1,0,2,0,3.0,78,13,6.0
0,3,144,0,1,0,6,0,1,1,0,0,1,0,1,150,2,0,3.0,124,20,6.2
1,12,83,62,0,0,5,5,1,1,2,2,2,0,1,0,12,0,1.0,172,36,4.777777777777778
0,2,144,0,1,1,6,0,1,1,0,0,1,0,2,0,2,0,14.0,595,108,5.5092592592592595
1,36,122,0,1,0,1,2,1,2,1,1,0,0,1,200,2,0,2.0,121,21,5.761904761904762
1,4,140,0,1,1,2,5,1,0,0,0,1,0,1,0,2,0,5.0,134,25,5.36
1,2,105,0,1,6,0,0,0,0,1,0,1,0,1,0,3,0,5.0,384,78,4.923076923076923
1,60,122,82,0,2,4,5,1,2,0,0,0,2,1,0,12,0,14.0,672,128,5.25
0,1,144,0,1,0,1,5,0,0,1,1,1,0,4,0,4,0,4.0,197,36,5.472222222222222
1,4,88,101,0,6,0,0,1,1,1,1,1,0,2,100,2,0,2.0,34,4,8.5
1,1,104,0,2,0,6,0,2,1,1,1,1,0,4,0,12,1,6.0,314,63,4.984126984126984
0,31,144,0,1,0,1,5,1,1,0,0,0,0,2,0,12,0,3.0,3,1,3.0
1,5,105,0,1,2,0,0,1,0,1,1,1,0,1,60,12,0,2.0,70,13,5.384615384615385
0,72,8,0,0,2,0,0,2,2,0,0,1,0,1,0,2,0,2.0,406,82,4.951219512195122
1,6,105,0,1,0,1,5,1,0,1,0,1,0,1,0,12,0,10.0,545,99,5.505050505050505
1,3,105,0,2,0,5,5,1,0,1,1,1,0,5,0,12,0,8.0,694,125,5.552
0,2,144,0,1,0,1,1,1,1,0,0,1,0,1,0,2,0,4.0,284,49,5.795918367346939
0,3,144,0,0,0,6,0,0,0,0,0,1,0,1,0,2,0,1.0,270,52,5.1923076923076925
0,2,144,0,0,4,6,0,1,0,1,0,1,0,1,0,2,0,3.0,138,24,5.75
0,1,69,114,1,0,2,0,1,0,1,1,1,0,1,50,2,0,5.0,115,21,5.476190476190476
0,12,144,0,0,0,6,0,1,1,0,0,0,1,1,0,3,0,5.0,35,9,3.888888888888889
1,2,104,0,0,4,0,0,1,1,1,1,1,0,1,0,3,0,2.0,49,7,7.0
0,6,38,0,1,0,6,0,1,0,0,0,1,0,1,0,2,0,3.0,645,124,5.201612903225806
1,10,105,0,0,1,0,0,1,0,0,0,0,0,1,100,12,0,1.0,49,9,5.444444444444445
0,7,43,0,1,1,4,0,1,0,0,0,0,0,1,1,12,0,2.0,192,38,5.052631578947368
1,3,104,0,1,0,6,0,1,1,1,1,2,0,1,0,2,0,4.0,464,96,4.833333333333333
0,24,36,0,0,1,0,0,1,2,0,0,1,0,1,400,2,0,1.0,81,16,5.0625
1,3,105,0,2,3,0,0,0,0,1,1,1,0,2,0,2,0,1.0,75,13,5.769230769230769
1,4,104,0,1,0,5,5,1,1,1,1,1,0,1,0,12,0,1.0,519,100,5.19
0,3,144,0,1,0,1,5,1,0,1,1,1,0,1,0,3,0,1.0,117,20,5.85
0,0,144,114,1,0,6,0,1,0,1,1,1,0,1,0,7,0,1.0,202,39,5.17948717948718
1,4,105,0,0,0,3,5,0,0,1,1,1,0,2,0,12,0,7.0,17,3,5.666666666666667
1,5,105,82,2,0,2,5,1,0,1,1,1,0,3,0,2,0,2.0,184,31,5.935483870967742
0,21,5,10,0,0,6,0,2,1,0,0,0,0,1,0,3,0,1.0,33,6,5.5
0,3,144,114,1,0,1,0,1,1,0,0,1,0,1,0,2,0,2.0,12,2,6.0
1,5,105,82,0,0,5,5,1,1,0,0,1,0,2,0,2,0,8.0,501,97,5.164948453608248
1,6,105,82,2,5,6,0,1,0,1,1,1,0,2,0,2,0,5.0,335,65,5.153846153846154
0,24,148,0,1,0,6,0,0,0,0,0,0,0,1,350,7,0,5.0,1091,178,6.129213483146067
1,12,105,0,1,0,1,5,1,0,0,0,1,0,1,100,2,0,3.0,36,6,6.0
1,4,105,82,1,0,5,5,1,0,2,2,2,0,1,0,12,0,3.0,325,63,5.158730158730159
1,3,105,0,0,0,5,0,0,0,0,0,2,0,1,0,12,0,8.0,130,20,6.5
1,2,104,0,2,0,1,3,0,0,1,1,1,0,3,0,5,0,5.0,100,18,5.555555555555555
1,3,103,81,0,0,0,0,0,1,1,1,1,0,1,0,12,0,1.0,86,14,6.142857142857143
1,6,104,0,1,2,6,0,1,2,0,0,1,0,1,0,1,0,2.0,348,57,6.105263157894737
0,2,22,114,2,0,0,0,1,1,2,2,2,0,3,0,3,0,3.0,529,94,5.627659574468085
1,1,105,0,2,1,3,5,0,0,1,1,1,0,4,0,12,0,5.0,102,19,5.368421052631579
0,2,144,0,1,4,0,0,1,0,0,1,1,0,1,0,2,0,2.0,971,171,5.678362573099415
0,1,144,0,0,1,6,0,1,0,1,1,1,0,1,0,2,0,2.0,722,131,5.511450381679389
0,1,144,114,2,0,1,0,1,2,1,1,1,0,2,0,2,1,5.0,149,28,5.321428571428571
1,5,120,0,0,6,0,0,1,0,0,0,1,0,1,0,3,0,1.0,223,46,4.8478260869565215
0,24,144,0,0,0,6,0,1,1,1,0,1,0,1,0,12,0,5.0,68,12,5.666666666666667
1,2,105,0,0,0,3,5,1,0,1,1,1,0,1,50,2,0,4.0,279,47,5.9361702127659575
0,2,144,0,1,4,6,0,1,1,0,1,1,0,1,0,3,0,2.0,145,27,5.37037037037037
0,1,144,114,1,1,2,5,0,0,1,0,1,0,1,0,5,0,2.0,50,12,4.166666666666667
0,12,48,0,0,0,1,5,0,0,2,2,2,1,1,0,5,0,3.0,149,21,7.095238095238095
0,60,80,0,0,1,0,0,1,1,2,0,1,0,1,0,2,0,1.0,104,24,4.333333333333333
0,2,144,114,1,6,0,0,1,0,1,1,1,0,1,0,2,0,2.0,177,36,4.916666666666667
0,4,144,0,0,6,0,0,1,0,2,0,1,0,1,0,2,0,1.0,343,65,5.276923076923077
0,72,22,0,1,4,0,0,2,1,0,0,0,0,1,700,2,0,6.0,386,68,5.676470588235294
0,2,144,114,0,0,0,0,1,0,1,1,1,0,1,0,2,0,3.0,369,76,4.855263157894737
0,11,144,16,2,0,1,3,1,0,2,2,2,0,5,0,3,0,7.0,193,37,5.216216216216216
1,3,105,0,1,0,1,0,0,0,1,1,1,0,1,0,5,0,9.0,345,67,5.149253731343284
0,1,144,0,2,0,1,0,1,0,1,1,1,0,4,0,2,0,0.0,201,37,5.4324324324324325
0,1,144,114,1,1,0,0,1,1,1,0,1,0,1,0,2,0,1.0,14,3,4.666666666666667
0,3,144,0,0,1,0,0,1,0,0,0,1,0,1,0,2,0,5.0,164,29,5.655172413793103
0,17,150,0,1,6,0,0,0,0,0,0,1,0,1,0,2,0,2.0,29,5,5.8
0,2,144,41,1,0,1,5,1,0,1,0,1,0,1,0,2,0,1.0,285,48,5.9375
0,2,144,114,1,0,1,3,1,1,1,1,1,0,3,0,2,0,3.0,227,39,5.82051282051282
1,5,105,82,1,0,5,0,1,0,1,0,1,0,1,0,12,0,1.0,306,48,6.375
1,3,105,0,0,0,6,0,1,0,1,0,1,0,1,0,12,0,30.0,77,11,7.0
1,1,104,0,0,0,6,0,0,1,1,0,1,0,1,0,6,0,10.0,327,57,5.7368421052631575
0,3,144,9,2,0,1,5,1,0,1,1,1,0,4,0,2,0,4.0,194,32,6.0625
1,15,84,0,2,0,2,5,0,0,1,1,0,0,3,0,2,0,3.0,338,64,5.28125
1,3,104,0,1,0,1,4,1,1,0,0,1,0,1,60,2,0,5.0,1215,237,5.1265822784810124
1,12,128,0,0,1,4,0,2,0,1,0,1,1,1,0,2,0,3.0,169,26,6.5
1,2,105,0,0,2,4,5,1,0,1,0,1,0,1,0,2,0,4.0,910,149,6.10738255033557
1,14,104,0,0,0,4,5,2,1,1,1,1,0,1,0,12,0,5.0,276,54,5.111111111111111
0,4,144,0,0,0,6,0,1,0,0,0,0,0,1,0,2,0,4.0,462,87,5.310344827586207
0,1,144,0,0,6,0,0,0,0,1,1,1,0,4,0,2,0,4.0,297,54,5.5
1,3,105,0,1,4,5,5,0,0,1,0,1,0,1,0,2,0,5.0,198,36,5.5
1,3,143,66,0,0,1,5,1,0,1,1,2,0,2,0,12,0,1.0,576,107,5.383177570093458
1,11,105,82,0,0,1,1,2,0,0,2,2,0,1,0,2,0,0.0,70,12,5.833333333333333
1,36,105,0,1,0,4,5,1,0,0,0,0,0,1,0,2,0,1.0,751,141,5.326241134751773
1,6,122,89,0,3,0,0,1,2,1,1,1,0,1,150,2,0,3.0,67,14,4.785714285714286
0,36,144,0,1,0,1,0,1,0,1,1,0,0,1,0,2,0,2.0,336,65,5.1692307692307695
0,48,41,0,0,6,0,0,1,1,0,2,1,0,1,0,2,0,1.0,213,37,5.756756756756757
0,1,144,0,2,0,4,5,1,0,1,0,1,0,4,0,12,0,7.0,154,31,4.967741935483871
1,1,105,0,2,1,4,5,0,0,1,1,1,0,4,0,3,0,5.0,29,6,4.833333333333333
0,2,144,0,2,0,1,1,1,1,0,0,1,0,6,0,2,0,5.0,247,40,6.175
0,1,144,114,0,0,1,5,1,0,0,0,1,0,1,100,2,0,4.0,291,53,5.490566037735849
1,3,105,0,1,5,6,0,0,0,1,0,1,0,1,0,12,0,2.0,19,3,6.333333333333333
0,120,36,0,1,5,6,0,0,1,2,2,0,0,1,0,2,0,5.0,404,83,4.867469879518072
1,9,105,0,0,0,6,0,1,0,1,0,1,0,1,0,12,1,9.0,59,11,5.363636363636363
0,12,144,0,2,0,1,5,2,1,1,1,1,0,6,20,2,0,5.0,97,17,5.705882352941177
1,6,104,0,0,1,0,0,0,2,1,1,1,0,1,0,2,0,3.0,254,44,5.7727272727272725
1,2,105,0,1,0,6,0,0,0,1,0,1,1,1,0,12,0,2.0,198,39,5.076923076923077
0,24,144,114,1,1,6,0,2,0,1,1,2,0,1,0,12,0,3.0,383,79,4.848101265822785
0,1,65,114,2,0,1,5,1,1,1,0,1,0,2,0,2,0,13.0,733,131,5.595419847328245
0,2,144,0,1,0,1,0,1,1,0,0,1,0,1,0,2,0,1.0,29,5,5.8
0,1,144,0,0,1,3,0,1,1,1,1,1,0,1,1,2,0,2.0,120,20,6.0
0,1,144,114,1,0,1,5,1,0,0,0,2,0,11,0,12,0,11.0,20,3,6.666666666666667
0,2,144,0,1,1,2,0,0,0,1,0,2,0,1,0,7,0,3.0,432,81,5.333333333333333
0,81,13,114,0,0,6,0,1,1,1,0,1,0,1,0,12,0,1.0,437,83,5.265060240963855
1,18,105,0,1,0,1,5,1,0,0,0,1,0,1,0,12,0,3.0,637,131,4.862595419847328
1,5,105,0,0,0,0,0,1,0,2,2,1,0,1,0,2,0,1.0,116,18,6.444444444444445
1,5,104,0,1,4,5,0,1,0,1,1,1,0,2,0,12,0,2.0,40,7,5.714285714285714
0,12,30,114,0,0,0,0,1,0,1,0,0,0,1,0,12,0,2.0,333,64,5.203125
0,8,144,0,1,1,0,0,1,1,0,0,1,1,1,0,12,0,2.0,107,19,5.631578947368421
0,2,144,0,1,0,6,0,1,1,1,1,1,0,1,0,12,0,2.0,18,3,6.0
0,24,47,35,1,0,0,0,1,0,0,0,1,0,1,0,12,0,0.0,159,24,6.625
1,1,105,0,1,1,0,0,0,0,1,0,1,0,6,0,2,0,1.0,181,38,4.7631578947368425
0,12,41,0,0,4,0,0,0,1,2,2,1,0,1,0,2,0,2.0,889,163,5.45398773006135
0,2,144,114,0,0,1,0,1,1,0,0,1,0,1,0,12,0,2.0,108,21,5.142857142857143
1,1,105,0,2,1,4,5,0,0,1,1,1,0,7,0,2,0,1.0,362,67,5.402985074626866
0,1,144,0,1,0,1,1,1,0,1,1,1,0,1,0,12,0,5.0,502,93,5.397849462365591
1,2,105,0,0,3,6,0,0,0,1,0,1,0,1,0,12,0,5.0,396,79,5.012658227848101
0,24,51,0,1,0,1,3,1,2,0,0,2,0,1,0,7,0,0.0,40,6,6.666666666666667
1,6,104,0,0,3,6,0,1,1,0,0,0,0,1,100,2,0,6.0,249,47,5.297872340425532
0,1,144,0,2,0,1,0,0,0,1,1,1,0,7,0,5,0,5.0,286,54,5.296296296296297
1,17,122,0,1,4,6,0,1,1,1,1,1,0,1,40,2,0,3.0,89,19,4.684210526315789
1,3,104,0,1,2,6,0,1,1,1,1,1,0,1,0,12,0,3.0,19,3,6.333333333333333
0,1,6,4,1,0,1,5,1,1,1,1,1,0,3,0,2,0,4.0,360,72,5.0
1,8,93,73,1,1,0,0,1,1,0,0,1,0,1,200,2,0,3.0,193,33,5.848484848484849
0,2,144,0,1,4,0,0,1,0,1,1,1,0,1,0,2,0,8.0,894,154,5.805194805194805
0,17,60,0,0,6,0,0,1,0,0,0,1,0,1,155,12,0,0.0,78,15,5.2
1,3,105,0,1,0,2,5,1,0,0,0,0,0,1,0,2,0,10.0,268,50,5.36
0,2,144,0,1,0,4,0,1,1,1,1,1,0,1,0,4,0,1.0,131,25,5.24
1,1,104,0,2,0,4,5,0,1,1,1,1,0,5,0,2,0,1.0,168,24,7.0
0,15,65,0,0,6,0,0,1,2,2,2,2,0,1,0,2,0,2.0,327,60,5.45
1,8,104,0,1,0,1,3,1,1,2,2,0,0,1,0,2,0,2.0,45,10,4.5
0,12,144,0,0,4,0,0,1,0,2,2,2,0,1,0,2,0,2.0,40,7,5.714285714285714
0,13,144,0,1,0,1,0,1,0,0,0,0,0,1,0,12,0,3.0,319,59,5.406779661016949
1,2,105,0,0,1,5,0,0,0,0,0,1,0,1,50,2,0,1.0,103,17,6.0588235294117645
1,2,105,0,1,5,6,0,1,0,1,0,1,0,1,0,5,1,7.0,224,39,5.743589743589744
0,1,144,0,0,0,1,0,1,1,1,1,1,1,1,0,3,0,5.0,95,19,5.0
1,2,105,0,1,3,6,0,0,0,2,2,2,0,1,0,12,0,2.0,27,4,6.75
0,3,144,0,1,1,6,0,1,0,2,2,1,0,1,0,2,0,1.0,11,2,5.5
1,1,105,0,0,5,0,0,1,0,1,1,1,0,1,0,2,0,3.0,261,49,5.326530612244898
0,1,144,0,2,1,4,5,1,0,1,1,1,0,7,0,2,0,15.0,227,42,5.404761904761905
1,26,105,0,2,0,1,5,0,0,1,1,0,0,4,0,2,0,12.0,204,40,5.1
0,5,144,114,1,0,1,0,1,1,1,1,1,0,1,0,3,0,13.0,169,31,5.451612903225806
1,25,122,66,0,2,0,0,1,1,0,0,0,0,1,100,2,0,5.0,82,19,4.315789473684211
0,2,69,114,0,4,0,0,1,0,1,0,1,0,1,0,2,0,12.0,546,105,5.2
0,2,144,114,1,0,6,0,1,1,1,0,1,0,1,0,2,0,4.0,12,2,6.0
0,36,144,0,0,0,1,0,2,0,0,0,0,0,1,0,12,0,2.0,40,9,4.444444444444445
1,1,105,0,2,0,3,5,1,0,1,1,1,0,7,0,5,0,3.0,49,9,5.444444444444445
0,24,30,114,1,0,0,0,1,0,0,0,0,0,1,0,2,0,4.0,558,108,5.166666666666667
1,2,104,81,2,0,5,0,0,0,1,1,2,0,2,0,5,0,4.0,38,8,4.75
1,8,105,82,1,5,6,0,1,0,0,0,1,0,1,0,2,0,5.0,108,20,5.4
1,1,104,0,1,1,2,0,1,1,1,1,1,0,1,0,11,0,0.0,273,57,4.7894736842105265
0,2,144,0,1,0,1,0,1,1,0,0,1,0,1,0,4,0,1.0,243,45,5.4
1,2,105,0,0,2,0,0,1,1,1,1,1,0,1,0,12,0,4.0,231,41,5.634146341463414
0,24,144,0,0,1,0,0,1,1,0,0,0,0,1,0,12,0,3.0,527,92,5.728260869565218
0,2,12,114,1,0,0,0,1,0,0,0,0,0,1,0,2,0,7.0,709,135,5.2518518518518515
0,1,144,114,1,0,1,5,1,0,1,1,1,0,2,0,7,0,2.0,1124,221,5.085972850678733
1,3,103,0,0,5,6,0,1,2,0,0,1,0,1,0,12,0,4.0,12,2,6.0
0,24,144,114,1,1,6,0,1,1,0,0,0,0,1,0,2,0,1.0,12,2,6.0
0,13,166,0,0,0,1,0,3,0,0,0,1,0,1,100,2,0,1.0,97,18,5.388888888888889
1,24,105,0,1,4,5,0,0,0,2,2,2,0,1,0,3,0,2.0,1107,213,5.197183098591549
1,2,105,0,0,3,6,0,1,0,1,0,1,0,1,0,12,0,2.0,86,13,6.615384615384615
1,1,135,0,0,5,0,0,0,0,1,1,1,0,1,0,2,0,6.0,394,76,5.184210526315789
1,2,104,0,0,2,6,0,1,1,1,1,1,1,1,0,12,0,1.0,662,133,4.977443609022556
1,12,141,80,1,4,6,0,1,2,0,0,0,0,1,0,2,0,5.0,482,97,4.969072164948454
0,24,144,114,0,0,1,1,1,1,2,2,2,0,2,0,12,0,4.0,184,35,5.257142857142857
1,3,104,0,2,0,1,5,1,1,2,2,2,0,4,0,12,0,4.0,60,10,6.0
0,108,8,0,0,2,0,0,2,1,0,0,2,0,1,0,12,0,1.0,503,92,5.467391304347826
1,1,105,0,2,0,3,5,0,0,1,1,1,0,3,0,2,0,7.0,524,103,5.087378640776699
0,5,144,0,1,1,0,0,1,0,0,0,0,0,1,0,2,0,2.0,1088,192,5.666666666666667
1,1,105,0,1,4,5,5,2,0,1,1,1,0,2,0,2,0,3.0,201,39,5.153846153846154
1,2,135,0,0,1,2,3,1,0,1,0,1,0,1,0,2,0,5.0,284,55,5.163636363636364
0,3,144,0,1,6,0,0,1,0,1,1,1,0,1,0,2,0,1.0,325,68,4.779411764705882
1,48,105,106,1,0,1,5,1,0,0,0,0,0,1,0,2,0,9.0,659,119,5.53781512605042
1,4,105,0,0,0,6,0,2,0,1,0,1,0,2,0,2,0,0.0,399,76,5.25
0,72,60,0,0,1,4,0,0,1,0,0,0,0,1,0,2,0,4.0,107,17,6.294117647058823
0,3,144,0,1,1,0,0,1,0,1,1,1,0,1,0,12,0,1.0,39,8,4.875
0,2,99,114,0,0,1,0,2,0,0,0,1,0,1,0,2,0,5.0,105,20,5.25
1,2,105,82,0,3,0,0,0,0,1,0,1,0,1,0,2,0,1.0,341,68,5.014705882352941
0,2,144,114,0,4,0,0,1,1,0,0,1,0,1,0,2,0,1.0,12,2,6.0
0,3,144,0,1,1,6,0,1,0,1,1,1,0,1,0,12,0,1.0,39,8,4.875
0,3,144,0,1,0,1,5,1,1,0,0,1,0,1,0,2,0,1.0,10,2,5.0
1,5,105,0,2,0,6,0,1,0,1,1,1,0,5,50,12,0,3.0,63,12,5.25
1,1,104,0,0,2,3,3,2,1,1,1,1,0,1,0,2,0,4.0,867,176,4.926136363636363
1,8,105,0,1,0,2,5,1,0,1,0,1,0,1,0,2,0,5.0,289,52,5.5576923076923075
1,2,105,0,1,0,1,5,1,1,1,0,1,0,1,0,2,0,13.0,808,151,5.3509933774834435
1,12,105,0,1,4,5,5,0,0,0,0,0,0,1,0,12,0,1.0,14,3,4.666666666666667
0,2,144,0,1,0,5,5,1,1,0,0,1,0,1,0,2,0,5.0,340,50,6.8
0,1,144,114,2,0,1,5,1,0,1,1,1,0,7,0,7,0,3.0,657,124,5.298387096774194
1,3,105,61,0,0,5,0,1,0,0,0,1,0,1,1,2,0,4.0,24,3,8.0
0,2,144,0,1,1,6,0,1,1,2,0,2,0,1,0,12,0,1.0,580,106,5.471698113207547
1,1,103,0,0,0,6,0,0,2,1,1,1,0,1,0,12,0,4.0,505,89,5.674157303370786
1,3,105,96,0,3,6,0,2,1,0,0,1,0,1,0,12,0,1.0,63,7,9.0
0,2,144,0,1,6,0,0,0,0,1,1,1,0,1,0,2,0,1.0,212,43,4.930232558139535
0,1,144,0,1,1,6,0,1,0,1,2,1,0,1,0,12,0,10.0,135,24,5.625
1,6,103,0,1,4,5,5,1,2,0,0,0,0,1,0,2,1,7.0,1432,219,6.538812785388128
0,2,144,114,1,1,0,0,1,1,0,0,1,0,1,0,2,0,1.0,12,2,6.0
0,3,144,0,1,1,6,0,1,0,1,1,1,1,1,100,2,0,3.0,296,58,5.103448275862069
1,4,120,0,0,5,6,0,1,0,0,0,1,0,1,0,2,1,5.0,150,27,5.555555555555555
1,12,105,0,0,3,0,0,2,0,0,0,0,0,1,100,2,0,4.0,190,42,4.523809523809524
1,2,105,0,1,6,0,0,1,0,0,0,1,0,1,100,12,0,5.0,895,172,5.203488372093023
0,3,144,0,1,4,6,0,0,1,1,1,1,0,1,0,2,0,2.0,102,22,4.636363636363637
0,2,144,0,0,1,6,0,1,1,0,0,1,0,1,0,2,0,4.0,226,46,4.913043478260869
0,8,144,114,0,4,6,0,1,1,2,2,2,0,1,0,2,0,3.0,161,32,5.03125
0,4,144,0,1,4,6,0,1,0,0,0,0,0,1,0,4,0,3.0,416,78,5.333333333333333
1,18,96,73,2,0,2,5,1,2,2,2,2,0,3,0,2,0,10.0,348,69,5.043478260869565
1,2,105,0,0,1,6,0,0,0,1,0,1,0,1,0,7,0,5.0,412,77,5.35064935064935
1,18,104,0,1,6,0,0,2,1,2,2,1,1,1,0,7,0,1.0,100,18,5.555555555555555
1,8,105,0,1,1,6,0,1,0,0,0,0,0,1,30,12,0,2.0,346,68,5.088235294117647
1,3,105,0,1,1,5,5,1,0,2,2,2,0,1,0,2,0,0.0,445,91,4.8901098901098905
0,24,144,0,1,1,4,0,0,1,2,2,2,0,1,0,2,0,2.0,153,29,5.275862068965517
0,3,144,0,0,1,0,0,1,0,1,0,1,0,1,0,2,0,3.0,568,110,5.163636363636364
0,6,144,0,1,6,0,0,1,0,0,0,1,0,1,0,2,0,1.0,427,83,5.144578313253012
1,2,105,0,1,1,3,0,0,0,2,2,2,0,1,0,2,0,1.0,39,7,5.571428571428571
1,6,128,82,0,2,0,0,1,1,1,1,1,0,1,0,2,0,2.0,292,58,5.0344827586206895
1,4,128,0,1,6,0,0,0,0,0,0,1,0,1,0,12,0,0.0,125,23,5.434782608695652
1,4,135,81,0,0,3,5,0,1,0,0,1,0,1,0,12,0,1.0,254,53,4.7924528301886795
0,12,144,0,1,6,0,0,1,0,0,0,0,0,1,0,2,0,1.0,290,56,5.178571428571429
0,3,61,6,2,0,5,5,2,1,0,0,1,0,3,0,2,0,7.0,523,90,5.811111111111111
0,3,144,0,1,1,4,0,1,1,1,1,1,0,5,0,3,0,1.0,62,11,5.636363636363637
0,1,144,114,1,1,6,0,1,1,1,0,1,0,1,0,2,0,3.0,12,2,6.0
0,2,69,129,1,4,0,0,1,1,0,0,2,0,1,250,12,0,5.0,402,65,6.184615384615385
0,2,144,0,0,1,6,0,1,0,1,1,1,0,4,0,2,0,2.0,353,69,5.115942028985507
0,3,144,0,1,0,6,0,1,1,0,0,1,0,2,200,2,0,5.0,380,76,5.0
0,3,5,114,1,0,1,0,1,1,2,2,1,0,1,0,2,0,3.0,122,21,5.809523809523809
0,2,144,16,1,1,6,0,1,1,1,1,1,0,1,0,12,0,2.0,138,25,5.52
0,2,22,114,0,0,0,0,2,1,2,0,2,0,1,0,12,0,3.0,636,130,4.892307692307693
0,12,144,0,2,1,0,0,1,1,2,2,2,0,4,0,12,0,6.0,2150,366,5.8743169398907105
1,5,104,0,0,0,6,0,1,1,2,2,0,0,1,0,2,0,5.0,46,9,5.111111111111111
1,84,105,0,0,2,0,0,2,0,0,0,0,0,1,0,12,0,5.0,3,1,3.0
1,1,105,0,0,0,6,0,1,0,1,1,1,0,1,0,12,0,5.0,142,27,5.2592592592592595
1,2,105,0,1,1,0,0,1,0,1,1,1,0,1,0,2,0,2.0,400,81,4.938271604938271
0,3,166,127,0,0,2,0,2,1,2,2,1,0,1,0,2,0,2.0,98,17,5.764705882352941
1,4,105,0,1,0,6,0,0,0,1,1,1,0,1,0,12,0,3.0,173,35,4.942857142857143
1,2,120,0,2,0,5,5,0,0,1,1,1,0,3,0,5,0,4.0,250,47,5.319148936170213
1,1,104,81,2,6,0,0,0,1,1,1,2,0,3,0,12,0,3.0,173,36,4.805555555555555
1,10,135,0,1,2,3,5,2,0,2,2,0,0,1,0,12,0,5.0,168,31,5.419354838709677
1,5,105,0,0,2,6,0,0,0,1,1,1,0,1,0,2,0,3.0,219,41,5.341463414634147
0,3,144,0,1,1,6,0,1,0,0,0,1,0,1,50,2,0,2.0,1085,185,5.864864864864865
1,12,103,0,1,0,1,1,1,1,2,2,2,0,1,0,2,0,3.0,338,66,5.121212121212121
1,12,105,101,1,1,4,5,2,1,0,0,1,0,2,0,2,0,2.0,232,46,5.043478260869565
0,1,144,114,1,0,1,3,1,1,1,1,1,0,1,1,12,0,3.0,306,57,5.368421052631579
1,3,105,0,2,1,2,2,1,0,1,1,1,0,2,0,12,0,1.0,104,18,5.777777777777778
0,5,5,114,1,0,1,0,1,0,0,0,0,0,1,0,2,0,2.0,226,40,5.65
0,2,144,114,1,1,2,3,1,0,2,0,0,0,1,0,2,0,3.0,57,8,7.125
0,4,144,0,0,0,1,0,1,0,0,0,2,0,1,0,12,0,3.0,314,60,5.233333333333333
0,2,144,0,0,0,0,0,0,0,0,0,0,0,1,0,12,0,1.0,381,83,4.590361445783133
0,3,144,0,1,0,1,0,1,1,0,0,2,0,1,100,3,0,3.0,69,13,5.3076923076923075
0,3,47,114,1,0,1,0,1,1,0,0,1,0,1,0,12,0,2.0,236,44,5.363636363636363
0,2,144,0,1,0,1,0,0,0,2,2,1,0,1,0,4,0,4.0,304,62,4.903225806451613
0,48,60,0,1,1,6,0,0,2,0,0,0,0,1,300,2,0,1.0,1355,232,5.8405172413793105
1,3,105,0,1,0,6,0,0,0,0,0,1,0,1,0,6,0,6.0,305,61,5.0
1,2,105,82,2,5,0,0,1,1,1,1,1,0,2,0,2,0,4.0,312,61,5.114754098360656
1,1,137,0,2,0,5,5,1,1,1,0,1,0,2,0,12,0,5.0,381,72,5.291666666666667
0,48,144,0,1,1,4,0,1,0,0,0,0,0,1,0,12,0,1.0,244,47,5.191489361702128
1,3,84,0,1,1,0,0,0,0,0,0,1,0,1,0,7,0,1.0,103,19,5.421052631578948
0,31,5,54,1,0,1,3,1,1,0,0,0,0,1,0,2,0,2.0,132,25,5.28
0,1,144,114,1,0,1,0,1,1,2,2,1,0,1,0,2,0,1.0,431,81,5.320987654320987
1,3,105,0,1,0,6,0,1,0,2,0,1,0,1,0,12,0,5.0,56,13,4.3076923076923075
0,12,144,114,0,1,3,0,1,1,2,2,2,0,1,0,12,0,7.0,247,46,5.369565217391305
0,12,10,114,0,1,0,0,2,0,0,0,0,0,1,0,12,0,2.0,407,67,6.074626865671642
0,3,144,0,0,1,0,0,1,0,1,0,1,0,1,0,2,0,4.0,549,100,5.49
1,3,105,0,1,0,0,0,0,0,1,1,1,1,1,0,12,0,1.0,18,3,6.0
1,5,105,106,0,2,3,3,0,0,1,1,1,0,1,0,2,0,7.0,671,129,5.2015503875969
0,48,144,114,0,0,1,0,2,1,2,0,1,0,1,0,1,0,2.0,598,125,4.784
1,2,104,0,1,0,6,0,1,1,1,1,1,0,1,0,12,0,4.0,184,36,5.111111111111111
1,5,105,0,0,1,6,0,1,0,1,1,1,0,1,0,12,0,1.0,49,9,5.444444444444445
0,2,144,0,1,0,1,3,1,1,0,0,1,0,1,0,3,0,4.0,232,40,5.8
0,12,144,0,1,6,0,0,1,0,2,0,2,0,1,0,2,0,6.0,30,6,5.0
0,54,40,0,0,1,4,0,0,1,2,2,2,0,1,0,2,0,12.0,2256,423,5.333333333333333
1,1,105,0,1,1,0,0,2,0,1,0,1,0,1,0,2,0,4.0,181,38,4.7631578947368425
1,4,105,0,1,0,4,5,0,0,1,1,1,0,1,0,12,0,5.0,427,76,5.618421052631579
0,36,22,114,1,0,0,0,1,2,0,0,0,0,1,0,2,0,2.0,658,131,5.022900763358779
0,2,144,0,1,1,0,0,2,1,1,0,1,1,1,0,2,0,2.0,337,51,6.607843137254902
1,12,105,0,0,0,5,5,2,0,1,0,0,0,1,0,12,0,3.0,491,100,4.91
1,12,104,0,0,0,6,0,1,1,0,0,1,0,1,0,5,0,3.0,192,38,5.052631578947368
0,15,144,0,1,6,0,0,1,0,0,0,0,0,1,0,2,0,6.0,926,182,5.087912087912088
0,2,144,0,1,0,0,0,1,1,1,1,1,0,1,0,3,0,1.0,275,52,5.288461538461538
1,9,88,96,1,0,1,4,1,1,1,1,1,0,1,0,2,0,1.0,23,3,7.666666666666667
0,63,8,114,1,0,0,0,1,0,0,0,0,0,1,50,2,0,5.0,1485,299,4.966555183946488
0,2,144,114,1,1,6,0,1,1,0,0,1,0,1,0,2,0,1.0,12,2,6.0
1,1,105,0,0,0,6,0,0,0,1,1,1,0,1,0,2,0,4.0,229,46,4.978260869565218
0,3,144,0,1,1,4,0,1,0,1,1,1,0,1,0,12,0,4.0,529,112,4.723214285714286
1,65,104,82,2,2,3,5,1,1,2,2,2,0,20,50,2,0,4.0,460,81,5.679012345679013
1,3,105,0,2,1,4,5,1,1,2,2,2,0,3,0,2,0,1.0,20,3,6.666666666666667
0,1,144,0,1,1,6,0,1,1,0,2,1,0,1,0,2,0,4.0,208,40,5.2
0,4,27,114,2,0,1,0,1,0,1,1,1,0,3,0,2,0,3.0,198,37,5.351351351351352
1,2,140,82,2,0,1,1,0,0,1,1,1,0,2,0,2,4,5.0,214,41,5.219512195121951
0,4,144,0,1,1,0,0,2,1,2,2,1,0,1,0,2,0,2.0,828,171,4.842105263157895
0,12,155,20,1,0,2,0,0,0,2,2,2,0,1,0,12,0,2.0,180,35,5.142857142857143
1,2,105,0,0,0,6,0,1,1,0,0,1,0,2,0,6,0,9.0,616,123,5.008130081300813
1,19,104,0,1,0,6,0,1,1,0,0,0,0,1,150,2,0,2.0,543,96,5.65625
0,24,144,114,1,6,0,0,0,0,0,0,0,0,1,0,2,0,3.0,764,152,5.026315789473684
0,1,144,0,1,1,0,0,1,0,1,0,1,0,1,0,12,0,8.0,464,86,5.395348837209302
1,2,105,0,1,5,0,0,1,1,1,0,1,0,1,0,12,0,19.0,103,17,6.0588235294117645
1,2,105,0,0,1,2,5,1,0,1,0,0,0,1,0,2,0,4.0,559,105,5.3238095238095235
1,24,105,0,0,0,1,0,1,0,2,0,0,0,1,0,2,0,2.0,189,37,5.108108108108108
1,2,105,0,1,3,6,0,0,0,1,0,1,0,2,0,6,0,2.0,147,28,5.25
1,5,131,0,1,5,6,0,1,1,1,1,1,0,1,0,12,0,2.0,34,6,5.666666666666667
0,2,69,114,1,1,4,5,2,1,0,0,1,0,1,0,2,0,6.0,383,70,5.4714285714285715
0,1,144,114,1,1,6,0,1,0,1,2,1,0,1,0,2,0,1.0,20,4,5.0
1,2,105,0,0,1,3,0,1,1,1,1,1,0,1,0,2,0,3.0,219,38,5.7631578947368425
1,36,105,82,2,1,3,5,1,0,1,1,1,1,3,0,2,0,5.0,764,141,5.418439716312057
1,12,105,0,0,0,0,0,1,1,2,2,1,1,1,0,12,0,3.0,187,36,5.194444444444445
1,12,105,0,1,0,5,5,1,0,0,0,1,0,3,0,12,0,2.0,150,24,6.25
0,3,36,0,0,1,4,0,0,1,0,0,1,0,1,0,9,0,2.0,98,19,5.157894736842105
0,2,144,114,2,1,3,3,2,1,1,1,1,0,4,0,2,0,1.0,759,150,5.06
0,2,144,0,1,4,0,0,1,1,1,1,1,0,1,150,2,2,3.0,375,75,5.0
1,3,141,0,0,0,6,0,0,1,1,1,1,0,1,0,2,0,2.0,364,67,5.432835820895522
0,10,147,22,1,0,6,0,1,1,0,0,0,0,1,0,1,0,3.0,595,113,5.265486725663717
0,7,69,131,0,1,6,0,1,0,0,0,0,0,1,0,2,0,3.0,69,10,6.9
1,1,105,0,0,6,0,0,0,0,1,1,1,0,1,0,2,0,4.0,299,59,5.067796610169491
1,3,105,0,0,1,6,0,0,0,1,1,1,0,1,0,2,0,1.0,726,130,5.584615384615384
0,20,144,0,0,0,1,5,1,0,2,2,2,0,2,0,2,0,1.0,322,64,5.03125
0,3,22,114,1,6,0,0,1,1,0,0,1,0,1,0,4,0,5.0,807,147,5.489795918367347
0,1,144,0,0,1,0,0,1,0,1,1,1,0,1,0,12,0,1.0,308,53,5.811320754716981
0,1,144,0,2,0,6,0,1,1,1,1,1,0,9,0,2,1,14.0,87,16,5.4375
0,2,144,0,2,1,0,0,1,0,1,1,1,0,2,0,2,0,0.0,431,87,4.954022988505747
1,3,105,0,2,3,0,0,1,0,1,1,2,0,2,0,2,0,1.0,378,75,5.04
0,2,144,0,0,1,3,0,1,1,0,0,1,0,1,0,2,0,4.0,384,73,5.260273972602739
0,12,155,0,1,2,6,0,0,1,0,0,1,0,1,0,3,0,3.0,748,137,5.45985401459854
1,12,83,72,2,0,0,0,1,2,0,0,1,0,2,0,12,0,3.0,271,49,5.530612244897959
1,2,105,0,0,0,6,0,1,0,1,0,1,0,1,0,2,0,14.0,213,37,5.756756756756757
1,12,104,0,0,0,6,0,1,1,0,0,0,0,1,0,5,0,3.0,80,15,5.333333333333333
1,3,105,0,2,0,5,5,1,0,0,0,1,0,3,0,2,0,9.0,303,56,5.410714285714286
0,2,144,0,1,6,0,0,1,0,1,1,1,0,1,0,2,0,5.0,557,107,5.205607476635514
1,2,140,0,1,0,1,1,0,1,0,0,2,0,1,20,2,0,9.0,485,84,5.773809523809524
1,2,105,0,1,4,6,0,1,0,1,0,1,0,1,0,12,0,3.0,250,42,5.9523809523809526
1,18,104,0,1,2,0,0,1,1,2,2,2,0,1,100,2,0,6.0,128,23,5.565217391304348
0,1,144,0,1,1,0,0,1,0,1,1,1,0,1,0,2,0,1.0,75,11,6.818181818181818
0,2,144,114,1,0,1,0,1,1,1,1,0,0,1,0,2,0,5.0,14,3,4.666666666666667
0,6,5,114,1,0,0,0,2,1,0,0,1,0,1,0,2,0,2.0,430,84,5.119047619047619
0,8,144,12,1,4,6,0,1,0,0,0,0,0,1,0,2,0,3.0,316,57,5.543859649122807
1,3,105,82,0,0,5,5,1,0,0,0,1,0,1,0,2,1,4.0,630,112,5.625
1,15,105,0,0,5,6,0,2,0,0,0,0,0,2,0,2,0,3.0,320,54,5.925925925925926
1,4,104,0,0,4,0,0,1,0,1,1,2,0,3,0,2,0,2.0,26,1,26.0
1,5,104,82,2,4,5,5,0,0,0,0,1,0,4,0,2,0,4.0,395,66,5.984848484848484
0,24,54,0,1,0,1,5,1,0,0,0,1,0,1,100,2,0,0.0,209,41,5.097560975609756
1,8,135,0,1,1,4,5,1,0,2,0,2,0,1,0,2,0,1.0,162,32,5.0625
1,2,105,0,2,2,6,0,0,0,1,1,1,0,3,0,12,0,13.0,299,54,5.537037037037037
0,5,12,0,1,4,6,0,1,0,0,0,1,0,1,0,2,0,1.0,126,25,5.04
1,11,105,0,1,1,3,4,1,0,0,0,0,0,1,100,12,0,1.0,280,56,5.0
0,12,5,0,1,0,1,0,2,1,2,2,2,0,1,0,2,0,4.0,441,82,5.378048780487805
0,13,30,114,1,2,0,0,0,0,0,0,0,0,1,0,2,0,6.0,915,179,5.111731843575419
1,12,105,0,1,6,0,0,1,0,0,0,0,0,1,0,2,0,1.0,270,52,5.1923076923076925
0,3,144,0,0,1,0,0,1,0,1,0,1,0,2,0,2,1,1.0,179,35,5.114285714285714
0,2,144,0,1,0,1,5,1,1,0,1,1,0,1,0,3,0,1.0,218,36,6.055555555555555
1,4,105,0,2,1,5,5,1,0,0,0,1,0,4,0,2,0,3.0,608,114,5.333333333333333
1,3,103,101,2,0,3,4,0,1,1,1,1,0,4,0,2,0,5.0,48,8,6.0
0,36,26,30,1,6,0,0,0,1,0,0,0,0,1,100,2,0,4.0,45,4,11.25
0,4,144,0,1,0,1,0,1,0,0,0,1,0,1,35,12,0,5.0,130,26,5.0
0,60,51,0,0,5,6,0,0,0,2,2,1,0,1,0,2,0,0.0,50,9,5.555555555555555
1,2,104,0,1,0,3,5,0,1,1,0,1,0,1,0,12,0,5.0,578,113,5.115044247787611
1,4,104,81,2,0,6,0,1,1,1,2,0,0,2,0,2,0,1.0,44,9,4.888888888888889
0,3,144,0,1,0,6,0,1,0,1,0,1,0,1,50,3,0,4.0,316,59,5.3559322033898304
0,36,144,0,0,0,3,5,1,1,2,2,2,0,1,0,12,0,3.0,632,114,5.543859649122807
1,12,105,0,1,1,4,5,1,0,1,1,1,0,1,0,2,3,11.0,241,49,4.918367346938775
0,12,144,0,1,6,0,0,2,0,2,2,2,0,1,0,12,0,3.0,37,6,6.166666666666667
1,1,105,0,1,1,6,0,0,0,1,1,1,0,1,0,2,0,4.0,38,9,4.222222222222222
0,42,29,19,2,1,0,0,1,0,0,0,1,0,2,0,2,0,0.0,45,8,5.625
0,12,144,0,1,0,1,0,1,0,1,0,1,0,1,0,3,0,4.0,121,16,7.5625
0,4,144,0,0,0,0,0,0,0,1,1,1,0,1,0,12,0,10.0,234,35,6.685714285714286
1,3,105,0,1,0,3,5,0,0,1,1,1,0,1,0,2,0,5.0,387,77,5.025974025974026
1,3,105,82,1,0,3,5,0,0,1,0,1,0,1,0,12,0,5.0,224,41,5.463414634146342
0,2,144,0,1,0,0,0,1,1,1,1,1,0,1,0,2,0,20.0,360,67,5.373134328358209
0,1,144,0,1,1,6,0,1,0,1,0,2,0,1,0,5,0,1.0,583,116,5.025862068965517
1,62,138,0,1,1,0,0,2,1,0,0,0,0,1,0,12,0,4.0,1097,207,5.299516908212561
0,1,144,114,0,1,0,0,1,1,0,0,1,0,1,0,2,0,2.0,12,2,6.0
0,3,144,0,0,0,1,0,1,1,0,0,2,0,1,0,3,0,1.0,216,39,5.538461538461538
0,1,144,0,1,0,1,0,0,1,1,0,0,0,1,0,2,0,1.0,24,4,6.0
1,5,135,0,0,0,1,1,1,1,0,0,1,0,1,30,2,0,1.0,144,26,5.538461538461538
1,6,104,0,2,1,6,0,0,1,0,0,0,0,2,0,12,0,5.0,530,100,5.3
1,2,105,101,0,0,6,0,1,0,1,1,1,0,1,0,1,0,1.0,42,10,4.2
1,4,120,0,1,4,0,0,1,1,1,1,1,0,1,0,7,0,4.0,83,14,5.928571428571429
0,24,144,0,0,0,1,5,1,1,0,0,1,0,1,100,7,0,2.0,2167,383,5.657963446475196
0,8,65,35,1,0,1,0,1,0,2,0,1,0,1,0,12,0,1.0,231,49,4.714285714285714
1,6,105,0,1,0,3,5,1,0,1,1,1,0,1,0,2,0,1.0,41,6,6.833333333333333
1,3,105,0,1,0,1,0,1,0,1,1,2,1,1,0,2,0,1.0,35,8,4.375
0,2,144,114,1,3,0,0,1,1,0,0,1,0,1,0,2,0,1.0,12,2,6.0
0,3,144,0,1,0,0,0,1,0,1,1,1,0,1,0,2,0,5.0,350,71,4.929577464788732
1,14,100,66,0,2,6,0,0,2,1,1,1,0,1,0,12,0,2.0,114,24,4.75
1,2,105,107,2,0,1,0,0,0,1,1,0,0,3,0,12,0,5.0,2957,517,5.71953578336557
1,30,135,0,0,2,3,5,3,2,0,0,0,0,1,0,2,0,3.0,1811,361,5.016620498614959
1,2,104,0,2,0,1,4,0,1,1,1,1,0,5,0,5,0,6.0,176,30,5.866666666666666
0,2,144,0,2,0,1,0,2,0,1,0,1,0,2,50,2,0,20.0,3454,614,5.625407166123779
1,2,105,0,0,1,6,0,0,0,1,1,1,0,1,0,2,0,5.0,511,106,4.820754716981132
1,4,105,0,0,0,6,0,1,0,1,1,1,0,1,0,8,1,5.0,300,54,5.555555555555555
0,0,69,0,1,0,0,0,0,1,2,2,2,1,1,0,2,0,3.0,91,18,5.055555555555555
1,2,96,81,1,1,3,5,1,1,0,0,1,0,1,50,2,0,2.0,893,172,5.191860465116279
1,3,105,0,1,0,3,5,0,0,0,0,1,0,1,0,3,0,3.0,310,60,5.166666666666667
0,8,144,0,0,0,1,3,1,1,0,0,0,0,2,0,2,0,1.0,315,61,5.163934426229508
0,3,144,0,1,0,1,0,1,0,0,0,1,0,1,200,12,0,2.0,236,41,5.7560975609756095
1,2,105,0,0,2,4,0,0,0,2,0,2,0,1,0,12,0,5.0,1550,311,4.983922829581994
1,10,109,101,1,1,0,0,1,0,1,1,1,0,1,0,2,0,2.0,333,67,4.970149253731344
0,3,166,130,1,0,6,0,2,0,0,0,1,0,1,0,12,0,2.0,269,54,4.981481481481482
0,84,37,0,2,0,2,0,0,1,0,0,0,0,2,0,2,0,1.0,235,44,5.340909090909091
1,2,105,0,1,0,5,5,0,0,1,0,1,0,1,0,1,0,2.0,575,104,5.528846153846154
0,3,144,0,0,1,6,0,1,0,0,0,2,1,1,0,2,0,2.0,289,52,5.5576923076923075
0,4,144,0,0,1,3,0,2,0,0,0,1,0,1,0,2,0,1.0,335,70,4.785714285714286
0,84,99,0,1,0,1,0,2,1,0,0,0,1,1,600,12,0,4.0,3098,564,5.49290780141844
1,2,105,0,1,0,6,0,0,0,1,1,1,0,1,0,12,0,1.0,602,114,5.280701754385965
0,37,144,0,0,0,0,0,2,0,0,0,0,0,2,0,2,0,2.0,19,3,6.333333333333333
0,6,30,114,0,0,1,0,0,0,1,0,1,0,1,0,2,0,3.0,667,140,4.764285714285714
1,5,120,95,0,1,6,0,1,0,0,0,0,0,1,0,2,0,2.0,97,16,6.0625
1,34,128,96,1,1,4,0,1,2,2,0,2,0,1,0,2,0,4.0,238,47,5.0638297872340425
0,2,144,114,1,1,6,0,1,1,1,0,1,0,1,0,2,0,4.0,12,2,6.0
1,2,105,94,1,0,1,5,0,0,1,0,1,0,1,100,2,0,10.0,1022,191,5.350785340314136
0,2,144,0,1,3,0,0,1,0,1,1,1,0,1,20,3,0,1.0,55,9,6.111111111111111
1,12,105,0,1,1,6,0,1,0,0,0,0,0,1,0,2,0,4.0,657,122,5.385245901639344
0,2,41,0,0,4,0,0,1,2,0,0,1,0,1,50,2,0,4.0,161,26,6.1923076923076925
1,2,105,82,2,0,3,0,1,0,1,1,1,0,4,50,12,0,2.0,7,1,7.0
0,2,144,19,0,0,1,0,1,0,0,0,1,0,2,0,2,0,2.0,106,19,5.578947368421052
1,6,105,0,0,0,0,0,0,0,0,0,0,0,1,0,12,0,2.0,39,8,4.875
1,6,105,82,1,0,3,5,1,0,1,0,1,0,1,0,12,0,3.0,34,6,5.666666666666667
1,2,105,81,0,1,3,5,1,0,1,1,1,1,2,0,2,0,2.0,154,31,4.967741935483871
0,60,144,0,0,6,0,0,0,1,2,2,2,0,1,0,12,0,4.0,98,18,5.444444444444445
0,6,144,0,1,1,0,0,0,0,0,0,1,0,1,0,2,0,2.0,71,15,4.733333333333333
0,3,22,41,1,0,1,0,1,1,2,2,1,0,1,0,3,0,2.0,585,108,5.416666666666667
1,6,105,0,0,1,6,0,1,0,0,0,1,0,1,0,2,0,4.0,610,104,5.865384615384615
0,1,144,0,1,1,2,0,0,0,0,1,1,0,1,30,12,0,5.0,185,37,5.0
1,5,105,0,0,3,4,5,1,0,2,2,2,0,2,0,2,0,5.0,264,47,5.617021276595745
0,10,144,0,0,0,1,0,1,0,0,0,0,0,1,0,12,0,6.0,629,114,5.517543859649122
0,11,144,114,1,0,4,0,1,1,0,0,0,0,1,0,2,0,6.0,487,85,5.729411764705882
0,3,144,114,2,0,0,0,0,0,0,0,1,0,2,0,2,0,6.0,772,142,5.436619718309859
0,12,40,114,0,3,0,0,0,1,2,2,2,0,1,0,12,0,2.0,612,108,5.666666666666667
1,1,105,0,0,0,5,5,1,0,1,1,1,0,2,0,2,0,4.0,300,53,5.660377358490566
1,4,104,82,1,0,0,0,1,1,1,0,1,0,1,0,2,0,2.0,122,24,5.083333333333333
1,2,104,0,2,0,2,5,0,1,1,1,1,0,3,0,6,0,5.0,232,45,5.155555555555556
1,6,105,0,1,1,5,5,1,0,1,1,1,0,1,0,2,0,1.0,73,12,6.083333333333333
0,1,144,0,1,6,0,0,1,1,1,1,1,0,1,0,3,0,5.0,99,17,5.823529411764706
0,4,144,0,0,0,1,1,2,1,0,0,0,0,3,0,12,2,16.0,433,69,6.27536231884058
1,5,93,0,0,0,6,0,1,0,1,1,2,0,1,0,1,0,1.0,16,2,8.0
0,1,144,0,0,0,1,0,1,1,1,1,1,0,1,0,3,0,1.0,131,22,5.954545454545454
1,6,96,0,1,0,1,2,1,0,0,0,0,0,1,0,12,0,5.0,205,35,5.857142857142857
1,3,104,0,0,0,6,0,1,1,1,1,1,0,1,0,2,0,5.0,304,60,5.066666666666666
0,2,144,0,1,0,1,0,1,0,2,2,1,0,1,0,2,0,5.0,103,17,6.0588235294117645
0,36,43,27,0,1,6,0,2,0,0,0,0,1,1,0,12,0,1.0,166,33,5.03030303030303
0,0,151,0,1,0,1,0,0,0,1,1,1,1,1,0,12,0,2.0,489,92,5.315217391304348
1,3,105,81,1,0,6,0,1,0,2,2,2,0,1,0,2,0,1.0,279,52,5.365384615384615
0,3,144,0,0,0,1,0,1,0,0,0,1,0,1,0,12,0,2.0,56,9,6.222222222222222
0,10,54,0,1,0,1,5,1,0,0,0,2,0,1,0,12,0,4.0,224,48,4.666666666666667
0,2,144,114,0,1,6,0,1,1,1,1,1,0,2,0,2,0,4.0,723,132,5.4772727272727275
1,6,104,0,0,4,0,0,1,1,2,2,1,0,1,0,2,0,3.0,359,71,5.056338028169014
1,2,83,0,0,5,6,0,1,2,0,0,1,0,1,400,2,0,10.0,1324,235,5.634042553191489
1,24,104,81,2,1,3,5,1,1,0,2,2,0,6,0,2,0,5.0,90,15,6.0
0,2,144,0,2,0,4,5,1,0,1,0,1,0,3,0,4,0,2.0,630,117,5.384615384615385
1,1,104,82,2,1,2,0,1,0,1,1,1,0,3,0,2,0,0.0,348,67,5.1940298507462686
1,2,112,0,1,0,2,5,0,0,1,0,1,1,3,0,12,0,1.0,20,3,6.666666666666667
0,24,144,0,0,2,3,3,0,0,2,2,1,0,1,0,12,0,5.0,300,59,5.084745762711864
1,20,114,66,0,0,5,0,2,1,1,1,0,0,1,10,2,0,2.0,332,68,4.882352941176471
0,3,144,4,0,0,6,0,1,1,0,0,1,0,1,0,2,0,5.0,14,3,4.666666666666667
1,1,105,82,2,0,5,5,1,0,1,0,2,0,5,0,2,0,1.0,867,143,6.062937062937063
1,24,104,0,1,6,0,0,1,1,1,2,2,0,1,0,0,0,1.0,26,5,5.2
1,8,105,0,2,2,0,0,1,0,2,2,2,0,2,0,7,0,5.0,85,15,5.666666666666667
0,7,164,38,1,0,0,0,1,1,0,0,0,0,1,0,2,0,3.0,167,27,6.185185185185185
0,2,144,0,1,0,1,0,1,1,0,0,1,0,1,0,2,0,7.0,135,22,6.136363636363637
0,3,144,0,1,1,0,0,1,0,0,0,1,0,1,50,2,0,4.0,124,22,5.636363636363637
1,3,105,0,1,0,3,5,1,0,1,1,2,0,2,0,2,0,4.0,86,17,5.0588235294117645
0,2,22,114,1,0,2,2,2,0,1,1,1,0,1,0,1,5,7.0,172,34,5.0588235294117645
1,1,137,0,2,0,4,5,1,0,1,1,1,0,6,0,2,0,2.0,398,80,4.975
1,7,103,82,1,1,0,0,2,2,1,0,1,0,1,15,2,0,2.0,77,14,5.5
0,1,144,0,2,0,1,0,1,0,0,0,1,0,5,0,2,0,5.0,74,14,5.285714285714286
1,0,105,0,0,0,6,0,1,0,1,0,1,0,1,0,12,0,5.0,160,29,5.517241379310345
0,2,171,114,1,1,6,0,1,0,2,2,1,0,1,0,2,0,4.0,121,21,5.761904761904762
1,3,105,0,0,5,6,0,1,0,1,0,1,0,1,0,3,0,1.0,172,36,4.777777777777778
1,12,105,0,1,1,5,5,0,0,1,1,1,0,3,0,2,0,5.0,259,51,5.078431372549019
0,15,163,0,0,1,6,0,0,0,0,0,1,0,1,0,2,0,3.0,115,21,5.476190476190476
0,8,144,0,0,0,1,0,1,0,1,1,1,0,1,0,2,0,2.0,130,21,6.190476190476191
1,2,105,0,1,2,3,3,0,0,1,1,1,0,1,50,2,0,0.0,243,48,5.0625
1,1,104,82,1,1,3,5,0,1,1,0,1,0,1,50,2,0,7.0,305,48,6.354166666666667
0,2,144,0,0,0,6,0,1,0,2,2,1,0,1,0,2,0,2.0,88,16,5.5
0,1,144,0,1,4,6,0,1,1,1,1,1,0,1,0,2,0,10.0,114,20,5.7
0,1,144,0,1,0,1,5,1,0,2,0,1,0,2,0,2,0,6.0,153,27,5.666666666666667
0,2,144,114,1,6,0,0,1,1,0,0,1,0,1,0,2,0,1.0,12,2,6.0
1,14,122,0,0,2,6,0,1,1,2,2,2,0,1,0,12,0,4.0,119,17,7.0
0,2,5,114,1,0,1,0,1,1,1,1,1,0,1,0,2,0,1.0,48,10,4.8
1,2,105,0,0,1,2,5,0,0,1,1,1,0,1,0,2,0,5.0,592,120,4.933333333333334
0,84,74,18,1,6,0,0,0,1,0,0,0,0,1,0,2,0,2.0,356,54,6.592592592592593
0,2,144,0,1,3,0,0,1,1,1,0,1,0,1,0,12,0,0.0,139,26,5.346153846153846
0,5,144,114,2,1,4,5,0,0,1,1,1,0,4,0,2,0,5.0,315,58,5.431034482758621
0,1,144,114,1,1,6,0,1,1,1,0,1,0,1,0,2,0,1.0,14,3,4.666666666666667
1,1,105,0,2,1,3,0,1,0,0,0,1,0,4,0,3,0,4.0,454,83,5.469879518072289
1,18,122,93,0,1,4,0,2,2,0,0,1,0,1,500,0,0,3.0,317,61,5.19672131147541
1,3,105,0,1,6,0,0,0,0,1,1,1,0,1,0,2,0,5.0,39,7,5.571428571428571
1,3,104,0,2,2,6,0,0,1,1,1,1,0,2,0,12,0,5.0,43,8,5.375
0,2,144,0,2,0,1,5,1,1,0,0,1,0,2,0,0,0,2.0,64,13,4.923076923076923
0,36,8,0,0,2,4,0,2,1,0,0,1,0,1,500,2,0,5.0,84,13,6.461538461538462
1,2,105,0,0,1,3,3,0,0,1,1,1,0,1,0,2,0,13.0,329,60,5.483333333333333
1,11,105,0,0,0,6,0,1,0,0,0,0,0,1,0,12,0,3.0,136,27,5.037037037037037
0,4,144,0,1,0,1,5,1,0,0,0,0,0,1,0,12,0,13.0,77,13,5.923076923076923
1,2,104,0,0,0,1,4,1,1,1,0,1,0,1,50,2,1,5.0,781,141,5.539007092198582
0,36,60,0,1,6,0,0,0,2,0,0,1,0,1,0,2,0,1.0,262,54,4.851851851851852
1,2,128,81,0,2,3,0,0,1,1,1,1,0,1,0,2,0,1.0,446,68,6.5588235294117645
0,1,144,0,1,0,2,3,1,1,1,0,1,0,1,50,2,0,10.0,1402,246,5.699186991869919
1,2,105,0,2,3,6,0,0,0,1,0,1,0,2,0,2,0,5.0,238,45,5.288888888888889
0,55,54,0,0,0,1,5,1,0,0,0,2,0,1,80,12,0,1.0,223,36,6.194444444444445
1,7,105,0,1,1,4,0,1,1,0,0,1,0,2,0,2,0,3.0,105,16,6.5625
0,2,144,0,0,4,0,0,1,0,0,0,1,0,1,0,12,0,3.0,155,26,5.961538461538462
1,1,105,0,1,2,4,0,1,1,1,1,1,0,1,60,2,0,3.0,392,82,4.780487804878049
0,2,144,0,2,0,6,0,1,0,0,0,1,0,2,0,2,0,2.0,213,43,4.953488372093023
0,4,144,0,1,3,6,0,1,0,1,0,1,0,1,0,4,0,2.0,110,23,4.782608695652174
0,2,144,0,2,0,1,0,1,1,1,1,1,0,4,0,2,0,3.0,337,63,5.349206349206349
0,2,144,0,1,0,1,5,1,1,1,1,1,0,3,0,2,0,6.0,369,72,5.125
0,1,144,0,2,1,6,0,1,1,1,1,1,0,7,0,2,0,5.0,310,55,5.636363636363637
0,4,163,114,1,1,6,0,1,0,0,0,1,0,1,0,2,0,4.0,337,65,5.184615384615385
1,24,122,0,1,2,3,5,1,1,2,2,1,0,1,0,12,0,1.0,238,48,4.958333333333333
0,24,41,0,0,4,6,0,0,0,2,2,1,0,1,0,2,0,1.0,144,30,4.8
0,5,22,0,1,0,0,0,1,0,0,0,1,0,1,0,12,0,2.0,519,94,5.5212765957446805
1,3,105,0,0,3,6,0,0,0,2,2,2,0,1,0,12,0,2.0,27,4,6.75
1,1,105,0,0,0,5,0,1,0,1,1,1,0,1,0,2,1,7.0,173,33,5.242424242424242
1,4,104,0,0,1,6,0,1,1,1,0,2,0,1,0,12,0,14.0,500,98,5.1020408163265305
0,36,41,114,1,4,0,0,0,0,0,0,0,0,1,0,12,0,2.0,226,43,5.255813953488372
1,2,104,81,2,0,5,5,0,1,1,1,1,0,4,0,12,0,5.0,48,7,6.857142857142857
1,2,104,82,1,5,0,0,0,1,1,1,0,0,1,0,2,0,1.0,355,72,4.930555555555555
0,2,144,114,1,0,3,0,0,0,0,0,2,0,1,0,2,0,1.0,506,102,4.96078431372549
1,1,105,0,1,5,0,0,0,1,1,1,2,1,1,0,2,0,1.0,531,107,4.962616822429907
1,2,105,0,2,0,5,5,1,1,1,1,1,0,4,0,2,0,7.0,105,15,7.0
0,15,144,12,1,0,6,0,1,0,0,0,0,0,1,0,2,0,1.0,112,20,5.6
1,1,122,101,0,6,0,0,0,1,1,1,1,0,1,108,7,0,2.0,104,19,5.473684210526316
1,2,105,0,2,1,2,2,0,1,1,1,1,0,3,0,2,0,1.0,591,106,5.5754716981132075
1,3,104,106,0,3,4,5,0,1,1,1,0,0,1,0,12,0,5.0,12,3,4.0
0,6,41,0,0,1,0,0,1,1,0,0,1,1,1,0,4,0,2.0,251,43,5.837209302325581
0,2,69,114,1,0,1,0,1,0,0,0,1,0,1,0,12,0,5.0,69,15,4.6
1,4,105,0,1,4,6,0,1,0,0,0,0,0,1,0,2,0,1.0,337,66,5.106060606060606
0,8,144,41,1,0,1,0,1,0,0,0,0,0,1,0,2,0,3.0,295,52,5.673076923076923
0,2,144,0,1,1,0,0,1,0,1,1,2,0,5,0,5,0,5.0,115,24,4.791666666666667
0,84,17,0,1,1,6,0,0,0,0,0,0,0,1,0,2,0,4.0,494,93,5.311827956989247
1,72,105,0,1,3,0,0,1,0,0,0,0,0,1,0,12,0,8.0,495,98,5.051020408163265
0,53,26,0,0,6,0,0,0,2,0,0,0,0,1,100,2,0,4.0,573,115,4.982608695652174
0,3,144,0,2,0,1,0,1,0,1,1,1,0,5,0,3,0,1.0,126,24,5.25
1,3,114,110,1,0,1,2,1,2,1,1,1,0,1,100,2,0,1.0,372,71,5.23943661971831
0,1,65,114,0,0,1,0,1,1,1,1,1,0,1,0,12,0,11.0,695,134,5.186567164179104
0,49,60,0,1,5,6,0,0,1,0,0,0,0,1,0,12,0,1.0,296,56,5.285714285714286
0,12,144,10,1,0,6,0,1,0,0,0,0,0,1,0,2,0,1.0,306,62,4.935483870967742
0,1,144,0,2,0,1,0,2,0,1,1,1,0,5,50,2,0,30.0,3331,585,5.694017094017094
0,9,144,0,1,2,3,3,0,1,0,0,0,0,1,0,2,0,3.0,227,46,4.934782608695652
0,1,144,0,2,0,1,5,1,0,1,1,1,0,7,0,2,0,2.0,397,77,5.1558441558441555
1,1,105,73,1,0,1,5,1,0,1,0,1,0,1,0,2,0,7.0,588,115,5.113043478260869
1,2,105,0,0,0,1,0,0,0,1,1,1,0,1,0,3,0,5.0,597,130,4.592307692307692
0,1,144,0,1,0,0,0,0,0,1,1,1,0,1,0,2,0,1.0,109,21,5.190476190476191
1,0,104,0,2,0,0,0,0,1,1,1,1,0,3,0,2,0,2.0,212,38,5.578947368421052
0,28,144,0,0,0,1,5,2,1,2,2,2,0,1,0,3,0,2.0,314,65,4.8307692307692305
0,10,144,0,1,1,0,0,1,0,0,0,0,0,1,0,2,0,8.0,345,63,5.476190476190476
1,5,130,0,1,0,5,5,0,0,0,0,0,0,1,0,2,0,4.0,263,53,4.962264150943396
0,108,144,0,0,3,6,0,1,0,0,0,0,0,1,0,0,3,4.0,339,74,4.581081081081081
1,7,105,0,1,1,3,4,1,0,1,0,0,0,1,0,2,0,5.0,114,16,7.125
1,1,135,0,1,0,3,5,1,1,1,1,1,0,1,0,12,0,4.0,92,13,7.076923076923077
0,2,17,36,2,1,4,5,1,0,0,0,0,0,4,0,2,0,5.0,205,35,5.857142857142857
1,4,105,0,0,2,6,0,1,0,1,0,1,0,1,0,12,0,2.0,333,58,5.741379310344827
1,36,105,0,0,0,1,4,1,0,0,0,0,0,1,0,2,0,2.0,429,85,5.047058823529412
1,12,105,0,0,0,2,4,2,0,0,2,0,0,1,30,2,0,5.0,1407,255,5.517647058823529
0,24,49,0,1,0,3,5,2,2,2,2,1,0,1,0,2,0,3.0,268,46,5.826086956521739
0,51,60,0,1,1,6,0,1,0,0,0,0,0,1,188,2,0,2.0,415,71,5.845070422535211
1,17,120,0,1,1,2,2,1,0,0,0,1,0,1,0,12,0,1.0,430,83,5.180722891566265
0,24,159,0,1,1,4,0,0,1,0,0,0,0,1,0,12,0,6.0,166,34,4.882352941176471
1,1,104,0,1,4,5,5,1,2,1,1,1,0,2,0,2,0,2.0,28,6,4.666666666666667
0,1,144,0,1,0,1,5,1,0,1,1,1,0,5,10,12,0,5.0,378,65,5.815384615384615
1,3,105,0,1,5,0,0,1,0,1,1,1,0,1,0,12,0,1.0,106,21,5.0476190476190474
0,1,144,0,0,0,6,0,1,0,1,1,1,0,1,0,2,0,8.0,409,74,5.527027027027027
1,60,95,0,1,1,2,4,1,2,0,0,1,0,1,0,7,0,11.0,476,91,5.230769230769231
0,5,144,0,0,1,4,0,1,0,0,0,1,0,1,0,2,0,5.0,368,67,5.492537313432836
1,8,105,0,0,0,0,0,1,0,0,0,1,0,1,0,2,1,1.0,153,33,4.636363636363637
0,5,144,0,2,0,1,0,1,0,2,2,2,0,2,100,12,0,2.0,17,2,8.5
0,1,144,0,0,0,3,0,1,0,2,2,1,0,1,0,2,0,1.0,76,13,5.846153846153846
0,5,40,0,0,1,4,0,0,1,0,0,1,0,1,500,2,0,2.0,924,186,4.967741935483871
1,1,105,0,0,2,6,0,0,0,1,1,1,0,1,0,12,0,4.0,260,53,4.90566037735849
0,1,144,0,1,0,1,0,1,0,1,0,1,0,1,0,2,0,8.0,379,70,5.414285714285715
0,48,38,0,1,5,0,0,1,0,0,0,0,0,2,400,2,0,5.0,326,58,5.620689655172414
1,4,84,0,0,0,6,0,1,1,1,0,1,0,1,0,12,0,3.0,129,21,6.142857142857143
1,10,105,0,1,0,5,5,0,0,0,0,1,0,1,50,12,0,1.0,262,41,6.390243902439025
0,4,144,0,0,0,0,0,1,0,1,0,1,0,1,80,2,0,4.0,135,27,5.0
1,3,105,0,0,1,3,5,1,0,0,0,1,0,1,0,3,0,7.0,203,35,5.8
0,12,144,0,0,0,0,0,1,0,1,0,0,0,1,0,7,0,4.0,338,66,5.121212121212121
0,2,144,114,1,1,0,0,1,1,0,0,2,0,2,0,0,0,1.0,84,16,5.25
0,11,8,114,1,1,6,0,1,1,0,0,0,0,1,0,2,0,1.0,200,36,5.555555555555555
0,12,144,0,0,0,1,4,0,1,2,2,2,0,1,0,2,0,5.0,192,37,5.1891891891891895
0,1,144,0,1,4,0,0,1,0,0,0,1,0,1,0,2,0,4.0,239,39,6.128205128205129
0,1,144,114,1,0,3,0,1,0,1,1,1,0,1,0,3,0,2.0,112,21,5.333333333333333
0,36,54,0,0,0,1,5,1,0,0,0,0,0,1,350,12,0,1.0,434,77,5.636363636363637
0,1,144,0,1,1,0,0,1,1,2,1,2,0,1,0,2,0,1.0,74,13,5.6923076923076925
1,1,82,61,2,0,1,0,0,0,1,1,1,0,4,0,4,0,3.0,459,78,5.884615384615385
0,2,144,0,0,1,0,0,1,0,0,0,1,0,1,0,2,0,2.0,208,39,5.333333333333333
0,2,144,0,1,1,0,0,1,1,0,0,1,0,1,0,2,0,7.0,332,55,6.036363636363636
0,2,144,0,1,1,6,0,1,0,1,1,1,0,1,0,2,0,2.0,305,60,5.083333333333333
1,3,105,106,0,0,1,0,0,0,1,1,0,0,1,0,2,0,3.0,15,2,7.5
1,60,105,0,0,1,4,5,0,0,0,0,0,0,1,0,12,0,3.0,682,135,5.051851851851852
0,36,144,56,0,1,4,0,0,2,0,0,0,0,1,150,2,0,13.0,1242,230,5.4
0,5,144,0,1,0,0,0,0,0,1,1,1,0,1,0,2,0,5.0,211,39,5.410256410256411
1,1,96,0,1,0,1,5,0,0,1,1,1,0,1,0,2,0,7.0,147,26,5.653846153846154
0,12,60,0,1,4,0,0,0,2,0,0,0,0,1,0,2,0,2.0,79,13,6.076923076923077
0,7,144,0,1,1,0,0,1,0,0,0,1,0,2,0,12,0,3.0,557,102,5.46078431372549
0,1,144,0,0,1,0,0,1,0,1,0,1,0,1,0,1,0,2.0,65,12,5.416666666666667
0,2,166,114,1,0,1,0,1,0,0,0,1,0,4,0,2,0,6.0,108,17,6.352941176470588
1,2,104,0,0,0,4,4,2,1,0,0,0,0,1,0,2,0,1.0,26,4,6.5
0,2,144,0,1,0,1,5,1,1,0,1,1,0,1,40,3,0,1.0,516,90,5.733333333333333
0,2,144,0,1,1,0,0,1,0,1,1,1,0,1,0,2,0,1.0,26,5,5.2
0,2,144,114,0,0,1,0,1,1,0,0,1,0,1,0,2,0,5.0,12,2,6.0
1,1,105,80,1,0,5,5,1,2,1,1,1,0,2,0,2,0,5.0,309,60,5.15
0,1,144,0,0,0,0,0,1,0,1,0,1,0,1,0,12,0,4.0,41,10,4.1
0,2,144,0,0,0,6,0,1,1,0,0,1,0,1,0,2,0,2.0,17,3,5.666666666666667
1,6,105,0,0,0,6,0,1,0,0,0,0,0,2,0,2,0,11.0,343,72,4.763888888888889
0,1,144,0,1,1,0,0,1,1,1,1,1,0,2,0,2,0,2.0,431,83,5.192771084337349
1,12,104,0,2,0,0,0,1,1,0,0,1,0,3,0,12,0,6.0,386,68,5.676470588235294
0,2,144,0,0,0,1,0,1,0,1,1,1,0,1,0,12,0,5.0,45,8,5.625
1,4,105,81,2,0,5,5,1,1,0,0,0,0,2,50,2,0,4.0,397,72,5.513888888888889
1,2,105,0,0,3,0,0,1,0,1,1,1,0,1,0,12,0,1.0,188,40,4.7
1,2,105,0,2,0,2,5,0,0,1,0,1,0,2,0,12,0,1.0,101,20,5.05
1,36,93,80,0,0,1,5,2,1,0,0,0,0,4,0,12,0,4.0,547,100,5.47
1,2,105,0,1,6,0,0,1,0,1,0,1,0,3,0,2,0,4.0,79,11,7.181818181818182
1,6,88,73,1,1,5,5,0,0,1,0,1,0,2,0,2,0,1.0,554,116,4.775862068965517
1,9,105,0,0,0,0,0,1,1,0,0,1,0,1,0,12,0,5.0,289,54,5.351851851851852
1,15,105,0,0,0,1,5,2,0,1,1,1,0,1,50,12,0,1.0,148,31,4.774193548387097
1,2,105,66,1,0,5,5,0,0,1,1,1,0,1,0,7,0,2.0,269,50,5.38
1,4,104,0,1,0,6,0,1,1,1,0,1,0,1,0,6,0,10.0,1802,350,5.148571428571429
0,2,144,114,1,1,0,0,1,1,1,0,1,0,1,0,2,0,7.0,12,2,6.0
0,4,144,0,0,1,5,0,2,0,0,0,1,0,1,0,2,0,3.0,263,54,4.87037037037037
0,11,144,0,1,4,6,0,1,1,2,0,2,0,1,200,2,0,3.0,109,19,5.7368421052631575
1,3,104,80,2,0,6,0,1,1,1,0,1,0,2,50,2,0,3.0,102,20,5.1
0,2,144,0,0,1,0,0,1,0,1,1,1,0,1,0,2,0,4.0,645,119,5.420168067226891
1,19,104,101,1,1,6,0,1,1,2,2,1,0,1,0,2,0,6.0,1797,336,5.348214285714286
1,2,105,0,0,1,0,0,0,0,0,0,1,0,1,50,2,0,1.0,62,12,5.166666666666667
1,2,103,0,1,0,2,5,1,2,1,1,1,0,4,0,5,0,5.0,201,38,5.2894736842105265
1,1,135,0,2,0,3,0,0,0,1,1,1,0,2,0,7,0,7.0,228,38,6.0
0,11,54,114,1,0,1,5,1,0,1,1,1,0,1,0,2,0,2.0,193,39,4.948717948717949
0,2,144,0,1,1,6,0,1,1,0,1,1,0,1,0,3,0,1.0,218,36,6.055555555555555
1,1,128,0,0,2,0,0,0,0,1,1,1,0,1,0,7,0,2.0,154,30,5.133333333333334
0,1,144,0,1,4,0,0,0,0,1,1,1,0,1,0,2,0,1.0,109,21,5.190476190476191
1,4,93,101,0,2,3,4,1,1,0,0,1,0,1,0,2,0,0.0,202,43,4.6976744186046515
0,24,144,54,0,1,0,0,1,1,2,0,1,0,1,0,1,0,2.0,285,62,4.596774193548387
1,5,105,0,1,6,0,0,1,0,1,0,1,0,1,0,12,0,3.0,1276,239,5.338912133891213
1,6,105,0,1,3,0,0,0,0,0,0,0,0,1,0,2,0,1.0,321,65,4.938461538461539
0,3,144,35,0,0,6,0,2,1,0,0,1,1,2,0,2,0,9.0,340,50,6.8
0,2,144,0,2,0,1,0,1,1,2,2,2,0,3,0,2,0,3.0,159,31,5.129032258064516
0,4,144,51,0,0,1,5,1,1,0,0,1,0,1,0,5,0,4.0,311,61,5.098360655737705
0,9,144,0,0,1,0,0,1,0,0,2,0,0,1,0,12,0,1.0,149,27,5.518518518518518
1,2,105,0,0,2,0,0,1,0,0,0,0,0,1,0,2,0,8.0,348,72,4.833333333333333
1,3,105,0,1,0,6,0,1,0,1,0,1,0,1,30,2,0,5.0,230,40,5.75
0,4,144,0,2,0,1,2,0,0,0,0,1,0,3,0,0,0,3.0,441,77,5.7272727272727275
0,2,144,54,1,1,6,0,1,1,0,0,0,0,1,0,2,0,11.0,248,43,5.767441860465116
0,6,51,54,0,4,5,0,1,1,0,0,1,0,1,200,3,0,2.0,116,17,6.823529411764706
0,9,17,114,1,0,1,5,1,0,0,0,0,0,1,0,2,0,7.0,271,44,6.159090909090909
0,2,144,0,0,1,0,0,1,1,0,0,1,0,1,0,2,0,1.0,196,37,5.297297297297297
1,12,105,0,0,2,6,0,1,0,1,1,1,0,1,0,12,0,3.0,5,1,5.0
1,2,104,0,1,0,1,0,1,1,1,1,1,0,1,50,2,0,5.0,671,122,5.5
0,0,144,114,0,1,0,0,0,0,2,2,2,0,1,0,7,0,8.0,59,11,5.363636363636363
1,3,128,80,2,5,6,0,0,1,1,1,1,0,3,150,12,0,1.0,99,16,6.1875
0,12,144,0,1,0,1,5,1,0,0,0,2,0,1,0,2,0,2.0,695,128,5.4296875
0,7,144,114,0,0,1,2,1,0,0,0,2,0,1,0,7,0,2.0,140,29,4.827586206896552
0,19,166,0,1,0,1,3,2,0,0,0,1,0,1,500,2,0,4.0,794,157,5.057324840764331
1,1,105,0,2,3,4,5,0,0,1,1,2,0,3,0,2,0,22.0,217,36,6.027777777777778
0,4,144,114,1,1,6,0,0,1,2,0,0,0,1,0,2,0,2.0,83,13,6.384615384615385
1,12,105,0,1,5,0,0,2,0,0,1,1,0,1,0,10,0,1.0,84,12,7.0
0,1,144,114,1,6,0,0,1,1,0,0,1,0,1,0,2,0,1.0,12,2,6.0
0,11,144,16,1,4,0,0,1,1,1,0,0,0,1,0,1,0,2.0,260,49,5.3061224489795915
0,2,144,0,0,0,1,0,1,1,1,1,1,0,1,0,2,0,3.0,63,12,5.25
0,60,47,0,0,0,0,0,2,1,0,0,0,0,1,0,4,0,5.0,566,79,7.1645569620253164
0,1,144,0,0,1,0,0,0,0,1,1,1,0,1,0,2,0,6.0,480,98,4.8979591836734695
1,16,94,0,1,2,6,0,2,1,0,0,0,0,1,0,2,0,2.0,707,128,5.5234375
0,2,144,0,1,0,1,0,1,1,1,1,1,0,1,0,2,0,5.0,88,15,5.866666666666666
1,48,105,0,1,4,6,0,1,0,0,0,0,0,1,0,2,0,5.0,309,54,5.722222222222222
0,3,144,0,1,1,0,0,1,0,1,0,1,0,1,0,7,0,3.0,91,16,5.6875
0,2,144,0,1,0,1,0,1,0,1,0,1,0,1,50,2,0,4.0,1065,200,5.325
1,4,105,0,0,1,0,0,1,0,1,0,1,0,1,0,3,0,5.0,427,79,5.405063291139241
0,1,144,0,1,1,6,0,1,0,1,1,1,0,1,0,7,0,1.0,165,30,5.5
1,8,105,106,1,1,0,0,1,0,0,0,0,0,1,0,12,0,1.0,440,82,5.365853658536586
1,3,105,0,1,5,6,0,1,1,1,0,1,0,1,0,12,0,5.0,535,105,5.095238095238095
0,1,22,114,1,0,5,0,2,0,1,1,1,0,1,0,2,0,4.0,304,63,4.825396825396825
1,0,105,0,1,0,0,0,0,0,1,1,1,0,1,0,7,0,0.0,186,35,5.314285714285714
0,1,144,0,2,0,1,3,1,1,2,2,1,0,6,0,2,0,2.0,108,17,6.352941176470588
1,2,105,0,1,0,1,5,0,0,0,0,1,0,5,0,2,0,6.0,119,26,4.576923076923077
0,22,54,0,1,0,1,5,1,0,0,0,1,0,1,0,2,0,3.0,1067,194,5.5
1,1,83,0,0,1,6,0,1,2,0,0,1,0,1,400,2,0,9.0,1395,249,5.602409638554217
1,36,117,80,0,0,1,0,3,2,0,0,0,0,2,200,2,0,3.0,1007,188,5.3563829787234045
1,1,105,0,2,0,4,5,1,0,1,1,1,0,5,0,12,0,3.0,232,37,6.27027027027027
0,2,144,0,2,0,1,0,1,0,1,1,1,0,2,0,4,0,2.0,315,62,5.080645161290323
0,2,144,45,1,0,1,5,1,1,1,0,1,0,1,50,2,0,4.0,233,43,5.4186046511627906
0,24,144,0,0,0,1,0,1,1,0,0,0,0,1,0,7,0,4.0,201,39,5.153846153846154
0,2,144,0,1,0,1,0,1,0,1,0,1,0,1,0,2,0,1.0,38,7,5.428571428571429
1,7,105,81,1,1,2,0,0,0,1,0,1,0,1,0,12,0,3.0,42,7,6.0
0,7,144,0,1,1,0,0,1,0,0,0,0,0,1,0,2,0,6.0,319,64,4.984375
1,5,105,101,0,0,1,5,1,1,1,0,1,0,1,0,3,0,5.0,116,21,5.523809523809524
1,2,104,61,1,5,0,0,1,1,1,1,1,0,1,1,2,0,2.0,42,6,7.0
0,3,144,0,1,0,6,0,0,1,2,2,2,0,1,0,2,0,2.0,204,42,4.857142857142857
1,5,105,0,0,0,1,4,0,1,0,0,1,0,1,0,12,0,4.0,139,27,5.148148148148148
1,2,104,0,1,1,6,0,1,1,1,1,1,0,1,0,2,0,5.0,255,48,5.3125
0,2,144,0,1,0,4,0,1,0,1,1,1,0,1,0,4,1,8.0,1233,230,5.360869565217391
1,3,105,82,1,4,6,0,1,0,0,0,1,0,1,50,2,0,3.0,398,83,4.795180722891566
0,11,159,0,0,4,0,0,1,2,0,0,1,0,1,200,2,0,3.0,25,4,6.25
0,11,144,0,0,1,0,0,2,0,0,2,1,0,1,0,2,0,3.0,354,74,4.783783783783784
0,2,144,0,0,0,1,0,1,0,1,0,1,0,1,0,2,0,2.0,380,73,5.205479452054795
0,24,168,0,0,0,0,0,1,1,0,0,1,0,1,0,12,0,1.0,243,46,5.282608695652174
0,48,61,0,1,1,0,0,1,1,0,0,1,0,1,0,12,0,1.0,1235,220,5.613636363636363
1,3,104,0,1,5,0,0,1,1,1,1,1,0,1,0,2,0,2.0,221,44,5.0227272727272725
0,86,60,0,0,0,5,0,1,2,0,0,1,0,1,0,5,0,2.0,16,3,5.333333333333333
1,0,82,0,2,0,2,5,0,1,1,2,2,0,3,0,2,0,1.0,192,38,5.052631578947368
0,3,144,0,1,1,0,0,1,0,0,0,1,0,1,0,12,0,4.0,54,8,6.75
0,2,144,0,0,1,3,0,1,0,0,0,1,0,1,100,2,0,3.0,29,5,5.8
1,7,105,0,0,0,0,0,1,0,0,0,1,0,1,0,12,0,1.0,209,40,5.225
1,12,105,0,0,5,0,0,1,0,0,0,0,0,1,0,7,0,1.0,124,22,5.636363636363637
0,5,144,0,1,0,0,0,1,0,0,1,0,0,1,0,2,1,1.0,203,36,5.638888888888889
0,18,144,0,1,4,6,0,0,0,0,0,0,0,1,100,2,0,3.0,121,21,5.761904761904762
0,36,144,0,0,4,0,0,1,1,0,0,1,0,1,0,4,0,4.0,242,47,5.148936170212766
1,5,105,0,1,5,6,0,0,0,2,0,0,0,6,0,2,0,3.0,341,66,5.166666666666667
0,2,144,114,1,0,1,5,1,0,1,0,1,0,1,100,2,1,8.0,114,22,5.181818181818182
0,3,144,0,0,1,0,0,1,1,1,2,2,0,1,100,5,0,1.0,62,10,6.2
1,2,104,106,2,0,4,5,1,1,1,0,1,0,3,0,2,0,5.0,1208,228,5.298245614035087
0,9,8,114,1,1,0,0,2,1,0,0,0,0,1,0,12,0,2.0,184,37,4.972972972972973
1,2,105,0,2,6,0,0,0,0,1,1,1,0,3,0,3,0,5.0,146,24,6.083333333333333
0,2,144,0,0,0,4,5,1,1,1,1,1,0,4,0,3,0,7.0,578,103,5.611650485436893
1,3,105,0,1,0,1,1,1,0,0,0,1,0,1,0,2,0,17.0,906,176,5.1477272727272725
1,8,105,97,1,4,6,0,0,1,1,1,1,0,2,0,12,0,2.0,171,30,5.7
1,2,105,0,1,1,0,0,0,0,1,1,1,0,1,0,2,0,3.0,145,23,6.304347826086956
1,1,104,0,2,1,3,5,0,1,1,0,1,0,5,0,2,0,5.0,507,81,6.2592592592592595
0,2,144,0,1,0,1,5,1,0,1,0,1,0,1,0,4,0,1.0,268,56,4.785714285714286
1,2,105,0,0,0,5,5,1,0,0,0,1,0,4,100,2,0,5.0,111,20,5.55
1,3,103,0,1,4,0,0,1,2,1,1,1,1,1,0,12,0,2.0,298,54,5.518518518518518
0,30,144,16,0,2,0,0,1,0,0,0,0,0,1,0,2,0,1.0,202,39,5.17948717948718
0,0,144,0,2,0,1,5,1,0,1,1,1,0,4,0,12,0,3.0,117,22,5.318181818181818
0,4,144,0,2,0,3,4,0,1,1,1,1,0,7,30,2,0,5.0,286,55,5.2
1,4,143,82,0,0,6,0,2,0,1,0,1,0,1,0,2,0,9.0,351,59,5.9491525423728815
1,4,104,0,2,1,4,5,1,1,0,0,1,0,2,0,12,0,11.0,1081,196,5.51530612244898
1,1,105,0,1,0,3,5,1,0,1,1,1,0,1,0,2,0,3.0,178,32,5.5625
0,3,144,0,0,1,6,0,1,1,0,0,1,0,1,0,2,0,4.0,208,35,5.942857142857143
0,4,166,114,1,0,1,0,1,0,0,0,1,0,1,0,2,0,6.0,161,32,5.03125
1,12,135,0,2,0,1,1,1,1,1,1,1,0,7,0,12,0,6.0,122,21,5.809523809523809
0,1,144,0,1,0,1,0,1,0,0,0,1,0,1,0,2,0,1.0,221,40,5.525
0,1,144,114,0,1,6,0,1,1,1,1,1,0,1,0,3,0,6.0,167,29,5.758620689655173
1,3,105,0,0,5,0,0,0,0,1,1,1,0,2,0,7,0,4.0,345,64,5.390625
1,24,122,0,1,2,0,0,0,1,2,2,0,0,1,0,2,0,1.0,67,13,5.153846153846154
0,2,144,0,0,1,0,0,1,0,0,0,1,0,1,0,12,0,2.0,547,102,5.362745098039215
1,1,105,81,2,2,4,5,1,0,2,0,1,0,6,0,2,0,1.0,360,67,5.373134328358209
0,1,144,0,0,0,1,0,1,0,1,1,1,0,1,0,2,0,4.0,36,6,6.0
0,2,144,116,1,0,3,5,1,0,1,0,1,0,1,0,12,0,3.0,454,81,5.604938271604938
1,12,122,0,1,1,4,0,1,1,0,0,1,0,1,400,2,0,5.0,365,75,4.866666666666666
1,2,104,0,0,0,0,0,1,1,2,2,2,0,1,0,0,0,2.0,111,26,4.269230769230769
0,3,144,16,2,0,1,5,1,0,0,0,2,0,3,0,3,0,2.0,241,47,5.127659574468085
1,2,105,0,0,3,6,0,1,0,1,0,1,0,1,0,12,0,3.0,351,73,4.808219178082192
1,1,105,0,1,0,1,0,1,0,1,1,1,0,1,0,12,0,1.0,103,20,5.15
0,1,144,0,0,1,0,0,0,0,1,1,1,0,1,0,2,0,0.0,89,18,4.944444444444445
0,3,144,0,0,1,6,0,1,0,2,2,2,0,1,10,2,0,1.0,113,22,5.136363636363637
1,2,105,82,2,0,1,1,1,0,1,1,1,0,5,0,2,0,3.0,203,41,4.951219512195122
1,10,105,72,0,0,6,0,2,0,2,2,2,0,1,0,12,0,3.0,542,109,4.972477064220183
0,3,144,0,1,1,6,0,1,0,1,0,1,0,1,0,2,0,2.0,133,23,5.782608695652174
1,2,105,73,2,0,2,5,0,0,1,0,1,0,5,20,12,0,5.0,292,53,5.509433962264151
1,3,105,82,0,0,1,5,1,0,0,2,1,0,4,0,4,1,5.0,192,36,5.333333333333333
0,32,22,16,1,2,0,0,2,0,1,1,1,0,1,200,2,0,2.0,315,68,4.632352941176471
0,3,144,114,0,6,0,0,1,1,0,0,1,0,1,0,2,0,2.0,12,2,6.0
0,2,144,0,2,0,1,5,1,0,0,0,1,0,5,0,12,0,13.0,852,163,5.226993865030675
0,12,144,9,0,0,5,5,1,1,0,0,2,0,1,0,12,0,2.0,257,53,4.849056603773585
1,3,105,0,0,0,4,4,2,0,1,1,1,0,1,0,2,0,7.0,92,17,5.411764705882353
1,2,105,0,1,0,0,0,1,0,1,1,1,0,1,0,2,0,4.0,230,44,5.2272727272727275
0,12,144,0,0,0,1,0,1,1,2,2,2,0,1,0,2,0,2.0,546,101,5.405940594059406
0,1,161,114,0,0,1,0,1,0,1,1,1,0,1,0,2,0,8.0,1041,193,5.393782383419689
1,2,128,81,1,1,4,5,0,1,1,1,1,0,1,100,2,0,2.0,122,22,5.545454545454546
1,6,104,0,0,6,0,0,1,1,1,1,1,0,1,0,3,0,4.0,195,41,4.7560975609756095
0,4,69,114,0,4,0,0,1,0,0,0,0,0,1,200,2,0,1.0,362,52,6.961538461538462
1,2,105,0,0,5,6,0,1,0,1,0,1,0,1,0,12,0,5.0,200,41,4.878048780487805
1,1,126,81,2,5,0,0,0,1,1,1,1,0,4,0,1,0,0.0,157,31,5.064516129032258
0,72,60,0,0,0,6,0,0,2,2,2,2,0,1,0,2,0,3.0,75,14,5.357142857142857
0,1,61,35,0,0,4,5,0,1,1,1,1,0,1,0,2,0,6.0,605,119,5.084033613445378
0,3,144,0,0,0,1,2,2,0,1,1,1,0,5,0,12,1,8.0,186,31,6.0
0,5,144,0,1,0,1,0,2,0,0,0,1,0,1,0,0,0,3.0,271,51,5.313725490196078
0,2,144,0,1,0,1,5,1,0,0,0,1,0,1,0,2,0,7.0,18,3,6.0
0,1,144,0,2,0,1,5,1,1,1,1,1,0,5,0,2,0,14.0,477,69,6.913043478260869
0,3,144,0,1,0,1,0,2,2,0,0,2,0,2,0,2,0,4.0,439,80,5.4875
1,2,135,0,1,0,1,1,1,0,1,0,1,0,2,0,12,1,5.0,1361,233,5.8412017167381975
0,2,144,0,0,0,0,0,1,0,0,0,1,0,1,0,2,0,4.0,173,30,5.766666666666667
1,5,105,0,0,0,6,0,1,0,1,0,1,0,1,0,2,1,12.0,422,80,5.275
1,8,128,65,0,1,6,0,2,0,1,1,1,0,1,0,12,0,4.0,527,100,5.27
1,7,105,82,1,0,5,0,1,0,0,0,1,0,1,0,2,0,2.0,96,19,5.052631578947368
1,1,105,0,2,0,4,5,0,2,1,1,1,0,5,0,2,0,3.0,305,58,5.258620689655173
1,3,105,0,0,2,0,0,1,0,1,0,1,0,1,0,2,0,1.0,361,58,6.224137931034483
1,4,105,106,1,0,1,5,1,1,0,0,0,0,2,100,2,0,2.0,224,46,4.869565217391305
1,1,104,0,2,0,6,0,0,1,1,1,1,0,5,0,12,0,20.0,471,90,5.233333333333333
0,19,41,0,0,1,2,0,1,1,0,0,1,0,1,100,4,0,3.0,141,28,5.035714285714286
0,36,144,0,0,1,0,0,0,2,2,2,1,0,1,0,2,0,3.0,293,57,5.140350877192983
0,4,4,4,2,0,1,0,1,0,2,2,1,0,2,0,2,0,6.0,823,146,5.636986301369863
0,2,144,0,1,0,1,0,1,0,1,0,1,0,1,0,2,0,2.0,528,95,5.557894736842106
1,1,105,82,2,1,4,5,0,0,1,0,1,0,3,0,2,0,3.0,824,157,5.248407643312102
0,1,144,0,1,0,1,0,1,0,1,0,1,0,1,0,12,0,9.0,127,22,5.7727272727272725
1,3,105,0,1,0,6,0,2,0,1,0,1,0,1,0,0,0,3.0,244,43,5.674418604651163
1,1,105,0,2,0,2,5,0,0,1,1,1,0,6,0,2,0,3.0,228,45,5.066666666666666
1,7,104,0,2,1,2,0,1,1,1,1,1,0,5,0,12,0,9.0,79,16,4.9375
0,2,144,0,1,0,1,0,1,0,1,1,1,0,1,0,12,0,7.0,391,72,5.430555555555555
0,1,144,0,1,3,0,0,1,1,1,1,1,0,2,0,12,2,6.0,165,33,5.0
0,4,144,0,0,1,0,0,1,0,0,0,1,0,1,0,2,0,9.0,268,48,5.583333333333333
0,1,144,0,0,1,6,0,1,1,2,2,1,0,1,0,2,0,4.0,93,18,5.166666666666667
1,12,105,0,0,0,5,5,1,1,0,0,1,0,1,0,2,0,1.0,225,42,5.357142857142857
0,60,51,0,1,0,4,5,0,0,0,0,0,0,1,300,2,0,2.0,417,63,6.619047619047619
0,2,144,0,1,2,0,0,1,0,1,1,1,0,1,20,3,0,1.0,144,25,5.76
1,7,104,0,0,1,2,5,1,1,1,1,1,0,2,0,2,0,4.0,540,113,4.778761061946903
1,1,135,0,2,0,5,5,0,0,2,2,2,0,3,0,2,0,3.0,157,27,5.814814814814815
0,3,144,0,0,0,1,0,1,1,1,1,1,0,1,0,2,0,2.0,120,24,5.0
1,1,128,106,0,1,4,5,0,0,0,0,1,0,1,0,2,0,4.0,277,53,5.226415094339623
0,2,144,114,0,1,0,0,1,1,1,0,1,0,1,0,2,0,5.0,14,3,4.666666666666667
0,2,144,0,1,1,0,0,0,0,1,2,2,0,1,0,12,0,2.0,709,142,4.992957746478873
0,51,144,0,1,1,6,0,1,1,0,0,0,0,1,80,2,0,5.0,166,30,5.533333333333333
1,8,122,72,1,1,6,0,1,1,0,0,1,0,1,0,2,0,4.0,55,8,6.875
1,8,105,0,0,2,3,0,0,0,1,0,2,0,1,0,2,0,8.0,819,123,6.658536585365853
0,1,144,0,2,0,1,5,1,0,1,1,1,0,8,0,2,0,3.0,738,157,4.7006369426751595
0,3,144,114,2,0,3,0,1,0,1,1,1,0,2,0,4,0,5.0,207,37,5.594594594594595
0,60,8,0,0,2,0,0,2,1,2,2,2,0,1,0,2,0,1.0,153,27,5.666666666666667
0,0,144,114,1,1,4,5,1,0,1,1,1,0,1,0,7,0,1.0,55,9,6.111111111111111
0,29,8,0,0,1,2,3,2,2,2,2,1,0,1,400,2,0,3.0,374,66,5.666666666666667
1,12,105,0,1,3,6,0,1,0,2,2,2,0,1,0,2,0,1.0,47,6,7.833333333333333
1,12,105,0,1,0,6,0,1,1,1,1,1,0,1,0,7,0,2.0,67,8,8.375
1,1,84,0,1,0,1,0,1,0,1,1,1,0,1,0,12,0,5.0,215,37,5.8108108108108105
0,3,144,0,1,0,1,3,1,0,0,0,1,0,1,0,2,0,13.0,288,57,5.052631578947368
1,3,135,0,2,1,2,3,1,0,1,1,1,0,3,0,2,0,5.0,140,28,5.0
1,2,122,80,0,2,3,0,1,2,1,1,1,0,1,0,2,0,3.0,215,45,4.777777777777778
0,36,144,0,1,0,6,0,2,0,0,0,0,0,1,0,2,0,2.0,8,1,8.0
0,48,144,0,1,0,4,5,1,1,0,0,0,0,1,0,12,0,5.0,562,18,31.22222222222222
1,5,104,0,1,1,6,0,1,1,0,0,1,0,1,0,2,0,5.0,430,82,5.2439024390243905
0,3,144,0,0,0,1,3,1,0,1,1,1,0,1,0,2,0,5.0,183,34,5.382352941176471
0,24,144,0,0,0,1,0,1,1,2,2,2,0,1,0,12,0,3.0,577,101,5.712871287128713
0,2,144,0,2,0,1,3,1,0,2,2,2,0,5,0,12,0,3.0,178,38,4.684210526315789
1,6,105,0,0,0,0,0,1,0,0,0,1,0,1,0,2,0,1.0,83,15,5.533333333333333
1,9,105,71,0,5,0,0,1,0,1,1,1,0,1,20,12,0,2.0,14,3,4.666666666666667
1,3,105,0,1,0,1,5,1,1,0,0,1,0,1,0,2,0,2.0,656,132,4.96969696969697
1,1,104,106,0,5,0,0,0,1,1,1,1,1,1,0,2,0,7.0,322,62,5.193548387096774
0,1,144,0,2,2,4,5,1,1,1,0,1,0,4,0,2,0,13.0,250,37,6.756756756756757
0,4,144,0,1,4,0,0,0,0,1,1,1,0,1,0,2,0,0.0,33,6,5.5
1,2,122,80,1,5,0,0,0,2,2,0,2,0,1,0,2,0,5.0,222,34,6.529411764705882
0,2,25,0,1,1,4,0,1,0,1,0,2,0,1,0,12,0,1.0,135,32,4.21875
1,5,104,0,0,4,6,0,0,1,1,1,1,0,1,0,2,0,3.0,77,14,5.5
1,10,105,0,0,6,0,0,1,0,0,0,0,1,1,0,2,0,2.0,424,78,5.435897435897436
0,96,17,0,0,0,6,0,1,1,0,0,0,0,1,0,7,0,1.0,139,23,6.043478260869565
1,4,105,0,0,6,0,0,1,0,2,2,1,0,1,0,2,1,3.0,420,78,5.384615384615385
0,1,144,114,2,0,1,1,1,1,1,1,1,0,9,0,5,0,3.0,41,8,5.125
1,3,105,0,1,5,6,0,1,0,1,1,1,0,1,0,2,2,20.0,1964,398,4.934673366834171
1,5,105,0,0,5,6,0,0,0,0,0,2,0,1,0,12,0,3.0,479,91,5.263736263736264
0,2,144,0,1,1,0,0,1,1,0,0,1,0,1,0,0,0,1.0,21,4,5.25
1,2,105,74,1,0,0,0,2,0,1,1,1,0,1,0,2,0,5.0,437,72,6.069444444444445
0,5,144,0,0,1,6,0,1,1,1,1,2,0,1,0,2,0,1.0,194,40,4.85
0,18,144,114,2,1,0,0,1,1,0,0,0,0,2,0,12,0,5.0,624,105,5.942857142857143
0,24,165,0,1,0,6,0,1,0,0,0,2,0,1,0,12,0,2.0,441,84,5.25
1,12,105,0,0,3,0,0,1,0,0,0,2,0,1,0,2,0,5.0,165,27,6.111111111111111
0,48,144,114,1,0,6,0,1,0,0,0,0,0,1,0,2,0,3.0,147,4,36.75
0,2,5,114,0,0,1,0,1,1,2,2,1,0,1,0,2,0,1.0,80,13,6.153846153846154
0,6,144,0,1,1,6,0,2,0,0,0,1,0,2,0,2,0,2.0,307,63,4.873015873015873
0,3,144,0,2,0,1,1,0,0,2,2,2,0,4,0,3,0,1.0,145,24,6.041666666666667
0,24,144,0,0,1,0,0,1,1,2,2,2,0,1,0,12,0,3.0,578,101,5.7227722772277225
1,1,105,0,0,4,6,0,0,0,1,1,1,0,1,0,2,0,1.0,183,36,5.083333333333333
1,3,105,0,1,0,1,5,0,0,1,1,1,0,1,0,2,0,1.0,188,35,5.371428571428571
1,1,105,0,0,3,6,0,1,0,1,0,1,0,1,0,12,0,2.0,655,132,4.962121212121212
0,33,22,0,1,1,0,0,1,0,0,2,1,0,1,0,1,0,4.0,71,14,5.071428571428571
0,4,144,0,2,0,1,3,1,1,1,1,1,0,5,0,12,0,3.0,325,61,5.327868852459017
0,2,144,0,1,0,0,0,0,0,0,0,1,0,1,0,2,0,5.0,190,38,5.0
0,41,144,0,0,1,2,0,1,0,1,0,0,0,1,0,2,0,5.0,53,10,5.3
0,17,60,0,0,4,0,0,0,1,0,0,0,0,1,200,2,0,1.0,360,52,6.923076923076923
0,1,144,0,0,6,0,0,1,1,1,1,2,0,8,0,2,0,2.0,51,9,5.666666666666667
1,5,105,106,0,0,0,0,1,0,1,1,1,0,1,0,2,0,1.0,695,133,5.225563909774436
1,2,105,0,0,0,5,5,0,1,1,0,2,0,1,0,12,0,2.0,7,1,7.0
0,24,168,0,0,1,4,5,1,0,2,2,2,0,1,2000,12,0,3.0,416,81,5.135802469135802
0,3,144,0,0,1,0,0,1,0,0,0,1,0,1,0,7,1,7.0,410,77,5.324675324675325
0,4,30,114,0,0,1,3,0,0,0,0,0,0,1,0,2,0,5.0,577,114,5.06140350877193
0,12,44,114,1,0,1,5,0,0,2,2,0,0,1,0,2,0,1.0,104,19,5.473684210526316
1,147,128,0,1,1,4,0,2,1,0,0,0,0,1,0,2,0,1.0,100,16,6.25
1,3,122,0,0,4,6,0,1,2,0,0,1,0,1,0,0,0,4.0,526,102,5.1568627450980395
1,1,105,0,0,0,3,5,1,0,1,0,1,0,2,100,2,0,14.0,932,182,5.1208791208791204
0,8,22,0,1,2,0,0,2,0,0,0,1,0,1,300,2,0,2.0,242,46,5.260869565217392
0,3,144,0,0,1,0,0,1,0,1,1,1,0,1,0,2,1,4.0,671,127,5.283464566929134
0,84,81,0,0,2,5,0,0,2,0,0,0,0,1,200,2,0,1.0,110,19,5.7894736842105265
1,3,105,0,1,1,3,5,1,0,0,0,1,0,1,50,12,0,6.0,1203,229,5.253275109170306
0,3,38,129,1,6,0,0,1,0,1,1,1,0,1,0,12,1,4.0,241,41,5.878048780487805
0,12,144,12,1,6,0,0,0,0,2,1,2,0,1,0,4,0,2.0,261,52,5.019230769230769
1,60,135,0,2,0,1,4,1,1,0,0,0,0,3,30,12,0,3.0,170,30,5.666666666666667
0,2,144,114,1,1,6,0,1,0,0,0,2,0,2,100,2,0,2.0,123,24,5.125
0,1,144,0,1,1,6,0,1,1,0,0,1,0,1,0,2,0,4.0,248,41,6.048780487804878
1,2,105,0,2,3,4,4,1,0,0,0,1,0,4,0,2,0,8.0,495,96,5.15625
0,2,144,114,0,1,0,0,1,0,0,0,1,0,1,0,2,0,3.0,234,43,5.441860465116279
0,1,144,20,2,0,1,3,1,0,1,1,1,0,6,0,2,0,6.0,536,109,4.91743119266055
0,12,144,114,1,0,1,5,2,0,0,0,0,1,1,100,5,0,2.0,247,44,5.613636363636363
1,2,105,0,0,6,0,0,1,0,0,0,1,0,1,0,2,0,5.0,613,119,5.151260504201681
1,1,104,0,0,2,3,0,2,1,1,1,1,0,1,0,2,0,3.0,99,17,5.823529411764706
1,2,105,0,2,0,1,4,1,0,1,1,1,0,5,15,2,0,3.0,67,13,5.153846153846154
0,19,144,131,2,0,1,5,1,0,2,2,2,0,3,0,12,0,16.0,697,127,5.488188976377953
1,3,107,0,1,1,3,4,1,1,1,1,1,0,1,0,1,0,2.0,90,15,6.0
0,4,144,0,1,0,0,0,1,1,0,0,1,0,1,0,2,0,2.0,162,35,4.628571428571429
0,3,144,0,0,0,6,0,1,0,0,0,1,0,1,0,0,0,5.0,561,102,5.5
0,3,144,0,0,1,6,0,2,0,0,0,1,0,1,0,3,0,3.0,157,27,5.814814814814815
0,120,5,0,0,0,1,0,3,1,2,2,1,0,1,0,2,0,3.0,301,65,4.630769230769231
1,24,128,106,1,3,6,0,1,0,0,0,0,0,1,0,2,0,5.0,230,46,5.0
1,1,105,0,2,0,1,3,1,1,1,1,1,0,2,0,2,0,30.0,363,58,6.258620689655173
0,24,144,114,0,1,0,0,1,0,0,0,0,0,1,0,2,2,5.0,1213,236,5.139830508474576
1,4,105,0,1,5,0,0,1,0,1,1,1,0,1,0,2,0,4.0,118,19,6.2105263157894735
0,3,144,0,2,0,1,3,1,0,2,2,2,0,7,50,12,0,5.0,173,28,6.178571428571429
1,4,105,0,0,0,6,0,1,0,1,1,1,0,3,0,2,0,6.0,807,103,7.834951456310679
0,1,144,114,2,0,6,0,1,1,1,1,1,0,5,0,12,0,11.0,304,52,5.846153846153846
0,24,144,0,0,0,1,5,1,0,0,0,0,0,1,0,12,0,1.0,537,97,5.536082474226804
1,51,122,89,1,1,5,5,1,2,0,0,0,0,1,0,7,0,3.0,202,38,5.315789473684211
0,36,8,0,0,2,0,0,1,1,0,0,0,0,1,0,12,0,5.0,69,18,3.8333333333333335
0,4,144,114,0,4,6,0,1,0,0,0,1,0,1,0,12,0,5.0,433,84,5.154761904761905
0,3,144,0,1,1,0,0,1,1,1,1,1,0,1,0,2,0,8.0,149,24,6.208333333333333
1,2,105,0,0,0,5,0,0,0,1,1,1,0,1,0,2,0,2.0,471,97,4.855670103092783
0,2,144,0,1,0,1,5,1,1,0,0,1,0,1,0,2,0,3.0,65,13,5.0
0,2,144,0,0,4,0,0,1,1,0,0,1,0,1,0,2,0,3.0,282,54,5.222222222222222
0,18,144,0,1,3,4,0,1,0,0,0,0,0,1,0,2,0,2.0,135,28,4.821428571428571
0,8,144,0,0,1,0,0,2,0,0,0,1,0,1,0,2,0,5.0,280,52,5.384615384615385
1,1,104,0,0,4,6,0,1,1,1,1,2,0,1,0,2,2,3.0,227,38,5.973684210526316
0,11,144,0,0,1,6,0,1,0,0,0,0,0,1,150,2,0,4.0,178,37,4.8108108108108105
1,3,105,0,1,0,0,0,1,1,1,1,1,0,1,0,2,0,1.0,194,37,5.243243243243243
1,4,105,0,0,1,5,0,0,0,1,1,1,0,1,0,2,0,4.0,288,55,5.236363636363636
0,2,144,0,0,6,0,0,1,0,0,1,1,0,1,0,2,0,1.0,57,9,6.333333333333333
1,1,104,0,0,0,5,5,1,1,1,1,1,0,1,0,2,0,8.0,301,61,4.934426229508197
1,2,105,0,1,5,6,0,0,0,2,2,2,0,1,0,2,0,5.0,775,145,5.344827586206897
0,7,144,41,0,4,6,0,1,0,0,0,0,0,1,0,4,0,8.0,669,130,5.1461538461538465
0,2,144,0,0,0,1,0,1,1,1,0,1,0,1,5,2,0,2.0,215,40,5.375
1,6,105,0,0,0,0,0,1,0,0,0,1,0,1,0,2,0,1.0,83,15,5.533333333333333
1,1,104,0,0,2,4,0,1,1,1,0,1,0,1,50,2,0,8.0,744,137,5.430656934306569
1,1,84,94,1,0,5,5,1,0,2,2,1,0,3,0,12,0,3.0,545,111,4.90990990990991
0,2,144,0,1,1,0,0,1,0,2,0,1,0,1,0,12,0,0.0,94,20,4.7
0,4,144,0,1,1,0,0,1,0,1,1,2,0,1,0,2,0,2.0,312,68,4.588235294117647
0,84,8,0,0,2,0,0,2,1,2,2,2,0,1,0,12,0,2.0,341,71,4.802816901408451
0,2,144,0,2,0,1,4,0,0,1,1,1,0,4,0,5,0,3.0,65,9,7.222222222222222
0,1,144,0,0,1,0,0,1,1,1,1,1,0,1,0,3,0,3.0,162,29,5.586206896551724
1,24,82,0,1,1,3,3,1,1,2,2,2,0,2,0,2,0,3.0,453,91,4.978021978021978
0,60,8,0,0,2,0,0,2,1,0,0,1,0,2,0,2,0,1.0,25,4,6.25
0,1,144,0,0,4,6,0,1,0,0,1,1,0,1,0,11,0,1.0,789,165,4.781818181818182
0,2,144,0,1,0,1,5,1,0,1,0,1,0,1,0,12,1,6.0,594,111,5.351351351351352
1,1,105,0,2,1,5,0,0,0,1,1,1,0,2,0,12,0,2.0,441,87,5.068965517241379
0,24,144,0,1,0,1,0,1,0,0,0,0,0,1,0,2,0,5.0,384,73,5.260273972602739
1,3,105,73,1,0,3,5,0,0,0,0,1,0,1,0,3,1,7.0,39,10,3.9
0,12,144,0,1,0,6,0,1,1,0,0,0,0,1,0,12,0,3.0,491,105,4.6761904761904765
0,28,144,0,1,1,6,0,1,0,0,0,0,0,1,0,2,0,1.0,127,24,5.291666666666667
0,1,144,114,2,0,1,5,1,1,1,1,2,0,7,0,2,0,8.0,132,26,5.076923076923077
1,3,103,0,1,0,1,0,1,2,1,1,1,0,1,100,2,0,3.0,92,14,6.571428571428571
0,10,144,124,1,1,6,0,1,0,0,0,0,0,1,0,2,0,2.0,255,45,5.666666666666667
0,16,6,0,1,0,1,2,1,1,0,0,0,0,1,50,2,0,5.0,161,32,5.03125
1,4,105,0,0,1,6,0,0,0,0,0,1,0,1,0,12,0,5.0,163,24,6.791666666666667
0,84,144,53,0,0,1,0,1,1,0,0,0,0,1,0,2,0,7.0,725,139,5.215827338129497
0,10,65,29,0,2,4,0,1,2,0,0,1,0,1,0,2,0,9.0,463,89,5.202247191011236
0,48,30,0,1,0,1,1,1,0,0,0,0,0,1,0,12,0,3.0,54,9,6.0
0,2,144,0,1,6,0,0,1,1,1,1,1,0,1,0,12,0,4.0,63,12,5.25
1,2,104,0,1,0,3,0,0,1,1,1,1,0,1,0,2,0,6.0,915,184,4.9728260869565215
0,1,144,0,1,0,1,5,1,1,1,0,1,0,2,0,2,0,2.0,140,25,5.6
0,2,38,114,2,0,1,5,1,0,1,1,1,0,3,0,12,0,3.0,424,71,5.971830985915493
1,3,104,0,1,0,5,5,0,1,1,0,1,1,1,0,11,0,3.0,125,24,5.208333333333333
0,3,144,0,0,1,0,0,1,0,1,1,1,0,1,0,2,0,3.0,246,50,4.92
1,4,105,0,0,0,0,0,1,0,1,1,1,0,1,0,2,0,1.0,80,16,5.0
0,8,144,0,0,0,1,0,1,0,2,2,2,0,1,0,2,0,1.0,629,124,5.07258064516129
0,24,72,0,1,1,3,0,1,0,0,0,0,0,1,0,9,0,1.0,209,35,5.9714285714285715
0,36,144,0,1,1,0,0,1,0,0,0,0,0,1,0,2,0,1.0,58,12,4.833333333333333
0,0,152,114,1,1,0,0,1,0,1,1,1,0,1,0,12,0,3.0,115,24,4.791666666666667
1,9,106,0,0,1,5,5,1,1,0,1,0,0,2,0,12,0,5.0,160,29,5.517241379310345
1,12,104,0,1,0,3,5,1,1,0,0,0,0,1,0,2,0,2.0,183,34,5.382352941176471
0,5,144,0,2,0,1,5,1,0,1,1,1,0,4,0,2,0,4.0,139,30,4.633333333333334
1,12,104,0,1,5,0,0,1,1,0,0,0,0,1,0,12,0,2.0,751,123,6.105691056910569
0,1,144,0,1,0,0,0,1,0,1,0,1,0,1,0,2,0,4.0,195,36,5.416666666666667
0,72,159,0,0,1,2,0,1,2,2,2,1,0,1,0,12,0,6.0,625,121,5.1652892561983474
1,2,105,0,0,0,5,0,0,0,1,1,1,0,1,0,12,0,3.0,233,43,5.4186046511627906
1,7,105,0,0,3,6,0,1,0,0,0,0,0,1,50,2,0,5.0,143,28,5.107142857142857
0,2,144,0,0,0,1,0,1,1,0,0,1,0,1,0,2,0,1.0,268,52,5.153846153846154
0,3,144,0,1,0,0,0,1,1,0,0,1,0,1,0,2,0,1.0,71,14,5.071428571428571
1,2,104,0,1,0,3,3,1,1,1,0,1,0,1,0,2,0,3.0,421,69,6.101449275362318
0,1,144,114,1,0,1,0,1,0,1,0,1,0,2,0,12,0,26.0,543,99,5.484848484848484
0,2,144,0,0,0,0,0,0,0,0,0,2,0,1,0,2,0,2.0,42,9,4.666666666666667
0,1,144,114,1,1,6,0,1,1,1,0,1,0,1,0,2,0,3.0,12,2,6.0
0,1,144,0,1,1,6,0,1,0,1,1,1,0,1,50,2,0,1.0,59,11,5.363636363636363
0,36,144,0,0,1,2,0,1,0,1,1,2,0,1,0,2,0,0.0,179,37,4.837837837837838
0,2,144,0,0,4,0,0,1,1,2,2,1,0,1,0,2,0,2.0,89,16,5.5625
1,7,105,0,1,1,2,5,1,0,1,0,0,0,1,0,2,0,3.0,154,35,4.4
1,8,114,97,1,0,1,4,1,2,1,1,1,0,1,100,2,0,4.0,204,41,4.975609756097561
0,2,60,0,1,4,6,0,0,2,0,0,0,0,1,0,2,0,7.0,385,71,5.422535211267606
0,48,8,0,0,2,0,0,2,1,0,0,0,0,1,200,2,0,3.0,360,52,6.923076923076923
0,3,144,0,1,0,1,0,1,0,0,1,1,0,1,0,3,1,5.0,267,52,5.134615384615385
1,3,105,0,0,3,0,0,0,0,1,0,1,0,1,0,12,0,1.0,1317,260,5.065384615384615
1,4,105,0,0,2,0,0,1,0,0,0,1,0,1,0,12,0,2.0,501,96,5.21875
0,1,144,114,0,0,1,4,1,1,0,0,1,0,1,0,2,0,1.0,297,52,5.711538461538462
0,3,144,0,1,1,3,0,1,0,0,0,1,0,1,0,12,1,30.0,189,35,5.4
1,12,105,0,1,0,0,0,1,1,1,1,1,0,1,0,12,0,1.0,249,40,6.225
0,3,99,0,1,1,0,0,3,1,0,2,1,0,1,0,7,0,1.0,334,58,5.758620689655173
1,2,105,0,1,0,6,0,0,0,1,0,1,0,1,0,2,1,5.0,261,53,4.9245283018867925
0,1,144,0,0,0,1,0,1,2,1,1,1,0,1,0,3,0,3.0,162,29,5.586206896551724
0,2,99,114,0,0,1,0,2,0,0,0,1,0,1,0,2,0,3.0,109,21,5.190476190476191
0,3,144,0,1,0,1,0,1,1,0,0,1,0,1,0,2,0,6.0,508,96,5.291666666666667
0,49,60,0,0,1,4,5,0,2,0,0,0,0,1,0,0,0,1.0,110,22,5.0
0,2,144,0,0,0,6,0,1,0,1,1,1,0,1,0,12,0,3.0,18,3,6.0
1,3,105,0,2,1,5,5,0,0,0,0,1,0,3,50,4,0,10.0,717,131,5.473282442748092
0,1,144,0,2,0,1,3,1,1,0,0,1,0,5,0,12,0,11.0,393,73,5.383561643835616
0,2,144,0,0,0,1,5,1,0,1,0,1,1,1,0,7,0,2.0,712,138,5.159420289855072
1,7,137,0,1,0,2,3,0,1,1,1,1,0,1,0,4,0,3.0,299,59,5.067796610169491
0,29,60,39,0,0,1,4,0,1,0,0,1,0,1,0,7,0,1.0,198,36,5.5
0,4,22,0,1,0,6,0,1,0,1,0,1,0,4,0,2,0,2.0,561,104,5.394230769230769
1,1,96,82,1,1,4,5,1,1,1,1,1,0,1,0,2,0,2.0,1127,216,5.217592592592593
0,2,144,0,0,0,1,5,1,1,1,1,1,0,5,0,3,0,1.0,57,9,6.333333333333333
1,24,119,80,0,0,0,0,2,2,2,2,1,0,1,0,2,0,5.0,1270,256,4.9609375
0,2,144,0,1,0,6,0,1,0,1,0,1,0,1,0,12,0,1.0,113,20,5.65
0,1,144,0,1,1,0,0,1,0,1,1,1,0,1,0,12,0,14.0,211,39,5.410256410256411
0,1,144,0,2,0,1,5,1,1,1,1,1,0,6,0,2,0,1.0,474,83,5.710843373493976
1,12,131,0,2,1,6,0,1,1,0,0,0,0,2,0,7,0,5.0,1001,194,5.15979381443299
1,4,105,61,0,0,0,0,1,0,0,0,1,0,1,0,12,0,2.0,229,44,5.204545454545454
0,2,144,0,0,1,2,5,1,0,1,1,1,0,1,0,12,0,2.0,551,108,5.101851851851852
0,4,144,114,0,0,1,5,2,0,0,0,0,0,1,0,4,0,10.0,369,63,5.857142857142857
0,2,144,16,0,3,4,5,1,0,2,2,2,0,4,0,12,0,1.0,583,113,5.15929203539823
0,12,144,0,1,1,6,0,0,1,0,0,2,0,1,0,12,0,3.0,682,123,5.544715447154472
1,3,105,0,1,1,2,3,1,0,1,1,1,0,1,0,2,0,2.0,16,4,4.0
1,2,104,0,1,5,0,0,0,1,1,0,1,0,1,0,12,0,5.0,413,79,5.227848101265823
0,108,69,0,1,1,4,0,0,1,0,0,0,0,1,200,12,0,1.0,310,58,5.344827586206897
0,10,144,0,0,0,1,0,1,1,0,0,1,0,1,0,12,0,1.0,238,51,4.666666666666667
1,17,105,0,1,0,1,5,1,0,1,1,1,0,1,0,2,0,1.0,193,30,6.433333333333334
0,12,144,54,0,4,0,0,1,0,0,0,0,0,1,0,2,0,14.0,290,52,5.576923076923077
0,2,144,0,1,1,6,0,1,0,1,1,1,0,1,0,2,0,2.0,442,79,5.594936708860759
1,3,105,0,0,3,0,0,0,0,1,0,1,0,1,0,12,0,1.0,1317,260,5.065384615384615
0,8,144,0,1,2,0,0,1,0,0,0,0,0,1,50,2,0,4.0,254,46,5.521739130434782
0,36,144,0,0,1,4,0,0,1,0,0,0,0,1,200,12,0,3.0,653,135,4.837037037037037
0,5,144,0,1,0,0,0,1,1,0,0,0,0,1,0,2,0,1.0,250,47,5.319148936170213
1,1,105,81,0,2,6,0,1,0,1,1,1,0,1,50,2,0,6.0,601,110,5.463636363636364
0,36,54,0,0,0,3,5,1,0,0,0,0,0,1,0,12,0,2.0,191,33,5.787878787878788
0,12,99,76,0,1,0,0,2,1,0,0,0,0,1,0,2,0,1.0,12,2,6.0
1,3,104,0,1,0,3,5,1,1,1,1,1,0,1,0,2,0,5.0,1327,270,4.9148148148148145
0,12,60,0,0,0,6,0,1,1,0,0,1,0,1,0,2,0,1.0,60,12,5.0
1,2,105,0,0,0,6,0,1,1,1,0,1,0,1,0,12,1,5.0,957,182,5.258241758241758
0,3,144,0,1,0,1,0,1,0,2,2,1,0,2,0,2,0,1.0,12,2,6.0
1,18,105,0,2,0,6,0,1,0,0,0,1,0,4,0,1,0,0.0,113,22,5.136363636363637
1,1,105,82,2,1,2,5,0,0,1,1,1,0,6,0,12,0,4.0,46,7,6.571428571428571
0,96,40,54,1,6,0,0,1,0,0,0,0,0,2,0,2,0,0.0,192,42,4.571428571428571
0,24,43,0,1,0,4,0,0,1,2,2,2,0,1,0,2,0,8.0,392,75,5.226666666666667
0,9,22,0,1,0,0,0,1,1,2,2,2,0,1,0,2,0,3.0,477,90,5.3
0,3,144,0,1,1,0,0,1,0,1,1,1,0,1,0,12,0,1.0,260,49,5.3061224489795915
1,4,135,82,0,3,6,0,0,0,1,1,2,0,1,150,12,0,4.0,50,9,5.555555555555555
1,3,105,0,1,5,6,0,0,0,1,1,1,0,1,0,12,0,0.0,72,10,7.2
0,9,17,0,1,0,1,5,0,0,0,0,0,0,1,200,12,0,1.0,615,119,5.168067226890757
1,2,103,96,1,0,1,5,1,2,1,1,1,0,3,0,2,0,12.0,192,38,5.052631578947368
0,60,166,0,1,0,0,0,2,0,0,0,0,0,1,300,2,0,2.0,267,39,6.846153846153846
0,30,5,114,1,0,1,0,1,1,1,1,1,0,1,0,7,0,3.0,162,30,5.4
1,12,105,82,1,3,5,5,1,0,1,1,0,0,1,0,2,0,3.0,173,37,4.675675675675675
1,6,128,81,1,4,6,0,1,1,1,0,1,0,1,0,2,0,5.0,89,16,5.5625
1,5,103,0,0,2,4,0,0,0,1,0,1,0,1,0,4,0,6.0,31,5,6.2
1,5,105,0,1,0,1,2,1,0,1,0,1,0,1,0,12,0,3.0,305,57,5.350877192982456
0,3,144,0,1,0,1,0,1,0,1,1,1,0,1,0,12,0,1.0,39,9,4.333333333333333
1,15,122,0,1,1,0,0,1,2,0,0,0,0,1,0,2,0,1.0,19,3,6.333333333333333
0,12,144,54,1,0,1,0,0,1,0,0,0,0,1,0,12,0,1.0,365,68,5.367647058823529
1,2,105,0,0,0,5,5,1,0,1,1,1,0,1,0,2,0,2.0,352,64,5.5
0,10,144,114,1,6,0,0,1,1,1,2,2,0,1,0,2,0,1.0,29,5,5.8
0,18,144,0,1,0,1,0,2,1,2,2,2,1,1,0,2,0,4.0,1660,325,5.107692307692307
1,7,128,82,1,1,4,0,1,0,1,0,0,0,1,50,2,0,4.0,256,46,5.565217391304348
1,2,104,0,2,0,2,4,0,1,1,1,1,0,4,0,2,0,7.0,623,116,5.370689655172414
0,3,144,0,1,0,1,0,1,0,0,0,1,0,1,100,3,0,2.0,112,23,4.869565217391305
0,36,60,54,1,0,5,5,0,2,0,0,1,0,1,0,7,0,2.0,537,98,5.479591836734694
0,3,144,114,1,0,6,0,1,1,0,0,1,0,1,0,2,0,1.0,12,2,6.0
1,6,122,0,1,1,6,0,1,2,1,0,1,0,1,750,2,0,10.0,150,28,5.357142857142857
1,5,135,0,0,1,0,0,1,0,0,0,0,0,1,0,2,0,2.0,124,22,5.636363636363637
0,12,144,0,1,1,0,0,1,0,0,0,0,0,1,0,3,0,4.0,524,101,5.188118811881188
0,2,144,0,0,0,0,0,1,0,1,0,1,0,1,0,12,0,1.0,109,22,4.954545454545454
1,12,104,0,1,1,4,0,1,1,1,1,1,0,2,0,2,0,4.0,1012,202,5.00990099009901
0,5,144,0,1,1,0,0,1,0,0,0,1,0,1,0,2,0,2.0,137,27,5.074074074074074
0,1,144,0,1,0,6,0,1,1,1,1,1,0,1,0,2,0,7.0,372,69,5.391304347826087
1,6,105,0,1,1,0,0,1,0,1,1,1,0,1,0,2,0,1.0,24,5,4.8
0,3,144,0,1,0,4,0,2,0,1,0,1,0,1,0,12,0,5.0,594,123,4.829268292682927
0,2,22,0,1,0,0,0,2,0,2,2,2,0,1,0,2,0,5.0,118,22,5.363636363636363
1,1,104,0,0,0,3,5,0,1,1,1,1,0,6,0,2,0,1.0,435,76,5.723684210526316
1,1,104,0,1,0,0,0,0,0,1,1,2,0,1,0,12,0,2.0,154,31,4.967741935483871
0,60,36,0,1,4,0,0,0,1,0,0,0,0,1,0,2,0,2.0,17,3,5.666666666666667
1,6,105,0,0,0,2,0,2,0,0,0,0,0,2,60,2,0,3.0,600,106,5.660377358490566
0,3,144,0,1,0,1,0,1,0,1,1,1,0,1,0,2,0,3.0,338,68,4.970588235294118
0,3,22,6,1,2,4,5,1,0,2,0,1,0,1,0,2,0,2.0,54,11,4.909090909090909
1,3,105,0,1,0,3,5,1,1,1,1,1,0,1,0,12,3,10.0,1108,199,5.567839195979899
1,4,128,94,1,4,6,0,1,1,1,0,1,0,1,50,4,0,2.0,44,7,6.285714285714286
0,6,61,0,1,1,4,5,2,1,0,0,1,0,1,499,12,0,3.0,187,33,5.666666666666667
0,5,144,0,0,0,4,0,2,0,0,0,0,0,1,0,2,0,5.0,277,49,5.653061224489796
1,12,105,0,1,5,6,0,1,0,0,0,0,0,1,0,12,0,1.0,34,7,4.857142857142857
0,1,144,0,0,0,1,0,1,0,2,2,1,0,1,0,2,0,5.0,126,22,5.7272727272727275
1,12,105,0,1,1,0,0,1,0,1,1,1,0,1,0,0,0,1.0,36,7,5.142857142857143
0,36,173,54,2,0,1,5,1,0,0,0,0,0,2,0,2,0,5.0,650,120,5.416666666666667
0,2,22,53,2,0,1,3,1,1,1,1,1,0,6,0,2,0,1.0,206,37,5.5675675675675675
1,1,105,0,2,2,3,0,1,0,1,1,1,0,4,0,2,0,3.0,194,41,4.7317073170731705
0,2,144,0,1,1,0,0,1,1,2,2,2,0,1,0,0,0,1.0,64,11,5.818181818181818
1,4,128,65,1,1,4,0,0,0,1,1,1,0,1,0,12,0,3.0,607,108,5.62037037037037
0,1,144,114,2,0,4,0,0,0,1,1,1,0,6,0,5,0,1.0,259,46,5.630434782608695
1,1,105,82,2,0,5,5,1,0,1,0,2,0,5,0,2,0,1.0,867,143,6.062937062937063
0,36,144,0,1,1,2,2,1,0,2,2,2,0,1,0,12,0,2.0,124,29,4.275862068965517
0,2,144,0,1,4,0,0,1,0,0,0,1,0,1,0,2,0,5.0,407,74,5.5
0,2,144,0,0,2,0,0,1,0,1,0,0,0,1,150,12,1,8.0,322,59,5.4576271186440675
0,1,144,114,2,1,6,0,1,1,1,0,1,0,4,0,2,0,5.0,117,19,6.157894736842105
1,1,105,0,1,1,5,5,0,0,1,0,1,0,1,0,2,0,3.0,215,41,5.2439024390243905
1,3,105,80,1,0,1,3,0,1,1,1,1,0,2,100,2,0,3.0,88,15,5.866666666666666
0,108,22,0,0,2,0,0,2,0,1,0,0,0,2,0,2,0,2.0,150,29,5.172413793103448
1,1,105,82,0,0,6,0,1,0,1,1,1,0,1,0,2,0,10.0,140,26,5.384615384615385
1,2,105,0,1,0,6,0,1,0,1,1,1,0,1,0,2,0,8.0,245,44,5.568181818181818
1,5,105,96,2,0,1,0,0,0,0,0,0,0,2,0,12,0,1.0,151,28,5.392857142857143
1,5,105,0,1,6,0,0,1,0,0,0,0,0,1,100,2,0,3.0,340,59,5.762711864406779
0,8,144,0,1,1,6,0,1,0,0,0,0,0,1,0,2,0,4.0,895,177,5.056497175141243
0,4,144,114,1,6,0,0,2,0,0,0,0,0,1,50,5,0,2.0,227,41,5.536585365853658
0,2,144,0,1,4,0,0,1,0,1,1,1,0,1,0,12,0,5.0,100,17,5.882352941176471
0,1,144,0,2,1,3,5,1,0,1,1,1,0,4,0,7,0,4.0,745,147,5.068027210884353
1,3,105,82,0,0,0,0,1,0,1,1,1,0,1,0,5,0,3.0,307,46,6.673913043478261
1,1,104,81,1,1,4,5,0,1,1,1,1,0,1,30,2,0,4.0,234,36,6.5
0,24,22,114,1,1,2,0,2,0,1,1,1,0,1,0,2,0,1.0,405,78,5.1923076923076925
1,3,105,0,2,3,5,5,1,0,1,0,1,0,5,30,12,0,1.0,62,13,4.769230769230769
1,2,140,82,1,0,1,0,0,0,1,0,1,0,1,0,12,0,1.0,159,28,5.678571428571429
0,2,144,0,0,1,6,0,1,0,0,0,1,0,1,0,2,0,2.0,261,50,5.22
0,2,144,0,1,1,6,0,1,0,1,0,1,0,1,0,2,0,2.0,206,38,5.421052631578948
0,7,22,114,1,6,0,0,1,0,0,0,0,0,1,0,2,1,6.0,2936,539,5.447124304267161
0,3,22,114,0,0,6,0,1,1,0,0,1,0,1,0,2,0,3.0,134,27,4.962962962962963
1,3,105,0,1,2,5,5,1,1,1,1,1,0,2,0,12,0,2.0,69,12,5.75
1,3,105,0,1,1,5,0,0,0,2,0,2,0,1,30,3,0,8.0,1918,352,5.448863636363637
0,3,144,0,1,0,1,5,0,0,1,1,1,0,1,0,12,0,2.0,88,15,5.866666666666666
0,3,144,0,1,1,2,3,1,0,1,0,1,0,1,0,2,1,8.0,526,88,5.9772727272727275
1,4,135,0,0,0,1,0,0,0,0,0,1,0,1,200,7,0,6.0,918,174,5.275862068965517
0,7,144,114,1,1,0,0,1,1,0,0,0,0,1,0,12,0,3.0,261,51,5.117647058823529
0,1,144,0,1,0,1,4,1,1,1,1,1,0,2,0,3,0,5.0,437,68,6.426470588235294
1,3,96,0,1,0,3,5,0,1,1,0,1,0,1,50,2,0,5.0,377,73,5.164383561643835
0,9,144,0,0,2,4,0,1,1,1,1,1,0,1,0,12,1,1.0,51,9,5.666666666666667
0,36,61,0,2,1,5,5,2,1,0,1,0,0,4,320,2,0,4.0,408,78,5.230769230769231
1,2,133,0,2,2,5,5,0,1,1,1,1,0,7,0,2,0,5.0,171,29,5.896551724137931
0,2,144,0,1,3,6,0,0,0,0,2,1,0,1,0,2,0,4.0,148,27,5.481481481481482
0,1,144,0,1,1,0,0,1,0,2,2,1,0,1,0,2,0,4.0,129,23,5.608695652173913
1,26,105,89,0,2,4,0,2,1,0,0,0,0,1,100,2,0,4.0,313,44,7.113636363636363
0,7,144,0,1,6,0,0,1,0,2,2,0,0,1,0,2,0,4.0,92,16,5.75
1,96,117,0,0,6,0,0,2,2,0,2,2,0,1,0,2,0,2.0,101,23,4.391304347826087
0,2,144,114,2,0,1,4,1,0,1,0,1,0,2,80,7,0,4.0,1190,228,5.219298245614035
1,3,105,0,0,0,0,0,1,0,1,0,1,0,1,0,2,0,2.0,220,36,6.111111111111111
0,84,5,114,1,0,3,0,1,1,0,0,0,0,1,0,12,0,2.0,245,41,5.975609756097561
1,3,104,0,1,4,0,0,1,1,1,0,1,0,1,0,2,0,6.0,60,8,7.5
1,3,128,82,1,1,4,5,1,0,1,0,1,0,1,0,2,0,6.0,604,116,5.206896551724138
0,4,144,0,1,0,0,0,1,0,0,1,1,0,1,0,12,0,1.0,39,8,4.875
1,5,104,0,1,0,3,5,1,1,1,0,0,0,1,0,12,0,1.0,44,5,8.8
1,2,84,0,1,0,3,5,1,0,1,1,1,0,1,20,2,0,1.0,443,89,4.977528089887641
0,3,144,114,2,0,1,5,1,0,0,0,1,0,5,0,2,0,5.0,180,33,5.454545454545454
0,3,144,114,0,2,0,0,1,0,0,0,0,0,1,0,2,0,3.0,459,94,4.882978723404255
0,48,8,0,2,2,0,0,2,2,0,0,1,0,2,0,12,0,3.0,325,56,5.803571428571429
1,1,125,0,0,1,4,4,1,2,0,0,1,0,1,250,2,0,8.0,1403,246,5.703252032520325
1,1,105,0,0,1,5,0,0,0,1,2,1,0,1,0,12,0,3.0,591,118,5.008474576271187
0,2,166,114,2,0,1,0,1,0,2,2,1,0,3,0,12,0,1.0,95,19,5.0
0,4,144,0,0,0,0,0,2,1,0,0,1,0,1,0,2,0,5.0,1558,287,5.428571428571429
1,2,135,0,0,1,3,4,1,0,1,0,1,0,1,0,12,0,2.0,454,87,5.218390804597701
0,2,144,0,1,0,1,0,1,0,1,0,1,0,1,0,2,0,4.0,339,65,5.2153846153846155
0,2,144,114,2,1,3,3,0,0,1,1,2,0,6,0,2,0,4.0,66,11,6.0
1,2,105,0,1,1,3,3,0,0,2,0,1,0,1,0,2,0,8.0,529,105,5.038095238095238
1,24,105,0,1,3,0,0,1,0,0,0,1,0,1,0,12,0,6.0,52,10,5.2
1,6,96,110,1,4,5,5,1,0,0,0,0,0,2,50,2,0,2.0,288,54,5.333333333333333
0,1,144,114,0,0,1,0,1,1,2,2,2,0,1,0,4,0,2.0,107,20,5.35
0,10,144,0,0,0,0,0,1,0,0,0,2,0,1,50,2,0,1.0,69,13,5.3076923076923075
1,1,135,0,0,5,0,0,0,0,1,1,1,0,1,0,2,0,7.0,279,49,5.6938775510204085
0,7,144,0,1,1,6,0,1,0,0,0,1,0,1,0,2,0,1.0,186,40,4.65
0,238,144,0,0,6,0,0,1,0,0,0,0,0,1,0,3,0,10.0,164,29,5.655172413793103
0,12,144,0,1,0,0,0,1,1,1,1,0,0,1,0,12,0,4.0,276,10,27.6
1,4,135,82,0,1,4,5,1,0,1,1,1,0,1,0,12,0,3.0,312,56,5.571428571428571
1,3,105,0,1,4,0,0,0,0,1,1,1,0,1,0,2,0,2.0,147,22,6.681818181818182
0,6,166,114,1,0,1,0,1,0,0,0,0,0,1,0,2,0,1.0,105,18,5.833333333333333
1,3,105,0,0,0,6,0,1,0,0,1,1,0,1,0,2,0,0.0,26,5,5.2
1,4,104,0,2,0,1,0,1,1,1,1,1,0,4,0,2,0,2.0,20,3,6.666666666666667
1,3,105,0,1,1,2,0,0,0,0,0,1,0,3,0,2,0,3.0,627,118,5.313559322033898
1,3,104,0,2,0,2,3,0,1,1,1,1,0,4,0,2,0,3.0,140,24,5.833333333333333
0,2,144,0,1,0,6,0,1,0,1,1,1,0,1,0,2,0,2.0,175,34,5.147058823529412
0,1,144,0,1,0,1,5,1,0,2,0,2,0,1,0,4,3,4.0,728,140,5.2
1,14,104,0,1,3,4,0,1,1,0,0,1,0,1,0,2,0,5.0,562,108,5.203703703703703
0,84,155,0,0,1,0,0,0,0,0,0,1,0,1,0,12,1,6.0,476,92,5.173913043478261
0,36,144,0,1,1,0,0,1,0,2,2,1,0,1,0,0,0,1.0,80,14,5.714285714285714
0,4,144,6,0,2,3,3,1,0,1,1,1,0,1,0,2,0,6.0,270,52,5.1923076923076925
1,2,135,0,1,0,2,5,1,0,0,0,1,1,2,0,7,0,4.0,547,103,5.310679611650485
1,12,104,81,0,0,1,3,1,1,0,1,1,0,2,0,12,0,1.0,2,1,2.0
1,3,103,71,0,4,5,0,1,1,0,0,1,0,1,200,2,0,0.0,439,81,5.419753086419753
0,18,24,0,0,1,6,0,0,1,0,0,0,0,1,0,2,0,2.0,239,49,4.877551020408164
0,2,144,0,1,0,1,0,1,1,1,1,1,0,1,20,3,0,1.0,122,21,5.809523809523809
1,2,105,0,0,0,5,5,0,0,1,0,1,0,1,0,2,0,4.0,47,9,5.222222222222222
0,24,175,0,1,6,0,0,1,2,0,0,0,0,1,0,2,0,1.0,327,60,5.45
1,8,125,81,1,2,6,0,1,1,1,0,1,0,1,250,12,0,2.0,316,65,4.861538461538461
1,1,104,82,2,0,5,5,1,1,1,1,1,0,2,0,2,0,2.0,277,53,5.226415094339623
1,2,105,0,1,0,6,0,0,0,1,0,1,0,1,0,3,0,3.0,138,19,7.2631578947368425
0,2,144,0,0,4,6,0,1,0,0,0,1,0,1,0,12,0,3.0,197,33,5.96969696969697
1,3,105,0,0,0,6,0,1,0,1,1,1,0,1,15,2,0,6.0,78,18,4.333333333333333
1,12,105,0,1,0,1,5,1,0,0,0,0,0,1,0,2,0,6.0,91,18,5.055555555555555
1,4,105,101,1,6,0,0,0,0,1,1,1,0,1,0,12,0,2.0,114,19,6.0
0,1,144,0,1,0,1,0,1,0,1,0,0,0,1,0,2,0,3.0,36,4,9.0
0,2,22,114,1,0,1,0,1,0,2,2,1,0,1,0,2,0,3.0,74,12,6.166666666666667
1,15,135,106,1,3,0,0,1,0,0,1,1,0,3,0,9,0,1.0,99,18,5.5
1,2,105,0,0,0,0,0,0,0,1,0,1,0,1,0,12,0,2.0,116,18,6.444444444444445
1,2,105,0,0,0,1,5,0,0,1,1,1,0,3,0,2,0,3.0,247,43,5.744186046511628
1,7,105,0,1,1,6,0,1,1,1,1,1,0,3,0,12,0,3.0,46,8,5.75
0,2,144,54,1,0,6,0,1,1,0,0,1,0,1,0,2,0,9.0,516,95,5.431578947368421
1,11,105,0,1,6,0,0,0,0,0,0,0,0,1,50,12,0,3.0,108,16,6.75
0,1,144,0,1,6,0,0,1,1,1,1,1,0,1,0,3,0,4.0,95,16,5.9375
1,4,128,80,0,0,6,0,1,1,2,0,1,0,2,100,12,0,2.0,96,19,5.052631578947368
0,2,144,0,1,1,0,0,1,0,1,1,1,0,4,0,5,0,5.0,140,20,7.0
1,1,94,0,0,0,0,0,0,0,1,1,1,0,1,0,12,0,4.0,183,34,5.382352941176471
1,2,96,0,1,0,3,5,0,0,1,1,1,0,1,50,2,0,5.0,384,80,4.8
0,2,144,0,1,1,0,0,1,1,1,1,1,0,1,0,12,0,1.0,74,14,5.285714285714286
1,6,105,0,1,1,5,0,0,0,1,1,1,1,1,0,2,0,1.0,236,45,5.2444444444444445
0,60,47,0,0,0,1,0,2,0,0,0,0,0,1,350,2,0,3.0,373,69,5.405797101449275
1,5,105,101,2,0,1,5,0,0,0,0,1,0,4,0,12,0,5.0,232,42,5.523809523809524
0,4,144,114,2,1,2,5,0,0,2,2,2,0,5,0,2,0,8.0,112,22,5.090909090909091
0,1,144,114,1,0,1,0,1,1,1,0,1,0,1,0,2,0,5.0,248,36,6.888888888888889
0,5,144,0,0,1,4,0,0,0,2,2,2,0,1,0,2,0,1.0,331,64,5.171875
0,72,40,0,0,1,2,5,0,2,0,0,1,0,1,300,12,0,5.0,714,146,4.890410958904109
0,12,144,0,1,0,1,2,1,0,0,0,0,0,1,0,3,0,1.0,46,9,5.111111111111111
1,2,104,0,2,0,4,5,1,1,1,1,1,0,2,0,2,0,1.0,72,11,6.545454545454546
0,5,69,0,0,1,6,0,1,0,0,0,0,0,1,0,2,0,7.0,435,86,5.058139534883721
0,4,144,0,1,1,0,0,1,0,0,0,0,0,1,0,12,0,6.0,593,116,5.112068965517241
1,3,105,82,0,2,6,0,1,0,1,0,1,0,1,0,12,0,5.0,255,53,4.811320754716981
1,25,105,0,2,0,3,5,2,0,1,0,1,0,4,0,2,0,4.0,284,56,5.071428571428571
1,21,104,0,0,0,1,4,1,1,0,0,0,0,1,0,12,0,2.0,343,64,5.359375
1,2,96,0,2,3,6,0,1,1,1,1,1,0,4,0,2,1,10.0,97,17,5.705882352941177
1,1,103,0,2,0,1,2,0,0,1,1,1,0,3,0,2,0,3.0,56,10,5.6
0,2,144,0,1,1,6,0,1,0,1,1,1,0,1,0,2,0,3.0,305,54,5.648148148148148
0,1,144,114,0,6,0,0,2,0,1,0,1,0,1,50,5,0,1.0,278,52,5.346153846153846
0,9,144,0,1,0,1,0,1,0,2,2,2,2,1,0,2,0,7.0,1194,247,4.834008097165992
0,2,144,0,2,1,4,0,1,1,0,0,1,0,6,0,2,3,16.0,336,51,6.588235294117647
0,1,144,0,2,0,1,5,1,0,1,0,1,0,4,0,4,0,7.0,570,117,4.871794871794871
1,3,105,0,0,3,6,0,1,0,1,0,1,0,1,30,2,0,2.0,174,27,6.444444444444445
1,3,122,0,1,0,5,0,0,2,1,1,1,0,1,0,2,0,1.0,16,3,5.333333333333333
1,24,128,81,1,1,4,5,1,1,0,0,0,0,1,0,2,0,2.0,298,59,5.0508474576271185
0,3,144,0,1,0,6,0,1,0,0,0,1,0,1,0,2,0,1.0,130,24,5.416666666666667
0,36,41,0,1,4,0,0,0,0,0,0,2,0,1,400,12,0,1.0,300,66,4.545454545454546
1,9,143,82,0,0,6,0,1,0,0,0,0,0,1,0,12,0,4.0,168,32,5.25
1,3,135,0,1,0,1,0,1,0,1,1,1,0,1,100,12,0,4.0,264,47,5.617021276595745
1,6,105,0,0,5,6,0,1,0,0,0,0,0,1,50,12,0,0.0,95,12,7.916666666666667
1,3,93,0,2,0,4,4,1,1,1,1,1,0,3,50,12,0,4.0,51,10,5.1
0,6,4,0,1,0,1,0,0,0,1,1,1,0,1,0,12,0,5.0,762,144,5.291666666666667
0,2,144,4,1,1,0,0,1,0,1,1,1,0,1,0,2,0,2.0,481,91,5.285714285714286
0,12,144,0,0,2,3,0,1,1,2,2,2,0,1,1,2,0,1.0,328,66,4.96969696969697
0,2,144,114,2,1,6,0,0,0,1,1,1,0,2,0,12,0,3.0,156,28,5.571428571428571
0,1,144,0,1,0,1,5,1,0,1,0,1,0,1,90,2,0,1.0,80,15,5.333333333333333
1,23,104,0,1,0,6,0,1,1,1,2,2,0,1,0,0,0,1.0,70,14,5.0
1,120,103,82,1,0,1,5,2,2,2,2,2,0,2,50,12,0,1.0,198,30,6.6
0,2,144,0,1,1,0,0,1,0,0,0,1,0,1,0,2,0,1.0,105,21,5.0
0,1,144,0,1,1,4,5,1,0,1,0,1,0,1,0,2,0,11.0,621,126,4.928571428571429
0,5,144,0,1,0,1,3,1,0,0,0,1,0,1,0,2,0,6.0,600,115,5.217391304347826
1,4,120,0,1,5,0,0,0,1,1,1,1,0,1,0,12,0,2.0,68,11,6.181818181818182
0,7,12,114,1,0,1,0,1,0,0,0,0,0,1,0,2,0,4.0,448,86,5.209302325581396
1,5,104,0,0,2,6,0,0,1,1,0,1,0,1,150,2,0,30.0,3248,594,5.468013468013468
1,1,128,101,0,4,6,0,0,0,1,1,2,0,2,0,12,0,1.0,204,36,5.666666666666667
1,2,121,0,0,2,4,0,1,1,0,0,1,0,1,0,2,0,17.0,417,75,5.56
0,1,144,0,0,0,1,0,1,0,1,0,1,0,1,0,2,0,4.0,188,34,5.529411764705882
1,4,105,0,1,1,6,0,0,0,1,0,1,0,1,0,12,0,3.0,221,40,5.525
1,1,104,0,2,0,0,0,0,1,1,1,1,0,5,0,0,0,5.0,308,45,6.844444444444444
1,5,104,0,0,5,6,0,1,1,1,1,1,0,1,0,2,0,5.0,159,31,5.129032258064516
1,1,105,0,1,0,0,0,1,0,1,1,1,0,1,0,6,0,4.0,816,155,5.264516129032258
1,12,104,0,0,2,6,0,1,1,0,0,1,0,1,100,12,0,1.0,35,6,5.833333333333333
0,12,144,0,1,1,4,5,1,0,0,0,0,0,1,0,12,0,3.0,193,35,5.514285714285714
0,8,144,0,1,4,0,0,0,1,2,2,2,0,1,0,2,0,6.0,696,154,4.51948051948052
0,50,144,0,0,1,0,0,1,0,0,0,1,0,1,0,2,0,0.0,644,134,4.8059701492537314
1,2,105,0,2,0,5,0,1,0,1,1,1,0,5,0,2,0,5.0,333,67,4.970149253731344
0,48,144,54,0,0,0,0,0,1,0,2,0,1,1,0,2,0,1.0,61,12,5.083333333333333
0,1,144,76,1,0,1,0,2,1,0,0,1,0,1,0,2,0,4.0,316,53,5.962264150943396
1,12,104,0,0,0,6,0,1,1,0,0,1,0,1,0,12,0,1.0,287,58,4.948275862068965
1,48,122,89,2,0,4,5,1,2,0,0,0,0,2,0,2,0,2.0,310,58,5.344827586206897
1,11,143,0,0,0,6,0,1,0,0,0,0,0,1,0,2,0,7.0,425,77,5.51948051948052
0,2,144,0,1,0,1,5,1,0,1,1,1,0,1,20,3,0,1.0,144,25,5.76
0,2,144,0,0,0,1,3,2,0,0,0,1,0,3,0,2,0,4.0,313,55,5.6909090909090905
1,6,105,0,1,0,1,5,1,1,0,0,0,0,1,0,7,0,7.0,103,19,5.421052631578948
1,2,105,82,2,0,3,5,0,0,1,0,1,0,5,0,5,0,7.0,274,47,5.829787234042553
0,4,144,114,0,0,1,2,1,1,0,0,1,0,1,0,2,0,5.0,209,38,5.5
0,3,144,0,1,1,0,0,1,0,0,0,1,0,1,0,2,0,3.0,406,80,5.075
1,15,105,82,2,3,4,5,1,0,2,2,2,0,2,0,2,0,4.0,301,54,5.574074074074074
0,30,65,114,1,1,6,0,1,0,0,0,0,0,1,0,3,0,2.0,328,62,5.290322580645161
1,7,105,0,0,0,1,0,1,0,1,1,1,0,2,0,12,0,5.0,254,46,5.521739130434782
0,1,144,0,0,0,0,0,1,0,0,0,1,0,1,0,2,0,7.0,381,69,5.521739130434782
1,7,105,0,0,1,6,0,2,0,1,1,1,0,2,0,12,0,3.0,154,24,6.416666666666667
1,2,82,80,1,4,5,5,1,2,1,0,1,0,1,0,2,0,6.0,904,161,5.614906832298137
0,15,144,0,1,1,0,0,1,1,0,0,0,0,1,0,2,0,2.0,36,6,6.0
0,3,4,114,1,0,1,0,1,1,1,1,1,0,1,0,12,0,2.0,136,28,4.857142857142857
1,1,104,0,1,0,6,0,0,0,1,1,1,0,1,0,2,0,3.0,305,57,5.350877192982456
1,7,105,0,2,1,0,0,1,0,2,0,1,0,3,0,2,0,5.0,149,30,4.966666666666667
0,84,22,0,0,4,0,0,2,1,2,2,2,0,1,0,12,0,2.0,340,71,4.788732394366197
1,3,105,0,1,0,6,0,1,1,1,1,1,0,1,0,12,0,5.0,737,143,5.153846153846154
0,1,144,0,0,1,0,0,1,0,1,0,1,0,1,0,12,0,1.0,91,17,5.352941176470588
0,2,144,114,0,0,1,0,1,1,1,0,1,0,1,0,2,0,3.0,12,2,6.0
1,1,104,80,0,4,6,0,0,1,1,1,1,0,1,0,12,0,5.0,287,55,5.218181818181818
1,5,140,73,2,0,3,5,0,0,0,0,1,0,4,0,2,0,8.0,425,71,5.985915492957746
1,3,104,0,0,3,4,5,1,1,1,1,1,0,1,0,12,0,2.0,142,23,6.173913043478261
0,2,144,0,0,4,6,0,1,1,1,1,1,0,3,20,2,0,1.0,74,14,5.285714285714286
1,6,105,0,0,0,4,4,1,0,1,0,1,0,1,0,2,0,12.0,46,4,11.5
0,54,41,47,0,6,0,0,1,1,0,0,0,0,1,0,2,0,2.0,82,15,5.466666666666667
1,5,105,0,0,0,6,0,0,0,0,0,1,0,1,0,3,0,2.0,161,23,7.0
0,5,144,0,1,6,0,0,1,0,0,0,1,0,1,0,2,0,6.0,170,30,5.666666666666667
1,24,105,0,0,1,0,0,1,0,1,0,0,0,1,0,0,0,4.0,98,16,6.125
1,2,135,0,2,0,5,5,1,0,1,0,1,0,2,0,12,0,7.0,87,12,7.25
0,2,144,4,1,0,1,0,2,1,0,0,1,0,1,0,2,0,5.0,300,51,5.882352941176471
1,48,105,0,0,0,5,5,2,0,0,0,0,0,1,0,2,0,6.0,309,54,5.722222222222222
0,3,144,0,0,0,1,0,0,0,0,0,1,0,1,0,2,0,3.0,477,90,5.3
1,9,95,0,0,5,0,0,1,1,2,0,2,0,1,0,2,0,3.0,437,85,5.141176470588236
0,7,144,129,0,1,4,0,1,0,0,0,1,0,1,0,12,0,4.0,376,67,5.611940298507463
0,9,144,3,1,0,0,0,0,0,0,0,0,0,1,0,2,0,5.0,149,22,6.7727272727272725
0,2,144,0,1,1,0,0,1,1,1,0,1,0,1,0,2,0,1.0,34,6,5.666666666666667
1,1,105,0,1,0,2,5,1,0,1,1,1,0,1,0,2,0,2.0,58,12,4.833333333333333
1,3,105,0,1,1,6,0,0,0,1,0,1,0,1,0,12,0,5.0,279,56,4.982142857142857
1,1,105,0,2,1,6,0,0,0,2,2,2,1,4,0,12,0,2.0,3,1,3.0
0,10,144,0,0,0,1,0,2,0,2,2,2,1,1,0,4,0,5.0,634,129,4.9147286821705425
1,2,105,0,0,0,6,0,1,1,1,0,2,0,1,0,2,0,5.0,179,37,4.837837837837838
0,4,144,0,1,5,0,0,1,0,0,0,1,0,1,0,2,0,16.0,369,58,6.362068965517241
1,4,105,0,1,0,1,5,0,1,1,0,1,0,1,0,12,0,2.0,217,45,4.822222222222222
1,3,105,0,0,3,6,0,1,0,1,1,1,0,3,0,12,0,5.0,17,4,4.25
0,29,144,0,0,1,0,0,1,1,2,2,2,0,1,0,2,1,1.0,553,93,5.946236559139785
0,24,144,20,1,0,1,0,1,0,0,0,0,0,1,0,3,0,2.0,305,57,5.350877192982456
1,17,103,0,0,6,0,0,1,1,1,0,1,0,1,200,2,0,1.0,288,46,6.260869565217392
1,2,105,0,0,5,0,0,1,0,1,1,1,0,1,0,12,0,5.0,329,69,4.768115942028985
0,2,144,0,0,0,1,0,1,0,0,0,1,0,1,0,2,0,1.0,347,65,5.338461538461538
0,2,144,114,1,0,6,0,1,1,1,0,1,1,1,0,2,0,5.0,12,2,6.0
0,1,144,114,1,1,0,0,1,0,1,1,1,0,1,0,2,2,14.0,55,11,5.0
0,36,144,0,1,1,0,0,1,0,0,0,0,0,1,0,2,0,5.0,588,115,5.113043478260869
1,5,105,82,0,6,0,0,0,0,1,1,1,0,1,0,12,0,3.0,440,77,5.714285714285714
0,11,144,0,0,1,6,0,0,0,2,2,2,0,1,0,2,0,1.0,155,28,5.535714285714286
0,3,144,0,1,1,0,0,1,1,0,0,1,0,1,200,2,1,3.0,125,23,5.434782608695652
1,2,128,82,0,1,0,0,0,0,0,1,1,0,1,0,9,0,2.0,15,3,5.0
1,36,104,0,0,5,6,0,1,1,0,0,1,0,1,0,12,0,5.0,132,20,6.6
0,24,144,0,1,1,6,0,1,1,0,0,0,0,1,0,3,0,3.0,130,26,5.0
0,4,144,0,1,1,0,0,1,0,0,0,0,0,1,0,12,0,5.0,593,115,5.156521739130435
0,6,144,0,0,0,6,0,1,0,0,0,0,0,1,0,2,0,5.0,258,45,5.733333333333333
