Type,Age,Breed1,Breed2,Gender,Color1,Color2,Color3,MaturitySize,FurLength,Vaccinated,Dewormed,Sterilized,Health,Quantity,Fee,State,VideoAmt,PhotoAmt,desc_length,desc_words,average_word_length
0,4,62,25,1,1,0,0,0,2,2,0,0,0,1,0,12,0,3.0,193,33,5.848484848484849
1,5,105,81,0,3,6,0,1,0,0,0,1,0,1,120,2,0,5.0,338,56,6.035714285714286
1,80,104,0,1,1,5,5,1,1,0,0,0,0,1,0,2,0,2.0,376,77,4.883116883116883
0,0,152,114,0,0,0,0,1,0,1,1,1,0,1,0,12,0,6.0,327,67,4.880597014925373
0,12,47,114,0,0,1,0,1,1,0,1,0,1,1,0,2,2,10.0,2076,393,5.282442748091603
0,3,144,0,1,1,0,0,1,1,0,0,1,0,1,50,2,0,2.0,127,26,4.884615384615385
1,4,84,107,1,1,3,3,1,0,1,1,0,0,1,0,2,0,1.0,46,9,5.111111111111111
1,1,84,0,1,1,2,2,0,0,1,1,1,1,1,0,12,0,3.0,259,48,5.395833333333333
1,2,104,0,1,0,4,4,1,1,2,2,2,0,1,0,3,0,1.0,363,69,5.260869565217392
1,1,28,0,0,0,6,0,0,0,1,1,1,0,1,0,9,0,1.0,29,6,4.833333333333333
0,2,144,114,1,0,4,5,0,0,0,0,0,0,2,0,12,0,5.0,18,3,6.0
1,7,105,0,0,4,6,0,1,0,2,2,1,0,1,0,7,0,4.0,16,3,5.333333333333333
0,2,144,0,1,4,0,0,1,1,0,0,1,0,1,0,2,0,2.0,104,17,6.117647058823529
1,4,104,0,2,0,1,2,1,1,2,2,2,0,2,0,2,0,3.0,21,4,5.25
0,3,144,0,1,1,6,0,1,0,2,2,1,0,1,0,2,0,3.0,199,37,5.378378378378378
0,3,144,0,0,0,0,0,1,0,1,0,1,0,1,0,2,0,2.0,394,79,4.987341772151899
0,18,40,114,1,4,0,0,1,2,0,0,0,0,1,0,4,0,3.0,231,40,5.775
0,2,144,0,2,0,1,0,1,1,2,2,2,0,6,0,12,0,4.0,239,47,5.085106382978723
1,2,105,0,1,1,0,0,0,0,1,1,1,0,1,0,2,0,3.0,145,23,6.304347826086956
0,8,47,0,1,0,0,0,2,2,0,0,1,0,1,1000,2,0,2.0,123,24,5.125
1,2,84,0,1,5,0,0,0,0,1,1,2,0,1,0,2,0,0.0,76,15,5.066666666666666
1,1,105,0,2,5,6,0,1,1,1,1,1,0,5,0,12,0,11.0,232,37,6.27027027027027
0,2,144,0,0,1,6,0,1,1,0,0,1,0,1,0,2,0,3.0,278,57,4.87719298245614
0,1,144,114,2,0,1,5,1,0,2,2,2,0,2,250,12,0,10.0,476,78,6.102564102564102
0,3,144,0,1,1,0,0,2,1,0,0,1,0,1,0,2,0,5.0,158,26,6.076923076923077
0,12,144,0,0,1,6,0,1,0,1,0,1,0,1,0,2,0,2.0,206,36,5.722222222222222
1,2,105,0,0,2,5,0,1,0,1,1,1,0,1,0,2,0,1.0,460,91,5.054945054945055
1,5,104,0,0,2,6,0,0,1,1,0,1,0,1,150,2,0,30.0,3248,594,5.468013468013468
1,11,105,0,1,1,5,5,1,0,0,0,0,0,1,0,2,0,3.0,270,47,5.74468085106383
1,12,104,81,1,0,1,5,1,1,2,2,2,0,1,0,0,0,1.0,12,2,6.0
0,2,144,0,0,1,0,0,1,0,0,1,1,0,1,0,2,0,5.0,688,125,5.504
1,2,122,81,2,4,6,0,1,1,0,0,0,0,2,150,12,4,24.0,143,20,7.15
0,72,60,0,1,1,4,0,0,0,2,0,2,0,1,0,2,0,2.0,458,91,5.032967032967033
1,3,105,82,1,0,5,0,1,0,0,0,1,0,1,0,2,0,19.0,1008,204,4.9411764705882355
0,4,144,0,1,1,0,0,1,1,0,0,1,0,1,0,2,0,1.0,157,26,6.038461538461538
1,4,105,0,1,2,5,5,0,0,0,0,1,0,1,0,12,0,4.0,507,99,5.121212121212121
1,2,128,81,0,2,3,0,0,1,1,1,1,0,1,0,2,0,1.0,446,68,6.5588235294117645
1,3,104,80,0,5,0,0,2,1,0,0,0,0,1,30,2,0,5.0,178,30,5.933333333333334
0,1,144,0,0,1,0,0,1,0,1,0,1,0,1,0,2,0,3.0,321,64,5.015625
0,50,144,0,0,0,0,0,1,1,0,0,0,0,1,80,2,0,3.0,180,29,6.206896551724138
1,2,105,0,0,6,0,0,0,0,1,1,1,0,1,0,2,0,4.0,54,10,5.4
1,2,105,0,1,2,0,0,1,0,1,0,1,0,1,0,5,1,3.0,90,13,6.923076923076923
1,2,120,0,0,0,6,0,1,0,1,1,1,0,1,0,12,0,3.0,79,12,6.583333333333333
0,36,8,6,1,2,0,0,2,2,1,0,1,1,1,0,12,0,5.0,1005,185,5.4324324324324325
1,13,104,0,2,0,6,0,1,1,1,1,1,0,4,0,12,0,11.0,472,94,5.0212765957446805
0,36,144,0,0,0,1,0,1,0,0,0,1,0,1,0,2,0,3.0,602,109,5.522935779816514
0,24,54,0,1,0,1,5,1,0,2,2,2,0,1,0,2,0,1.0,18,3,6.0
1,2,105,0,1,6,0,0,1,0,0,0,1,0,1,30,2,0,1.0,371,66,5.621212121212121
0,2,144,0,0,0,1,0,1,0,0,0,1,0,1,50,3,0,2.0,154,21,7.333333333333333
1,24,105,0,0,5,6,0,1,0,1,0,0,0,1,0,2,0,0.0,464,87,5.333333333333333
1,2,105,0,2,1,2,5,1,0,1,1,1,0,2,0,2,0,13.0,965,163,5.920245398773006
1,4,104,0,0,2,0,0,0,1,1,0,1,0,1,0,2,0,6.0,280,53,5.283018867924528
0,2,144,0,1,6,0,0,1,1,0,0,1,0,1,0,2,0,1.0,79,14,5.642857142857143
0,4,144,0,1,1,6,0,0,0,1,1,1,0,1,0,2,0,5.0,106,20,5.3
0,2,144,0,0,0,1,0,1,0,1,1,1,0,1,0,3,0,1.0,79,12,6.583333333333333
0,2,144,0,0,0,1,5,1,1,1,1,1,0,1,0,2,0,2.0,220,23,9.565217391304348
0,1,144,54,1,1,6,0,1,2,1,1,1,1,1,20,3,0,2.0,175,31,5.645161290322581
1,12,104,0,1,5,0,0,1,1,0,0,0,0,1,0,12,0,2.0,751,123,6.105691056910569
0,4,144,0,0,0,1,0,1,0,0,0,2,0,1,0,2,0,3.0,176,32,5.5
1,12,103,96,0,3,4,5,1,1,0,0,0,0,1,100,12,0,2.0,271,55,4.927272727272728
1,1,105,0,2,0,1,5,0,0,1,1,1,0,5,0,2,0,5.0,125,25,5.0
0,10,144,0,1,4,6,0,1,0,0,0,1,0,1,110,2,0,2.0,283,56,5.053571428571429
0,1,144,0,2,1,6,0,1,1,2,2,1,0,6,0,2,0,4.0,137,23,5.956521739130435
0,4,144,0,0,0,1,5,1,0,1,1,1,0,1,0,12,0,1.0,69,11,6.2727272727272725
1,12,105,0,1,5,0,0,0,0,2,0,1,0,1,0,12,0,5.0,111,21,5.285714285714286
1,48,104,0,0,5,6,0,1,0,0,0,0,0,1,0,2,0,4.0,879,152,5.782894736842105
0,1,144,0,1,0,1,0,1,0,0,0,1,0,1,0,2,0,5.0,353,71,4.971830985915493
0,12,144,0,1,4,0,0,0,2,0,0,2,0,1,0,4,1,3.0,430,85,5.0588235294117645
0,8,144,0,1,0,0,0,1,0,0,0,0,0,1,0,5,0,8.0,459,87,5.275862068965517
0,8,144,0,0,0,1,2,1,1,0,0,0,0,1,0,12,0,5.0,331,66,5.015151515151516
0,2,144,0,0,6,0,0,1,0,0,0,1,0,1,50,2,0,2.0,92,17,5.411764705882353
0,2,144,0,0,0,1,0,1,0,0,0,1,0,1,0,2,0,8.0,1071,209,5.124401913875598
0,5,166,114,0,0,1,0,1,0,0,0,0,0,1,0,2,0,6.0,388,73,5.315068493150685
1,1,104,81,2,0,1,5,1,1,1,1,2,0,2,0,4,0,3.0,19,3,6.333333333333333
0,1,144,0,0,1,6,0,1,1,1,1,1,0,1,0,3,0,2.0,103,15,6.866666666666666
1,3,105,0,0,0,6,0,1,0,0,0,1,0,1,15,2,0,1.0,123,21,5.857142857142857
1,7,122,80,0,0,1,4,2,2,0,0,1,0,1,200,12,0,3.0,57,9,6.333333333333333
1,3,104,82,1,0,2,5,1,0,1,1,1,0,1,0,2,0,2.0,372,69,5.391304347826087
0,2,144,0,2,0,1,0,1,0,0,0,1,0,2,0,2,0,1.0,419,62,6.758064516129032
0,24,165,114,1,0,1,3,1,0,0,0,0,0,5,0,3,0,1.0,573,104,5.509615384615385
1,6,103,0,1,2,0,0,2,2,0,0,1,0,1,100,2,0,3.0,248,51,4.862745098039215
0,2,144,0,1,0,6,0,1,0,0,0,0,0,1,0,2,0,14.0,306,59,5.186440677966102
0,5,144,0,1,0,6,0,0,0,1,1,1,0,2,0,2,0,3.0,385,71,5.422535211267606
0,12,144,0,2,0,1,5,2,1,1,1,1,0,6,20,2,0,5.0,97,17,5.705882352941177
0,2,144,0,1,1,6,0,1,0,1,1,2,0,3,0,5,0,5.0,39,8,4.875
0,2,144,0,0,0,6,0,1,1,0,0,1,0,1,0,2,0,2.0,173,34,5.088235294117647
1,3,104,0,2,0,2,5,1,0,2,2,1,0,2,10,3,0,3.0,276,53,5.2075471698113205
0,3,22,114,1,0,6,0,1,0,1,1,1,0,1,0,1,0,5.0,213,43,4.953488372093023
1,1,105,0,0,0,3,5,1,0,1,1,1,0,1,0,12,0,4.0,237,51,4.647058823529412
0,1,144,0,1,0,1,5,1,0,1,1,1,0,1,0,12,0,1.0,167,35,4.771428571428571
1,3,105,0,2,1,4,5,0,0,2,0,0,0,7,60,12,0,5.0,94,15,6.266666666666667
1,4,134,0,1,3,4,5,0,0,1,1,1,1,1,0,12,0,2.0,541,109,4.963302752293578
0,1,144,0,0,0,0,0,1,0,1,1,1,0,1,0,2,0,4.0,1027,189,5.4338624338624335
0,16,144,0,2,1,3,5,1,0,2,2,2,0,5,0,3,0,5.0,607,118,5.1440677966101696
0,36,144,23,1,0,1,0,1,1,2,2,0,0,1,0,3,0,3.0,332,70,4.742857142857143
0,12,69,116,0,1,4,0,1,1,2,2,2,0,1,0,2,0,4.0,522,94,5.553191489361702
0,2,144,0,1,0,6,0,1,0,1,0,1,0,1,0,2,0,1.0,390,69,5.6521739130434785
0,48,51,0,0,4,6,0,0,1,0,0,0,1,1,100,12,0,2.0,138,23,6.0
1,3,88,101,0,5,0,0,1,0,1,0,1,0,1,150,2,0,1.0,30,5,6.0
0,8,144,0,1,1,6,0,1,1,1,1,1,0,1,0,2,0,2.0,116,24,4.833333333333333
0,3,144,0,1,1,0,0,1,1,1,1,1,0,1,0,2,0,3.0,85,16,5.3125
0,12,144,0,0,3,0,0,1,0,2,2,2,0,1,0,12,0,1.0,501,98,5.112244897959184
0,1,144,0,1,1,4,5,0,0,1,0,1,0,1,30,12,0,7.0,232,41,5.658536585365853
0,1,144,0,1,0,1,5,1,1,1,0,1,0,1,0,2,0,2.0,162,32,5.0625
0,0,69,54,0,4,0,0,1,2,2,2,2,0,1,0,2,0,4.0,60,11,5.454545454545454
1,12,104,82,2,0,1,5,1,1,1,1,2,0,3,0,2,0,8.0,300,53,5.660377358490566
1,5,84,72,2,5,6,0,1,0,2,2,2,0,2,0,12,0,3.0,360,73,4.931506849315069
0,8,144,0,1,2,0,0,1,0,0,0,0,0,1,0,2,2,8.0,2498,482,5.182572614107884
0,2,144,0,1,1,0,0,0,0,1,1,1,0,1,0,3,0,3.0,14,2,7.0
0,60,38,0,0,5,0,0,2,0,0,2,0,0,1,0,5,0,2.0,1633,334,4.889221556886228
1,2,104,0,1,0,6,0,1,1,2,2,2,0,1,0,2,0,1.0,16,4,4.0
0,4,144,0,1,2,0,0,2,0,0,0,1,0,1,0,7,0,4.0,406,82,4.951219512195122
0,1,144,0,1,0,1,3,1,1,1,0,1,0,3,0,12,0,1.0,57,8,7.125
1,6,105,0,0,0,0,0,1,0,2,2,2,0,1,0,12,0,4.0,455,96,4.739583333333333
1,60,105,0,0,5,0,0,2,0,2,0,0,1,1,0,2,0,1.0,455,92,4.945652173913044
0,24,47,0,0,0,2,0,2,0,0,0,0,0,1,300,2,0,1.0,1420,244,5.819672131147541
1,5,105,106,0,2,3,3,0,0,1,1,1,0,1,0,2,0,7.0,671,129,5.2015503875969
0,12,144,114,1,1,0,0,1,1,0,0,0,0,2,0,2,0,5.0,1022,185,5.524324324324325
1,2,105,0,0,0,6,0,1,0,0,0,1,0,1,0,2,0,4.0,189,36,5.25
0,2,30,0,0,0,1,0,0,0,1,0,1,0,1,0,12,0,6.0,402,72,5.583333333333333
1,36,103,0,1,0,1,0,1,2,1,1,0,0,1,0,12,0,3.0,448,84,5.333333333333333
1,1,104,0,1,5,6,0,1,1,1,1,1,0,1,0,2,0,3.0,236,47,5.0212765957446805
1,4,105,81,1,2,6,0,1,0,0,0,1,0,1,120,2,0,7.0,308,49,6.285714285714286
0,3,144,0,2,0,1,5,1,0,1,1,1,0,4,0,2,0,4.0,101,20,5.05
1,2,105,0,1,2,3,0,1,0,1,1,1,0,1,0,2,0,4.0,98,19,5.157894736842105
0,2,144,0,2,0,1,0,1,1,2,2,1,0,3,0,12,0,2.0,1567,264,5.9356060606060606
1,4,105,0,0,0,1,5,0,0,1,0,1,0,1,10,12,0,4.0,457,91,5.021978021978022
0,8,144,114,1,5,0,0,1,0,0,0,0,0,1,0,2,0,4.0,141,4,35.25
1,1,105,0,2,0,6,0,0,0,1,1,1,0,5,0,2,0,8.0,567,107,5.299065420560748
0,3,144,0,0,1,0,0,1,0,0,0,1,0,1,0,12,0,1.0,35,6,5.833333333333333
1,12,122,80,1,5,6,0,2,2,2,2,2,0,1,0,2,0,1.0,46,9,5.111111111111111
1,5,105,0,1,0,1,5,0,0,0,0,0,0,1,0,3,0,3.0,232,38,6.105263157894737
0,6,144,0,0,2,0,0,0,0,0,0,0,0,1,0,2,0,4.0,86,16,5.375
0,6,144,0,0,0,1,5,1,0,0,0,0,0,1,150,12,0,11.0,278,48,5.791666666666667
1,14,105,0,1,1,6,0,1,0,0,0,0,0,1,0,2,0,3.0,326,67,4.865671641791045
0,1,144,0,0,0,1,0,1,0,1,0,1,0,1,0,2,0,3.0,352,70,5.0285714285714285
1,4,105,0,0,2,0,0,1,0,2,2,1,0,1,50,2,0,1.0,721,132,5.462121212121212
1,3,105,0,1,0,6,0,1,0,2,0,1,0,1,0,12,0,5.0,56,13,4.3076923076923075
0,41,144,0,1,0,4,0,1,1,0,0,2,0,1,100,3,0,2.0,40,9,4.444444444444445
0,1,144,0,2,0,1,3,1,1,1,1,1,0,4,0,7,0,1.0,325,66,4.924242424242424
0,72,3,0,1,6,0,0,1,0,0,0,1,0,1,100,3,0,8.0,635,124,5.120967741935484
0,0,144,0,2,0,1,5,1,1,2,2,2,0,7,0,2,0,5.0,84,16,5.25
1,2,104,0,1,6,0,0,1,1,1,1,1,0,1,0,2,0,12.0,528,100,5.28
0,42,54,0,0,1,0,0,1,0,1,1,1,0,1,0,3,0,5.0,551,108,5.101851851851852
0,1,144,114,1,1,0,0,1,1,1,1,1,0,2,0,3,0,9.0,169,31,5.451612903225806
0,2,144,114,1,1,0,0,1,1,0,0,1,0,1,0,2,0,1.0,12,2,6.0
0,22,8,0,1,1,6,0,1,0,0,0,1,0,1,0,2,0,2.0,285,62,4.596774193548387
1,12,128,0,1,1,2,0,1,1,2,2,2,1,1,0,2,0,1.0,418,81,5.160493827160494
1,3,105,0,0,0,0,0,1,0,1,1,1,0,1,0,2,0,2.0,180,33,5.454545454545454
1,3,103,0,2,5,6,0,2,2,0,0,1,0,2,0,2,0,6.0,854,159,5.371069182389937
1,4,105,0,0,0,6,0,1,1,1,1,1,0,1,0,2,0,3.0,475,89,5.337078651685394
0,9,55,0,1,4,0,0,1,0,1,1,1,0,1,0,2,0,1.0,179,38,4.7105263157894735
0,24,144,0,1,1,0,0,1,1,2,2,2,0,1,0,12,0,3.0,522,91,5.736263736263736
0,1,161,114,1,1,4,0,1,0,1,1,1,0,1,0,2,0,8.0,1052,199,5.28643216080402
1,3,105,0,2,3,6,0,1,0,1,1,1,0,3,0,12,0,4.0,543,100,5.43
1,4,105,0,2,0,1,2,1,0,1,1,1,0,4,0,2,3,6.0,554,97,5.711340206185567
1,0,135,81,0,1,2,0,1,1,1,1,1,0,1,0,2,0,4.0,742,130,5.707692307692308
0,8,144,0,0,2,0,0,2,0,0,0,2,0,1,0,7,0,2.0,10,2,5.0
0,3,144,0,1,1,0,0,1,0,2,2,1,0,1,0,2,0,2.0,106,18,5.888888888888889
1,2,105,0,1,1,5,0,0,0,1,0,0,0,1,0,12,0,4.0,14,3,4.666666666666667
0,1,144,0,0,0,1,5,1,1,2,2,2,0,1,0,2,0,5.0,129,21,6.142857142857143
0,2,144,0,2,0,1,5,1,0,1,1,1,0,7,0,2,3,5.0,1934,363,5.327823691460055
1,6,105,0,1,1,5,0,0,0,1,1,1,1,1,0,2,0,1.0,236,45,5.2444444444444445
1,6,105,0,0,0,6,0,0,1,2,2,1,0,1,1,2,0,3.0,23,1,23.0
0,12,144,0,0,0,1,1,1,0,0,0,2,0,1,0,4,0,1.0,220,42,5.238095238095238
1,1,104,0,2,1,4,5,0,1,1,1,1,0,4,0,2,0,2.0,432,82,5.2682926829268295
0,12,30,0,1,1,0,0,0,0,0,0,1,0,1,250,2,0,1.0,220,39,5.641025641025641
1,2,104,0,0,0,5,0,1,1,1,1,1,0,4,0,2,0,1.0,598,103,5.805825242718447
0,74,60,0,0,1,6,0,1,1,2,0,2,0,1,0,2,0,2.0,331,71,4.661971830985915
1,4,105,0,0,6,0,0,0,0,1,1,1,0,1,0,2,0,4.0,253,40,6.325
1,9,105,82,1,0,6,0,1,1,1,0,1,0,1,0,3,0,1.0,25,5,5.0
0,4,144,0,1,0,1,0,1,0,0,0,0,0,1,0,2,0,2.0,490,82,5.975609756097561
1,2,104,0,0,0,6,0,1,0,0,0,2,0,1,0,12,0,1.0,102,22,4.636363636363637
0,12,144,0,0,2,4,0,1,0,0,0,0,0,1,0,2,0,1.0,160,30,5.333333333333333
0,2,144,114,1,0,1,0,1,0,1,1,1,0,1,0,0,1,4.0,170,30,5.666666666666667
1,1,105,0,0,2,3,5,1,0,1,1,1,0,1,0,2,1,3.0,777,156,4.980769230769231
0,3,144,0,0,0,6,0,1,0,0,0,1,0,1,0,2,2,15.0,345,52,6.634615384615385
0,14,144,4,1,0,1,0,1,1,0,0,0,0,1,0,2,0,1.0,60,13,4.615384615384615
1,1,137,0,2,0,4,5,1,0,1,1,1,0,6,0,2,0,2.0,398,80,4.975
0,1,144,114,0,0,1,0,1,1,1,0,1,0,1,0,2,0,1.0,14,3,4.666666666666667
1,2,104,0,2,0,2,5,1,1,1,1,1,0,3,1,12,0,2.0,55,11,5.0
1,1,105,0,2,0,3,5,1,0,1,0,1,0,4,0,2,0,11.0,781,154,5.071428571428571
1,7,105,82,1,0,5,0,1,0,0,0,1,0,1,0,2,0,2.0,96,19,5.052631578947368
1,10,105,0,1,1,0,0,0,0,1,0,0,0,1,0,2,0,3.0,652,127,5.133858267716535
1,16,88,0,0,1,6,0,1,1,1,0,1,0,2,100,2,0,2.0,12,2,6.0
0,12,144,0,2,0,6,0,2,0,1,0,1,0,2,0,2,0,5.0,174,30,5.8
0,5,144,0,0,1,6,0,1,0,1,0,0,0,4,50,12,0,4.0,927,175,5.297142857142857
1,3,135,82,1,0,6,0,0,0,0,0,1,0,1,0,12,0,5.0,187,38,4.921052631578948
1,3,105,82,2,3,6,0,0,0,1,1,1,0,6,0,2,0,9.0,276,55,5.0181818181818185
1,2,143,81,0,0,6,0,2,1,1,0,2,0,1,0,2,0,3.0,399,67,5.955223880597015
1,6,105,0,1,1,0,0,0,0,0,0,0,0,1,0,2,0,1.0,39,8,4.875
0,1,144,0,2,1,4,5,1,0,1,0,1,0,4,0,12,0,4.0,212,39,5.435897435897436
0,7,144,0,1,1,0,0,1,0,1,0,0,0,1,0,2,0,5.0,1053,192,5.484375
1,1,105,0,1,0,5,5,1,0,1,0,1,0,1,0,2,0,7.0,655,128,5.1171875
0,36,51,0,0,3,4,4,1,1,0,0,2,1,1,200,2,0,1.0,128,23,5.565217391304348
1,5,119,80,2,0,5,5,1,1,0,0,2,0,3,0,12,0,6.0,78,15,5.2
0,13,144,0,0,0,0,0,0,2,0,1,1,0,1,220,12,0,6.0,139,23,6.043478260869565
1,2,105,0,1,1,3,4,1,0,1,0,0,0,1,0,2,0,11.0,577,112,5.151785714285714
0,2,144,0,2,0,1,5,1,0,1,1,1,0,5,30,12,0,5.0,393,76,5.171052631578948
0,19,144,0,1,6,0,0,2,0,1,0,1,0,1,0,2,1,13.0,705,122,5.778688524590164
1,1,135,106,2,0,2,0,0,1,1,1,1,0,5,0,2,0,6.0,714,138,5.173913043478261
0,60,47,0,0,0,0,0,2,0,0,0,1,0,1,0,12,0,2.0,311,63,4.936507936507937
1,108,105,0,0,0,1,3,1,0,2,2,0,0,1,0,12,0,10.0,760,141,5.390070921985815
1,24,128,106,1,3,6,0,1,0,0,0,0,0,1,0,2,0,5.0,230,46,5.0
1,3,104,82,1,0,1,2,1,1,1,0,1,0,2,0,3,0,4.0,237,46,5.1521739130434785
1,2,105,0,0,0,1,0,1,0,0,0,1,0,1,70,2,0,1.0,102,20,5.1
0,2,144,0,1,0,6,0,1,0,0,0,1,0,1,0,2,0,1.0,117,21,5.571428571428571
0,1,144,0,1,0,1,0,1,1,1,1,1,0,1,20,3,0,1.0,122,21,5.809523809523809
1,12,104,0,0,3,4,5,1,1,0,0,0,0,1,0,2,0,3.0,293,52,5.634615384615385
0,12,5,114,1,0,1,1,0,1,0,0,0,0,1,0,2,0,5.0,381,70,5.442857142857143
1,24,128,0,1,1,4,0,1,0,1,0,1,0,1,100,2,0,8.0,801,145,5.524137931034483
0,3,144,114,0,1,6,0,1,1,1,0,1,0,1,0,2,0,5.0,14,3,4.666666666666667
0,3,144,0,1,3,6,0,1,0,1,1,1,1,1,0,5,0,2.0,719,149,4.825503355704698
0,3,144,0,2,0,3,0,1,1,1,1,1,1,2,0,12,0,4.0,213,36,5.916666666666667
0,12,22,0,0,0,6,0,2,0,2,2,1,0,1,0,2,0,6.0,355,67,5.298507462686567
0,1,65,114,0,0,1,0,1,1,1,1,1,0,1,0,12,0,11.0,695,134,5.186567164179104
0,60,60,0,0,1,6,0,1,1,2,2,2,0,1,0,12,0,2.0,167,30,5.566666666666666
0,2,22,114,1,2,4,0,1,1,0,0,1,0,1,0,2,0,5.0,681,129,5.27906976744186
0,1,144,0,1,0,0,0,1,0,1,1,1,0,1,0,3,0,1.0,144,21,6.857142857142857
0,1,144,0,1,0,1,2,1,0,0,0,0,0,1,0,4,0,3.0,361,67,5.388059701492537
0,1,144,0,0,1,6,0,1,1,2,2,2,0,1,0,2,0,2.0,264,44,6.0
0,48,38,0,1,0,6,0,1,0,0,0,0,0,1,300,2,0,3.0,14,2,7.0
1,12,96,0,1,0,3,5,0,0,1,1,1,0,1,0,2,0,1.0,249,46,5.413043478260869
1,2,105,0,2,0,5,5,0,0,1,1,2,0,6,0,2,0,1.0,170,35,4.857142857142857
1,2,105,0,1,0,5,0,0,0,1,0,1,0,1,0,12,0,2.0,117,22,5.318181818181818
0,3,144,0,1,1,6,0,1,0,2,2,1,0,1,0,2,0,2.0,125,22,5.681818181818182
0,17,144,0,0,0,0,0,1,1,0,0,0,0,1,150,12,0,1.0,707,134,5.276119402985074
0,18,60,0,0,1,2,3,1,1,0,0,1,0,1,150,2,0,2.0,102,17,6.0
1,36,104,0,1,0,1,4,1,1,0,0,0,0,1,0,2,0,3.0,671,124,5.411290322580645
0,24,144,0,0,1,0,0,1,0,2,2,2,0,1,0,12,0,1.0,81,15,5.4
0,1,144,0,1,0,1,0,1,0,1,0,1,0,2,0,2,0,7.0,737,142,5.190140845070423
1,0,84,0,2,1,0,0,0,0,1,1,1,0,3,0,2,0,1.0,87,14,6.214285714285714
0,24,144,0,0,1,0,0,1,1,2,2,2,0,1,0,12,0,3.0,578,101,5.7227722772277225
0,88,8,0,0,1,2,0,1,1,0,0,2,0,1,0,4,0,4.0,150,24,6.25
1,3,128,106,2,2,4,4,1,1,1,0,1,0,3,0,1,0,11.0,85,13,6.538461538461538
0,0,144,0,1,0,1,5,1,1,0,0,0,0,1,0,12,0,1.0,139,23,6.043478260869565
1,7,104,0,1,1,6,0,1,1,1,0,1,0,1,0,2,0,3.0,243,47,5.170212765957447
1,4,96,0,1,0,2,0,1,0,0,0,1,0,1,0,2,0,4.0,763,128,5.9609375
1,12,105,0,1,1,4,5,0,0,0,0,0,0,1,0,12,0,1.0,14,3,4.666666666666667
0,24,43,0,0,4,0,0,1,0,1,0,0,0,1,100,2,0,2.0,54,8,6.75
1,2,126,82,0,0,6,0,0,0,1,1,1,0,2,50,12,0,6.0,574,87,6.597701149425287
1,3,105,0,1,0,1,2,1,0,1,1,1,0,2,0,2,0,3.0,110,23,4.782608695652174
0,2,144,0,1,0,1,0,1,0,1,0,1,0,1,0,3,0,1.0,226,41,5.512195121951219
1,3,103,81,0,5,0,0,1,2,1,1,1,0,2,0,12,0,5.0,519,102,5.088235294117647
0,48,144,0,1,6,0,0,1,0,0,0,1,0,1,0,2,0,2.0,136,28,4.857142857142857
0,96,144,114,1,1,2,3,1,1,0,0,0,0,1,0,12,0,3.0,221,40,5.525
0,72,8,0,1,2,0,0,2,2,1,0,2,1,1,0,2,0,2.0,681,126,5.404761904761905
1,8,104,0,1,5,0,0,1,1,1,1,1,0,1,0,3,0,1.0,221,40,5.525
1,1,104,106,1,0,5,5,1,0,1,0,1,0,1,0,2,0,6.0,1036,179,5.787709497206704
1,12,120,0,1,5,6,0,2,1,0,0,0,0,1,0,12,0,5.0,312,58,5.379310344827586
1,2,105,0,0,0,6,0,0,0,1,1,1,0,1,10,2,0,3.0,140,21,6.666666666666667
1,2,90,106,2,0,5,5,0,0,1,1,1,0,5,0,2,0,5.0,122,22,5.545454545454546
0,5,65,0,0,0,1,5,2,1,0,0,0,0,1,0,2,0,2.0,135,27,5.0
1,24,105,0,2,0,2,5,1,0,1,1,1,0,3,0,12,0,1.0,80,15,5.333333333333333
0,12,144,0,0,0,1,0,2,0,2,2,1,0,1,0,6,0,3.0,155,26,5.961538461538462
1,7,128,0,1,1,6,0,1,0,0,0,0,0,1,0,2,0,2.0,160,30,5.333333333333333
0,1,144,0,0,0,1,0,1,0,2,2,2,0,8,0,12,0,1.0,20,3,6.666666666666667
0,1,162,114,1,0,6,0,1,0,2,2,1,0,1,0,2,0,4.0,120,20,6.0
1,24,94,0,1,1,2,3,1,1,0,0,1,0,1,0,2,0,3.0,195,38,5.131578947368421
1,5,130,0,1,0,5,5,0,0,0,0,0,0,1,0,2,0,4.0,263,53,4.962264150943396
0,2,144,114,0,1,0,0,1,1,0,0,1,0,1,0,2,0,1.0,12,2,6.0
1,6,143,0,1,1,2,2,1,1,2,2,0,0,1,0,2,0,2.0,117,20,5.85
0,64,8,0,0,1,2,2,2,1,0,0,1,0,1,0,2,0,2.0,178,32,5.5625
1,2,105,0,0,0,6,0,0,0,1,0,1,0,1,0,2,0,1.0,301,48,6.270833333333333
0,2,144,0,1,0,1,0,1,1,1,1,1,0,1,0,2,0,3.0,180,40,4.5
0,4,144,114,1,1,0,0,2,0,0,0,1,0,1,0,2,0,1.0,69,13,5.3076923076923075
0,12,144,0,1,0,1,0,1,0,0,0,0,0,1,0,2,0,1.0,448,85,5.270588235294118
0,48,144,0,1,4,0,0,2,0,0,0,0,0,1,0,2,0,2.0,232,45,5.155555555555556
0,2,144,0,0,1,6,0,1,0,1,0,1,0,1,0,7,0,3.0,477,88,5.420454545454546
0,2,144,0,1,1,6,0,1,0,1,0,1,0,1,0,2,0,5.0,469,99,4.737373737373737
0,2,144,0,1,1,0,0,1,0,1,0,1,0,1,0,3,0,1.0,59,8,7.375
1,9,105,0,1,4,0,0,1,0,1,1,1,0,1,0,2,0,2.0,26,5,5.2
1,1,105,0,0,0,0,0,1,0,1,0,1,0,1,0,2,0,3.0,36,7,5.142857142857143
0,84,30,0,0,1,4,0,0,0,0,0,1,0,1,0,2,0,1.0,391,81,4.827160493827161
0,2,144,114,0,0,1,5,1,1,0,0,1,0,1,0,2,0,5.0,12,2,6.0
0,1,144,0,0,0,1,0,1,0,2,2,1,0,1,0,2,0,3.0,90,17,5.294117647058823
0,1,144,0,1,1,6,0,2,0,1,1,1,0,1,0,2,0,5.0,377,78,4.833333333333333
1,2,96,0,1,0,1,5,0,1,1,1,1,0,1,0,2,0,5.0,191,36,5.305555555555555
1,16,122,82,0,4,0,0,2,2,1,1,0,0,1,0,1,0,4.0,766,151,5.072847682119205
1,3,104,106,1,0,5,5,0,1,1,1,1,0,1,0,12,0,1.0,66,12,5.5
0,2,144,0,1,0,1,5,0,0,1,1,1,0,5,0,2,0,16.0,330,60,5.5
0,6,144,0,1,0,1,0,1,0,0,0,1,0,1,0,2,0,3.0,274,53,5.169811320754717
1,1,119,0,0,0,5,0,1,1,0,0,1,0,1,0,2,0,1.0,140,27,5.185185185185185
1,11,105,0,1,0,3,5,1,0,0,0,0,0,1,100,2,0,4.0,242,48,5.041666666666667
0,5,144,0,1,0,1,0,1,0,2,2,2,0,1,0,2,0,1.0,27,4,6.75
0,3,144,0,1,1,0,0,1,1,0,0,1,0,1,200,2,1,3.0,125,23,5.434782608695652
0,2,144,0,0,1,0,0,1,1,0,0,1,0,1,0,12,0,4.0,202,45,4.488888888888889
0,2,144,0,1,2,0,0,1,0,1,0,1,0,1,0,12,0,1.0,103,22,4.681818181818182
0,4,144,114,1,1,0,0,1,1,0,0,1,0,1,0,2,0,4.0,12,2,6.0
0,41,144,0,1,1,2,5,1,0,0,0,0,0,1,80,2,0,4.0,254,38,6.684210526315789
1,24,135,0,1,5,0,0,1,0,0,0,0,0,1,0,2,0,4.0,185,34,5.4411764705882355
0,2,144,0,0,1,0,0,1,0,0,0,1,0,1,0,2,0,3.0,377,76,4.9605263157894735
0,2,144,16,1,1,4,0,1,0,0,0,0,0,1,0,4,0,1.0,963,190,5.068421052631579
1,4,107,0,2,3,6,0,0,0,1,1,1,0,4,0,3,0,4.0,408,75,5.44
0,24,144,0,1,0,1,0,1,0,0,0,0,0,1,0,2,0,5.0,384,73,5.260273972602739
0,15,144,0,1,0,0,0,0,0,0,0,1,0,1,0,2,0,1.0,79,17,4.647058823529412
1,24,122,0,0,2,3,3,2,2,2,2,2,0,1,0,12,0,1.0,331,65,5.092307692307692
0,12,144,0,1,0,6,0,1,0,0,0,0,0,1,0,12,0,3.0,1292,249,5.188755020080321
1,4,105,0,0,5,6,0,0,0,1,1,1,0,1,0,12,0,5.0,109,20,5.45
1,2,104,106,0,0,6,0,1,1,1,1,2,0,1,0,2,0,2.0,208,34,6.117647058823529
0,3,38,129,1,6,0,0,1,0,1,1,1,0,1,0,12,1,4.0,241,41,5.878048780487805
0,84,77,0,1,6,0,0,1,1,2,2,2,0,1,100,2,0,3.0,400,78,5.128205128205129
1,3,104,0,1,5,6,0,1,1,1,0,1,0,1,0,12,0,5.0,239,48,4.979166666666667
1,1,105,0,1,0,1,0,1,0,1,1,1,0,1,0,12,0,1.0,103,20,5.15
1,4,105,0,1,4,6,0,1,0,0,0,0,0,1,0,2,0,1.0,337,66,5.106060606060606
1,3,105,0,1,1,2,5,1,0,1,0,1,0,1,0,2,0,6.0,314,57,5.508771929824562
0,5,99,114,1,0,1,3,1,0,0,1,1,0,1,100,2,0,1.0,774,128,6.046875
0,8,144,114,0,1,0,0,1,1,0,0,0,0,1,0,2,0,2.0,12,2,6.0
0,2,144,0,0,0,0,0,2,1,0,0,1,0,1,0,3,0,3.0,234,47,4.9787234042553195
0,0,144,0,0,0,1,0,1,1,1,1,1,0,1,0,2,0,5.0,246,52,4.730769230769231
0,2,144,0,0,1,0,0,1,1,0,0,1,0,1,0,2,0,5.0,105,20,5.25
0,24,144,0,1,0,4,0,1,0,0,0,0,0,1,0,2,0,1.0,221,47,4.702127659574468
0,60,144,0,1,1,4,0,1,0,1,1,0,0,1,0,2,0,2.0,460,94,4.8936170212765955
0,96,41,0,0,1,0,0,0,1,0,0,1,0,1,0,4,0,5.0,83,15,5.533333333333333
1,36,135,0,1,1,4,4,1,0,0,0,0,0,1,0,12,0,5.0,817,150,5.446666666666666
1,14,100,66,0,2,6,0,0,2,1,1,1,0,1,0,12,0,2.0,114,24,4.75
0,9,144,0,1,0,1,5,2,0,0,0,0,0,1,200,2,0,3.0,281,53,5.30188679245283
0,2,144,0,1,0,0,0,1,1,1,1,1,0,1,0,2,0,20.0,360,67,5.373134328358209
1,2,135,82,2,0,6,0,1,0,1,1,1,0,7,0,12,0,6.0,370,77,4.805194805194805
0,12,69,0,0,4,0,0,0,2,0,0,0,0,1,300,2,0,1.0,1474,251,5.872509960159363
0,1,144,114,2,1,6,0,1,0,1,1,1,0,3,0,2,0,4.0,61,12,5.083333333333333
1,36,105,0,1,0,5,5,1,2,0,0,2,0,1,300,2,0,2.0,36,7,5.142857142857143
1,2,104,0,0,2,6,0,2,1,1,1,1,0,2,0,2,0,16.0,169,30,5.633333333333334
1,3,135,81,1,0,1,3,1,1,1,0,1,0,1,0,2,0,0.0,207,36,5.75
1,3,104,0,1,4,5,5,1,1,0,1,1,0,1,0,2,0,3.0,442,87,5.080459770114943
1,0,105,0,2,0,2,5,1,0,1,1,1,0,6,0,5,0,5.0,149,28,5.321428571428571
0,2,144,114,1,1,2,2,2,0,1,1,0,0,1,0,12,0,3.0,538,110,4.890909090909091
0,12,13,114,0,0,1,5,1,1,0,0,0,0,1,150,3,0,5.0,120,17,7.0588235294117645
0,1,144,0,2,0,1,5,1,0,1,1,1,0,7,0,3,0,3.0,73,14,5.214285714285714
1,1,105,0,2,0,3,5,1,0,1,1,1,0,6,0,2,0,10.0,813,164,4.9573170731707314
1,84,105,0,0,0,5,5,2,0,0,0,0,0,1,0,12,0,5.0,27,7,3.857142857142857
1,2,105,81,2,0,6,0,1,1,1,1,1,0,4,0,12,0,8.0,107,19,5.631578947368421
1,3,104,0,1,0,5,5,0,1,1,0,1,1,1,0,11,0,3.0,125,24,5.208333333333333
1,2,105,0,1,0,1,4,0,0,1,0,1,0,1,0,2,0,6.0,333,62,5.370967741935484
0,2,165,114,2,0,6,0,1,1,1,2,1,0,2,0,3,1,7.0,116,19,6.105263157894737
0,6,144,0,1,0,1,2,1,1,1,0,1,0,1,0,4,0,3.0,197,41,4.804878048780488
1,3,135,0,2,3,5,5,1,0,2,2,2,0,4,0,7,0,5.0,51,11,4.636363636363637
0,48,73,0,1,1,0,0,0,2,0,0,0,1,1,250,12,0,2.0,127,24,5.291666666666667
1,4,104,81,1,6,0,0,1,0,0,0,1,0,1,100,12,0,8.0,852,154,5.532467532467533
0,12,144,0,0,0,6,0,1,1,2,2,2,1,1,0,12,0,3.0,373,72,5.180555555555555
1,2,88,0,2,0,2,5,0,1,1,0,1,0,2,0,2,0,3.0,66,13,5.076923076923077
1,2,131,0,2,0,6,0,0,0,1,1,1,0,2,0,2,0,4.0,156,31,5.032258064516129
0,2,144,0,1,1,6,0,1,0,2,2,1,0,1,0,2,0,1.0,85,15,5.666666666666667
0,2,144,0,1,1,6,0,1,0,0,0,1,0,1,0,12,0,6.0,140,26,5.384615384615385
1,2,105,0,2,0,1,5,0,0,0,0,1,0,2,0,2,0,2.0,658,126,5.222222222222222
0,3,144,0,1,1,4,5,1,1,2,2,2,0,1,0,12,0,2.0,485,67,7.2388059701492535
0,2,144,114,0,1,0,0,1,0,0,0,1,0,1,100,2,0,2.0,23,4,5.75
0,3,144,0,1,0,6,0,1,0,0,0,1,0,1,0,2,0,3.0,503,90,5.588888888888889
1,1,104,82,1,1,3,5,0,1,1,0,1,0,1,50,2,0,7.0,305,48,6.354166666666667
0,2,144,114,1,0,1,5,1,0,1,1,1,0,1,0,2,0,2.0,340,70,4.857142857142857
1,4,105,0,1,0,1,2,1,0,0,0,0,0,1,0,4,0,4.0,278,52,5.346153846153846
1,12,141,80,1,4,6,0,1,2,0,0,0,0,1,0,2,0,5.0,482,97,4.969072164948454
1,4,105,0,0,3,6,0,0,0,1,0,1,0,1,0,2,0,2.0,178,31,5.741935483870968
1,2,105,110,0,0,2,0,0,0,1,0,1,0,1,0,4,0,1.0,186,36,5.166666666666667
0,3,144,0,1,0,1,0,1,0,0,0,0,0,1,0,2,0,2.0,90,19,4.7368421052631575
1,2,105,0,1,5,0,0,1,0,1,1,1,0,1,0,2,0,1.0,137,25,5.48
1,4,105,0,0,0,5,5,1,0,0,0,0,0,1,0,2,0,14.0,369,71,5.197183098591549
1,2,104,0,1,1,5,5,1,1,1,1,1,0,1,0,2,0,4.0,190,32,5.9375
1,2,93,0,0,0,1,4,0,0,0,0,1,0,2,0,2,0,4.0,136,24,5.666666666666667
0,8,144,0,1,1,6,0,1,0,0,0,0,0,1,0,2,0,4.0,895,177,5.056497175141243
0,60,51,0,0,5,6,0,0,0,2,2,1,0,1,0,2,0,0.0,50,9,5.555555555555555
0,4,144,0,1,4,6,0,1,1,0,0,0,0,1,0,12,0,7.0,1077,210,5.128571428571429
1,3,105,0,1,5,6,0,0,0,1,0,1,1,1,0,2,0,8.0,218,45,4.844444444444444
1,3,105,0,0,0,6,0,1,0,0,0,1,0,1,50,12,0,6.0,1049,199,5.271356783919598
1,4,103,0,0,3,0,0,0,2,2,2,2,0,1,0,12,0,3.0,19,4,4.75
0,1,144,0,1,0,1,5,1,0,1,0,1,0,1,90,2,0,1.0,80,15,5.333333333333333
1,10,105,110,1,0,3,5,1,0,0,0,0,0,1,0,2,0,2.0,741,124,5.975806451612903
0,2,144,0,1,4,6,0,1,0,1,2,1,0,1,0,12,0,1.0,31,6,5.166666666666667
1,2,104,0,1,0,3,5,0,1,1,0,1,0,1,0,12,0,5.0,578,113,5.115044247787611
0,1,144,0,1,0,1,0,1,0,1,1,2,0,9,0,2,0,6.0,36,8,4.5
0,12,69,0,1,4,0,0,0,0,2,2,2,0,1,0,12,0,5.0,352,66,5.333333333333333
0,24,163,114,0,0,1,3,1,0,2,2,2,0,1,0,2,0,1.0,931,185,5.032432432432432
1,12,105,0,1,0,6,0,1,0,1,0,1,0,7,0,4,0,5.0,139,23,6.043478260869565
1,1,105,0,0,3,6,0,1,0,1,1,1,0,1,0,2,0,7.0,595,96,6.197916666666667
0,2,144,0,0,1,2,0,0,1,1,1,1,0,1,50,2,0,1.0,139,28,4.964285714285714
0,10,144,4,0,1,0,0,1,1,0,1,1,0,1,0,12,0,1.0,150,31,4.838709677419355
0,1,144,114,1,1,6,0,1,1,0,0,1,0,1,0,2,0,1.0,12,2,6.0
1,2,135,0,1,0,5,5,1,0,1,1,1,0,2,0,12,0,1.0,172,31,5.548387096774194
0,3,144,114,0,0,1,0,1,0,1,0,1,0,1,150,2,0,3.0,68,16,4.25
1,3,105,81,2,2,5,5,0,0,1,1,1,0,3,0,2,0,12.0,459,83,5.530120481927711
0,4,144,0,1,6,0,0,0,0,0,0,2,0,1,0,2,0,2.0,44,9,4.888888888888889
1,4,105,82,1,0,2,5,1,1,1,1,1,0,1,0,12,0,11.0,327,63,5.190476190476191
1,20,104,73,0,0,6,0,1,1,0,0,0,0,1,0,4,0,7.0,120,19,6.315789473684211
0,1,9,0,1,6,0,0,1,2,1,1,1,0,1,0,12,0,4.0,385,82,4.695121951219512
0,1,144,114,1,0,1,0,1,1,1,1,1,0,1,0,2,0,4.0,263,51,5.1568627450980395
0,2,144,0,0,1,0,0,1,0,2,2,1,0,1,0,2,0,5.0,213,34,6.264705882352941
0,1,144,0,1,1,0,0,0,0,1,1,1,0,1,0,2,0,2.0,97,23,4.217391304347826
1,11,105,0,1,5,6,0,1,0,0,0,0,0,1,0,12,0,5.0,136,25,5.44
1,8,104,0,1,0,0,0,0,1,1,1,0,0,1,80,12,0,6.0,290,50,5.8
0,2,144,114,2,1,6,0,0,0,1,1,1,0,2,0,12,0,3.0,156,28,5.571428571428571
0,3,144,124,1,0,0,0,0,0,0,0,1,0,1,0,2,0,8.0,349,53,6.584905660377358
0,2,144,114,1,1,0,0,1,0,1,1,1,0,1,0,2,0,3.0,186,37,5.027027027027027
0,84,41,0,0,0,1,4,1,2,0,0,1,0,1,0,2,0,2.0,450,89,5.056179775280899
0,1,144,0,1,0,2,0,1,1,1,1,1,0,1,0,12,0,5.0,297,55,5.4
0,48,159,126,1,2,4,0,0,1,0,0,0,0,1,200,2,0,8.0,381,65,5.861538461538461
0,12,144,0,1,0,1,0,1,0,1,0,1,0,1,0,3,0,4.0,121,16,7.5625
1,1,135,0,2,0,5,5,0,0,2,2,2,0,3,0,2,0,3.0,157,27,5.814814814814815
1,2,105,0,2,0,1,5,1,0,1,1,1,0,2,0,12,0,4.0,152,27,5.62962962962963
0,9,144,0,0,5,0,0,1,0,2,0,1,0,1,0,2,0,4.0,212,42,5.0476190476190474
0,24,144,0,1,0,1,0,1,0,0,0,0,0,1,0,12,0,8.0,99,18,5.5
0,24,144,0,1,0,1,3,1,0,0,0,0,0,1,50,3,0,4.0,239,45,5.311111111111111
0,1,144,114,0,0,0,0,1,1,1,0,1,0,1,0,2,0,3.0,12,2,6.0
1,6,104,0,1,0,1,0,1,1,1,0,1,0,1,70,7,0,6.0,367,77,4.766233766233766
1,3,105,0,1,1,6,0,0,0,1,0,1,0,1,0,12,0,5.0,279,56,4.982142857142857
0,24,22,0,0,0,6,0,2,1,0,0,1,0,1,0,2,0,2.0,259,53,4.886792452830188
1,3,105,0,0,1,5,0,0,0,1,1,1,0,1,0,12,0,6.0,330,62,5.32258064516129
0,60,155,0,1,0,6,0,0,0,0,0,1,0,1,100,3,0,6.0,881,162,5.438271604938271
0,12,144,0,1,6,0,0,2,0,2,2,2,0,1,0,12,0,3.0,37,6,6.166666666666667
0,2,144,114,1,0,1,5,1,0,1,0,1,0,1,100,2,1,8.0,114,22,5.181818181818182
0,3,144,0,1,0,0,0,1,0,1,1,1,0,2,0,2,0,11.0,1120,198,5.656565656565657
1,0,104,0,0,4,0,0,0,1,1,1,1,0,2,0,5,0,2.0,448,78,5.743589743589744
0,1,17,0,1,1,0,0,1,0,1,1,1,0,1,0,2,0,5.0,677,133,5.090225563909774
0,11,144,0,0,1,6,0,1,0,0,2,1,0,1,0,2,0,2.0,290,57,5.087719298245614
0,48,144,0,1,1,4,0,1,0,1,1,0,0,1,0,2,0,5.0,225,39,5.769230769230769
0,24,51,0,1,5,6,0,0,1,2,2,2,0,1,0,2,0,4.0,304,55,5.527272727272727
0,12,144,0,0,1,2,5,1,1,0,0,0,0,1,0,2,0,0.0,211,40,5.275
0,72,166,0,1,0,1,0,2,0,0,0,0,0,1,0,2,0,2.0,709,144,4.923611111111111
1,1,105,0,1,5,0,0,0,0,1,1,1,0,1,0,10,0,1.0,37,6,6.166666666666667
1,1,104,0,1,0,4,5,1,1,2,2,1,0,1,0,12,0,5.0,120,23,5.217391304347826
1,60,103,80,2,0,5,5,2,2,0,0,0,0,2,0,2,0,2.0,1219,245,4.975510204081632
0,2,144,114,1,4,0,0,2,0,2,2,2,0,1,0,7,0,4.0,38,8,4.75
1,4,105,81,0,0,0,0,1,0,2,2,1,0,1,0,2,0,5.0,483,82,5.890243902439025
1,15,105,0,1,0,1,5,2,0,2,2,2,0,1,0,12,0,5.0,603,108,5.583333333333333
1,3,115,0,2,0,1,5,1,0,1,1,1,0,4,0,2,0,4.0,51,11,4.636363636363637
0,2,144,0,1,4,6,0,1,0,1,0,1,0,1,0,12,0,5.0,51,9,5.666666666666667
0,20,69,0,1,1,4,0,1,1,0,0,1,0,1,0,2,0,3.0,413,81,5.098765432098766
1,72,105,82,1,5,0,0,1,0,0,0,0,0,1,0,2,0,4.0,27,1,27.0
0,2,144,114,1,0,6,0,1,0,1,1,1,0,1,0,2,0,1.0,160,33,4.848484848484849
1,24,96,106,2,0,1,1,1,0,1,0,1,0,2,0,12,0,7.0,510,91,5.604395604395604
0,7,144,0,0,0,1,0,1,0,0,0,0,0,1,0,7,0,1.0,179,35,5.114285714285714
1,1,122,101,0,6,0,0,0,1,1,1,1,0,1,108,7,0,2.0,104,19,5.473684210526316
1,1,105,0,1,0,1,0,1,1,1,0,1,0,1,0,2,1,6.0,556,101,5.5049504950495045
1,4,135,0,2,3,5,5,1,1,1,1,1,0,2,0,7,0,5.0,163,30,5.433333333333334
0,6,144,0,1,1,0,0,1,1,0,0,0,0,1,0,12,0,0.0,198,33,6.0
1,8,135,0,0,0,1,0,0,0,0,0,0,0,1,0,2,0,2.0,173,33,5.242424242424242
1,3,105,0,1,5,6,0,1,0,1,0,1,0,1,50,2,0,7.0,957,174,5.5
0,3,144,0,1,0,0,0,1,0,1,0,1,0,1,0,2,0,2.0,230,46,5.0
0,48,69,114,1,0,0,0,1,1,0,0,0,0,1,0,2,0,2.0,436,76,5.7368421052631575
1,36,122,0,0,2,3,4,1,1,2,2,2,0,1,0,12,0,4.0,255,56,4.553571428571429
1,6,104,0,0,2,6,0,2,1,1,1,0,0,2,0,12,0,2.0,120,16,7.5
1,24,84,0,1,5,6,0,2,1,2,2,2,0,1,0,12,0,2.0,19,5,3.8
0,2,144,0,1,4,0,0,1,0,1,1,1,0,1,0,2,0,2.0,530,100,5.3
1,1,105,0,1,1,5,5,0,0,1,0,1,0,1,0,2,0,3.0,215,41,5.2439024390243905
0,84,81,0,0,2,5,0,0,2,0,0,0,0,1,200,2,0,1.0,110,19,5.7894736842105265
0,36,41,0,0,1,0,0,1,2,0,0,1,0,1,150,12,0,3.0,569,119,4.781512605042017
0,2,144,0,1,1,6,0,0,0,0,0,0,0,1,0,2,0,4.0,189,30,6.3
0,7,60,0,2,1,2,5,0,0,0,0,1,0,2,500,2,0,1.0,572,104,5.5
0,1,144,114,1,0,0,0,1,0,1,1,1,0,1,0,5,0,1.0,110,19,5.7894736842105265
1,4,105,80,1,0,3,5,1,2,1,1,1,0,1,15,2,0,2.0,89,16,5.5625
0,1,144,0,2,0,1,5,1,1,1,1,1,0,6,0,2,0,1.0,474,83,5.710843373493976
1,3,105,0,0,5,0,0,1,0,1,0,1,0,1,0,12,0,3.0,281,55,5.109090909090909
0,12,99,76,0,1,0,0,2,1,0,0,0,0,1,0,2,0,1.0,12,2,6.0
1,5,141,0,0,6,0,0,1,1,1,1,1,0,1,0,12,0,1.0,26,5,5.2
1,6,105,0,1,2,3,5,0,0,0,0,1,0,1,0,2,0,4.0,162,30,5.4
0,2,144,0,1,3,6,0,1,0,1,1,1,0,1,0,0,0,1.0,46,7,6.571428571428571
1,1,104,0,1,6,0,0,0,1,1,0,1,0,1,0,6,0,10.0,326,57,5.719298245614035
0,1,144,0,1,0,1,0,1,0,1,1,1,0,1,0,2,0,4.0,386,81,4.765432098765432
1,2,105,0,0,2,6,0,1,1,1,0,1,0,1,0,6,0,5.0,90,15,6.0
0,3,144,0,1,0,1,0,1,1,0,0,1,0,1,0,2,0,2.0,229,45,5.088888888888889
1,9,104,0,1,0,0,0,1,1,1,1,1,0,1,0,7,0,2.0,448,91,4.923076923076923
1,2,140,0,1,0,2,0,1,1,0,0,1,0,1,0,2,0,6.0,500,95,5.2631578947368425
1,5,120,0,0,6,0,0,1,0,0,0,1,0,1,0,3,0,1.0,223,46,4.8478260869565215
1,3,103,101,2,0,3,5,0,2,1,1,1,0,3,200,2,0,1.0,353,65,5.430769230769231
1,3,104,0,0,0,1,5,0,1,1,1,1,0,3,0,12,0,3.0,985,181,5.441988950276243
1,48,105,82,0,0,1,5,2,0,0,0,0,0,2,0,12,0,1.0,256,49,5.224489795918367
0,24,144,0,1,0,0,0,2,1,0,0,0,1,1,0,12,0,2.0,390,76,5.131578947368421
1,4,105,0,1,0,3,5,1,0,1,1,1,0,3,0,2,0,7.0,215,44,4.886363636363637
0,2,144,0,0,0,1,0,1,0,1,1,1,0,1,20,3,0,1.0,122,21,5.809523809523809
1,3,105,0,0,5,6,0,1,0,1,0,1,0,1,30,2,0,1.0,240,43,5.5813953488372094
0,36,144,0,0,0,1,5,1,1,2,2,0,0,1,0,2,0,5.0,711,146,4.86986301369863
1,3,104,0,0,3,6,0,0,1,0,0,1,0,1,0,2,0,2.0,273,48,5.6875
0,6,144,0,0,2,0,0,1,1,1,1,0,0,1,50,12,0,1.0,224,42,5.333333333333333
1,6,105,0,0,0,2,0,2,0,0,0,0,0,2,60,2,0,3.0,600,106,5.660377358490566
0,48,60,0,0,1,4,5,0,1,0,0,1,0,1,0,2,0,3.0,956,206,4.640776699029126
1,2,104,0,1,0,5,5,0,1,0,0,1,0,1,0,2,0,8.0,212,39,5.435897435897436
1,1,105,0,1,3,0,0,1,0,1,1,1,0,1,0,1,0,4.0,370,62,5.967741935483871
1,36,103,0,0,0,5,0,2,2,1,1,0,0,1,0,2,0,8.0,493,99,4.97979797979798
1,3,105,0,2,1,3,3,1,0,1,1,1,0,10,0,2,0,0.0,567,108,5.25
1,2,104,80,2,1,0,0,1,1,1,0,1,0,2,0,12,0,5.0,126,23,5.478260869565218
1,4,105,0,0,3,6,0,0,0,1,0,1,0,1,0,4,0,4.0,609,130,4.684615384615385
1,12,104,0,1,2,3,5,0,1,0,0,0,0,1,0,3,0,2.0,55,9,6.111111111111111
0,17,12,114,1,2,0,0,1,0,0,0,0,0,1,0,2,0,2.0,248,43,5.767441860465116
0,0,144,114,0,1,0,0,0,0,2,2,2,0,1,0,7,0,8.0,59,11,5.363636363636363
0,11,54,0,1,0,1,5,1,0,0,0,2,0,1,0,2,0,2.0,50,11,4.545454545454546
0,1,144,114,0,0,1,5,1,0,0,0,1,0,1,100,2,0,4.0,291,53,5.490566037735849
1,1,105,0,0,0,0,0,0,0,1,1,1,0,1,0,12,0,4.0,216,46,4.695652173913044
0,42,166,0,0,0,0,0,2,0,0,0,1,0,1,0,2,0,5.0,262,49,5.346938775510204
1,2,122,81,1,0,2,5,1,1,1,0,1,0,1,150,2,0,6.0,860,160,5.375
0,2,144,0,1,0,1,0,1,1,1,1,1,0,1,0,2,0,18.0,859,160,5.36875
1,2,105,82,2,0,2,4,0,1,1,1,1,0,3,0,2,0,6.0,229,39,5.871794871794871
0,8,144,0,0,1,0,0,1,1,0,0,1,0,1,50,2,0,3.0,46,10,4.6
0,1,144,0,1,0,6,0,1,0,1,0,1,0,2,0,2,0,8.0,447,89,5.022471910112359
0,5,144,0,0,1,0,0,1,0,0,0,0,0,1,0,2,0,5.0,252,43,5.8604651162790695
0,4,144,0,0,6,0,0,1,0,0,0,1,0,1,0,12,0,1.0,36,6,6.0
0,2,144,0,0,1,0,0,1,0,1,1,1,0,1,0,3,0,2.0,181,35,5.171428571428572
1,1,105,81,1,0,1,5,0,0,1,1,1,0,4,0,12,0,2.0,546,106,5.150943396226415
1,12,105,0,1,0,1,5,1,0,0,0,1,0,4,0,2,0,5.0,134,24,5.583333333333333
1,48,105,105,0,5,6,0,2,0,0,0,0,0,1,0,2,0,10.0,369,72,5.125
0,6,144,0,1,0,6,0,1,0,0,0,0,0,1,0,12,0,2.0,519,111,4.675675675675675
1,2,104,82,0,0,6,0,0,1,1,1,1,1,1,0,2,0,3.0,125,23,5.434782608695652
0,2,163,16,1,1,0,0,0,0,1,1,1,0,2,0,2,0,3.0,838,158,5.30379746835443
0,3,22,38,1,1,6,0,2,0,0,0,1,0,1,0,2,0,5.0,144,25,5.76
1,4,105,0,1,1,2,4,0,0,1,1,1,0,1,0,2,0,4.0,148,24,6.166666666666667
0,2,144,54,1,1,6,0,1,1,0,0,1,0,1,0,2,0,3.0,397,76,5.223684210526316
0,3,144,0,0,1,0,0,1,0,0,0,1,0,1,0,2,0,5.0,413,79,5.227848101265823
0,2,144,0,0,0,0,0,1,0,0,0,2,0,1,0,12,0,2.0,321,61,5.262295081967213
0,2,144,114,1,1,6,0,1,0,0,1,1,0,1,100,2,0,6.0,446,83,5.373493975903615
0,29,144,0,0,1,0,0,1,1,2,2,2,0,1,0,2,1,1.0,553,93,5.946236559139785
1,18,143,82,0,0,6,0,1,0,1,0,0,0,1,0,12,0,1.0,145,27,5.37037037037037
0,14,144,0,1,0,1,5,1,1,0,0,0,0,1,0,12,0,11.0,1428,284,5.028169014084507
0,2,144,0,1,0,1,5,1,0,0,0,2,0,1,0,12,0,5.0,119,23,5.173913043478261
1,4,105,0,1,2,4,5,0,0,1,1,1,0,1,0,12,0,5.0,252,46,5.478260869565218
0,2,144,0,1,0,1,0,1,1,0,0,1,0,1,0,2,0,7.0,166,28,5.928571428571429
0,2,144,0,1,4,6,0,1,0,0,0,0,0,1,0,12,0,1.0,559,40,13.975
0,96,144,0,0,0,0,0,0,0,0,0,0,0,1,0,3,0,1.0,145,25,5.8
0,2,17,114,1,1,6,0,1,0,0,0,1,0,1,0,2,1,9.0,335,61,5.491803278688525
0,3,144,0,1,1,0,0,1,0,1,1,1,0,1,0,2,0,3.0,140,26,5.384615384615385
1,3,105,82,1,0,3,5,1,0,1,1,1,0,2,0,12,0,1.0,275,55,5.0
0,3,144,0,2,1,0,0,2,0,1,1,1,0,3,0,12,0,1.0,283,49,5.775510204081633
1,17,104,0,0,0,6,0,1,1,0,0,0,0,1,0,2,0,4.0,728,136,5.352941176470588
0,2,144,53,0,4,0,0,1,1,1,1,1,0,1,0,2,0,3.0,534,103,5.184466019417476
0,24,74,0,0,6,0,0,0,2,2,0,2,0,1,0,12,0,1.0,114,23,4.956521739130435
1,1,105,0,2,0,6,0,1,1,1,1,1,0,3,0,12,0,4.0,125,25,5.0
1,13,135,0,1,5,6,0,1,1,1,0,0,0,1,0,2,0,1.0,146,30,4.866666666666666
1,1,105,0,1,0,6,0,1,0,1,0,1,0,1,0,12,0,3.0,307,57,5.385964912280702
0,24,144,114,1,1,6,0,1,1,0,0,0,0,1,0,2,0,10.0,455,80,5.6875
0,1,144,0,2,1,6,0,1,1,1,1,1,0,7,0,2,0,5.0,310,55,5.636363636363637
0,4,144,114,1,0,5,5,1,1,0,0,2,0,2,0,2,0,5.0,249,46,5.413043478260869
1,2,105,0,0,5,6,0,1,0,1,0,1,0,1,50,2,1,6.0,747,139,5.374100719424461
0,36,47,0,0,0,1,0,1,0,0,0,2,0,1,0,12,0,4.0,308,64,4.8125
1,5,105,0,1,0,5,0,0,0,1,1,1,0,1,0,2,0,5.0,265,54,4.907407407407407
0,21,41,0,0,6,0,0,0,1,0,0,1,0,1,450,12,0,4.0,268,54,4.962962962962963
0,2,144,0,0,0,1,0,1,0,1,1,1,0,1,0,12,0,5.0,45,8,5.625
0,84,65,53,1,6,0,0,1,1,0,0,0,0,1,0,2,0,7.0,173,32,5.40625
0,2,144,0,0,1,0,0,1,0,0,0,1,0,1,0,12,0,1.0,11,2,5.5
0,48,41,0,1,1,4,0,0,1,0,0,0,0,1,0,12,0,3.0,363,67,5.417910447761194
0,3,144,0,0,0,6,0,0,0,0,0,1,0,1,0,2,0,1.0,270,52,5.1923076923076925
0,3,144,0,1,1,0,0,1,0,0,0,1,0,1,50,2,0,14.0,271,53,5.113207547169812
0,2,144,16,1,1,0,0,1,1,0,0,1,0,1,0,2,0,0.0,160,28,5.714285714285714
0,48,8,0,1,2,4,0,1,1,0,1,0,0,1,0,2,0,2.0,238,40,5.95
0,120,62,0,1,2,5,0,0,1,2,2,2,0,1,0,2,0,1.0,207,37,5.594594594594595
0,1,144,114,0,1,0,0,1,1,1,0,1,0,1,0,2,0,1.0,14,3,4.666666666666667
1,12,105,82,1,0,6,0,1,0,0,0,1,0,1,180,12,0,2.0,463,92,5.032608695652174
0,2,144,0,1,0,1,0,1,1,1,1,1,0,1,20,3,0,1.0,122,21,5.809523809523809
1,36,104,0,2,2,6,0,1,2,1,1,1,0,4,0,2,0,2.0,222,40,5.55
0,6,4,0,1,0,1,0,0,0,1,1,1,0,1,0,12,0,5.0,762,144,5.291666666666667
1,2,105,66,0,0,1,0,0,1,1,1,1,0,1,0,7,0,2.0,268,50,5.36
1,2,104,0,1,0,3,5,1,1,1,1,1,0,1,0,2,0,0.0,64,10,6.4
1,1,128,0,2,1,5,5,0,0,1,1,1,0,4,0,2,0,5.0,20,3,6.666666666666667
0,3,144,0,0,0,1,0,1,1,1,1,1,0,1,0,2,0,2.0,94,20,4.7
1,2,105,0,2,0,1,5,1,0,1,1,1,0,2,0,4,0,3.0,452,81,5.580246913580247
0,4,144,0,1,0,1,0,1,0,0,0,1,0,1,150,12,0,8.0,146,25,5.84
1,2,105,0,2,4,5,5,0,0,1,1,1,0,5,0,5,0,3.0,407,76,5.355263157894737
1,48,104,0,0,1,6,0,1,1,0,0,0,0,1,0,12,0,6.0,458,90,5.088888888888889
1,2,103,0,0,0,6,0,0,0,1,1,1,0,1,0,12,0,3.0,88,19,4.631578947368421
0,2,165,114,1,0,1,5,1,0,1,0,1,0,1,0,12,0,7.0,27,4,6.75
1,3,104,0,0,0,0,0,0,1,1,1,1,0,1,0,12,0,3.0,213,39,5.461538461538462
1,78,94,0,0,1,0,0,1,2,0,0,0,0,1,0,2,0,1.0,56,13,4.3076923076923075
1,12,96,82,2,3,4,4,0,0,1,1,1,0,4,0,2,0,2.0,600,118,5.084745762711864
1,1,122,82,1,0,1,5,0,1,1,0,1,0,1,0,12,0,2.0,860,167,5.149700598802395
1,6,105,106,1,5,6,0,0,0,1,1,0,0,1,0,2,0,1.0,17,3,5.666666666666667
1,2,96,0,1,0,1,5,1,1,1,1,1,0,1,0,12,0,4.0,405,72,5.625
1,3,104,0,0,2,0,0,1,1,1,1,1,0,4,0,7,0,1.0,35,7,5.0
0,36,60,0,0,1,4,0,1,1,2,0,1,1,1,0,2,0,1.0,50,10,5.0
1,2,104,0,0,4,6,0,1,1,1,1,1,0,1,0,12,0,5.0,350,61,5.737704918032787
1,48,105,0,1,0,1,5,1,0,0,0,0,0,1,0,2,0,3.0,333,63,5.285714285714286
0,2,144,0,1,0,1,0,1,0,0,0,1,0,1,0,2,0,3.0,120,22,5.454545454545454
1,60,88,66,1,0,1,2,1,0,0,0,1,0,2,0,12,0,2.0,500,102,4.901960784313726
1,2,128,0,1,4,0,0,1,0,1,1,1,0,1,0,2,0,2.0,16,3,5.333333333333333
0,3,144,114,0,1,6,0,1,0,1,1,1,0,1,1,3,0,2.0,271,57,4.754385964912281
0,1,144,0,2,0,1,5,1,0,0,0,0,0,2,0,4,0,3.0,483,88,5.488636363636363
1,2,105,0,2,3,5,5,0,0,1,1,1,0,2,0,12,0,7.0,17,3,5.666666666666667
0,5,22,0,1,4,0,0,1,0,0,0,0,0,1,0,12,0,5.0,1101,228,4.828947368421052
1,24,104,0,1,0,5,5,1,1,0,0,0,0,1,0,12,0,3.0,110,23,4.782608695652174
0,2,47,114,2,0,3,0,1,1,1,0,1,0,3,0,12,0,3.0,384,65,5.907692307692308
0,6,8,0,1,2,0,0,2,2,0,0,1,0,1,0,2,0,1.0,169,27,6.2592592592592595
1,6,140,70,1,0,1,0,1,0,1,0,0,0,2,0,3,0,5.0,541,107,5.05607476635514
0,6,144,114,2,0,4,0,1,1,0,0,0,0,2,0,4,0,2.0,347,66,5.257575757575758
0,2,144,0,1,0,1,0,1,1,1,1,1,0,1,0,2,0,9.0,318,59,5.389830508474576
1,6,96,81,1,0,3,5,0,1,0,0,0,0,1,0,2,0,4.0,272,40,6.8
0,2,47,114,1,0,0,0,1,0,1,1,1,0,1,0,12,0,1.0,58,9,6.444444444444445
0,18,164,114,1,0,6,0,0,2,2,2,1,0,1,0,7,2,9.0,415,60,6.916666666666667
0,2,144,27,0,0,6,0,1,0,0,0,1,0,1,0,2,0,4.0,695,125,5.56
0,24,65,114,1,0,1,5,1,1,1,1,0,0,1,0,2,0,3.0,253,48,5.270833333333333
0,84,55,0,0,1,0,0,1,0,0,0,2,0,1,0,12,0,3.0,357,63,5.666666666666667
1,5,105,82,2,3,5,5,1,0,1,1,0,0,3,0,2,0,3.0,218,36,6.055555555555555
0,4,144,16,1,0,0,0,1,0,0,0,0,0,1,0,12,0,2.0,527,102,5.166666666666667
1,2,110,101,2,0,4,4,0,0,1,0,1,0,3,0,12,0,11.0,64,9,7.111111111111111
0,3,144,0,1,0,0,0,1,0,0,0,1,0,1,0,2,0,6.0,371,72,5.152777777777778
1,6,104,81,0,3,0,0,1,1,1,1,1,0,1,0,12,0,1.0,50,8,6.25
1,2,105,0,1,1,3,0,0,0,2,2,2,0,1,0,2,0,1.0,39,7,5.571428571428571
0,1,144,0,2,0,1,0,1,0,1,1,1,0,3,0,2,0,9.0,171,33,5.181818181818182
0,3,144,0,1,0,6,0,1,0,0,0,1,0,2,100,2,0,2.0,351,62,5.661290322580645
0,2,144,0,1,0,1,0,1,0,1,1,1,0,1,20,3,0,1.0,117,20,5.85
0,24,17,0,0,1,6,0,0,0,2,2,0,0,1,0,12,0,5.0,302,53,5.69811320754717
1,6,105,0,1,4,5,5,1,0,0,0,1,0,1,50,12,0,3.0,242,48,5.041666666666667
0,17,152,119,0,1,0,0,2,0,0,0,0,0,1,300,2,0,2.0,453,90,5.033333333333333
1,7,104,0,1,0,1,2,1,1,1,0,1,0,1,0,12,0,4.0,166,29,5.724137931034483
1,18,104,0,1,0,2,5,1,1,0,1,1,0,1,0,2,0,4.0,160,32,5.0
1,18,105,0,2,3,0,0,2,0,1,1,1,0,5,0,9,0,1.0,407,74,5.5
1,4,137,0,0,2,6,0,0,0,1,1,1,0,1,0,2,0,1.0,297,57,5.2105263157894735
0,3,144,0,1,2,4,0,1,0,0,0,1,0,1,0,2,0,2.0,83,15,5.533333333333333
1,2,105,0,0,0,6,0,0,0,1,1,1,0,1,0,12,0,1.0,161,27,5.962962962962963
0,4,22,114,1,0,0,0,1,0,0,0,1,0,1,5,2,0,2.0,16,3,5.333333333333333
1,5,105,0,1,0,1,3,1,0,0,0,1,0,1,0,2,0,1.0,64,13,4.923076923076923
1,2,82,80,1,0,5,5,1,2,1,1,1,0,1,0,12,0,1.0,173,31,5.580645161290323
1,1,105,0,2,0,2,2,0,0,1,1,1,0,3,50,12,0,5.0,572,111,5.153153153153153
1,2,128,106,2,1,5,5,1,0,1,1,1,0,4,0,12,0,4.0,195,37,5.27027027027027
1,29,135,0,0,1,2,2,1,0,1,1,1,0,1,0,2,0,1.0,96,17,5.647058823529412
0,132,51,0,1,0,0,0,0,0,0,0,0,0,1,0,3,0,0.0,190,31,6.129032258064516
0,2,65,114,1,1,0,0,1,0,1,0,1,0,1,0,2,0,1.0,420,79,5.3164556962025316
1,3,88,63,0,3,6,0,0,1,2,2,2,0,1,200,12,0,4.0,159,27,5.888888888888889
1,16,105,0,1,0,6,0,1,0,0,0,0,0,1,50,2,0,13.0,1033,189,5.465608465608466
0,3,144,0,0,0,6,0,1,0,0,0,1,0,1,0,2,0,3.0,91,17,5.352941176470588
1,1,104,0,2,1,2,4,1,1,1,1,1,0,4,0,2,0,5.0,1070,177,6.045197740112994
0,3,144,0,2,0,0,0,1,0,1,1,1,0,2,0,2,0,2.0,146,26,5.615384615384615
0,0,144,0,2,6,0,0,0,0,1,1,1,0,4,0,2,0,1.0,229,42,5.4523809523809526
1,2,105,94,1,0,1,5,0,0,1,0,1,0,1,100,2,0,10.0,1022,191,5.350785340314136
1,1,140,106,2,0,2,0,1,0,1,0,1,0,3,0,12,0,5.0,1978,346,5.716763005780347
0,1,144,0,2,0,1,0,0,1,1,1,0,0,2,0,5,0,3.0,329,64,5.140625
1,12,105,0,0,1,0,0,0,0,0,0,0,0,1,0,2,0,4.0,177,32,5.53125
1,2,105,0,1,0,3,0,1,0,1,1,1,0,1,0,12,0,2.0,1567,285,5.4982456140350875
1,10,105,0,0,0,6,0,2,0,1,1,1,0,1,0,7,0,1.0,236,49,4.816326530612245
1,4,103,0,2,0,2,5,1,2,1,1,1,0,3,0,2,0,5.0,287,50,5.74
0,10,144,0,1,0,0,0,1,0,0,0,0,0,1,50,2,0,10.0,312,56,5.571428571428571
0,1,144,114,0,1,0,0,1,1,1,1,1,0,1,0,3,0,6.0,232,42,5.523809523809524
1,2,114,106,1,1,4,5,1,2,1,1,1,0,1,100,2,0,1.0,358,69,5.188405797101449
1,2,104,82,1,1,5,5,1,0,1,1,1,0,1,0,2,0,5.0,266,49,5.428571428571429
0,54,40,0,0,1,4,0,0,1,2,2,2,0,1,0,2,0,12.0,2256,423,5.333333333333333
0,2,144,0,0,1,0,0,1,0,0,0,1,0,1,0,4,1,9.0,544,104,5.230769230769231
0,3,144,0,1,0,1,5,1,0,1,1,1,0,1,0,2,0,7.0,506,99,5.111111111111111
0,8,144,0,1,5,0,0,1,0,0,0,0,0,1,0,7,0,2.0,890,171,5.204678362573099
0,60,60,0,1,0,6,0,1,1,2,2,0,0,1,0,2,0,4.0,200,32,6.25
1,12,103,0,1,0,1,1,1,2,0,0,0,0,1,0,2,0,5.0,1234,244,5.057377049180328
1,4,105,0,2,1,6,0,1,0,1,0,2,0,3,0,12,0,11.0,415,81,5.1234567901234565
1,2,105,0,1,2,0,0,0,0,1,0,1,0,1,0,2,0,1.0,151,29,5.206896551724138
0,12,144,0,0,1,0,0,1,0,0,0,2,0,1,0,2,2,10.0,4549,883,5.151755379388448
1,10,105,0,1,0,0,0,1,0,1,1,1,0,1,0,2,0,1.0,76,19,4.0
0,5,144,0,1,1,6,0,1,0,0,0,1,0,1,0,12,0,2.0,236,45,5.2444444444444445
0,12,144,0,0,1,6,0,0,0,2,2,2,0,1,0,3,0,1.0,155,31,5.0
0,2,144,114,2,0,1,1,1,0,1,1,1,0,5,0,2,0,5.0,343,56,6.125
0,52,60,0,0,1,2,5,1,0,0,0,1,0,1,0,2,0,2.0,636,126,5.0476190476190474
0,12,54,0,1,0,1,5,0,0,0,0,0,0,1,300,7,0,1.0,86,16,5.375
1,6,105,0,1,3,0,0,1,0,0,0,0,0,1,100,12,0,4.0,281,49,5.73469387755102
0,24,41,47,1,0,1,0,0,2,0,0,0,0,1,250,2,0,2.0,1699,285,5.96140350877193
1,2,105,0,0,0,0,0,0,0,1,0,1,0,1,0,8,0,3.0,156,32,4.875
1,41,120,0,1,0,6,0,2,1,0,0,0,0,1,0,2,0,5.0,839,170,4.935294117647059
1,6,105,0,1,1,0,0,1,0,0,0,0,0,1,0,2,0,3.0,467,95,4.91578947368421
1,1,117,0,1,5,6,0,0,1,2,2,2,1,1,1,2,0,3.0,225,40,5.625
0,3,144,114,2,0,1,3,1,1,1,1,1,0,7,0,12,0,5.0,368,67,5.492537313432836
0,2,144,0,0,0,6,0,1,0,1,1,1,0,1,0,2,0,1.0,239,50,4.78
0,3,144,0,0,0,6,0,1,0,0,0,1,0,1,0,2,0,3.0,817,168,4.863095238095238
0,9,41,0,0,1,0,0,0,0,1,0,0,0,2,200,4,0,1.0,163,36,4.527777777777778
0,3,144,0,0,1,2,0,0,0,0,0,2,0,1,210,2,0,5.0,1227,225,5.453333333333333
1,12,105,0,0,0,6,0,1,0,0,0,0,0,1,0,12,0,1.0,48,7,6.857142857142857
1,12,93,63,0,5,6,0,0,0,2,2,2,1,1,0,12,0,1.0,30,5,6.0
0,2,144,0,0,0,1,1,1,1,1,1,0,0,1,0,2,0,3.0,101,18,5.611111111111111
0,2,144,0,1,1,4,5,0,0,1,0,1,0,1,0,4,0,4.0,289,56,5.160714285714286
1,3,104,0,1,5,6,0,1,1,1,1,1,0,1,0,2,0,6.0,24,4,6.0
1,2,105,66,0,5,6,0,0,0,1,1,1,0,1,0,7,0,2.0,269,50,5.38
0,12,144,0,1,0,6,0,1,0,1,1,1,0,1,20,3,0,1.0,142,25,5.68
0,3,144,0,0,1,0,0,1,1,0,0,1,0,1,0,2,0,2.0,153,26,5.884615384615385
1,2,105,0,0,5,6,0,1,0,0,0,1,0,1,0,7,0,7.0,417,77,5.415584415584416
0,1,144,0,2,1,0,0,1,1,1,0,1,0,2,0,12,0,3.0,172,33,5.212121212121212
1,1,83,63,2,0,1,5,0,1,0,0,2,0,2,0,2,0,3.0,576,108,5.333333333333333
0,1,5,20,0,0,1,0,1,1,1,0,1,0,1,0,12,0,2.0,21,5,4.2
1,2,105,0,0,0,0,0,1,1,0,0,1,0,1,0,6,0,4.0,303,58,5.224137931034483
1,3,105,101,1,5,6,0,1,0,1,0,1,0,1,0,12,0,3.0,880,181,4.861878453038674
0,2,144,0,0,1,0,0,0,0,0,0,0,1,1,0,0,0,5.0,667,121,5.512396694214876
0,2,144,0,1,0,3,0,1,1,1,1,1,0,3,0,2,0,5.0,475,92,5.163043478260869
0,8,144,0,1,1,0,0,0,0,1,0,1,0,1,0,12,0,2.0,23,5,4.6
1,2,104,0,0,0,5,5,2,1,1,0,2,0,1,0,2,0,5.0,712,118,6.033898305084746
1,2,128,81,1,1,4,0,1,1,1,1,1,0,1,0,12,0,5.0,447,86,5.1976744186046515
0,42,19,114,2,0,6,0,1,1,0,0,0,0,2,0,2,0,4.0,683,138,4.949275362318841
0,12,144,0,0,0,0,0,0,0,2,2,1,0,1,0,2,0,2.0,83,13,6.384615384615385
0,6,144,0,1,1,4,0,0,0,0,0,1,0,1,0,2,0,4.0,71,15,4.733333333333333
0,120,166,4,0,0,3,0,2,0,2,2,1,2,1,0,3,0,4.0,462,88,5.25
1,3,104,0,0,0,5,0,1,1,1,1,1,0,1,0,12,0,2.0,170,32,5.3125
1,12,135,66,0,0,1,4,1,0,0,0,0,0,1,0,12,0,6.0,697,121,5.760330578512397
0,3,144,0,1,1,0,0,1,1,0,0,1,0,1,0,2,0,2.0,209,44,4.75
0,2,144,16,1,0,6,0,1,1,1,1,1,0,1,0,12,0,4.0,185,35,5.285714285714286
0,48,8,0,0,2,0,0,2,1,0,0,1,0,1,0,1,0,3.0,304,57,5.333333333333333
1,4,105,0,0,5,6,0,0,0,1,0,1,0,1,0,12,0,4.0,1111,219,5.073059360730594
1,13,104,0,2,3,5,5,0,1,1,1,1,0,4,50,2,0,1.0,287,48,5.979166666666667
0,2,144,0,1,0,6,0,1,1,0,0,2,0,1,0,2,0,1.0,280,50,5.6
0,3,144,0,2,0,1,1,1,0,1,1,1,0,4,0,2,0,1.0,689,123,5.6016260162601625
0,33,159,132,1,4,0,0,1,1,0,0,0,0,1,300,12,0,0.0,82,11,7.454545454545454
0,2,144,0,1,1,6,0,1,0,1,1,1,0,1,0,2,0,3.0,305,54,5.648148148148148
0,36,51,114,0,1,5,0,0,1,2,2,0,0,1,0,2,0,4.0,271,53,5.113207547169812
0,5,59,114,0,1,4,0,2,0,2,2,2,0,1,0,2,0,3.0,216,39,5.538461538461538
0,60,41,0,0,1,0,0,1,1,0,1,1,0,1,0,2,0,2.0,188,32,5.875
1,2,103,81,1,0,5,5,1,1,1,0,1,0,1,50,2,0,7.0,1329,241,5.514522821576763
1,4,105,0,1,2,5,5,1,0,1,0,0,0,1,9,2,1,7.0,500,93,5.376344086021505
1,7,105,0,0,6,0,0,0,0,0,0,0,0,1,30,2,0,4.0,44,7,6.285714285714286
1,3,105,0,1,1,6,0,0,0,1,0,1,0,1,0,2,0,2.0,68,12,5.666666666666667
0,2,144,114,1,4,6,0,1,1,1,1,1,0,1,0,2,0,5.0,12,2,6.0
0,2,69,114,1,1,4,5,1,0,1,1,1,0,1,0,2,0,6.0,238,44,5.409090909090909
0,12,144,0,1,1,6,0,1,0,1,1,0,0,1,0,3,0,2.0,1109,201,5.517412935323383
1,9,135,0,1,1,0,0,1,0,0,0,0,0,1,0,2,0,1.0,177,27,6.555555555555555
1,8,104,0,0,4,5,5,2,1,1,0,1,0,1,0,2,0,1.0,195,33,5.909090909090909
1,8,105,0,0,2,3,0,1,0,0,0,0,0,1,0,12,0,3.0,116,22,5.2727272727272725
1,2,105,0,2,0,1,0,0,0,1,1,1,0,3,0,11,0,1.0,98,18,5.444444444444445
1,24,96,0,1,0,1,4,1,0,0,0,0,1,1,0,2,0,2.0,30,7,4.285714285714286
1,1,105,0,1,0,0,0,1,0,2,2,2,0,1,0,12,0,3.0,252,52,4.846153846153846
0,0,144,0,2,1,4,0,1,0,1,1,1,0,2,0,2,0,14.0,775,162,4.783950617283951
0,1,144,0,2,1,0,0,1,0,1,1,1,0,7,0,2,0,18.0,164,29,5.655172413793103
1,112,105,0,0,0,6,0,0,0,1,1,1,0,1,0,12,0,5.0,271,50,5.42
1,3,103,0,0,0,6,0,2,2,1,0,1,0,1,50,2,0,4.0,439,88,4.988636363636363
1,3,105,0,1,0,5,5,1,0,1,0,1,0,1,0,2,0,2.0,361,62,5.82258064516129
1,1,105,96,2,0,5,5,0,1,1,1,2,0,4,0,2,0,0.0,158,29,5.448275862068965
0,5,144,0,1,0,0,0,1,0,0,0,0,0,1,100,7,0,5.0,6664,1257,5.30151153540175
1,2,104,0,0,0,5,5,0,1,1,0,2,0,1,0,7,0,1.0,13,2,6.5
1,1,112,0,2,0,2,5,0,0,1,0,1,0,5,0,12,0,1.0,20,3,6.666666666666667
0,1,144,114,1,0,3,5,1,0,1,1,1,0,1,0,2,0,1.0,190,39,4.871794871794871
1,1,94,0,0,0,0,0,0,0,1,1,1,0,1,0,12,0,4.0,183,34,5.382352941176471
0,2,144,0,1,1,0,0,1,0,1,1,1,0,1,20,3,0,1.0,117,20,5.85
0,2,144,0,0,0,1,0,0,0,0,0,1,0,1,0,3,0,5.0,265,47,5.638297872340425
0,1,144,0,0,1,0,0,1,0,1,1,1,0,2,0,2,0,2.0,90,13,6.923076923076923
0,30,61,6,1,0,2,3,2,2,0,0,0,0,1,0,12,0,6.0,723,149,4.852348993288591
0,12,144,0,1,0,6,0,1,1,0,0,0,0,1,0,12,0,3.0,491,105,4.6761904761904765
0,2,144,0,0,0,1,2,1,0,2,2,1,0,5,0,5,0,14.0,172,30,5.733333333333333
0,2,30,114,2,0,2,0,0,0,1,1,1,0,2,0,2,0,6.0,846,150,5.64
0,2,144,0,1,1,6,0,1,0,0,0,1,0,1,0,2,0,4.0,244,52,4.6923076923076925
0,36,152,114,0,2,0,0,2,0,0,0,0,0,1,0,2,0,2.0,430,90,4.777777777777778
1,1,104,0,0,0,1,5,1,1,2,2,0,0,1,0,12,0,5.0,192,39,4.923076923076923
0,2,144,114,0,1,0,0,1,0,1,1,1,0,1,0,2,0,3.0,208,44,4.7272727272727275
1,4,105,0,0,2,3,5,0,0,1,0,1,0,1,0,12,0,7.0,466,88,5.295454545454546
0,1,144,0,2,0,1,5,1,1,1,1,1,0,3,0,2,0,21.0,414,83,4.9879518072289155
0,1,144,0,0,1,6,0,1,0,1,1,1,0,1,0,2,0,2.0,943,175,5.388571428571429
1,1,105,0,2,0,1,0,0,0,1,0,1,0,2,0,12,0,3.0,1071,203,5.275862068965517
1,2,137,0,0,3,0,0,0,0,0,0,0,0,1,0,2,0,2.0,514,91,5.648351648351649
1,12,105,0,1,1,4,0,1,0,1,0,1,0,1,0,2,0,1.0,75,14,5.357142857142857
1,18,105,0,0,0,1,1,1,0,1,1,1,0,1,0,2,0,2.0,365,71,5.140845070422535
1,4,105,0,2,0,1,0,0,0,0,0,1,0,4,0,2,0,4.0,242,48,5.041666666666667
0,15,144,0,0,1,0,0,2,0,1,1,1,0,1,0,2,0,2.0,262,47,5.574468085106383
1,3,105,0,0,5,6,0,0,0,1,1,1,0,1,0,0,0,5.0,362,71,5.098591549295775
1,6,105,0,1,0,3,5,1,0,1,1,1,0,1,0,2,0,1.0,41,6,6.833333333333333
1,1,105,0,2,3,6,0,0,0,1,1,1,0,2,0,7,0,5.0,111,19,5.842105263157895
0,24,144,27,0,1,0,0,1,0,0,0,0,0,1,0,2,0,8.0,354,70,5.057142857142857
0,1,144,114,2,0,1,5,1,0,1,1,1,0,5,0,0,0,10.0,393,71,5.535211267605634
0,1,144,0,0,4,6,0,1,0,0,1,1,0,1,0,11,0,1.0,789,165,4.781818181818182
1,2,105,0,1,1,2,2,1,0,1,1,1,0,1,0,2,0,5.0,101,19,5.315789473684211
1,3,105,0,2,0,3,4,0,0,0,0,1,0,3,0,2,0,3.0,257,51,5.03921568627451
0,2,144,54,1,0,1,5,1,0,1,0,1,0,2,0,2,0,10.0,375,68,5.514705882352941
0,36,144,0,1,4,0,0,2,0,0,0,2,0,1,100,3,0,1.0,105,22,4.7727272727272725
0,2,144,0,0,0,0,0,1,0,1,1,1,0,1,0,2,0,7.0,609,112,5.4375
1,3,105,0,0,1,6,0,1,0,1,1,1,0,1,0,12,0,0.0,261,47,5.553191489361702
1,12,128,82,0,6,0,0,2,0,2,2,1,0,1,0,2,0,4.0,185,35,5.285714285714286
1,2,105,82,2,0,2,5,1,0,1,1,1,0,5,0,2,0,5.0,391,70,5.585714285714285
0,1,144,0,0,1,6,0,1,1,1,1,1,0,1,0,12,0,12.0,95,16,5.9375
0,3,144,114,1,0,0,0,1,0,0,0,2,0,2,0,12,0,5.0,185,38,4.868421052631579
0,22,13,4,0,0,5,5,1,0,0,0,1,0,1,0,2,0,4.0,457,83,5.506024096385542
0,3,144,114,1,6,0,0,0,0,2,2,2,1,1,0,2,0,0.0,180,26,6.923076923076923
1,5,141,66,1,5,6,0,1,0,1,0,1,0,2,0,12,0,1.0,174,34,5.117647058823529
0,2,144,0,0,1,0,0,1,1,1,1,1,0,1,1,12,3,3.0,638,128,4.984375
1,11,105,82,2,0,2,5,1,1,0,0,0,0,6,0,2,0,5.0,201,38,5.2894736842105265
0,2,144,0,1,1,0,0,1,0,0,0,1,0,1,0,2,0,9.0,243,44,5.5227272727272725
1,4,128,82,1,0,4,4,0,0,1,0,1,0,1,0,12,0,1.0,69,13,5.3076923076923075
0,76,54,0,1,0,1,5,1,1,0,0,1,0,1,0,2,0,2.0,130,23,5.6521739130434785
0,12,158,0,0,1,0,0,1,2,2,0,1,0,1,0,12,0,5.0,498,94,5.297872340425532
0,4,144,0,1,1,6,0,1,0,0,0,0,0,2,100,2,0,2.0,168,37,4.54054054054054
1,1,105,0,0,0,5,0,0,0,1,1,1,0,1,30,7,0,8.0,281,49,5.73469387755102
1,1,105,0,1,0,1,4,1,0,2,2,2,0,2,0,12,0,3.0,308,60,5.133333333333334
1,3,105,0,0,3,6,0,1,0,1,0,1,0,1,30,2,0,2.0,174,27,6.444444444444445
1,2,105,0,2,2,4,5,0,1,1,1,1,0,2,0,1,0,3.0,529,88,6.011363636363637
0,2,144,0,1,6,0,0,0,0,1,1,1,0,1,0,2,0,1.0,212,43,4.930232558139535
1,2,135,0,0,1,3,4,1,0,1,0,1,0,1,0,12,0,2.0,454,87,5.218390804597701
0,2,144,114,1,0,1,5,1,1,1,0,1,0,1,0,12,0,2.0,280,52,5.384615384615385
1,1,105,0,2,0,5,5,0,0,1,2,1,0,4,0,12,0,3.0,286,51,5.607843137254902
1,3,104,81,0,0,6,0,0,1,1,0,1,0,1,0,2,0,5.0,135,29,4.655172413793103
0,2,144,114,2,0,1,5,2,0,1,1,1,0,6,0,2,1,5.0,265,53,5.0
1,2,105,0,1,4,6,0,0,0,1,0,1,0,1,0,12,0,4.0,223,40,5.575
0,1,144,0,1,1,0,0,1,1,1,0,1,0,1,0,12,0,16.0,106,21,5.0476190476190474
0,2,69,129,1,4,0,0,1,1,0,0,2,0,1,250,12,0,5.0,402,65,6.184615384615385
0,2,144,114,1,1,0,0,0,1,1,0,0,0,1,0,2,0,0.0,52,10,5.2
0,36,60,0,0,4,6,0,0,1,0,0,1,1,1,0,2,0,1.0,95,16,5.9375
0,2,144,114,0,1,0,0,1,1,1,0,1,0,1,0,12,0,5.0,298,53,5.622641509433962
1,12,104,106,0,0,1,4,1,1,2,2,2,1,1,0,12,0,3.0,823,157,5.24203821656051
1,12,105,0,1,4,5,5,0,0,0,0,0,0,1,0,12,0,1.0,14,3,4.666666666666667
1,5,84,0,1,2,3,3,1,0,2,2,1,0,1,0,2,0,2.0,137,27,5.074074074074074
0,2,144,114,2,1,3,3,0,0,1,1,2,0,6,0,2,0,4.0,66,11,6.0
1,2,105,0,0,3,6,0,1,0,0,0,1,0,1,0,12,0,1.0,160,28,5.714285714285714
0,0,144,114,1,1,4,5,1,0,1,1,1,0,1,0,7,0,1.0,55,9,6.111111111111111
1,1,105,0,2,0,2,2,0,0,2,0,2,0,2,0,3,2,10.0,2443,427,5.721311475409836
0,27,54,20,0,0,1,0,1,0,0,0,0,0,1,0,2,0,5.0,1163,220,5.286363636363636
0,21,22,0,0,1,0,0,2,0,0,2,0,0,1,300,12,0,3.0,201,36,5.583333333333333
1,2,105,106,0,0,6,0,1,0,0,0,1,0,1,100,12,0,4.0,308,51,6.03921568627451
0,2,144,0,1,0,1,0,1,0,1,0,1,0,1,0,2,0,4.0,339,65,5.2153846153846155
1,12,103,81,0,0,5,5,2,2,0,0,0,0,1,0,2,0,2.0,141,29,4.862068965517241
0,11,159,0,0,4,0,0,1,2,0,0,1,0,1,200,2,0,3.0,25,4,6.25
0,2,144,54,1,0,1,0,0,0,1,1,1,0,1,0,2,0,4.0,125,24,5.208333333333333
1,84,122,0,1,0,0,0,1,2,0,0,0,0,1,250,12,0,3.0,357,64,5.578125
0,24,144,0,1,0,6,0,1,0,1,1,1,0,1,0,1,0,2.0,84,16,5.25
0,3,144,0,0,0,1,0,1,0,0,0,0,0,2,0,2,0,3.0,422,82,5.146341463414634
0,1,144,114,2,0,3,5,1,0,1,1,2,0,5,0,2,1,1.0,216,39,5.538461538461538
0,1,9,0,1,1,0,0,1,1,1,1,1,0,1,0,12,0,4.0,168,38,4.421052631578948
0,1,144,114,1,1,6,0,1,0,1,2,1,0,1,0,2,0,1.0,20,4,5.0
0,2,144,0,0,0,1,2,1,1,0,0,1,0,1,0,2,0,7.0,149,29,5.137931034482759
1,5,104,82,0,2,3,0,1,1,2,2,2,1,1,0,12,0,2.0,623,113,5.513274336283186
1,3,128,0,1,0,1,5,0,0,1,0,1,1,1,0,2,0,2.0,76,8,9.5
1,2,105,0,0,6,0,0,1,0,0,0,1,0,1,0,2,0,5.0,613,119,5.151260504201681
1,1,105,0,2,0,5,5,0,0,1,1,1,0,3,0,12,0,5.0,763,145,5.2620689655172415
0,1,144,0,1,1,4,5,1,1,1,1,1,0,1,0,3,0,0.0,265,47,5.638297872340425
1,1,105,81,1,4,0,0,1,0,1,1,1,0,1,0,12,0,1.0,245,52,4.711538461538462
0,2,144,0,1,1,0,0,1,0,1,1,1,0,4,0,5,0,5.0,140,20,7.0
0,2,144,0,1,0,0,0,1,0,1,1,1,0,1,20,3,0,1.0,122,21,5.809523809523809
0,2,144,0,0,4,0,0,1,1,0,0,2,0,1,0,12,0,5.0,207,32,6.46875
0,1,144,0,1,4,0,0,1,0,0,0,1,0,1,0,2,0,4.0,239,39,6.128205128205129
0,6,144,0,0,2,3,3,1,0,1,1,1,0,1,0,12,0,1.0,724,133,5.443609022556391
0,3,144,0,0,1,6,0,1,1,1,0,1,0,1,100,2,0,3.0,76,14,5.428571428571429
0,3,144,0,0,0,1,5,1,0,1,0,1,0,1,0,7,0,6.0,323,53,6.09433962264151
0,32,8,0,1,2,0,0,2,2,0,0,1,0,1,0,12,0,1.0,182,34,5.352941176470588
0,8,144,0,1,6,0,0,1,2,0,0,0,0,1,0,0,0,4.0,97,20,4.85
0,5,144,0,1,1,0,0,1,1,0,0,0,0,1,0,4,0,1.0,138,28,4.928571428571429
1,2,104,0,1,5,0,0,0,1,1,1,1,0,1,0,7,0,2.0,121,20,6.05
0,36,26,0,1,6,0,0,0,0,2,2,2,0,1,50,2,0,2.0,643,120,5.358333333333333
1,60,104,0,0,4,5,5,2,1,0,0,0,0,1,0,12,0,8.0,298,64,4.65625
0,12,144,0,1,1,0,0,1,0,2,2,2,0,1,0,2,0,1.0,58,9,6.444444444444445
1,4,135,0,0,0,1,0,0,0,0,0,1,0,1,200,7,0,6.0,918,174,5.275862068965517
1,3,104,0,0,2,6,0,1,1,1,0,1,0,1,0,2,0,3.0,144,29,4.9655172413793105
0,1,144,0,0,1,4,5,1,1,1,1,1,0,1,0,3,0,5.0,231,43,5.372093023255814
1,3,105,0,1,0,3,5,1,1,1,1,1,0,1,0,12,3,10.0,1108,199,5.567839195979899
0,1,144,114,1,1,0,0,1,0,1,1,1,0,1,0,2,2,14.0,55,11,5.0
1,4,122,81,0,6,0,0,1,1,1,0,1,0,1,0,2,0,6.0,215,45,4.777777777777778
1,18,105,0,1,0,1,4,0,0,0,0,0,0,1,0,2,0,5.0,713,138,5.166666666666667
1,1,105,0,1,0,6,0,1,0,1,1,1,0,1,0,2,0,1.0,45,9,5.0
1,3,105,0,1,0,1,2,0,0,0,0,1,0,1,0,6,0,5.0,712,155,4.593548387096774
1,18,105,0,0,3,6,0,1,1,0,0,1,0,1,0,12,1,7.0,362,67,5.402985074626866
1,8,105,106,1,5,6,0,1,0,1,1,0,0,1,0,2,0,2.0,200,36,5.555555555555555
1,10,103,0,1,0,0,0,1,2,0,0,0,0,1,200,12,0,1.0,70,10,7.0
1,73,122,96,1,1,4,5,1,2,0,0,0,0,1,400,2,0,3.0,749,131,5.717557251908397
0,2,144,0,1,1,0,0,1,1,1,0,1,0,1,0,3,0,2.0,483,90,5.366666666666666
1,9,135,82,1,1,2,0,1,0,1,1,1,0,1,0,2,0,3.0,571,118,4.838983050847458
1,1,105,0,0,0,6,0,1,1,1,1,1,0,1,30,2,0,2.0,239,51,4.686274509803922
0,2,144,0,0,1,0,0,1,0,1,1,1,0,1,0,2,0,1.0,375,75,5.0
1,26,105,89,0,2,4,0,2,1,0,0,0,0,1,100,2,0,4.0,313,44,7.113636363636363
1,3,135,81,0,2,6,0,0,1,1,0,1,0,1,0,4,0,3.0,241,45,5.355555555555555
0,3,144,0,0,0,0,0,1,1,1,0,1,0,1,0,7,0,1.0,134,29,4.620689655172414
1,42,105,0,0,0,0,0,2,0,0,0,0,0,1,0,12,0,4.0,99,20,4.95
0,1,144,0,1,0,0,0,0,0,1,1,1,0,1,0,2,0,1.0,109,21,5.190476190476191
0,1,144,58,2,4,0,0,1,0,2,2,2,0,2,0,2,0,4.0,131,24,5.458333333333333
0,12,155,114,1,1,0,0,1,0,1,1,0,0,1,0,2,0,1.0,183,34,5.382352941176471
1,7,105,0,0,0,1,0,1,0,1,1,1,0,2,0,12,0,5.0,254,46,5.521739130434782
0,3,144,0,0,1,0,0,1,1,2,2,2,0,1,0,2,0,3.0,170,25,6.8
0,1,147,54,2,0,4,5,1,0,1,0,1,0,4,0,12,5,5.0,271,50,5.42
0,81,13,114,0,0,6,0,1,1,1,0,1,0,1,0,12,0,1.0,437,83,5.265060240963855
0,36,22,0,0,4,0,0,1,0,0,0,1,0,1,0,12,0,1.0,204,36,5.666666666666667
0,1,144,0,1,1,0,0,1,1,1,1,1,0,1,0,5,0,3.0,30,9,3.3333333333333335
1,1,103,0,1,0,5,0,0,2,1,1,1,0,1,0,1,0,2.0,461,84,5.488095238095238
1,1,104,82,1,1,0,0,0,1,0,0,1,0,1,0,2,0,6.0,158,32,4.9375
1,20,128,80,2,0,1,2,1,2,0,0,1,0,5,0,2,0,1.0,327,63,5.190476190476191
0,2,144,0,0,0,0,0,1,1,1,1,1,0,1,0,2,0,3.0,629,116,5.422413793103448
1,4,105,0,1,1,3,5,0,0,0,0,1,0,1,0,12,0,4.0,87,15,5.8
0,4,22,33,1,1,6,0,1,0,1,1,1,0,1,0,3,0,10.0,114,24,4.75
0,1,144,0,0,1,0,0,1,1,2,2,2,0,1,0,0,0,1.0,74,12,6.166666666666667
0,60,60,114,1,0,1,4,0,1,2,0,2,1,1,100,5,0,3.0,777,147,5.285714285714286
1,24,111,0,0,1,6,0,1,0,2,2,1,2,1,0,5,0,3.0,303,67,4.522388059701493
0,2,144,0,1,3,4,5,1,0,1,0,1,0,1,0,2,0,5.0,777,146,5.321917808219178
1,1,105,0,0,0,6,0,0,0,1,1,1,0,1,0,2,0,7.0,227,47,4.829787234042553
0,2,144,0,0,0,6,0,2,1,0,0,1,0,1,0,12,0,1.0,321,59,5.440677966101695
0,2,144,16,0,1,6,0,1,1,1,1,1,0,1,0,12,0,2.0,128,23,5.565217391304348
0,2,144,0,1,0,0,0,1,0,0,0,1,0,1,0,2,0,3.0,757,131,5.778625954198473
1,1,105,0,0,0,1,5,0,0,1,1,1,0,1,0,2,0,4.0,218,45,4.844444444444444
1,2,96,0,1,0,4,5,0,1,0,0,1,0,1,0,2,0,1.0,113,20,5.65
0,3,144,0,1,0,1,0,1,1,1,0,1,0,1,0,2,0,6.0,997,186,5.360215053763441
1,4,105,0,2,0,1,5,1,0,0,0,1,0,4,0,12,0,9.0,595,116,5.129310344827586
1,2,104,0,0,0,1,4,1,1,1,0,1,0,1,50,2,1,5.0,781,141,5.539007092198582
0,6,144,0,0,1,0,0,1,0,2,2,1,0,1,0,12,0,3.0,187,33,5.666666666666667
0,60,8,114,2,2,6,0,1,1,0,0,0,0,2,100,0,0,1.0,439,82,5.353658536585366
0,5,144,0,0,0,1,0,1,0,2,2,2,0,1,0,2,0,0.0,10,2,5.0
1,2,104,113,1,0,6,0,1,1,1,1,2,0,1,0,2,0,4.0,208,34,6.117647058823529
1,4,104,0,1,5,0,0,1,1,1,1,1,0,1,0,2,0,2.0,40,7,5.714285714285714
0,1,144,0,1,0,2,3,1,1,1,0,1,0,1,50,2,0,10.0,1402,246,5.699186991869919
1,0,105,0,2,0,1,5,2,0,1,1,1,0,6,0,12,0,2.0,412,71,5.802816901408451
0,54,8,0,0,2,0,0,2,1,0,0,1,0,1,350,12,0,20.0,23,4,5.75
1,2,105,0,1,0,6,0,1,0,1,0,1,0,1,0,2,0,3.0,393,79,4.974683544303797
0,48,40,0,0,1,2,5,0,2,0,0,1,0,1,200,2,0,2.0,193,38,5.078947368421052
0,2,45,114,1,1,6,0,1,0,1,1,1,0,1,0,12,0,2.0,69,15,4.6
0,2,144,0,1,6,0,0,1,1,0,0,0,0,1,0,12,0,3.0,201,39,5.153846153846154
1,1,105,0,2,0,3,5,1,0,1,0,1,0,4,0,6,0,4.0,215,36,5.972222222222222
0,9,17,0,1,0,1,5,0,0,0,0,0,0,1,200,12,0,1.0,615,119,5.168067226890757
0,5,144,0,1,4,6,0,1,1,1,1,1,0,1,0,2,0,3.0,413,80,5.1625
1,24,105,0,1,1,2,5,1,0,0,0,0,0,1,0,2,0,7.0,291,54,5.388888888888889
1,6,105,0,1,2,3,0,1,0,0,0,0,0,1,0,2,0,5.0,500,90,5.555555555555555
0,1,144,0,1,0,1,0,1,0,1,1,1,0,3,0,2,0,7.0,248,37,6.702702702702703
1,2,105,0,1,5,6,0,1,0,1,0,1,0,1,0,2,0,3.0,364,60,6.066666666666666
0,3,144,0,1,4,6,0,1,0,1,1,1,0,1,0,2,1,5.0,815,155,5.258064516129032
1,5,105,89,0,0,6,0,1,0,1,0,1,0,1,0,12,0,3.0,131,27,4.851851851851852
1,5,105,97,1,2,4,0,1,0,1,0,1,0,1,0,12,0,4.0,513,102,5.029411764705882
0,2,144,0,0,0,1,0,1,0,1,1,1,0,1,1,7,0,3.0,450,89,5.056179775280899
0,24,69,0,0,6,0,0,1,1,2,2,2,0,1,100,3,0,3.0,69,16,4.3125
0,49,144,49,1,1,2,0,1,1,0,0,0,0,1,9,2,0,2.0,182,37,4.918918918918919
1,4,104,0,0,6,0,0,1,1,0,0,0,0,1,0,2,0,5.0,1800,323,5.572755417956657
1,1,84,0,0,0,6,0,0,0,1,1,1,0,1,0,12,0,2.0,11,3,3.6666666666666665
0,2,144,0,2,0,1,5,1,0,1,0,1,0,5,0,2,0,5.0,521,100,5.21
1,4,135,0,0,3,6,0,0,1,0,0,1,0,1,0,12,0,7.0,371,62,5.983870967741935
1,7,122,81,1,0,5,5,1,1,0,0,1,0,1,0,2,0,5.0,459,94,4.882978723404255
0,6,38,0,1,0,6,0,1,0,0,0,1,0,1,0,2,0,3.0,645,124,5.201612903225806
1,2,105,0,2,0,1,5,1,0,1,1,1,0,2,0,2,0,3.0,59,11,5.363636363636363
0,2,144,114,0,1,3,3,1,0,1,0,1,0,1,80,2,0,3.0,207,33,6.2727272727272725
1,2,105,0,0,1,6,0,1,0,1,0,1,0,1,0,2,0,10.0,614,118,5.203389830508475
1,3,104,0,2,0,2,5,0,1,0,0,1,0,5,0,2,0,0.0,392,87,4.505747126436781
0,2,144,114,1,0,1,0,1,1,1,1,1,0,1,59,2,0,1.0,38,6,6.333333333333333
0,48,54,0,0,0,1,5,1,0,1,1,1,1,1,200,2,0,4.0,885,166,5.331325301204819
0,1,144,114,1,1,6,0,1,1,1,0,1,0,1,0,2,0,3.0,12,2,6.0
0,72,8,0,0,3,4,0,1,1,2,2,2,0,1,0,2,0,3.0,425,85,5.0
0,4,47,4,1,0,4,0,2,1,0,0,1,0,1,200,2,0,5.0,192,39,4.923076923076923
1,2,83,0,0,5,6,0,1,2,0,0,1,0,1,400,2,0,10.0,1324,235,5.634042553191489
1,3,104,80,2,0,1,5,2,1,0,0,1,0,6,0,3,0,2.0,351,66,5.318181818181818
0,1,144,0,1,1,0,0,1,0,1,1,1,0,1,0,4,0,2.0,205,42,4.880952380952381
1,2,103,0,1,0,3,5,0,2,1,0,1,0,1,0,12,1,2.0,420,58,7.241379310344827
1,24,90,0,1,0,1,5,1,1,2,2,2,0,1,0,12,0,3.0,10,2,5.0
1,1,103,98,1,4,5,5,1,1,1,0,1,0,1,100,2,0,5.0,1335,233,5.7296137339055795
1,12,122,0,0,0,6,0,1,1,0,0,0,0,2,0,2,0,1.0,238,43,5.534883720930233
0,84,144,53,0,0,1,0,1,1,0,0,0,0,1,0,2,0,7.0,725,139,5.215827338129497
1,8,105,0,0,2,0,0,1,0,1,0,0,0,1,0,2,0,3.0,762,146,5.219178082191781
0,1,144,0,2,0,1,5,1,1,0,0,1,0,4,0,2,0,10.0,103,20,5.15
1,3,105,110,1,0,1,3,1,0,0,0,1,0,1,0,2,0,6.0,1013,195,5.194871794871795
1,6,105,0,0,4,0,0,1,0,0,0,1,0,1,0,2,0,4.0,16,3,5.333333333333333
0,4,144,0,1,0,1,3,1,1,0,0,1,0,1,0,2,0,6.0,662,138,4.797101449275362
0,2,144,0,1,4,0,0,1,1,0,0,1,0,1,0,4,0,1.0,225,41,5.487804878048781
0,12,54,53,0,0,1,5,1,0,0,0,0,0,1,0,7,0,2.0,158,36,4.388888888888889
0,6,144,0,0,0,0,0,1,0,2,2,2,0,1,0,12,0,2.0,334,67,4.985074626865671
0,3,144,0,1,0,1,0,1,1,1,1,1,0,1,0,2,0,0.0,216,35,6.171428571428572
1,2,103,96,1,0,1,5,1,2,1,1,1,0,3,0,2,0,12.0,192,38,5.052631578947368
0,48,18,0,1,1,4,5,0,0,0,0,0,0,1,100,6,0,5.0,706,111,6.36036036036036
1,2,96,73,2,0,5,5,1,0,1,0,1,0,2,0,2,1,2.0,220,37,5.945945945945946
1,9,105,0,2,0,4,5,1,0,0,0,0,0,2,0,12,0,5.0,775,156,4.967948717948718
1,12,104,0,2,0,3,5,1,1,1,1,1,0,3,0,2,0,4.0,101,13,7.769230769230769
1,2,105,0,2,0,6,0,1,0,1,1,1,0,7,0,12,0,3.0,162,36,4.5
1,8,105,0,1,1,6,0,1,0,2,2,0,0,1,0,2,0,1.0,490,99,4.94949494949495
0,1,144,114,2,0,1,5,1,1,1,1,2,0,7,0,2,0,8.0,132,26,5.076923076923077
1,2,105,0,0,1,6,0,1,0,2,2,1,0,1,0,2,0,2.0,80,13,6.153846153846154
0,2,144,54,0,1,6,0,1,1,0,0,1,0,1,0,2,0,3.0,398,76,5.2368421052631575
1,2,105,0,1,2,6,0,1,0,1,1,1,0,1,0,2,0,7.0,658,117,5.6239316239316235
0,4,144,0,1,1,0,0,1,0,0,0,1,0,1,0,2,0,8.0,522,94,5.553191489361702
0,7,26,0,0,6,0,0,0,1,0,0,1,0,1,0,12,0,1.0,350,66,5.303030303030303
0,1,144,0,2,0,1,0,1,1,1,1,1,0,4,0,12,0,5.0,347,68,5.102941176470588
1,12,104,0,0,6,0,0,1,1,1,1,1,0,1,0,2,0,1.0,314,64,4.90625
0,12,41,0,0,5,0,0,0,0,0,2,2,2,1,0,2,0,2.0,276,51,5.411764705882353
1,3,104,0,2,0,0,0,1,1,1,1,1,0,3,0,12,0,4.0,412,85,4.847058823529411
0,1,144,114,1,0,1,0,0,0,1,1,0,0,1,0,12,0,2.0,168,32,5.25
1,14,104,81,1,3,5,5,1,1,1,0,1,0,1,0,12,0,4.0,701,134,5.231343283582089
1,5,105,0,1,0,1,2,1,0,1,1,1,0,1,0,2,0,6.0,213,37,5.756756756756757
1,7,122,0,1,0,0,0,1,2,1,1,1,0,1,0,12,0,5.0,669,133,5.030075187969925
0,28,144,0,0,0,1,5,2,1,2,2,2,0,1,0,3,0,2.0,314,65,4.8307692307692305
0,24,65,114,0,1,6,0,1,2,0,0,1,0,1,200,2,0,1.0,45,8,5.625
0,1,144,114,2,1,3,0,1,0,1,1,1,0,8,0,3,0,10.0,193,38,5.078947368421052
1,17,122,80,1,0,2,4,1,2,0,0,1,0,1,0,2,0,4.0,215,45,4.777777777777778
1,3,105,0,1,3,0,0,0,0,1,1,1,0,1,0,12,0,7.0,84,14,6.0
0,2,147,34,0,0,1,5,1,0,0,0,1,0,2,0,2,0,8.0,458,89,5.146067415730337
0,12,5,48,0,0,6,0,2,2,0,0,1,0,1,400,2,0,4.0,65,12,5.416666666666667
1,6,135,0,0,2,4,0,1,0,1,1,1,0,1,50,2,0,3.0,138,23,6.0
0,1,144,0,1,1,6,0,1,0,2,2,2,0,1,0,2,0,3.0,102,18,5.666666666666667
1,2,105,0,0,3,6,0,0,1,1,0,1,0,1,0,12,0,2.0,19,3,6.333333333333333
1,2,135,0,2,0,5,5,1,0,1,0,1,0,2,0,12,0,7.0,87,12,7.25
1,2,105,0,0,0,6,0,0,0,2,2,1,0,1,0,2,0,2.0,39,7,5.571428571428571
0,1,144,114,2,0,1,3,1,1,1,0,1,0,4,0,12,0,5.0,353,63,5.603174603174603
1,36,105,0,0,0,2,0,0,0,0,2,0,0,3,0,7,0,4.0,51,10,5.1
1,4,121,0,1,1,3,5,0,0,1,0,1,1,1,0,2,0,1.0,209,36,5.805555555555555
1,3,105,96,0,0,0,0,2,0,1,0,1,0,1,0,2,0,1.0,293,49,5.979591836734694
0,2,144,0,0,0,1,0,1,1,0,0,1,0,1,0,4,0,1.0,88,16,5.5
1,2,105,0,2,1,5,0,0,0,1,1,1,0,3,0,6,0,3.0,212,36,5.888888888888889
0,1,144,0,2,0,1,3,1,1,1,1,1,0,8,0,12,0,14.0,582,118,4.932203389830509
0,2,144,0,2,0,1,2,1,0,1,1,1,0,3,0,2,0,19.0,991,162,6.117283950617284
1,0,105,0,0,2,3,5,0,0,1,1,1,0,1,20,2,1,5.0,740,146,5.068493150684931
0,1,144,0,0,0,1,0,1,1,1,1,1,0,1,0,4,0,2.0,91,19,4.7894736842105265
1,3,105,0,2,3,6,0,0,0,0,0,1,0,2,100,2,0,4.0,545,86,6.337209302325581
1,10,105,0,1,1,4,0,1,1,1,0,0,0,1,0,2,0,1.0,272,50,5.44
1,8,107,82,0,6,0,0,1,0,0,0,0,0,2,0,2,1,7.0,980,201,4.875621890547263
1,24,105,0,1,1,4,5,1,1,0,0,1,0,1,0,2,0,4.0,520,95,5.473684210526316
1,2,105,0,1,0,1,4,0,0,1,1,1,0,1,0,2,0,2.0,395,70,5.642857142857143
1,2,105,0,1,0,0,0,0,0,1,0,1,1,1,0,12,0,0.0,170,29,5.862068965517241
0,10,144,0,0,0,4,5,1,1,1,1,1,0,1,0,2,0,2.0,495,97,5.103092783505154
1,2,103,81,1,0,2,5,1,2,1,0,1,0,1,50,2,0,5.0,616,109,5.651376146788991
0,4,144,114,1,1,0,0,1,0,0,0,1,0,1,150,2,0,1.0,116,23,5.043478260869565
0,60,61,0,1,0,5,0,1,1,2,2,2,0,1,0,2,0,2.0,214,42,5.095238095238095
0,1,144,0,2,1,0,0,0,0,1,1,1,0,5,0,2,0,0.0,194,37,5.243243243243243
0,12,13,0,1,0,5,5,2,1,2,2,0,0,1,350,5,0,8.0,1012,208,4.865384615384615
0,36,51,0,0,0,6,0,0,1,0,0,0,0,1,300,2,0,1.0,223,43,5.186046511627907
0,6,144,131,1,0,1,0,1,0,0,0,0,0,1,0,2,0,1.0,227,46,4.934782608695652
0,1,144,0,1,0,1,0,2,0,1,1,1,0,1,0,2,0,2.0,344,67,5.134328358208955
1,1,104,0,0,0,1,3,1,1,0,0,0,0,1,0,12,0,1.0,1133,207,5.473429951690822
0,15,144,0,0,1,3,0,1,0,2,2,2,0,1,0,2,0,4.0,74,14,5.285714285714286
1,2,121,0,0,2,4,0,1,1,0,0,1,0,1,0,2,0,17.0,417,75,5.56
0,1,144,114,1,1,0,0,1,0,0,0,1,0,1,0,2,2,24.0,341,50,6.82
1,3,105,0,1,2,3,5,0,1,1,1,1,0,1,0,5,0,4.0,264,59,4.47457627118644
0,4,144,0,1,4,0,0,1,0,0,0,0,0,1,0,4,0,5.0,365,66,5.53030303030303
1,3,103,101,2,0,3,4,0,1,1,1,1,0,4,0,2,0,5.0,48,8,6.0
0,2,144,114,1,1,0,0,0,0,0,0,1,0,1,0,12,0,1.0,68,11,6.181818181818182
0,1,144,0,1,1,0,0,1,0,1,1,1,0,1,0,5,0,3.0,313,57,5.491228070175438
0,3,144,0,1,1,6,0,1,0,1,0,1,0,1,0,2,0,3.0,185,30,6.166666666666667
1,14,84,0,0,4,6,0,1,1,0,0,0,0,1,0,2,0,5.0,175,34,5.147058823529412
0,2,144,0,2,0,1,5,1,0,1,1,1,0,4,0,12,0,1.0,39,8,4.875
0,2,144,0,1,0,1,0,1,0,2,0,1,0,1,0,2,0,3.0,164,31,5.290322580645161
1,1,135,81,2,0,2,5,0,1,1,0,1,0,2,30,2,0,3.0,360,64,5.625
0,1,144,0,2,1,4,0,1,0,0,0,0,0,3,0,2,0,2.0,77,12,6.416666666666667
1,3,105,0,1,0,0,0,1,0,1,0,1,0,1,0,2,0,3.0,358,61,5.868852459016393
0,2,144,0,1,4,0,0,1,0,0,0,0,0,1,0,2,1,6.0,419,80,5.2375
0,14,144,0,1,0,0,0,1,0,0,0,0,0,1,0,12,1,2.0,805,158,5.094936708860759
1,24,105,0,1,1,3,5,1,0,1,1,0,0,1,0,2,0,1.0,27,4,6.75
1,1,105,0,1,5,6,0,1,0,1,1,1,0,1,0,12,0,1.0,39,8,4.875
0,2,144,0,1,1,0,0,1,0,0,0,1,0,1,0,12,1,4.0,380,72,5.277777777777778
1,2,104,0,0,5,6,0,1,1,1,1,1,0,1,0,2,0,2.0,230,44,5.2272727272727275
0,1,144,0,2,0,1,5,1,0,1,1,1,0,4,0,2,0,8.0,123,23,5.3478260869565215
0,5,144,114,2,0,6,0,1,0,2,2,1,1,2,0,2,0,5.0,1017,189,5.380952380952381
1,5,105,0,1,0,0,0,1,0,1,0,1,0,1,0,12,0,1.0,85,18,4.722222222222222
1,1,105,0,1,0,5,5,1,0,1,0,1,0,1,0,2,0,7.0,55,10,5.5
0,2,144,0,1,2,6,0,1,0,1,1,1,0,1,20,3,0,1.0,122,21,5.809523809523809
0,60,41,0,1,4,0,0,0,0,0,0,2,0,1,0,2,0,5.0,782,139,5.625899280575539
1,2,128,82,2,0,2,0,0,1,1,1,1,0,3,0,2,0,8.0,202,38,5.315789473684211
1,4,104,0,1,4,0,0,1,1,2,2,2,0,1,0,12,1,4.0,198,38,5.2105263157894735
1,0,105,0,2,0,2,0,0,0,2,2,2,0,2,0,2,0,4.0,699,129,5.4186046511627906
0,36,13,0,1,1,4,0,2,1,2,2,0,0,1,0,2,0,3.0,299,61,4.901639344262295
0,48,155,30,1,4,0,0,0,0,2,2,2,0,1,0,2,0,4.0,271,53,5.113207547169812
1,2,105,0,1,0,6,0,1,0,0,0,1,0,1,0,12,0,7.0,827,159,5.20125786163522
1,12,120,0,1,1,4,5,0,0,0,0,0,0,1,0,12,0,1.0,12,2,6.0
1,1,105,0,0,2,6,0,0,0,1,1,1,0,1,0,12,0,3.0,150,30,5.0
1,2,105,82,1,0,6,0,1,0,1,0,1,0,1,0,2,0,11.0,297,54,5.5
1,6,96,0,1,0,1,5,1,1,1,1,1,0,1,0,2,0,1.0,257,52,4.9423076923076925
1,3,105,80,1,0,1,3,0,1,1,1,1,0,2,100,2,0,3.0,88,15,5.866666666666666
0,1,144,0,1,1,0,0,1,0,1,0,1,0,1,0,2,0,11.0,681,115,5.921739130434783
1,3,104,0,2,0,2,5,0,1,0,0,1,0,5,0,2,0,8.0,493,104,4.740384615384615
0,1,144,0,0,6,0,0,1,0,1,1,1,0,1,0,12,0,3.0,157,27,5.814814814814815
1,2,105,0,0,3,6,0,0,0,1,1,1,0,1,0,2,0,5.0,103,19,5.421052631578948
1,48,135,0,2,1,2,2,1,1,0,0,0,0,2,0,12,0,5.0,357,65,5.492307692307692
1,5,135,63,1,0,5,0,1,0,2,2,1,0,1,0,12,0,1.0,191,42,4.5476190476190474
0,2,144,0,1,0,6,0,1,1,0,0,1,0,3,0,2,0,4.0,359,65,5.523076923076923
1,1,105,0,1,0,6,0,1,0,0,0,1,0,1,0,12,0,3.0,318,64,4.96875
0,2,144,0,1,1,6,0,1,1,0,0,1,0,1,0,2,0,3.0,179,33,5.424242424242424
0,1,144,0,0,0,0,0,1,1,0,0,1,0,1,0,12,0,1.0,168,36,4.666666666666667
0,4,144,0,1,0,6,0,1,0,0,0,1,0,1,0,12,0,3.0,174,28,6.214285714285714
0,36,144,0,0,1,0,0,1,0,0,0,1,0,5,0,2,0,1.0,231,46,5.021739130434782
0,1,144,114,1,0,1,0,1,1,1,1,1,0,2,0,2,0,4.0,103,20,5.15
0,2,144,0,1,1,0,0,1,0,1,0,1,0,1,0,2,0,4.0,269,48,5.604166666666667
1,3,105,0,1,0,6,0,1,0,1,0,1,0,1,30,2,0,5.0,230,40,5.75
1,2,105,0,1,5,6,0,0,0,1,1,1,0,1,50,2,0,4.0,137,26,5.269230769230769
0,2,144,0,2,0,1,5,1,0,1,1,1,0,4,0,2,0,8.0,435,75,5.8
0,24,54,114,1,0,2,5,1,0,2,2,2,1,1,0,2,0,1.0,131,26,5.038461538461538
1,2,103,81,2,3,0,0,2,2,1,1,1,0,4,0,12,0,5.0,14,2,7.0
1,12,105,0,1,0,0,0,0,0,0,0,0,0,1,100,12,0,3.0,227,34,6.676470588235294
0,36,144,0,0,0,6,0,1,0,0,0,1,1,1,0,12,0,1.0,150,32,4.6875
1,1,105,0,2,3,5,5,1,0,1,1,1,0,3,0,2,0,5.0,1147,217,5.285714285714286
1,12,128,80,0,1,4,5,1,2,0,0,1,0,1,100,2,0,2.0,326,61,5.344262295081967
0,24,144,0,1,1,0,0,1,0,1,1,0,0,1,0,3,0,1.0,1242,170,7.305882352941176
1,1,96,81,0,3,6,0,1,1,1,1,1,0,1,0,2,0,5.0,133,27,4.925925925925926
1,1,105,0,2,0,3,5,0,0,1,0,1,0,5,0,5,0,7.0,411,78,5.269230769230769
0,24,144,114,2,4,6,0,0,1,1,1,1,0,4,0,12,0,0.0,85,15,5.666666666666667
0,1,144,0,2,0,1,5,1,0,1,1,1,0,9,0,2,2,14.0,569,117,4.863247863247863
0,60,65,126,0,2,4,0,1,1,0,0,1,0,1,0,12,0,5.0,437,96,4.552083333333333
0,1,144,0,0,0,2,0,1,0,1,2,2,0,1,0,3,0,1.0,101,20,5.05
1,2,105,0,1,0,2,4,0,0,1,0,1,0,1,30,2,0,1.0,462,81,5.703703703703703
0,24,144,53,0,1,6,0,1,1,2,2,0,0,1,300,2,0,3.0,562,87,6.459770114942529
1,24,131,104,2,0,1,5,1,1,2,2,2,0,5,0,7,0,0.0,43,9,4.777777777777778
0,2,144,0,2,0,1,5,0,1,0,0,1,0,4,0,2,0,5.0,485,83,5.843373493975903
0,3,144,0,2,1,6,0,1,0,0,0,1,0,2,0,12,0,3.0,92,17,5.411764705882353
1,11,105,0,0,2,3,0,1,0,1,1,1,0,3,50,2,0,4.0,150,32,4.6875
1,10,105,0,0,1,6,0,1,0,1,0,0,0,1,5,2,0,3.0,274,55,4.9818181818181815
1,2,108,0,0,1,6,0,1,1,0,0,1,0,1,50,2,0,4.0,786,148,5.3108108108108105
1,1,122,0,1,6,0,0,1,2,1,1,1,0,1,800,2,0,3.0,103,18,5.722222222222222
1,2,105,0,0,3,4,0,0,0,1,1,1,0,1,0,2,0,4.0,519,99,5.242424242424242
1,6,105,0,0,6,0,0,0,1,0,0,0,0,1,0,2,0,3.0,384,69,5.565217391304348
0,2,144,0,1,1,3,5,1,0,2,2,2,0,2,0,3,0,1.0,138,26,5.3076923076923075
1,2,103,81,2,0,1,4,0,1,1,0,1,0,2,0,12,1,5.0,262,47,5.574468085106383
1,12,105,0,0,6,0,0,1,0,0,0,0,0,1,0,12,0,1.0,39,8,4.875
0,2,69,129,1,1,0,0,1,1,0,0,1,0,1,250,12,0,4.0,402,65,6.184615384615385
0,1,144,0,0,1,0,0,1,0,1,1,1,0,1,0,2,0,8.0,337,62,5.435483870967742
0,30,69,114,0,1,6,0,1,1,0,0,0,0,1,0,2,0,4.0,348,61,5.704918032786885
1,132,105,0,0,4,6,0,1,0,0,0,0,0,1,0,2,0,2.0,736,138,5.333333333333333
1,2,105,0,0,1,6,0,1,1,0,0,1,0,1,0,2,0,2.0,214,44,4.863636363636363
0,7,144,48,1,0,6,0,1,0,0,0,1,0,1,100,2,0,3.0,155,24,6.458333333333333
1,24,128,82,1,1,4,0,0,0,0,2,0,0,1,0,2,0,3.0,465,89,5.224719101123595
0,0,144,0,1,1,0,0,1,0,0,0,1,0,1,0,2,0,1.0,405,74,5.472972972972973
1,2,122,81,0,2,0,0,1,1,1,1,1,0,1,0,12,0,11.0,54,9,6.0
1,2,105,0,2,6,0,0,1,0,1,0,1,0,3,0,7,0,4.0,418,79,5.291139240506329
1,12,105,0,0,6,0,0,2,0,2,2,1,1,1,0,2,0,3.0,44,8,5.5
1,3,105,0,1,0,5,5,0,0,1,1,1,0,1,0,2,0,5.0,17,3,5.666666666666667
1,6,105,0,1,3,0,0,0,0,0,0,0,0,1,200,7,0,6.0,2002,381,5.254593175853018
0,3,144,0,1,0,6,0,0,1,2,2,2,0,1,0,2,0,2.0,204,42,4.857142857142857
1,8,122,72,1,1,6,0,1,1,0,0,1,0,1,0,2,0,4.0,55,8,6.875
1,2,105,0,2,0,3,5,0,0,1,1,1,0,2,0,2,0,3.0,78,15,5.2
0,5,144,0,0,0,0,0,1,0,0,0,1,0,1,0,2,1,5.0,519,103,5.038834951456311
1,4,105,0,0,0,0,0,1,0,0,0,1,0,1,0,2,0,6.0,20,3,6.666666666666667
0,48,60,0,1,0,6,0,0,1,0,0,2,0,1,400,2,0,0.0,60,7,8.571428571428571
1,18,122,80,1,0,3,5,1,2,0,0,0,0,1,30,2,0,5.0,209,35,5.9714285714285715
0,5,144,0,1,0,6,0,2,0,0,0,1,0,1,0,12,0,1.0,204,36,5.666666666666667
0,72,60,0,0,0,6,0,0,2,2,2,2,0,1,0,2,0,3.0,75,14,5.357142857142857
0,1,144,114,2,0,1,3,1,1,1,0,2,0,5,0,0,0,5.0,121,21,5.761904761904762
0,4,144,0,0,0,1,0,1,0,0,0,1,0,1,0,5,0,3.0,542,109,4.972477064220183
0,1,144,0,1,1,0,0,1,1,1,1,1,0,1,0,3,0,1.0,105,15,7.0
0,2,144,0,1,3,0,0,1,1,1,0,1,0,1,0,2,0,13.0,181,35,5.171428571428572
0,1,144,0,1,0,0,0,1,0,0,0,1,0,1,1,2,0,4.0,330,69,4.782608695652174
1,12,122,101,0,0,6,0,2,2,1,0,1,0,1,0,2,0,2.0,153,31,4.935483870967742
0,36,144,0,1,0,1,0,1,0,0,0,1,0,2,0,2,0,17.0,268,49,5.469387755102041
0,5,144,114,0,1,0,0,1,0,1,1,2,0,4,0,2,0,5.0,20,4,5.0
0,2,144,0,1,0,1,1,1,1,0,0,1,0,1,0,2,0,4.0,284,49,5.795918367346939
0,6,30,53,1,0,6,0,0,0,1,0,1,0,1,0,12,0,5.0,363,62,5.854838709677419
0,24,41,0,1,6,0,0,0,0,0,0,1,0,1,200,0,0,5.0,930,184,5.054347826086956
0,2,144,114,0,0,6,0,1,0,0,1,1,0,2,0,5,0,3.0,241,44,5.4772727272727275
1,4,105,0,0,3,6,0,1,0,1,0,1,0,1,0,2,0,6.0,697,132,5.28030303030303
1,4,105,0,1,1,0,0,1,0,1,0,1,0,1,0,1,0,1.0,255,47,5.425531914893617
1,24,83,0,1,1,5,5,1,2,0,0,0,0,1,400,2,1,10.0,1682,284,5.922535211267606
1,2,105,0,2,0,1,5,2,0,1,1,1,0,4,0,12,0,3.0,197,38,5.184210526315789
0,3,144,0,0,0,1,5,1,0,1,1,1,0,2,0,12,0,5.0,821,149,5.510067114093959
0,3,144,0,0,0,3,0,0,0,2,2,0,0,1,1,2,0,3.0,32,6,5.333333333333333
1,2,105,0,1,1,6,0,1,0,1,1,1,0,1,0,2,1,5.0,115,23,5.0
0,5,144,0,1,6,0,0,1,0,0,0,0,0,1,0,2,0,5.0,378,70,5.4
1,48,105,101,1,1,5,5,0,0,0,0,0,0,2,30,2,0,6.0,1600,320,5.0
0,5,144,0,0,1,4,5,1,0,0,0,0,0,2,0,2,1,20.0,356,60,5.933333333333334
0,4,144,114,1,0,1,0,1,0,2,2,2,0,2,0,2,0,5.0,395,70,5.642857142857143
1,2,104,0,0,4,0,0,0,1,2,2,2,0,1,0,3,0,6.0,271,47,5.76595744680851
1,1,104,82,0,1,2,0,1,1,1,1,1,0,1,0,11,0,2.0,273,57,4.7894736842105265
1,24,128,0,1,3,5,5,2,0,0,0,0,0,1,0,12,0,2.0,44,7,6.285714285714286
1,12,135,0,0,2,6,0,1,0,2,0,1,0,1,0,12,0,1.0,162,28,5.785714285714286
0,8,144,0,0,0,1,3,1,1,0,0,0,0,2,0,2,0,1.0,315,61,5.163934426229508
1,21,135,0,1,3,6,0,1,0,0,0,0,1,1,0,2,0,2.0,574,109,5.26605504587156
1,4,104,0,1,0,3,5,2,1,1,1,2,0,1,0,2,0,3.0,209,37,5.648648648648648
0,1,144,114,2,1,2,4,1,1,1,1,1,0,9,0,4,0,11.0,594,117,5.076923076923077
1,2,104,0,0,2,6,0,1,1,1,1,1,1,1,0,12,0,1.0,662,133,4.977443609022556
0,4,144,0,1,2,4,0,1,0,0,0,0,0,1,5,12,0,5.0,399,82,4.865853658536586
0,24,54,128,1,0,1,5,1,1,0,0,0,0,1,0,2,0,11.0,309,57,5.421052631578948
0,2,144,0,1,0,6,0,1,1,1,1,1,0,6,0,2,0,6.0,194,37,5.243243243243243
1,3,105,0,2,1,3,0,1,0,0,0,0,0,5,100,2,0,5.0,322,52,6.1923076923076925
1,12,104,0,0,2,6,0,1,1,0,0,1,0,1,100,12,0,1.0,35,6,5.833333333333333
1,7,105,0,0,3,6,0,1,0,0,0,1,0,1,0,2,0,3.0,8,1,8.0
1,12,105,0,0,6,0,0,1,0,0,0,2,0,1,0,2,0,1.0,629,119,5.285714285714286
1,7,103,81,0,4,0,0,1,1,1,1,1,0,1,0,2,0,2.0,158,29,5.448275862068965
1,1,104,82,2,0,3,5,0,1,1,1,1,0,4,0,12,0,3.0,269,54,4.981481481481482
0,84,17,0,1,1,6,0,0,1,0,0,0,0,1,0,2,0,5.0,506,91,5.56043956043956
0,3,144,114,0,1,0,0,1,0,1,0,1,0,1,0,2,0,4.0,228,45,5.066666666666666
0,5,144,0,1,1,2,2,1,0,0,0,2,0,1,0,2,0,3.0,710,136,5.220588235294118
1,10,105,0,0,0,6,0,1,0,1,1,0,0,1,0,2,0,7.0,125,20,6.25
1,3,105,0,1,0,0,0,1,0,1,1,1,0,1,0,2,0,11.0,255,47,5.425531914893617
0,60,144,0,0,1,0,0,1,1,2,0,0,0,1,0,12,0,6.0,718,123,5.837398373983739
0,1,144,0,2,0,1,0,1,0,1,1,0,0,7,20,2,0,1.0,31,7,4.428571428571429
0,19,166,0,1,0,1,3,2,0,0,0,1,0,1,500,2,0,4.0,794,157,5.057324840764331
1,1,104,82,1,0,3,5,1,1,1,1,1,0,1,0,3,0,3.0,332,64,5.1875
1,2,105,0,1,5,6,0,0,0,2,2,2,0,1,0,2,0,5.0,775,145,5.344827586206897
0,6,99,114,0,0,1,5,1,1,0,0,1,0,1,0,4,0,4.0,516,93,5.548387096774194
1,2,135,68,0,0,5,5,1,0,1,0,1,0,1,0,12,0,4.0,1210,211,5.734597156398104
0,72,60,0,1,2,6,0,0,2,0,0,0,0,1,0,2,0,1.0,157,30,5.233333333333333
0,2,144,0,0,0,0,0,1,0,1,0,1,0,1,0,2,0,5.0,869,166,5.234939759036145
0,12,144,0,0,2,0,0,1,1,0,0,2,0,1,0,12,0,3.0,670,124,5.403225806451613
1,5,105,0,1,1,5,5,1,0,2,2,2,0,1,0,2,0,5.0,812,151,5.377483443708609
1,1,135,82,2,0,1,5,0,1,1,0,1,0,3,0,2,0,3.0,20,3,6.666666666666667
0,2,144,53,0,2,4,0,1,0,1,1,1,0,1,0,2,0,2.0,462,90,5.133333333333334
1,3,105,0,0,1,0,0,1,0,0,0,1,0,1,100,2,0,3.0,452,70,6.457142857142857
1,1,104,0,2,5,6,0,1,1,1,1,1,0,2,0,2,0,25.0,1518,240,6.325
1,1,125,0,0,1,4,4,1,2,0,0,1,0,1,250,2,0,8.0,1403,246,5.703252032520325
0,2,144,0,2,1,0,0,1,0,1,0,1,0,2,0,2,0,5.0,380,75,5.066666666666666
1,1,104,0,0,0,3,5,1,1,1,1,1,0,1,0,2,0,1.0,25,4,6.25
0,4,8,114,0,4,6,0,2,1,0,0,1,0,1,0,7,0,3.0,532,90,5.911111111111111
1,1,105,0,1,2,3,5,1,0,1,1,1,0,1,0,3,0,5.0,447,89,5.022471910112359
0,1,144,114,0,0,1,5,1,0,1,1,2,0,2,0,7,0,3.0,368,71,5.183098591549296
1,0,96,0,1,0,2,5,0,1,1,1,1,0,1,100,12,0,3.0,107,19,5.631578947368421
1,3,88,63,0,2,4,5,1,0,1,1,1,0,1,0,2,0,3.0,886,167,5.3053892215568865
1,6,105,0,0,3,6,0,1,1,1,0,0,0,1,100,12,0,8.0,221,41,5.390243902439025
1,2,105,0,0,0,0,0,1,0,1,1,1,1,1,0,2,0,4.0,237,38,6.2368421052631575
0,78,69,47,0,0,6,0,1,1,2,2,2,0,1,0,2,0,2.0,355,68,5.220588235294118
0,9,11,114,1,0,1,0,1,0,0,0,0,0,1,0,2,0,2.0,214,41,5.219512195121951
0,1,144,0,0,0,0,0,1,0,1,1,1,0,1,0,7,0,2.0,125,27,4.62962962962963
1,6,105,0,0,1,6,0,0,0,0,0,0,0,1,0,12,0,2.0,333,64,5.203125
0,24,41,0,0,6,0,0,0,1,2,2,2,0,1,0,12,0,3.0,161,27,5.962962962962963
0,1,144,114,0,0,1,3,1,1,0,0,1,0,1,0,2,0,2.0,302,53,5.69811320754717
0,24,144,0,1,0,1,1,1,1,0,0,0,0,1,0,2,0,2.0,354,67,5.2835820895522385
1,2,105,0,0,2,6,0,0,0,1,1,1,0,1,0,2,0,5.0,60,8,7.5
0,36,144,0,1,0,1,0,0,1,0,0,0,0,1,0,2,0,7.0,427,83,5.144578313253012
0,0,144,0,2,0,1,2,2,0,2,2,2,0,9,0,2,0,8.0,512,102,5.019607843137255
0,18,24,0,0,5,6,0,1,2,0,0,0,0,1,0,2,0,2.0,628,117,5.367521367521367
1,2,105,0,2,0,6,0,0,0,1,0,1,0,2,0,12,0,2.0,41,7,5.857142857142857
1,3,103,0,0,6,0,0,0,1,1,0,1,0,1,0,12,0,1.0,12,2,6.0
1,6,135,82,0,6,0,0,1,1,1,1,1,0,1,0,12,0,6.0,396,80,4.95
1,1,104,0,1,0,2,5,1,1,1,1,1,0,1,0,7,0,3.0,91,19,4.7894736842105265
0,7,155,124,1,4,6,0,0,0,0,0,0,0,1,0,5,0,3.0,193,32,6.03125
0,1,144,114,0,1,0,0,1,1,0,0,1,0,1,0,2,0,2.0,12,2,6.0
1,3,128,81,1,1,6,0,1,1,1,1,1,0,2,150,2,0,5.0,308,53,5.811320754716981
1,12,105,0,0,0,1,5,0,0,2,2,2,0,1,0,2,0,3.0,68,11,6.181818181818182
1,3,104,0,1,0,6,0,0,1,1,1,1,0,4,0,2,0,1.0,181,40,4.525
1,2,104,0,1,0,0,0,1,1,1,1,1,0,1,0,2,0,1.0,151,23,6.565217391304348
1,2,105,0,0,6,0,0,1,1,0,0,1,0,1,0,2,0,1.0,204,36,5.666666666666667
0,2,144,0,2,0,1,0,1,1,1,0,2,0,2,0,12,0,5.0,302,54,5.592592592592593
0,2,161,114,0,1,6,0,1,0,1,1,1,0,1,0,2,0,3.0,360,69,5.217391304347826
0,3,144,0,1,4,0,0,1,0,1,0,1,0,1,0,7,0,1.0,261,55,4.745454545454545
0,24,144,6,1,2,4,0,1,1,0,0,0,0,1,180,2,1,8.0,653,125,5.224
1,24,105,0,1,0,1,3,1,0,1,1,1,0,1,0,12,0,1.0,230,41,5.609756097560975
1,3,105,0,1,5,6,0,0,0,1,1,1,0,1,0,12,0,0.0,72,10,7.2
0,2,144,114,1,0,1,0,2,0,1,0,1,0,1,50,5,0,2.0,178,34,5.235294117647059
0,1,144,0,1,1,6,0,1,1,0,0,1,0,1,0,2,0,1.0,475,78,6.089743589743589
1,1,104,0,0,6,0,0,1,1,1,1,1,0,1,0,2,0,3.0,166,28,5.928571428571429
1,1,104,0,0,0,6,0,0,1,1,1,1,0,1,0,2,0,4.0,214,42,5.095238095238095
0,6,144,0,1,0,1,5,1,0,0,0,0,0,1,0,12,0,1.0,319,55,5.8
0,12,144,54,1,0,5,0,1,1,0,0,0,0,1,0,0,0,2.0,533,98,5.438775510204081
0,18,144,0,0,0,1,0,1,0,0,0,0,0,1,300,2,0,1.0,497,74,6.716216216216216
0,24,144,0,1,1,4,0,0,1,2,2,2,0,1,0,2,0,2.0,153,29,5.275862068965517
0,2,144,0,1,1,6,0,1,1,1,1,1,0,1,0,3,0,3.0,155,25,6.2
1,24,82,0,1,1,3,3,1,1,2,2,2,0,2,0,2,0,3.0,453,91,4.978021978021978
1,3,104,0,0,4,6,0,1,1,2,2,1,0,1,0,2,0,4.0,57,11,5.181818181818182
0,3,144,0,0,0,6,0,1,0,1,0,1,0,1,0,2,0,3.0,164,26,6.3076923076923075
0,2,144,0,1,1,2,0,1,1,2,2,2,0,1,0,2,0,2.0,109,18,6.055555555555555
1,12,105,0,1,0,5,5,0,0,0,0,1,0,1,0,2,0,3.0,303,56,5.410714285714286
0,2,144,0,1,6,0,0,1,1,1,1,1,0,1,0,12,0,4.0,63,12,5.25
0,1,144,114,2,0,1,0,1,1,1,1,1,0,3,0,2,0,6.0,69,12,5.75
0,1,144,0,1,1,6,0,1,0,1,2,1,0,1,0,12,0,10.0,135,24,5.625
0,2,69,41,1,0,1,5,0,1,0,0,1,0,1,0,12,0,4.0,974,191,5.099476439790576
0,24,60,0,1,0,1,5,0,2,0,0,1,0,1,1000,12,0,2.0,7,1,7.0
1,8,103,81,2,1,3,3,2,2,2,2,2,0,6,100,2,0,0.0,586,122,4.80327868852459
0,3,144,0,1,1,2,3,1,0,1,0,1,0,1,0,2,1,8.0,526,88,5.9772727272727275
1,3,105,0,0,3,6,0,0,0,0,0,0,0,1,0,12,0,7.0,112,19,5.894736842105263
0,0,144,0,2,0,1,0,1,1,1,2,1,0,3,0,7,0,1.0,89,17,5.235294117647059
0,4,144,0,0,1,0,0,2,1,0,0,1,0,1,0,2,0,1.0,468,83,5.63855421686747
1,2,105,0,1,0,4,5,1,0,1,0,1,0,1,0,12,0,1.0,36,5,7.2
0,3,144,0,1,1,0,0,1,0,0,0,1,0,1,0,12,0,4.0,54,8,6.75
0,48,47,114,0,0,0,0,2,0,0,0,0,0,1,0,12,0,4.0,184,35,5.257142857142857
0,3,144,0,0,1,4,5,1,1,1,0,1,0,1,0,3,0,0.0,487,94,5.180851063829787
0,2,41,39,0,1,0,0,0,1,1,0,1,0,1,450,2,0,3.0,243,41,5.926829268292683
1,3,104,0,2,0,4,4,0,1,1,1,1,0,4,0,2,0,10.0,129,20,6.45
0,3,144,0,1,0,1,0,2,0,2,2,1,0,1,0,2,0,2.0,119,21,5.666666666666667
1,5,128,0,1,5,6,0,2,1,0,0,1,0,1,0,2,0,3.0,787,163,4.828220858895706
0,3,144,4,0,0,6,0,1,1,0,0,1,0,1,0,2,0,5.0,14,3,4.666666666666667
0,2,99,114,0,0,1,5,2,0,0,0,1,0,1,0,2,0,1.0,314,58,5.413793103448276
1,3,131,0,0,6,0,0,0,0,2,2,2,0,1,0,12,0,1.0,319,59,5.406779661016949
1,1,105,0,1,2,3,3,1,0,1,1,1,0,1,0,1,0,3.0,182,28,6.5
1,2,105,0,1,0,0,0,0,0,1,1,1,0,1,0,2,3,4.0,586,114,5.140350877192983
0,1,144,0,2,0,1,3,1,1,1,1,1,0,5,0,2,0,11.0,324,43,7.534883720930233
1,2,104,0,1,6,0,0,2,1,1,0,1,0,1,15,12,0,3.0,453,79,5.734177215189874
1,4,96,0,1,0,2,5,1,0,0,0,1,0,2,0,2,0,3.0,609,96,6.34375
0,1,144,0,0,1,0,0,0,0,2,2,2,0,4,0,2,0,1.0,297,60,4.95
0,2,144,114,0,0,1,3,0,0,1,1,1,0,1,0,2,0,1.0,24,5,4.8
0,10,144,0,1,0,3,0,0,0,0,0,0,0,1,0,2,0,1.0,59,12,4.916666666666667
0,1,144,0,1,1,0,0,1,0,1,0,1,1,1,38,2,0,1.0,277,52,5.326923076923077
0,4,144,0,1,1,2,3,1,1,0,0,1,0,1,0,2,1,6.0,923,178,5.185393258426966
1,1,105,0,0,0,6,0,0,0,2,2,2,0,1,0,3,0,1.0,74,14,5.285714285714286
0,2,144,114,0,4,0,0,1,1,1,0,1,0,1,0,4,0,1.0,118,21,5.619047619047619
0,4,144,0,1,1,0,0,1,0,0,0,0,0,1,0,12,0,6.0,593,116,5.112068965517241
0,3,144,0,0,1,0,0,1,0,0,0,1,0,1,0,2,0,1.0,150,28,5.357142857142857
0,2,144,0,1,0,5,5,1,2,0,0,1,0,1,0,2,0,5.0,395,55,7.181818181818182
0,2,144,0,1,4,0,0,1,1,0,0,1,0,1,0,12,0,5.0,99,17,5.823529411764706
0,72,144,0,1,0,1,0,1,0,0,0,1,0,1,0,2,0,2.0,54,12,4.5
0,1,144,0,1,0,1,0,1,1,2,2,1,0,1,0,2,0,1.0,119,21,5.666666666666667
0,12,144,0,1,1,0,0,1,0,0,0,0,0,1,0,2,0,1.0,199,37,5.378378378378378
0,3,144,0,0,1,0,0,1,0,0,0,1,0,1,0,2,0,4.0,335,62,5.403225806451613
1,1,105,0,0,0,2,0,0,0,1,1,1,0,3,0,12,0,3.0,535,102,5.245098039215686
0,1,144,0,1,0,1,0,1,0,2,2,1,0,1,0,2,0,5.0,141,23,6.130434782608695
0,2,144,0,1,0,1,5,1,1,1,1,1,0,1,0,3,0,2.0,180,26,6.923076923076923
1,30,135,82,0,2,3,3,1,0,0,0,0,0,1,0,12,0,2.0,347,66,5.257575757575758
0,18,165,114,0,0,6,0,1,1,0,0,0,0,1,0,2,0,3.0,374,71,5.267605633802817
0,3,144,0,1,0,0,0,1,1,0,0,1,0,1,0,2,0,1.0,71,14,5.071428571428571
0,1,144,0,2,0,1,5,1,0,1,1,1,0,4,0,12,0,7.0,271,55,4.927272727272728
1,6,135,0,0,0,5,0,1,1,0,0,0,0,1,0,2,0,6.0,326,60,5.433333333333334
1,3,105,0,1,3,4,5,1,0,1,0,1,0,1,0,2,0,9.0,126,24,5.25
1,2,105,0,0,2,0,0,1,0,1,1,1,0,1,0,2,0,6.0,325,55,5.909090909090909
1,12,105,0,1,0,6,0,1,1,1,0,0,0,1,0,12,0,2.0,89,18,4.944444444444445
1,2,105,0,0,3,6,0,1,1,1,1,1,0,1,0,2,0,3.0,16,3,5.333333333333333
0,3,144,0,1,0,1,3,1,1,0,0,1,0,1,0,2,1,5.0,329,67,4.91044776119403
0,36,159,0,1,0,6,0,0,1,0,0,0,0,1,0,2,0,5.0,521,100,5.21
1,3,104,0,2,3,5,5,0,1,0,0,1,0,2,0,12,0,15.0,359,59,6.084745762711864
1,1,105,0,0,4,6,0,0,0,1,1,1,0,1,50,7,0,3.0,281,49,5.73469387755102
1,16,126,0,0,5,0,0,1,0,1,0,1,0,1,200,12,0,2.0,117,20,5.85
0,22,165,0,1,1,6,0,1,0,0,0,0,0,1,0,12,0,2.0,382,72,5.305555555555555
0,2,144,0,1,0,4,5,1,0,1,1,1,0,1,0,4,1,7.0,1239,230,5.386956521739131
1,12,122,0,1,5,6,0,2,1,2,0,1,0,8,0,2,0,2.0,387,78,4.961538461538462
0,6,166,114,1,0,1,0,1,0,0,0,0,0,1,0,2,0,1.0,105,18,5.833333333333333
1,1,105,0,0,0,6,0,1,0,2,2,2,0,1,0,12,0,3.0,446,90,4.955555555555556
0,1,144,114,0,6,0,0,0,1,1,1,1,0,4,0,3,0,0.0,243,47,5.170212765957447
1,1,104,0,0,0,1,0,1,1,2,2,2,0,1,0,12,0,2.0,118,23,5.130434782608695
1,4,105,73,1,0,1,1,1,1,1,0,1,0,1,0,12,0,1.0,376,61,6.163934426229508
1,84,105,0,0,0,1,5,2,0,1,0,0,1,1,200,2,0,11.0,564,87,6.482758620689655
1,11,105,0,0,1,4,5,1,0,0,0,0,0,1,0,12,0,6.0,228,44,5.181818181818182
1,4,105,0,0,1,6,0,0,0,1,1,1,0,1,30,12,0,3.0,434,81,5.3580246913580245
0,36,144,118,0,1,3,0,1,0,2,2,2,0,1,0,2,0,5.0,388,78,4.9743589743589745
1,12,105,82,2,0,1,2,0,0,1,1,1,0,3,0,2,0,14.0,566,112,5.053571428571429
0,3,144,0,1,1,6,0,1,0,0,0,1,0,1,0,12,0,7.0,246,41,6.0
1,18,105,0,0,1,0,0,0,0,2,0,2,0,1,0,12,0,6.0,22,5,4.4
1,6,105,0,0,0,6,0,1,0,2,2,2,0,1,0,12,0,3.0,82,12,6.833333333333333
1,2,103,0,0,0,0,0,1,2,1,2,2,0,1,0,12,1,3.0,31,6,5.166666666666667
1,1,104,81,2,0,3,5,1,1,2,2,2,0,4,0,2,0,8.0,174,33,5.2727272727272725
1,3,105,0,0,4,0,0,0,0,1,1,1,0,1,0,1,0,2.0,210,29,7.241379310344827
0,3,144,114,0,1,6,0,1,1,1,0,1,0,1,0,2,0,5.0,14,3,4.666666666666667
0,2,144,0,1,1,0,0,1,0,2,2,2,0,3,0,12,0,0.0,115,26,4.423076923076923
1,8,114,97,1,0,1,4,1,2,1,1,1,0,1,100,2,0,4.0,204,41,4.975609756097561
1,3,105,0,1,0,6,0,0,0,0,1,1,0,1,1,3,0,5.0,20,3,6.666666666666667
1,3,105,0,1,0,2,0,1,0,0,0,1,0,1,0,2,0,2.0,544,96,5.666666666666667
1,2,104,82,2,1,2,3,0,1,1,1,1,0,2,0,2,0,2.0,891,169,5.272189349112426
0,12,44,114,1,0,1,5,0,0,2,2,0,0,1,0,2,0,1.0,104,19,5.473684210526316
1,3,105,0,1,0,6,0,1,1,1,1,1,0,1,0,2,1,4.0,526,95,5.536842105263158
0,2,144,114,1,1,0,0,1,1,0,0,1,0,1,0,2,0,5.0,12,2,6.0
1,3,105,0,0,0,5,5,1,0,0,0,1,0,1,0,2,0,3.0,372,73,5.095890410958904
0,120,155,0,1,0,3,5,0,0,0,0,1,0,1,0,2,0,4.0,193,36,5.361111111111111
0,7,144,6,0,1,2,0,1,1,0,0,0,0,1,0,4,0,7.0,1060,194,5.463917525773196
0,4,61,4,0,0,6,0,2,1,0,0,1,0,1,600,2,0,3.0,229,43,5.325581395348837
0,12,144,114,1,4,6,0,1,0,2,2,2,0,1,0,5,0,5.0,53,9,5.888888888888889
1,3,122,81,0,2,0,0,0,1,0,0,1,0,1,200,12,0,4.0,339,72,4.708333333333333
1,1,105,0,0,2,0,0,1,1,1,1,1,0,1,0,2,0,6.0,413,75,5.506666666666667
0,2,144,114,0,0,0,0,1,0,0,0,1,0,1,50,2,1,5.0,1110,180,6.166666666666667
0,2,144,0,1,1,0,0,1,0,0,0,1,0,1,0,2,0,4.0,232,44,5.2727272727272725
0,48,5,114,0,0,1,0,2,1,0,0,0,0,1,0,2,0,1.0,322,50,6.44
1,12,104,0,1,6,0,0,1,1,1,0,0,0,1,0,2,0,14.0,149,24,6.208333333333333
1,1,105,81,2,0,5,5,0,1,1,1,1,0,2,0,12,0,3.0,357,64,5.578125
0,1,144,114,2,0,1,5,1,0,1,1,1,0,3,0,2,0,11.0,1357,247,5.493927125506073
0,2,69,114,1,0,1,5,1,1,2,2,1,0,1,0,2,0,3.0,139,22,6.318181818181818
1,2,105,82,1,0,0,0,1,0,1,1,1,0,3,0,3,0,4.0,156,27,5.777777777777778
1,5,126,82,0,5,0,0,1,0,0,0,0,0,1,150,2,0,3.0,47,8,5.875
0,12,144,0,0,0,1,0,0,0,2,0,2,0,1,0,3,0,3.0,224,36,6.222222222222222
0,3,144,0,0,0,0,0,1,0,1,1,1,0,1,0,2,0,1.0,333,70,4.757142857142857
1,12,135,0,0,3,4,5,1,0,1,1,0,0,1,200,2,0,1.0,549,109,5.036697247706422
0,2,144,0,2,1,2,5,0,0,1,1,1,0,3,0,2,0,7.0,394,79,4.987341772151899
0,12,144,0,1,2,4,0,1,1,1,1,1,1,1,0,12,0,5.0,1860,359,5.181058495821727
0,2,144,0,0,0,6,0,1,1,1,0,1,0,1,0,3,0,3.0,178,25,7.12
1,18,122,97,0,4,6,0,2,1,1,1,1,0,1,180,2,0,2.0,469,93,5.043010752688172
0,3,165,114,0,0,2,5,2,0,1,0,1,0,1,0,2,0,19.0,375,60,6.25
0,1,144,0,1,3,4,0,1,0,0,0,1,0,1,10,3,0,1.0,350,66,5.303030303030303
0,72,5,0,1,0,1,1,2,2,0,0,1,0,1,0,4,0,4.0,441,84,5.25
0,1,144,0,1,0,1,0,1,0,1,1,1,0,1,0,2,0,4.0,180,31,5.806451612903226
1,1,104,0,0,3,4,0,1,1,1,1,1,0,1,0,2,0,9.0,229,50,4.58
0,18,41,0,0,1,2,0,0,1,0,0,1,0,1,0,12,0,1.0,180,32,5.625
0,1,144,0,0,0,1,0,1,0,0,0,1,0,1,0,2,0,12.0,667,125,5.336
1,3,105,0,1,6,0,0,1,1,2,2,1,0,1,50,12,0,3.0,315,60,5.25
0,2,147,114,1,0,6,0,1,2,0,0,0,0,1,0,4,0,1.0,24,4,6.0
0,36,51,0,0,5,6,0,0,0,2,2,1,0,1,200,2,0,2.0,418,79,5.291139240506329
1,5,105,0,1,0,6,0,0,0,0,1,0,0,1,100,12,0,2.0,80,12,6.666666666666667
0,8,144,0,0,0,0,0,1,1,0,0,0,0,1,0,2,0,3.0,884,157,5.630573248407643
0,3,144,0,0,1,4,5,1,0,0,0,1,0,1,0,2,0,3.0,110,20,5.5
1,2,135,82,0,1,2,5,1,0,1,0,1,0,2,0,2,0,13.0,2259,419,5.391408114558472
1,2,105,111,1,0,2,5,0,1,0,0,1,0,1,0,2,0,4.0,344,71,4.845070422535211
1,1,105,0,0,0,6,0,1,0,1,1,1,0,1,15,2,0,7.0,101,20,5.05
1,1,105,0,0,3,0,0,0,0,1,0,1,0,1,0,12,0,6.0,152,28,5.428571428571429
1,2,105,0,0,6,0,0,1,0,1,0,1,0,1,0,12,0,2.0,133,21,6.333333333333333
1,3,105,0,0,5,6,0,1,0,1,1,1,0,1,0,2,0,9.0,883,155,5.696774193548387
1,2,104,0,2,1,5,5,1,1,1,0,1,0,3,0,2,0,1.0,256,45,5.688888888888889
1,2,88,101,1,0,3,0,0,1,1,0,1,0,1,150,2,0,1.0,15,2,7.5
1,2,104,82,1,2,5,0,0,1,1,1,1,0,2,0,3,0,3.0,93,16,5.8125
1,2,105,0,2,1,5,0,1,0,1,1,1,0,2,0,5,0,3.0,382,66,5.787878787878788
0,2,144,114,2,0,3,5,1,0,1,1,1,0,5,0,3,0,5.0,121,24,5.041666666666667
1,8,105,97,1,4,6,0,0,1,1,1,1,0,2,0,12,0,2.0,171,30,5.7
1,1,143,106,2,3,5,5,1,0,1,1,1,0,3,0,12,0,3.0,349,66,5.287878787878788
0,2,144,0,1,0,1,3,1,0,1,0,1,0,2,0,1,0,5.0,397,76,5.223684210526316
1,2,104,0,0,1,2,3,1,1,1,1,1,0,1,0,12,0,3.0,270,53,5.09433962264151
0,27,41,47,0,5,0,0,1,1,2,2,1,0,1,0,0,0,4.0,720,143,5.034965034965035
0,2,171,114,1,1,6,0,1,0,2,2,1,0,1,0,2,0,4.0,121,21,5.761904761904762
1,8,105,0,1,0,1,5,0,0,1,1,1,0,1,0,2,0,5.0,154,27,5.703703703703703
1,24,103,0,1,1,0,0,1,2,0,0,0,0,1,150,7,0,1.0,211,36,5.861111111111111
0,3,144,0,1,1,0,0,1,2,1,1,1,0,1,0,2,0,3.0,255,51,5.0
1,24,105,0,0,4,6,0,1,0,0,0,0,0,1,0,12,0,1.0,825,159,5.188679245283019
0,2,144,0,1,0,1,5,1,0,0,0,1,0,1,0,2,0,7.0,18,3,6.0
0,2,144,0,0,1,0,0,1,1,0,0,2,0,1,0,0,0,1.0,65,10,6.5
0,3,144,0,1,6,0,0,1,0,1,1,1,0,1,0,2,0,1.0,391,80,4.8875
0,48,51,0,1,5,0,0,0,1,0,0,0,0,1,300,12,0,0.0,505,96,5.260416666666667
0,10,52,114,1,6,0,0,1,0,2,2,2,0,2,0,12,0,5.0,412,82,5.024390243902439
1,3,105,0,1,1,0,0,0,0,0,0,0,0,1,0,12,0,3.0,213,40,5.325
0,24,144,0,0,0,3,0,1,0,1,1,1,0,1,0,2,0,2.0,765,146,5.239726027397261
0,2,79,114,1,1,0,0,1,0,2,2,1,0,1,0,2,0,2.0,123,21,5.857142857142857
0,56,60,0,0,0,1,5,0,0,0,0,1,0,1,0,12,0,2.0,1252,231,5.41991341991342
1,8,104,0,1,0,1,5,1,1,1,1,1,0,5,0,2,0,4.0,22,4,5.5
0,1,144,114,2,0,1,5,1,0,1,1,1,0,7,0,7,0,3.0,657,124,5.298387096774194
0,1,144,114,1,0,1,0,0,0,1,1,2,0,1,0,2,0,1.0,381,71,5.366197183098592
0,24,144,114,0,0,1,1,1,1,2,2,2,0,2,0,12,0,4.0,184,35,5.257142857142857
0,10,166,114,0,0,1,0,2,1,0,0,0,0,1,0,2,0,6.0,402,75,5.36
1,4,105,0,2,0,0,0,1,0,1,1,1,0,2,0,2,0,3.0,450,84,5.357142857142857
0,5,144,0,0,0,1,0,2,0,0,0,1,0,1,0,7,0,8.0,329,61,5.39344262295082
1,9,104,0,0,2,0,0,0,1,1,1,1,0,1,0,12,0,4.0,100,15,6.666666666666667
1,1,105,0,1,0,6,0,1,0,1,0,1,0,3,50,3,0,8.0,1058,197,5.370558375634518
1,3,105,0,1,0,5,5,1,0,1,1,1,0,1,0,2,0,3.0,617,111,5.558558558558558
0,7,51,30,1,0,1,0,1,1,0,0,1,0,1,100,12,0,2.0,505,90,5.611111111111111
1,2,104,82,2,4,5,5,2,1,1,0,2,0,5,30,2,0,5.0,64,9,7.111111111111111
1,6,105,0,0,3,6,0,1,0,0,0,0,0,1,100,12,0,1.0,59,7,8.428571428571429
1,3,104,0,1,0,6,0,0,0,1,1,1,0,1,0,12,0,5.0,249,45,5.533333333333333
0,3,144,0,1,1,6,0,1,1,0,0,1,0,1,0,2,0,2.0,217,46,4.717391304347826
1,10,103,80,1,2,0,0,1,1,2,2,2,0,1,0,2,0,5.0,58,10,5.8
0,4,144,0,1,1,6,0,1,0,1,0,1,0,1,0,2,0,0.0,487,98,4.969387755102041
1,1,135,0,1,0,3,5,1,1,1,1,1,0,1,0,12,0,4.0,92,13,7.076923076923077
1,7,105,0,0,3,6,0,1,1,1,1,1,0,1,0,12,0,1.0,39,4,9.75
1,6,105,0,1,5,0,0,1,0,0,0,0,0,1,100,12,0,1.0,139,22,6.318181818181818
1,2,104,0,0,2,0,0,1,0,1,0,1,0,1,0,2,0,14.0,824,153,5.38562091503268
0,3,144,16,0,1,6,0,1,0,2,2,1,0,1,0,2,0,3.0,87,17,5.117647058823529
0,12,148,0,1,0,6,0,0,0,0,0,0,0,1,250,2,0,3.0,263,50,5.26
0,3,144,0,1,4,6,0,1,1,1,1,1,0,1,0,3,0,3.0,556,105,5.295238095238095
1,2,105,106,2,1,2,4,0,0,1,1,1,0,2,0,3,1,8.0,2765,478,5.7845188284518825
1,3,135,81,1,0,1,4,0,1,1,0,1,0,1,0,12,0,1.0,902,183,4.9289617486338795
1,2,105,0,2,1,2,2,0,1,1,1,1,0,3,0,2,0,1.0,591,106,5.5754716981132075
0,3,144,0,1,1,5,5,1,2,2,0,2,0,2,0,2,0,4.0,116,16,7.25
0,13,144,0,1,0,1,0,1,0,2,2,0,0,1,0,2,0,5.0,301,59,5.101694915254237
1,2,135,0,1,1,3,4,0,0,1,0,1,0,1,0,2,0,5.0,91,17,5.352941176470588
0,6,144,114,0,1,3,0,1,1,0,0,0,0,2,0,2,0,5.0,343,60,5.716666666666667
0,72,144,16,0,2,3,5,1,1,2,2,2,0,1,0,2,0,2.0,767,146,5.2534246575342465
1,4,105,0,1,2,3,5,1,0,1,1,1,0,1,0,12,0,3.0,581,108,5.37962962962963
1,2,105,0,1,0,1,4,0,0,1,0,1,0,1,0,2,0,4.0,333,62,5.370967741935484
1,0,105,0,0,0,5,5,1,0,1,1,1,0,1,0,2,0,3.0,575,113,5.088495575221239
0,2,144,0,0,1,0,0,1,1,0,0,1,0,1,0,2,0,2.0,323,64,5.046875
1,4,105,0,0,0,6,0,1,0,0,0,2,0,1,0,5,0,4.0,1072,216,4.962962962962963
0,2,144,0,1,0,1,0,1,0,0,1,1,0,1,0,3,0,1.0,218,36,6.055555555555555
0,3,144,130,1,0,5,5,2,0,0,0,0,0,1,0,2,0,1.0,55,10,5.5
1,12,105,0,1,0,0,0,1,1,2,2,2,0,1,0,12,0,6.0,924,181,5.104972375690608
0,10,144,0,1,1,0,0,1,0,0,0,0,0,1,0,2,0,5.0,608,114,5.333333333333333
1,17,105,0,1,0,1,5,1,0,1,1,1,0,1,0,2,0,1.0,193,30,6.433333333333334
1,3,135,0,1,0,5,5,1,0,0,0,1,0,1,0,2,0,2.0,57,9,6.333333333333333
0,2,144,0,1,2,3,0,1,1,1,1,1,0,1,0,2,0,2.0,133,28,4.75
0,1,144,0,1,0,1,0,1,0,1,0,1,0,1,0,3,0,4.0,149,20,7.45
1,48,105,0,2,0,6,0,1,0,1,1,1,0,5,0,2,0,4.0,37,8,4.625
0,4,28,114,0,0,1,0,1,2,0,0,0,0,1,0,4,0,3.0,24,3,8.0
0,24,144,0,0,6,0,0,1,1,2,2,2,1,1,20,0,0,2.0,81,15,5.4
0,6,144,4,1,0,0,0,1,1,1,0,0,0,1,100,12,0,3.0,23,5,4.6
0,2,144,0,1,1,2,0,0,0,1,1,1,0,1,150,12,0,3.0,220,39,5.641025641025641
1,1,120,0,0,0,5,5,1,0,1,1,1,0,4,0,2,0,8.0,259,43,6.023255813953488
1,1,105,0,1,5,0,0,0,0,1,1,1,0,1,0,2,0,7.0,335,63,5.317460317460317
0,1,144,114,1,1,0,0,1,1,1,0,1,0,1,0,2,0,14.0,12,2,6.0
0,2,144,0,1,0,0,0,1,0,1,0,1,0,1,0,12,0,8.0,680,139,4.892086330935252
1,6,105,0,0,5,0,0,0,0,0,0,0,0,1,0,12,0,9.0,1012,169,5.988165680473373
0,3,144,0,1,6,0,0,1,0,1,1,1,0,1,0,2,0,1.0,279,52,5.365384615384615
1,0,105,0,1,0,0,0,0,0,1,1,1,0,1,0,7,0,0.0,186,35,5.314285714285714
0,2,144,0,1,0,1,5,1,0,1,1,1,0,1,0,2,0,2.0,447,80,5.5875
1,8,105,0,2,2,0,0,1,0,2,2,2,0,2,0,7,0,5.0,85,15,5.666666666666667
0,1,144,0,0,1,0,0,2,1,2,0,1,0,1,0,2,0,4.0,115,20,5.75
0,1,144,0,2,0,1,2,0,0,1,1,1,0,17,0,2,0,3.0,518,96,5.395833333333333
0,1,144,0,1,1,0,0,1,1,1,1,1,0,2,0,2,0,2.0,431,83,5.192771084337349
0,3,166,114,2,0,1,0,2,0,0,0,1,0,3,0,2,0,4.0,223,42,5.309523809523809
1,1,135,0,0,5,0,0,1,1,1,1,1,0,1,0,12,0,3.0,427,79,5.405063291139241
1,18,105,82,1,0,6,0,1,0,0,0,0,0,1,0,2,0,3.0,74,6,12.333333333333334
0,4,144,0,0,0,6,0,1,0,1,1,1,0,2,0,2,0,11.0,406,68,5.970588235294118
0,3,5,114,1,0,1,0,1,1,0,2,1,0,1,0,2,0,2.0,122,21,5.809523809523809
0,2,144,0,1,1,0,0,1,1,0,0,1,0,1,80,3,0,1.0,255,42,6.071428571428571
1,3,105,0,2,0,2,5,0,0,1,0,1,0,2,300,12,0,8.0,582,122,4.770491803278689
0,2,17,36,2,1,4,5,1,0,0,0,0,0,4,0,2,0,5.0,205,35,5.857142857142857
0,2,144,0,2,0,1,0,1,0,2,2,2,0,2,0,2,0,1.0,28,5,5.6
1,9,95,0,0,5,0,0,1,1,2,0,2,0,1,0,2,0,3.0,437,85,5.141176470588236
1,2,105,0,1,5,6,0,1,0,1,0,1,0,1,0,5,1,7.0,224,39,5.743589743589744
1,2,104,0,1,1,0,0,0,1,1,1,1,0,1,0,2,0,3.0,209,36,5.805555555555555
0,4,144,0,2,0,1,2,0,0,0,0,1,0,3,0,0,0,3.0,441,77,5.7272727272727275
0,96,30,0,0,1,0,0,0,0,0,2,1,0,1,100,2,0,2.0,290,58,5.0
1,2,105,0,0,2,4,5,1,0,0,0,1,0,1,0,2,0,5.0,926,162,5.716049382716049
1,12,105,0,1,6,0,0,0,0,2,2,2,0,1,0,12,0,1.0,357,67,5.3283582089552235
0,9,57,114,1,0,0,0,2,1,0,0,0,0,1,0,2,0,1.0,148,28,5.285714285714286
1,1,135,0,2,2,5,5,1,1,2,2,1,0,5,0,2,0,2.0,304,54,5.62962962962963
1,8,104,0,1,1,0,0,1,1,1,1,1,0,1,0,3,0,2.0,128,21,6.095238095238095
0,2,144,114,1,1,6,0,1,1,1,0,1,0,1,0,2,0,4.0,12,2,6.0
0,24,145,116,0,0,6,0,1,2,0,0,1,0,1,0,2,0,0.0,200,35,5.714285714285714
0,120,30,0,0,0,1,0,1,0,0,0,0,0,1,0,12,0,1.0,117,23,5.086956521739131
0,4,5,114,1,0,1,0,1,0,2,2,1,0,1,0,2,0,3.0,203,39,5.205128205128205
0,1,144,114,1,4,0,0,1,0,1,0,1,0,5,0,5,0,5.0,229,39,5.871794871794871
1,5,143,0,1,0,6,0,1,0,0,0,0,0,1,0,2,0,6.0,396,71,5.577464788732394
1,2,104,0,0,0,6,0,0,1,1,1,1,0,3,0,12,0,2.0,30,4,7.5
0,12,5,0,1,0,1,0,2,1,2,2,2,0,1,0,2,0,4.0,441,82,5.378048780487805
0,3,144,0,1,0,1,0,1,0,0,0,1,0,1,0,2,0,3.0,156,27,5.777777777777778
0,1,144,114,2,0,1,5,1,1,1,1,1,0,3,0,12,0,0.0,216,43,5.023255813953488
1,4,96,0,1,0,1,5,1,1,1,0,1,0,1,50,12,0,3.0,1269,238,5.331932773109243
0,2,144,0,1,0,1,0,1,0,0,0,1,0,1,0,12,0,2.0,167,28,5.964285714285714
1,2,104,0,0,0,5,5,0,1,1,1,1,1,1,0,12,0,3.0,540,106,5.09433962264151
0,1,144,0,1,0,1,5,1,0,1,1,1,0,1,0,2,0,9.0,841,133,6.323308270676692
0,1,144,114,2,0,1,5,1,1,2,2,2,0,5,0,2,0,11.0,505,102,4.950980392156863
0,2,144,0,1,0,1,3,1,0,1,1,1,0,1,0,3,0,4.0,213,36,5.916666666666667
1,3,104,0,1,6,0,0,1,1,1,1,1,0,1,0,2,0,1.0,300,60,5.0
0,1,144,0,0,0,6,0,1,1,1,1,1,0,1,0,3,0,2.0,140,21,6.666666666666667
0,36,144,0,1,0,0,0,2,0,0,0,0,0,1,100,2,0,4.0,840,153,5.490196078431373
0,2,144,0,0,0,1,0,0,1,1,1,1,0,2,0,2,0,2.0,308,54,5.703703703703703
0,48,69,30,1,4,0,0,1,2,0,0,0,0,1,0,2,0,3.0,604,126,4.7936507936507935
1,6,104,81,1,0,6,0,1,1,1,1,1,0,1,89,2,0,2.0,630,94,6.702127659574468
1,48,105,0,0,2,6,0,1,1,1,1,1,0,1,0,2,0,3.0,540,100,5.4
0,1,144,0,2,0,1,5,0,0,1,1,1,0,6,0,3,0,2.0,47,11,4.2727272727272725
1,1,104,80,1,0,6,0,1,1,1,1,1,0,1,50,2,0,6.0,692,130,5.323076923076923
0,2,144,0,0,1,4,0,1,0,0,2,2,0,3,0,3,0,3.0,91,18,5.055555555555555
0,14,65,43,0,0,2,5,1,1,0,0,0,0,1,0,2,0,4.0,281,63,4.4603174603174605
0,24,144,0,1,6,0,0,1,0,0,0,0,0,1,0,4,0,4.0,118,20,5.9
0,14,69,0,1,6,0,0,1,1,1,0,1,0,1,0,2,0,16.0,210,44,4.7727272727272725
0,12,144,0,0,0,3,3,1,1,0,0,0,0,1,0,4,0,4.0,298,56,5.321428571428571
1,1,84,0,2,0,5,5,0,1,1,0,1,0,5,0,12,1,6.0,497,99,5.02020202020202
0,1,144,0,2,0,1,0,0,0,1,1,2,0,6,0,5,0,0.0,446,83,5.373493975903615
0,2,144,0,0,0,6,0,1,0,2,2,2,0,1,0,5,0,1.0,66,14,4.714285714285714
0,1,144,0,0,0,1,0,1,1,1,1,2,0,8,0,2,0,2.0,22,5,4.4
1,2,105,0,2,4,5,5,1,0,1,1,1,0,5,0,2,0,5.0,188,30,6.266666666666667
1,3,105,0,0,0,6,0,1,0,1,0,1,0,1,0,2,0,5.0,225,43,5.232558139534884
1,6,105,0,1,4,6,0,0,0,0,0,0,0,1,0,12,0,4.0,313,61,5.131147540983607
0,3,144,0,1,0,1,0,1,0,0,0,1,0,1,0,2,0,3.0,239,44,5.431818181818182
1,12,105,0,1,0,3,5,1,0,1,1,1,0,6,0,2,0,4.0,93,21,4.428571428571429
1,0,105,0,2,0,1,5,1,0,1,1,1,0,3,0,7,0,2.0,126,26,4.846153846153846
0,48,159,0,0,1,0,0,1,1,0,0,1,0,1,200,2,0,0.0,263,55,4.781818181818182
1,0,105,0,0,0,0,0,0,0,1,1,1,0,1,0,2,0,2.0,85,13,6.538461538461538
0,1,144,0,2,0,1,0,1,0,1,1,1,0,6,0,12,0,5.0,54,11,4.909090909090909
1,7,105,0,0,0,0,0,1,0,0,0,1,0,1,0,12,0,1.0,209,40,5.225
0,15,8,0,1,4,0,0,1,1,0,0,1,1,1,300,12,0,1.0,17,3,5.666666666666667
1,8,105,0,0,1,5,0,1,0,2,2,2,0,1,0,2,0,2.0,63,13,4.846153846153846
1,2,105,0,2,0,1,5,0,1,1,1,1,0,4,0,2,0,2.0,373,76,4.907894736842105
1,6,128,96,0,1,6,0,1,2,1,1,1,0,1,0,2,0,1.0,18,4,4.5
0,2,144,0,0,0,0,0,1,0,0,0,1,0,1,0,2,0,4.0,173,30,5.766666666666667
1,2,105,0,2,2,6,0,0,0,1,1,1,0,2,0,2,0,2.0,241,49,4.918367346938775
1,2,105,0,0,0,3,5,0,0,1,1,1,0,1,0,2,1,6.0,21,4,5.25
0,2,144,0,1,0,6,0,1,1,1,0,1,0,1,0,12,0,6.0,166,30,5.533333333333333
0,108,71,0,1,0,0,0,1,0,0,0,1,0,1,0,2,0,5.0,306,54,5.666666666666667
0,4,144,0,1,1,0,0,1,0,0,0,1,0,1,0,2,0,5.0,344,51,6.745098039215686
1,4,131,0,1,0,3,3,1,0,1,1,1,1,1,0,2,0,3.0,764,162,4.716049382716049
1,2,105,0,0,2,0,0,1,1,1,1,1,0,1,0,2,0,1.0,200,42,4.761904761904762
1,2,104,0,2,0,5,5,0,1,1,1,1,0,3,0,2,0,3.0,4,1,4.0
1,2,105,0,0,6,0,0,1,0,1,1,1,0,2,0,12,0,1.0,170,32,5.3125
1,7,103,82,1,1,0,0,2,2,1,0,1,0,1,15,2,0,2.0,77,14,5.5
1,2,96,82,2,0,2,5,0,0,0,0,1,0,2,0,2,0,9.0,458,83,5.518072289156627
1,2,105,73,1,0,3,5,1,0,1,0,1,0,1,0,2,0,3.0,457,82,5.573170731707317
0,1,144,0,0,0,1,1,1,0,1,1,2,0,6,1,12,0,4.0,24,5,4.8
1,12,105,0,1,0,6,0,1,1,1,1,1,0,1,0,7,0,2.0,67,8,8.375
0,2,144,0,1,0,0,0,1,1,0,0,1,0,1,0,2,0,3.0,136,22,6.181818181818182
0,4,144,0,1,0,0,0,1,0,2,2,2,0,1,0,2,0,2.0,88,16,5.5
0,1,144,0,1,0,1,5,1,1,1,1,1,0,1,0,3,0,2.0,94,15,6.266666666666667
0,1,144,114,1,1,0,0,0,0,1,1,1,0,3,0,2,0,12.0,153,33,4.636363636363637
