Type,Age,Breed1,Breed2,Gender,Color1,Color2,Color3,MaturitySize,FurLength,Vaccinated,Dewormed,Sterilized,Health,Quantity,Fee,State,VideoAmt,PhotoAmt,desc_length,desc_words,average_word_length
0,2,144,0,1,0,1,0,1,0,2,2,1,0,1,0,2,0,1.0,71,13,5.461538461538462
1,8,105,0,0,0,6,0,1,0,1,1,1,0,1,0,7,0,2.0,361,71,5.084507042253521
1,1,104,0,1,0,5,5,1,1,1,1,1,0,1,0,2,0,4.0,953,192,4.963541666666667
0,4,144,0,1,1,0,0,0,0,0,0,2,0,2,0,2,0,4.0,44,9,4.888888888888889
0,6,144,114,1,1,3,0,1,1,0,0,1,0,1,0,2,0,3.0,393,69,5.695652173913044
0,3,144,0,1,2,4,0,1,0,0,0,1,0,1,0,2,0,2.0,83,15,5.533333333333333
1,1,105,0,1,2,3,3,1,0,1,1,1,0,1,0,1,0,3.0,182,28,6.5
0,2,144,0,1,1,2,5,1,1,1,1,1,0,1,0,2,0,2.0,175,34,5.147058823529412
1,2,135,68,0,0,5,5,1,0,1,0,1,0,1,0,12,0,4.0,1210,211,5.734597156398104
1,3,88,113,2,1,4,0,0,1,1,0,1,0,3,0,4,0,3.0,86,17,5.0588235294117645
1,2,105,0,1,5,6,0,1,0,1,0,1,0,1,0,2,0,3.0,364,60,6.066666666666666
0,1,144,0,1,0,1,0,1,1,1,1,1,0,1,0,12,0,1.0,103,20,5.15
1,2,105,0,1,0,3,5,1,0,1,0,1,0,1,0,12,0,15.0,632,125,5.056
1,7,105,0,0,3,6,0,1,0,1,0,0,0,1,0,2,0,1.0,263,49,5.36734693877551
1,5,105,0,0,3,0,0,1,0,0,0,0,0,1,100,2,0,30.0,1034,187,5.529411764705882
1,24,84,0,1,1,2,3,1,0,0,0,0,0,1,0,12,0,6.0,174,35,4.9714285714285715
1,2,105,0,0,0,6,0,2,0,1,1,1,0,1,0,2,0,5.0,301,57,5.280701754385965
0,1,144,114,2,0,1,0,1,0,1,1,1,0,3,10,7,0,5.0,182,30,6.066666666666666
0,1,144,0,2,0,1,5,1,0,2,2,2,0,11,0,7,0,0.0,46,10,4.6
0,24,65,114,1,0,1,5,1,1,0,0,0,0,1,0,2,0,3.0,81,14,5.785714285714286
1,3,105,0,0,1,2,3,1,0,1,1,1,0,1,0,2,0,1.0,18,5,3.6
0,5,144,0,1,0,1,3,1,0,0,0,0,0,2,0,2,0,4.0,162,31,5.225806451612903
0,5,144,0,1,0,6,0,1,0,0,0,1,0,1,0,12,0,3.0,201,37,5.4324324324324325
0,24,144,114,1,1,0,0,1,0,0,0,0,1,1,20,2,0,2.0,148,26,5.6923076923076925
0,6,144,0,0,6,0,0,1,1,0,0,0,0,1,0,2,0,4.0,705,137,5.145985401459854
1,3,142,0,2,0,1,5,0,2,1,1,1,0,2,0,2,0,5.0,169,33,5.121212121212121
0,3,144,0,1,1,0,0,0,0,2,2,2,0,3,0,5,0,1.0,39,6,6.5
0,6,144,0,1,0,1,0,1,0,0,0,1,0,1,0,2,0,3.0,274,53,5.169811320754717
0,2,144,0,1,0,1,1,1,1,2,2,2,0,1,0,2,0,7.0,618,123,5.024390243902439
1,4,105,0,2,1,3,4,0,0,0,0,1,0,3,100,2,0,3.0,179,31,5.774193548387097
1,6,105,0,2,4,5,5,1,0,0,0,2,0,3,0,2,0,4.0,292,45,6.488888888888889
0,1,161,114,1,1,4,0,1,0,1,1,1,0,1,0,2,0,8.0,1052,199,5.28643216080402
0,1,144,0,0,0,1,0,1,1,2,2,1,0,1,0,2,0,1.0,79,13,6.076923076923077
0,24,22,114,0,4,0,0,2,0,1,0,1,1,1,0,12,0,4.0,719,127,5.661417322834645
0,3,144,0,1,1,0,0,1,0,0,0,1,0,1,50,2,0,2.0,32,7,4.571428571428571
0,2,144,0,1,4,6,0,1,0,1,1,1,0,1,0,3,0,2.0,222,47,4.723404255319149
1,2,105,0,1,2,6,0,0,0,1,1,1,0,1,80,2,0,3.0,128,25,5.12
0,2,144,0,0,0,1,0,1,0,1,1,1,0,1,0,2,0,2.0,215,37,5.8108108108108105
0,0,144,0,2,1,4,0,1,0,1,1,1,0,2,0,2,0,14.0,775,162,4.783950617283951
1,0,104,0,2,0,1,5,0,0,1,1,1,0,3,0,12,0,0.0,133,26,5.115384615384615
0,36,144,0,1,5,0,0,1,0,0,0,0,0,1,50,2,0,5.0,1148,220,5.218181818181818
0,7,144,0,0,0,1,5,1,1,0,0,1,0,1,0,7,0,1.0,529,101,5.237623762376238
1,9,105,0,1,0,0,0,1,1,0,0,0,0,1,0,2,0,1.0,78,15,5.2
1,11,105,82,2,0,2,5,1,1,0,0,0,0,6,0,2,0,5.0,201,38,5.2894736842105265
0,18,144,0,1,1,5,0,1,1,2,2,2,0,1,0,12,0,1.0,188,38,4.947368421052632
1,2,105,0,0,0,5,0,0,0,1,1,1,0,1,0,12,0,3.0,82,17,4.823529411764706
1,48,105,63,0,6,0,0,0,0,0,0,0,0,1,50,2,0,27.0,1309,246,5.321138211382114
0,2,69,114,1,0,2,3,1,1,1,1,1,0,2,0,2,0,9.0,102,20,5.1
1,4,105,0,2,3,6,0,1,0,1,0,1,0,2,0,2,0,3.0,293,51,5.745098039215686
1,4,105,73,1,0,1,5,1,0,1,0,1,0,1,0,12,0,22.0,1884,323,5.8328173374613
0,2,144,0,1,2,6,0,1,0,1,1,1,0,1,20,3,0,1.0,122,21,5.809523809523809
0,24,144,0,0,1,5,5,1,0,0,0,0,0,1,0,12,0,1.0,1090,208,5.240384615384615
0,2,144,0,1,4,0,0,1,0,1,1,1,0,1,0,2,0,3.0,419,77,5.441558441558442
1,60,126,0,0,5,0,0,2,1,0,0,0,0,1,300,2,0,14.0,893,165,5.412121212121212
1,36,96,0,1,0,3,5,1,0,2,2,1,0,1,0,2,0,4.0,199,32,6.21875
1,3,105,0,0,0,5,5,0,1,1,1,1,0,3,0,12,0,3.0,16,3,5.333333333333333
0,48,144,0,1,6,0,0,1,0,0,0,1,0,1,0,2,0,2.0,136,28,4.857142857142857
1,3,105,0,0,0,6,0,0,0,1,1,1,0,2,0,1,0,9.0,345,63,5.476190476190476
1,4,105,0,1,4,6,0,0,0,0,0,0,0,1,50,12,0,5.0,525,98,5.357142857142857
1,12,104,81,0,3,0,0,1,2,1,1,1,0,1,0,4,0,5.0,211,33,6.393939393939394
0,2,144,0,1,1,6,0,0,0,0,0,1,0,1,0,12,0,2.0,534,100,5.34
1,4,105,0,1,1,4,0,0,0,1,1,1,0,1,0,2,0,3.0,38,5,7.6
0,2,144,0,2,1,4,5,1,0,0,0,1,0,4,35,12,0,6.0,185,37,5.0
0,12,144,0,2,1,0,0,1,1,2,2,2,0,2,0,12,0,4.0,2150,366,5.8743169398907105
0,2,144,114,1,1,0,0,1,1,0,0,1,0,1,0,2,0,1.0,12,2,6.0
0,1,144,0,1,2,4,0,1,1,2,2,2,0,1,0,0,0,1.0,60,10,6.0
0,1,144,114,1,0,1,0,1,1,1,0,1,0,1,0,2,0,1.0,14,3,4.666666666666667
0,3,144,0,1,0,1,0,1,1,1,1,1,0,2,0,2,0,2.0,340,57,5.964912280701754
0,3,144,0,1,1,0,0,1,0,0,0,0,0,1,0,12,0,4.0,166,29,5.724137931034483
0,2,144,0,0,1,6,0,1,0,0,0,1,0,1,0,12,0,3.0,425,81,5.246913580246914
0,1,144,0,1,0,1,0,1,1,1,1,1,0,1,0,3,0,1.0,302,56,5.392857142857143
1,5,104,0,0,3,6,0,0,2,0,0,1,0,1,0,2,0,13.0,424,78,5.435897435897436
1,2,104,0,1,0,3,5,0,1,1,1,1,0,1,0,2,0,1.0,182,35,5.2
0,3,144,0,1,0,0,0,0,1,1,1,1,0,1,0,2,0,2.0,325,65,5.0
1,6,143,82,1,0,6,0,1,0,0,0,1,0,1,0,3,0,7.0,697,112,6.223214285714286
1,1,105,0,1,0,3,5,0,0,1,1,1,0,1,0,12,0,1.0,28,7,4.0
1,16,105,0,1,3,5,5,2,1,1,1,1,0,1,0,2,0,2.0,136,24,5.666666666666667
0,18,47,16,0,1,0,0,2,0,0,0,1,0,1,0,12,0,1.0,61,12,5.083333333333333
0,2,54,114,1,1,6,0,1,0,1,0,1,0,1,0,2,0,7.0,194,35,5.542857142857143
1,3,105,0,1,0,6,0,0,0,2,2,2,0,1,0,12,0,3.0,309,62,4.983870967741935
1,55,105,0,1,0,3,5,2,0,0,0,0,0,3,0,2,0,6.0,625,112,5.580357142857143
1,1,107,0,2,0,5,5,1,0,1,1,1,0,3,0,2,0,1.0,336,61,5.508196721311475
1,2,105,0,0,0,5,5,1,0,1,1,1,0,2,0,7,0,4.0,93,18,5.166666666666667
0,2,144,114,1,2,0,0,2,1,1,1,1,0,6,0,7,0,5.0,158,24,6.583333333333333
0,4,144,0,1,0,1,5,1,0,0,0,1,0,1,0,2,0,4.0,47,6,7.833333333333333
1,2,105,0,0,0,6,0,1,1,1,0,1,0,1,0,2,0,4.0,579,114,5.078947368421052
1,2,105,0,1,0,4,5,1,0,1,1,1,0,1,0,2,0,2.0,168,35,4.8
1,5,104,73,1,6,0,0,0,1,0,0,1,0,1,0,12,0,4.0,831,150,5.54
1,24,128,82,1,1,4,0,0,0,0,2,0,0,1,0,2,0,3.0,465,89,5.224719101123595
0,2,144,0,1,0,1,5,1,1,0,0,1,0,3,0,12,0,10.0,1068,201,5.313432835820896
1,7,104,94,1,0,6,0,1,1,2,2,1,0,2,0,2,0,4.0,71,13,5.461538461538462
0,1,144,0,0,0,0,0,1,0,1,1,1,0,3,0,5,0,2.0,134,23,5.826086956521739
0,1,47,114,2,0,1,0,1,0,0,0,1,0,8,150,2,0,6.0,162,30,5.4
0,2,144,0,1,0,1,5,1,1,0,0,1,0,1,0,2,0,1.0,100,18,5.555555555555555
0,9,144,114,0,1,3,0,1,1,1,0,0,0,1,0,4,0,1.0,133,28,4.75
0,2,144,0,0,0,1,0,0,0,2,2,2,1,1,0,12,0,4.0,696,130,5.3538461538461535
0,2,144,0,2,0,1,5,1,0,1,1,1,0,8,100,2,0,11.0,577,100,5.77
1,7,128,82,0,1,4,0,1,0,0,0,0,0,1,0,2,0,7.0,577,112,5.151785714285714
1,48,105,0,0,4,6,0,1,0,1,1,0,2,1,0,2,0,7.0,638,121,5.2727272727272725
0,6,51,0,1,0,6,0,0,2,0,0,1,0,1,0,12,0,1.0,5,1,5.0
1,1,105,0,2,0,1,5,0,0,1,1,1,0,5,0,2,0,5.0,125,25,5.0
0,2,144,114,0,0,0,0,1,0,1,1,1,0,1,80,2,0,9.0,583,110,5.3
0,4,144,0,2,0,4,5,1,1,0,0,1,0,5,0,2,0,4.0,103,17,6.0588235294117645
1,3,103,82,2,3,4,5,1,1,1,1,1,0,4,0,12,0,5.0,130,22,5.909090909090909
0,4,144,4,1,0,1,1,2,1,0,0,0,0,1,0,2,0,7.0,175,31,5.645161290322581
0,24,65,114,1,0,1,5,1,1,1,1,0,0,1,0,2,0,3.0,253,48,5.270833333333333
1,6,90,0,1,3,6,0,1,0,1,1,1,0,1,0,12,0,1.0,126,24,5.25
1,1,115,106,0,0,1,1,1,0,1,0,1,0,1,0,2,0,4.0,218,44,4.954545454545454
0,120,43,0,0,0,4,0,0,0,2,2,1,0,1,0,2,0,3.0,259,45,5.7555555555555555
1,1,105,0,1,0,6,0,1,0,1,0,1,0,1,0,12,0,2.0,59,9,6.555555555555555
1,3,105,0,1,0,0,0,0,0,2,2,2,0,1,0,12,0,3.0,610,121,5.041322314049586
1,1,104,82,1,0,3,5,1,1,1,1,1,0,1,0,3,0,3.0,332,64,5.1875
1,4,105,0,0,2,4,5,0,0,1,0,1,0,1,0,2,0,3.0,359,64,5.609375
1,2,143,0,1,0,6,0,0,0,1,0,1,0,1,100,2,0,2.0,46,9,5.111111111111111
0,60,60,54,0,0,6,0,0,1,0,0,1,0,1,0,2,0,4.0,508,94,5.404255319148936
1,12,104,0,0,5,6,0,0,1,2,2,2,1,1,1,12,0,5.0,459,93,4.935483870967742
0,36,26,114,1,6,0,0,0,1,0,0,0,0,2,0,2,0,3.0,592,104,5.6923076923076925
1,3,105,0,1,0,6,0,1,0,1,1,1,0,12,0,2,0,4.0,260,50,5.2
0,20,47,0,0,0,0,0,2,1,0,0,0,0,1,300,2,0,5.0,266,49,5.428571428571429
0,1,144,114,1,0,1,0,1,1,2,1,2,0,1,0,12,0,3.0,449,94,4.776595744680851
1,3,105,0,1,0,6,0,2,0,1,1,1,0,1,0,12,0,4.0,248,45,5.511111111111111
1,4,105,0,1,0,5,0,1,0,1,2,1,1,1,0,2,0,1.0,425,83,5.120481927710843
1,28,82,0,2,6,0,0,1,0,1,1,1,0,4,0,2,1,4.0,456,83,5.493975903614458
1,6,104,0,0,1,3,0,1,1,0,0,0,0,1,0,2,0,1.0,199,34,5.852941176470588
0,1,144,114,0,1,6,0,1,1,1,0,1,0,1,0,2,0,4.0,12,2,6.0
0,12,144,0,0,1,0,0,2,1,0,0,2,0,1,0,2,0,3.0,631,132,4.78030303030303
1,1,105,0,2,0,5,0,0,0,1,1,1,0,5,0,2,0,10.0,446,87,5.126436781609195
1,8,105,0,1,0,1,5,1,0,0,0,0,0,1,0,12,0,3.0,134,24,5.583333333333333
0,1,144,0,1,0,1,5,1,0,1,0,1,0,1,0,2,0,1.0,191,38,5.026315789473684
1,8,105,82,1,6,0,0,1,0,1,1,1,0,2,0,12,0,2.0,195,35,5.571428571428571
1,4,105,0,1,2,3,5,1,0,1,1,1,0,1,0,12,0,3.0,581,108,5.37962962962963
0,3,144,0,1,1,6,0,1,0,0,0,1,0,1,0,12,0,7.0,246,41,6.0
0,60,41,0,1,1,0,0,0,0,0,0,0,1,1,0,2,0,4.0,1008,190,5.3052631578947365
1,12,120,0,1,0,6,0,2,0,1,1,1,0,1,0,2,0,2.0,437,89,4.910112359550562
0,48,144,0,1,5,0,0,2,1,0,0,0,0,1,0,12,0,5.0,280,48,5.833333333333333
1,12,105,0,1,2,6,0,1,1,1,1,1,0,1,0,12,0,1.0,469,86,5.453488372093023
1,11,105,0,2,0,3,5,1,0,2,2,1,0,14,0,12,0,3.0,429,84,5.107142857142857
1,7,104,0,1,5,0,0,0,1,0,0,0,0,1,0,2,0,2.0,156,29,5.379310344827586
1,1,105,0,2,0,5,5,1,0,1,1,1,0,4,0,6,0,4.0,198,34,5.823529411764706
1,12,104,0,0,6,0,0,1,1,1,1,1,0,1,0,2,0,1.0,314,64,4.90625
1,1,105,0,0,2,3,5,1,0,1,1,1,0,1,0,2,1,3.0,777,156,4.980769230769231
1,2,105,0,1,3,4,4,1,0,1,0,1,0,4,0,2,0,11.0,345,67,5.149253731343284
0,2,144,0,1,1,0,0,1,0,0,0,0,0,1,0,2,0,5.0,662,127,5.21259842519685
0,2,144,0,1,0,6,0,2,0,1,0,1,0,1,50,2,0,16.0,3468,613,5.65742251223491
1,8,103,0,0,6,0,0,2,2,1,1,2,0,1,100,2,0,3.0,455,94,4.840425531914893
0,4,144,0,0,1,2,0,1,0,0,0,1,0,1,150,12,0,8.0,506,89,5.685393258426966
1,7,143,0,1,0,6,0,1,1,0,0,0,0,1,150,2,1,8.0,965,189,5.105820105820106
1,12,104,82,1,0,1,5,1,1,1,0,0,0,2,0,2,0,14.0,1296,244,5.311475409836065
1,2,105,0,1,2,0,0,1,0,1,0,1,0,2,0,2,0,1.0,46,8,5.75
0,3,144,114,1,0,1,5,1,1,0,0,1,0,1,0,2,0,1.0,12,2,6.0
1,1,105,0,0,0,0,0,0,1,1,1,1,0,1,0,2,0,3.0,58,11,5.2727272727272725
1,1,105,0,0,0,0,0,0,0,1,1,1,0,1,0,12,0,4.0,216,46,4.695652173913044
0,84,144,0,0,0,1,0,0,0,0,0,1,0,1,0,2,1,3.0,355,64,5.546875
1,2,105,0,2,6,0,0,0,0,1,1,1,0,3,0,12,0,3.0,133,25,5.32
0,108,71,0,1,0,0,0,1,0,0,0,1,0,1,0,2,0,5.0,306,54,5.666666666666667
1,3,115,0,2,0,1,5,1,0,1,1,1,0,4,0,2,0,4.0,51,11,4.636363636363637
1,9,122,80,0,0,2,5,2,2,1,1,1,0,2,300,12,0,3.0,34,5,6.8
1,12,105,0,1,2,5,5,1,0,1,1,1,0,1,0,2,0,8.0,513,93,5.516129032258065
0,2,144,114,1,6,0,0,0,0,1,0,1,0,1,0,2,0,4.0,261,53,4.9245283018867925
0,48,13,0,1,0,6,0,1,1,0,0,0,0,1,0,2,0,0.0,552,115,4.8
1,3,104,82,2,0,1,3,0,1,1,1,1,0,3,0,5,0,5.0,293,53,5.528301886792453
0,4,144,0,1,0,0,0,1,0,2,2,0,0,1,0,2,0,1.0,127,24,5.291666666666667
1,5,122,81,1,0,1,5,2,1,1,1,1,0,1,0,12,0,4.0,618,118,5.237288135593221
1,5,104,0,0,3,6,0,1,1,0,0,1,0,1,100,2,0,4.0,204,30,6.8
0,36,60,39,0,0,1,4,0,1,0,0,1,0,1,0,7,0,0.0,49,7,7.0
1,1,104,80,2,0,5,5,1,1,0,0,2,0,4,0,12,0,4.0,66,12,5.5
0,1,144,0,1,1,0,0,1,1,1,0,1,0,1,0,12,0,16.0,106,21,5.0476190476190474
1,4,105,0,1,0,0,0,1,0,0,0,0,0,1,0,2,0,2.0,230,39,5.897435897435898
0,12,144,10,2,1,4,5,1,1,0,0,0,0,2,0,4,0,4.0,55,12,4.583333333333333
0,1,144,114,2,0,0,0,1,1,2,2,1,0,9,0,2,0,4.0,241,42,5.738095238095238
1,4,105,82,0,3,6,0,0,0,1,0,1,0,1,0,12,0,4.0,640,121,5.289256198347108
0,29,144,0,1,1,4,5,1,0,0,0,2,0,1,0,2,0,1.0,46,8,5.75
0,35,60,0,0,0,6,0,1,1,0,0,0,0,1,188,2,0,3.0,318,63,5.0476190476190474
0,2,144,114,1,0,1,0,1,1,0,0,1,0,1,0,2,0,3.0,12,2,6.0
1,2,135,0,0,0,6,0,1,0,1,0,1,0,1,0,2,0,2.0,3,1,3.0
1,2,105,73,1,1,0,0,0,0,1,1,1,0,1,0,2,0,4.0,103,19,5.421052631578948
1,6,105,0,0,0,0,0,1,0,1,1,1,0,1,0,2,0,2.0,211,39,5.410256410256411
1,2,105,113,1,0,6,0,0,0,2,2,2,0,1,0,12,0,5.0,240,47,5.1063829787234045
0,1,144,0,1,0,6,0,1,1,0,0,1,0,1,0,4,0,1.0,104,19,5.473684210526316
1,2,105,82,0,1,6,0,0,0,2,2,0,0,1,0,12,0,3.0,192,35,5.485714285714286
0,2,144,0,1,0,6,0,1,1,2,2,2,0,1,0,1,0,1.0,101,18,5.611111111111111
0,1,69,114,1,0,1,0,1,0,1,0,1,0,1,0,2,0,2.0,281,47,5.9787234042553195
0,1,144,54,1,0,1,5,1,0,1,1,1,0,1,0,2,0,3.0,279,51,5.470588235294118
1,18,105,0,1,0,2,5,1,0,1,1,0,0,1,0,1,0,2.0,80,15,5.333333333333333
0,2,144,0,0,0,1,0,1,1,0,0,1,0,1,0,2,0,2.0,266,49,5.428571428571429
1,6,105,0,1,1,3,3,0,0,0,0,1,0,1,0,2,0,3.0,307,62,4.951612903225806
0,60,155,0,0,6,0,0,0,2,0,0,0,0,1,0,2,0,2.0,579,115,5.034782608695652
0,36,144,54,0,0,6,0,1,0,1,1,0,0,1,0,2,0,5.0,396,75,5.28
1,2,104,0,1,2,5,5,1,1,0,0,1,0,1,0,12,0,5.0,347,57,6.087719298245614
1,3,104,0,1,0,3,5,1,1,1,0,2,0,1,0,2,0,1.0,405,63,6.428571428571429
1,7,135,0,1,1,2,2,1,0,2,2,1,0,1,0,3,0,2.0,301,54,5.574074074074074
1,1,104,0,0,0,6,0,1,1,1,1,1,0,2,0,2,0,3.0,26,4,6.5
1,5,105,0,0,2,0,0,0,0,0,0,1,0,1,0,2,0,1.0,58,13,4.461538461538462
0,48,144,0,1,1,6,0,1,0,0,0,0,0,1,0,2,0,3.0,294,51,5.764705882352941
0,1,69,0,2,1,2,4,0,1,2,2,2,0,8,0,7,0,3.0,56,10,5.6
0,48,69,30,1,4,0,0,1,2,0,0,0,0,1,0,2,0,3.0,604,126,4.7936507936507935
0,3,144,0,1,1,0,0,1,0,0,0,1,0,1,0,2,0,7.0,335,60,5.583333333333333
1,2,105,0,0,0,6,0,1,0,0,0,1,0,1,0,2,0,4.0,523,98,5.336734693877551
0,1,144,0,2,0,1,5,1,0,0,0,1,0,3,0,2,0,29.0,446,84,5.309523809523809
0,3,144,0,2,0,0,0,1,0,1,1,1,0,3,0,0,0,1.0,480,83,5.783132530120482
1,2,135,82,0,0,1,0,0,0,1,0,1,0,1,0,12,0,4.0,258,44,5.863636363636363
0,3,144,0,1,4,6,0,1,1,1,1,1,0,1,0,3,0,3.0,556,105,5.295238095238095
0,3,144,0,0,1,0,0,1,0,1,0,1,0,1,0,2,0,3.0,420,82,5.121951219512195
0,18,41,30,0,1,0,0,1,2,2,2,0,0,1,0,12,0,4.0,642,125,5.136
1,7,105,0,1,2,0,0,1,0,0,0,0,0,1,30,12,0,2.0,383,72,5.319444444444445
1,2,105,110,0,0,2,0,0,0,1,0,1,0,1,0,4,0,1.0,186,36,5.166666666666667
1,18,104,101,0,6,0,0,1,1,0,0,0,0,1,0,2,1,10.0,304,63,4.825396825396825
0,2,144,0,2,1,3,0,1,1,0,0,2,0,2,0,5,0,2.0,240,42,5.714285714285714
0,12,144,0,1,0,0,0,1,0,0,0,0,0,1,0,2,0,2.0,259,53,4.886792452830188
0,6,30,53,1,0,0,0,0,1,1,0,1,0,1,0,12,0,3.0,355,59,6.016949152542373
0,2,144,0,2,0,1,5,1,0,2,2,2,0,5,0,2,0,5.0,325,60,5.416666666666667
1,3,104,0,0,5,6,0,1,1,1,1,1,0,1,0,2,0,3.0,20,2,10.0
1,18,84,0,1,0,1,3,1,1,2,2,2,0,1,0,12,0,4.0,23,4,5.75
1,9,105,0,0,0,3,5,1,1,1,1,1,1,1,0,12,0,1.0,120,25,4.8
0,2,144,114,1,0,1,0,1,1,1,1,1,0,1,0,7,0,1.0,210,40,5.25
1,12,82,0,1,0,5,5,1,1,2,2,2,0,1,150,2,0,2.0,79,15,5.266666666666667
0,12,41,0,0,4,0,0,0,1,2,2,2,0,1,0,12,0,1.0,1567,264,5.9356060606060606
1,12,105,96,2,1,4,5,1,1,1,1,1,0,3,0,2,0,5.0,178,33,5.393939393939394
0,4,60,0,1,0,1,5,0,2,0,0,1,0,1,400,2,0,3.0,68,12,5.666666666666667
0,1,144,0,0,0,1,0,1,1,2,2,2,0,1,0,2,0,5.0,120,20,6.0
1,2,105,0,0,0,0,0,1,1,0,0,1,0,1,0,12,0,3.0,226,48,4.708333333333333
1,17,119,0,1,3,5,5,2,2,0,0,1,0,1,500,12,0,3.0,47,8,5.875
0,30,60,25,0,6,0,0,1,1,0,0,0,0,1,500,4,0,4.0,192,35,5.485714285714286
1,1,105,0,1,0,1,0,1,1,1,0,1,0,1,0,2,1,6.0,556,101,5.5049504950495045
0,3,144,0,1,4,0,0,1,1,0,2,1,0,1,0,2,1,3.0,125,21,5.9523809523809526
0,2,144,0,1,0,1,5,1,1,1,0,1,0,1,0,3,0,3.0,226,37,6.108108108108108
0,1,144,0,2,0,5,5,1,0,1,1,1,0,6,0,5,0,0.0,104,19,5.473684210526316
0,20,26,54,1,6,0,0,0,1,0,0,0,0,1,400,2,0,2.0,185,39,4.743589743589744
0,4,144,114,1,1,0,0,1,0,0,0,1,0,1,0,2,0,3.0,45,8,5.625
0,4,99,114,1,0,1,0,1,1,0,0,2,0,1,0,2,0,3.0,113,19,5.947368421052632
1,6,105,0,1,0,5,5,1,0,1,0,0,0,1,0,2,0,5.0,417,76,5.4868421052631575
0,2,144,0,1,1,0,0,1,1,0,0,1,0,1,0,2,0,1.0,217,43,5.046511627906977
1,2,105,0,1,1,2,5,1,0,1,1,1,0,1,10,2,0,4.0,105,23,4.565217391304348
0,8,22,114,2,0,0,0,1,0,0,0,1,0,2,0,12,0,7.0,269,50,5.38
0,2,144,0,2,0,1,0,1,0,2,2,2,1,2,0,12,0,2.0,2150,366,5.8743169398907105
0,1,144,0,2,0,1,3,1,0,1,1,1,0,2,0,2,0,14.0,639,119,5.369747899159663
0,6,144,0,1,0,0,0,1,0,0,0,1,0,1,0,12,0,2.0,39,8,4.875
0,4,144,0,2,1,4,5,2,0,1,1,1,0,6,0,2,0,6.0,748,148,5.054054054054054
0,4,38,130,0,0,1,5,1,0,1,1,1,0,1,0,2,0,4.0,83,13,6.384615384615385
0,3,144,4,0,0,0,0,1,1,0,0,1,0,1,0,2,0,5.0,14,3,4.666666666666667
1,2,105,0,1,1,4,4,0,0,1,1,1,0,3,0,12,0,4.0,510,82,6.219512195121951
0,2,144,0,2,0,6,0,2,0,2,2,2,0,7,0,12,0,3.0,248,49,5.061224489795919
1,4,122,81,0,0,6,0,1,1,0,0,1,0,1,0,2,0,4.0,254,41,6.195121951219512
0,3,144,0,1,0,4,0,1,0,0,0,2,0,1,100,3,0,2.0,40,8,5.0
0,3,144,16,0,4,0,0,1,1,2,2,1,0,1,0,2,0,3.0,93,16,5.8125
0,36,144,0,1,1,0,0,1,0,0,0,0,0,1,0,2,0,1.0,187,36,5.194444444444445
0,2,144,0,0,1,6,0,1,0,0,0,1,0,1,0,2,0,4.0,176,31,5.67741935483871
0,12,144,0,0,1,2,0,1,0,0,0,1,0,1,0,2,0,5.0,14,3,4.666666666666667
0,5,144,0,1,1,4,5,1,0,0,0,1,0,1,0,2,0,11.0,446,60,7.433333333333334
0,2,144,0,1,0,0,0,1,0,1,1,1,0,1,0,2,0,11.0,438,78,5.615384615384615
0,2,144,0,1,0,1,5,2,0,0,0,1,0,1,50,2,0,5.0,97,16,6.0625
0,2,144,114,1,4,0,0,1,0,0,0,1,0,1,0,3,0,6.0,458,97,4.721649484536083
0,3,144,0,1,0,1,5,1,1,1,0,1,0,1,0,12,0,1.0,263,46,5.717391304347826
1,108,105,0,0,0,1,3,1,0,2,2,0,0,1,0,12,0,10.0,760,141,5.390070921985815
1,6,84,0,0,3,6,0,0,0,1,1,1,0,1,0,12,0,3.0,627,121,5.181818181818182
1,3,103,82,2,0,3,4,1,1,1,0,1,0,4,0,12,0,7.0,302,56,5.392857142857143
1,14,104,81,1,3,5,5,1,1,1,0,1,0,1,0,12,0,4.0,701,134,5.231343283582089
0,2,144,0,1,0,1,3,1,1,0,0,1,0,3,0,2,0,8.0,302,36,8.38888888888889
0,24,144,0,0,6,0,0,1,1,2,2,2,1,1,20,0,0,2.0,81,15,5.4
1,3,105,0,0,6,0,0,0,0,1,0,1,0,1,0,12,0,3.0,816,152,5.368421052631579
0,27,54,20,0,0,1,0,1,0,0,0,0,0,1,0,2,0,5.0,1163,220,5.286363636363636
1,3,104,81,2,3,5,0,1,0,1,1,1,0,2,0,2,0,1.0,161,27,5.962962962962963
0,1,144,0,0,1,4,5,1,1,1,1,1,0,1,0,3,0,5.0,231,43,5.372093023255814
0,2,22,114,0,1,0,0,1,0,0,2,1,0,1,0,2,0,6.0,94,20,4.7
1,48,105,0,0,0,1,3,1,0,0,0,0,0,1,0,12,0,5.0,202,37,5.45945945945946
1,2,103,0,1,0,5,5,2,2,0,0,0,0,1,80,12,0,3.0,284,52,5.461538461538462
1,2,128,0,2,1,4,0,0,1,1,1,1,0,4,0,7,0,4.0,20,3,6.666666666666667
1,7,96,110,1,0,3,5,1,0,0,0,1,0,1,0,2,0,11.0,16,3,5.333333333333333
0,4,144,0,0,0,6,0,1,0,0,0,1,0,1,0,2,0,1.0,148,30,4.933333333333334
1,2,104,80,2,1,0,0,1,1,1,0,1,0,2,0,12,0,5.0,126,23,5.478260869565218
0,12,144,0,0,6,0,0,1,0,1,1,1,0,1,0,12,0,2.0,159,31,5.129032258064516
1,6,105,0,1,5,6,0,0,0,1,0,1,0,1,0,12,0,4.0,18,3,6.0
1,6,104,0,0,2,0,0,1,1,1,1,1,0,1,50,2,0,5.0,118,22,5.363636363636363
0,12,144,0,1,0,6,0,1,0,1,1,1,0,1,20,3,0,1.0,142,25,5.68
1,2,105,0,0,0,1,0,0,0,1,1,1,0,1,0,12,0,1.0,259,53,4.886792452830188
0,1,144,0,1,6,0,0,1,0,1,1,1,0,1,0,7,0,4.0,105,23,4.565217391304348
1,2,104,0,1,0,1,2,1,1,1,0,1,1,1,0,2,0,2.0,937,171,5.47953216374269
0,5,144,0,1,0,0,0,1,0,0,0,1,0,1,0,2,1,2.0,423,75,5.64
0,2,54,114,1,0,1,5,1,0,0,0,1,0,1,0,2,0,3.0,286,55,5.2
1,14,105,0,1,3,6,0,1,0,0,0,0,0,1,0,12,0,7.0,74,12,6.166666666666667
1,7,104,82,1,0,6,0,1,1,2,2,2,0,2,0,2,0,9.0,320,55,5.818181818181818
0,12,144,0,1,0,1,0,0,1,0,0,2,0,1,0,2,0,1.0,33,6,5.5
0,2,144,0,1,0,1,3,1,0,1,1,1,0,2,0,2,0,2.0,304,35,8.685714285714285
1,9,105,0,0,2,0,0,1,0,1,1,1,0,1,0,12,0,1.0,39,8,4.875
1,6,128,82,2,0,1,3,1,0,0,0,2,0,3,150,12,0,4.0,53,9,5.888888888888889
1,2,140,81,0,0,1,2,0,1,1,1,1,0,1,0,2,0,5.0,630,123,5.121951219512195
0,5,144,0,0,1,6,0,1,1,0,0,1,0,1,0,3,0,3.0,229,47,4.872340425531915
1,1,103,82,0,1,2,5,2,0,1,1,1,0,1,0,2,0,4.0,505,92,5.489130434782608
1,12,105,0,2,0,1,1,1,0,1,1,1,0,5,0,12,0,5.0,1372,266,5.157894736842105
1,4,105,0,0,2,6,0,1,0,0,0,1,0,1,0,12,6,7.0,1099,205,5.360975609756098
1,4,105,0,0,5,6,0,1,0,1,0,1,0,1,0,2,0,6.0,118,20,5.9
1,36,104,0,1,0,2,5,1,1,0,0,0,0,1,0,2,0,5.0,1039,204,5.0931372549019605
0,1,144,0,1,1,0,0,1,0,2,2,1,0,1,0,2,0,1.0,123,21,5.857142857142857
1,3,94,90,0,0,6,0,1,1,0,1,1,0,1,15,2,0,3.0,215,41,5.2439024390243905
0,5,144,16,0,0,6,0,1,0,2,2,1,0,1,0,2,0,4.0,442,83,5.325301204819277
0,2,144,0,0,0,6,0,1,0,1,1,1,0,1,0,2,0,1.0,239,50,4.78
0,2,144,0,2,0,1,0,1,0,1,0,1,0,5,0,2,0,5.0,40,8,5.0
1,12,105,0,0,0,1,0,2,0,0,0,1,0,1,0,12,0,3.0,71,13,5.461538461538462
1,3,88,0,0,0,5,0,1,0,0,0,1,0,1,450,2,0,1.0,149,22,6.7727272727272725
1,17,105,0,2,5,0,0,1,0,0,0,0,0,2,0,2,0,3.0,77,14,5.5
0,24,17,0,0,1,6,0,1,0,0,0,1,0,1,0,2,0,1.0,276,64,4.3125
1,2,104,0,1,4,0,0,1,1,1,1,1,0,1,0,2,0,3.0,189,32,5.90625
0,3,22,4,1,0,1,0,1,1,2,0,1,0,1,0,3,0,5.0,838,160,5.2375
1,5,105,0,2,0,5,5,0,0,1,1,1,0,4,50,2,0,6.0,232,35,6.628571428571429
0,12,144,0,1,0,2,5,1,1,0,0,0,0,1,100,3,0,5.0,282,42,6.714285714285714
0,24,144,27,0,1,0,0,1,0,0,0,0,0,1,0,2,0,8.0,354,70,5.057142857142857
0,2,144,0,0,0,1,0,1,0,1,2,1,0,1,0,2,0,3.0,146,31,4.709677419354839
1,5,105,82,0,0,0,0,1,0,0,0,0,0,1,0,2,0,4.0,232,45,5.155555555555556
0,9,144,0,1,4,0,0,1,0,0,0,0,0,1,0,4,0,4.0,488,94,5.191489361702128
0,4,144,0,1,1,0,0,1,0,0,0,1,0,1,50,2,0,1.0,147,24,6.125
0,25,69,47,1,2,4,5,1,2,0,0,0,0,1,0,2,0,1.0,82,14,5.857142857142857
1,12,105,0,1,1,3,5,0,0,1,0,0,0,1,0,3,0,6.0,229,38,6.026315789473684
1,3,105,0,1,0,5,5,1,0,0,0,2,0,1,0,5,0,7.0,268,53,5.056603773584905
1,12,105,0,1,1,6,0,1,1,1,1,2,0,1,0,2,0,5.0,20,4,5.0
1,4,104,0,0,5,0,0,1,1,1,1,1,0,1,0,2,0,3.0,119,20,5.95
0,24,41,0,0,6,0,0,0,1,2,2,2,0,1,0,12,0,3.0,161,27,5.962962962962963
1,2,88,62,1,0,1,4,1,1,2,2,2,0,1,20,2,0,3.0,211,38,5.552631578947368
0,12,144,0,1,4,0,0,0,1,0,0,1,0,1,0,2,0,3.0,54,9,6.0
1,2,104,0,2,0,1,5,0,1,1,1,1,0,5,0,2,0,1.0,234,45,5.2
1,4,105,0,1,1,2,3,1,0,1,1,1,0,2,0,2,0,1.0,220,39,5.641025641025641
0,2,144,114,0,3,4,5,1,0,1,1,1,0,1,0,12,0,2.0,83,15,5.533333333333333
1,4,104,0,0,0,0,0,1,1,0,0,1,0,1,0,12,0,4.0,830,152,5.4605263157894735
1,4,105,81,1,4,5,5,1,0,0,0,1,0,1,120,2,0,7.0,307,49,6.26530612244898
0,1,144,114,0,2,0,0,0,0,1,1,1,0,1,0,2,0,3.0,75,14,5.357142857142857
0,3,144,0,1,1,6,0,0,0,0,0,1,1,1,0,12,0,2.0,246,47,5.23404255319149
0,7,144,114,1,0,1,0,1,0,1,1,0,0,1,0,7,0,5.0,273,41,6.658536585365853
1,8,128,0,1,1,5,5,1,1,2,0,1,0,1,0,12,0,1.0,279,55,5.072727272727272
0,3,144,0,1,1,4,0,1,1,1,1,1,0,3,0,4,0,2.0,235,44,5.340909090909091
1,12,105,80,0,1,6,0,1,1,0,0,0,0,1,100,2,0,4.0,682,119,5.73109243697479
1,16,103,81,0,6,0,0,2,1,1,0,0,0,2,150,11,0,3.0,189,36,5.25
0,2,144,33,0,4,6,0,2,0,0,0,1,0,2,0,2,3,11.0,340,50,6.8
0,24,60,47,0,0,1,5,1,2,0,0,1,0,1,250,7,0,1.0,164,28,5.857142857142857
1,2,104,0,2,0,2,5,1,1,1,1,1,0,3,1,12,0,2.0,55,11,5.0
0,24,144,114,1,6,0,0,1,0,0,0,0,0,1,0,4,0,5.0,241,53,4.547169811320755
1,7,105,0,0,5,0,0,1,0,0,0,0,0,1,100,2,0,1.0,136,28,4.857142857142857
1,2,105,0,1,0,3,5,0,0,1,1,1,0,2,0,2,0,5.0,131,23,5.695652173913044
0,1,144,0,0,0,6,0,1,0,1,1,1,0,1,50,2,2,4.0,706,137,5.153284671532846
0,2,22,114,0,1,2,0,2,1,0,0,1,0,1,0,2,0,5.0,60,10,6.0
0,6,144,0,1,1,0,0,0,0,0,0,1,0,1,0,2,0,3.0,71,15,4.733333333333333
0,2,8,0,0,1,4,0,0,1,2,2,2,0,1,0,2,0,3.0,1030,198,5.202020202020202
1,8,122,82,0,6,0,0,1,0,2,0,1,0,1,100,2,0,1.0,35,7,5.0
0,10,47,0,1,0,0,0,2,0,0,0,1,0,1,0,12,0,2.0,195,36,5.416666666666667
0,2,144,0,1,0,0,0,1,0,1,1,1,0,1,0,2,0,3.0,148,29,5.103448275862069
1,8,104,81,2,0,3,5,1,1,1,1,1,0,3,0,2,0,0.0,49,8,6.125
0,4,144,0,0,0,0,0,1,0,2,2,2,0,1,0,12,0,2.0,223,39,5.717948717948718
0,2,144,0,0,0,0,0,1,0,0,0,1,0,1,0,2,0,3.0,118,23,5.130434782608695
1,2,104,0,1,0,6,0,1,1,1,1,1,0,1,0,5,0,4.0,821,157,5.229299363057325
0,49,144,49,1,1,2,0,1,1,0,0,0,0,1,9,2,0,2.0,182,37,4.918918918918919
0,4,144,0,1,4,0,0,1,1,2,2,1,0,1,0,2,0,2.0,198,37,5.351351351351352
1,3,104,0,1,0,6,0,0,1,1,1,1,0,4,0,2,0,1.0,181,40,4.525
0,4,144,0,0,6,0,0,1,0,0,0,1,0,1,0,12,0,1.0,36,6,6.0
1,3,104,0,0,0,6,0,0,1,1,1,1,0,1,0,2,0,4.0,794,145,5.475862068965517
1,3,105,0,1,0,6,0,0,0,1,1,1,0,1,0,12,0,1.0,155,28,5.535714285714286
1,18,128,81,1,4,0,0,1,1,0,0,0,0,1,0,12,0,2.0,365,72,5.069444444444445
0,28,61,0,0,0,6,0,2,1,0,0,2,0,1,50,2,0,2.0,304,64,4.75
0,2,144,0,0,1,0,0,1,0,2,2,1,0,1,0,2,0,3.0,99,21,4.714285714285714
0,4,144,114,1,0,1,0,1,1,0,0,1,0,1,150,2,0,1.0,148,33,4.484848484848484
0,2,144,0,0,0,1,0,1,0,1,1,1,0,1,20,3,0,1.0,201,32,6.28125
0,64,8,0,0,1,2,2,2,1,0,0,1,0,1,0,2,0,2.0,178,32,5.5625
1,24,105,0,1,0,6,0,1,0,0,0,0,0,1,0,12,0,5.0,98,21,4.666666666666667
0,3,144,0,0,1,0,0,1,0,0,0,1,0,1,0,2,0,3.0,103,21,4.904761904761905
0,1,144,114,1,1,0,0,1,0,1,1,1,0,1,60,2,0,2.0,486,93,5.225806451612903
1,3,96,0,1,0,1,5,0,1,1,1,1,0,1,0,2,0,2.0,158,27,5.851851851851852
1,18,105,0,1,5,6,0,0,0,1,0,0,0,4,0,3,1,2.0,45,7,6.428571428571429
1,3,104,0,0,0,0,0,0,1,1,1,1,0,1,0,2,0,1.0,75,12,6.25
0,3,22,114,1,0,1,3,2,1,0,0,1,0,1,0,2,0,9.0,357,63,5.666666666666667
1,8,105,0,1,0,6,0,1,1,1,1,1,0,1,0,2,0,3.0,222,41,5.414634146341464
0,24,8,0,2,2,0,0,2,1,0,0,1,0,2,0,2,0,5.0,275,52,5.288461538461538
1,2,104,81,2,5,6,0,0,1,1,1,1,0,4,0,2,0,7.0,511,100,5.11
1,120,128,94,1,1,5,5,0,0,0,0,0,0,1,0,12,0,4.0,481,94,5.117021276595745
1,12,104,0,1,2,0,0,1,1,1,1,1,0,1,0,7,0,3.0,400,86,4.651162790697675
1,1,117,0,1,5,6,0,0,1,2,2,2,1,1,1,2,0,3.0,225,40,5.625
1,12,105,0,2,0,2,4,0,0,1,1,1,0,5,0,2,0,6.0,468,87,5.379310344827586
0,5,8,114,1,4,0,0,1,1,2,2,2,0,1,0,12,0,6.0,399,79,5.050632911392405
1,6,105,0,1,1,3,5,1,0,1,1,1,0,2,0,2,0,2.0,159,29,5.482758620689655
0,5,144,0,1,1,0,0,1,0,0,0,0,0,1,0,7,0,4.0,1159,216,5.3657407407407405
0,1,144,0,1,1,0,0,1,0,0,0,0,0,1,0,2,0,2.0,281,52,5.403846153846154
1,8,103,0,1,6,0,0,0,1,1,0,0,0,1,100,2,0,2.0,179,38,4.7105263157894735
0,36,166,114,1,0,1,5,1,0,0,0,0,0,1,0,2,0,5.0,318,61,5.213114754098361
0,1,144,114,1,1,5,5,1,0,1,0,1,0,6,15,2,1,29.0,1008,179,5.631284916201118
1,1,104,0,0,0,5,5,1,1,1,1,1,0,1,0,2,0,3.0,84,16,5.25
0,5,144,0,2,0,1,3,1,0,1,1,1,0,2,0,3,0,0.0,229,47,4.872340425531915
1,5,104,0,1,0,3,5,1,0,2,2,1,0,1,0,2,0,1.0,304,59,5.1525423728813555
0,4,144,114,1,0,6,0,1,0,0,0,1,0,1,100,2,0,12.0,919,179,5.134078212290503
0,12,144,114,1,1,0,0,1,1,1,0,1,0,1,0,3,0,1.0,23,4,5.75
1,12,104,0,1,0,3,5,1,1,0,0,0,0,1,0,12,0,2.0,287,54,5.314814814814815
0,57,29,0,0,1,2,0,2,0,0,0,1,0,1,0,2,0,4.0,434,84,5.166666666666667
0,14,160,0,0,1,0,0,1,0,0,0,2,0,1,500,4,0,2.0,38,7,5.428571428571429
0,2,99,114,1,0,1,0,3,0,0,0,1,0,1,0,2,0,3.0,146,27,5.407407407407407
0,24,144,114,2,0,4,0,1,1,2,2,2,1,2,30,2,0,5.0,1008,192,5.25
0,2,144,114,1,0,1,0,1,1,0,0,1,0,1,0,2,0,3.0,14,3,4.666666666666667
0,1,144,0,1,1,0,0,1,0,1,1,1,0,1,0,2,0,1.0,124,21,5.904761904761905
0,41,144,0,1,0,4,0,1,1,0,0,2,0,1,100,3,0,2.0,40,9,4.444444444444445
1,2,104,0,0,1,6,0,0,0,1,1,1,1,1,0,2,0,9.0,630,123,5.121951219512195
0,36,144,0,0,0,6,0,1,0,0,0,0,0,1,0,3,0,4.0,650,126,5.158730158730159
0,3,144,0,1,0,6,0,1,1,0,0,1,0,1,0,2,0,3.0,387,77,5.025974025974026
1,4,104,0,0,6,0,0,1,1,0,0,1,0,1,0,2,0,1.0,125,17,7.352941176470588
0,2,144,0,1,1,0,0,1,0,1,0,1,0,1,0,3,0,3.0,106,21,5.0476190476190474
0,1,47,0,0,0,0,0,2,0,0,0,1,0,1,350,7,0,3.0,65,12,5.416666666666667
1,3,104,0,1,0,3,5,0,1,1,1,1,0,1,0,2,0,1.0,449,87,5.160919540229885
0,4,144,0,1,4,0,0,1,0,0,0,0,0,1,0,4,0,5.0,365,66,5.53030303030303
0,2,144,0,1,0,3,0,2,1,2,2,1,0,1,0,2,0,2.0,70,12,5.833333333333333
1,60,105,0,0,3,0,0,1,1,0,0,0,0,1,0,3,0,1.0,156,29,5.379310344827586
1,0,105,0,2,0,1,5,1,0,1,1,1,0,3,0,7,0,2.0,126,26,4.846153846153846
0,48,144,7,0,1,0,0,1,0,2,2,2,0,1,0,2,0,1.0,56,11,5.090909090909091
1,36,105,0,1,1,3,5,1,1,0,0,0,0,1,120,2,0,3.0,107,21,5.095238095238095
0,5,144,0,2,1,4,0,1,1,0,0,1,0,2,0,12,0,5.0,187,31,6.032258064516129
1,72,105,0,0,5,0,0,1,0,0,0,0,0,1,0,2,0,1.0,33,6,5.5
0,6,144,0,1,1,0,0,1,0,1,1,0,0,1,0,12,0,4.0,565,106,5.330188679245283
0,10,144,114,0,1,0,0,1,0,1,1,1,0,1,0,2,0,2.0,45,2,22.5
0,6,144,0,0,6,0,0,1,1,0,0,1,0,1,0,2,0,6.0,172,32,5.375
0,24,144,0,1,0,6,0,1,0,1,0,2,0,1,0,3,0,4.0,387,67,5.776119402985074
0,2,144,0,1,3,6,0,1,0,1,1,1,0,1,0,2,0,5.0,1236,230,5.373913043478261
0,2,144,4,1,0,1,0,1,0,0,0,1,0,1,0,2,0,13.0,275,39,7.051282051282051
0,1,144,0,0,6,0,0,1,0,2,2,1,0,1,0,2,0,2.0,86,16,5.375
0,1,144,0,0,1,0,0,1,0,1,1,1,0,1,0,2,0,1.0,117,20,5.85
0,4,144,0,1,1,0,0,1,0,1,1,1,0,2,0,2,0,2.0,82,17,4.823529411764706
1,4,104,66,2,0,2,5,1,1,1,1,1,0,5,0,12,0,5.0,956,178,5.370786516853933
0,6,144,0,1,4,0,0,1,0,0,0,1,0,1,0,12,0,3.0,324,64,5.0625
0,15,144,114,1,6,0,0,1,0,0,0,0,0,1,0,2,0,1.0,402,69,5.826086956521739
1,2,105,0,0,0,5,0,0,0,1,1,1,0,1,0,2,1,4.0,63,10,6.3
1,8,105,0,0,1,2,5,1,0,2,1,1,0,1,0,12,0,3.0,116,19,6.105263157894737
0,36,144,114,1,0,1,3,1,1,0,0,0,0,1,0,2,0,1.0,69,13,5.3076923076923075
0,1,144,0,2,0,1,0,1,0,1,1,1,0,3,0,2,0,9.0,171,33,5.181818181818182
0,36,144,0,1,1,0,0,1,0,0,0,0,0,1,0,2,0,1.0,479,92,5.206521739130435
1,3,105,0,1,3,6,0,1,1,0,0,1,0,1,120,2,0,5.0,194,36,5.388888888888889
0,1,144,0,1,0,1,0,1,0,1,1,1,0,1,0,2,0,3.0,1193,229,5.209606986899563
0,2,144,114,2,0,1,5,0,1,0,0,2,0,2,0,2,0,5.0,392,80,4.9
1,2,135,0,2,0,2,5,1,0,1,1,1,0,5,0,8,0,3.0,601,113,5.31858407079646
0,3,144,0,2,1,4,5,1,0,0,0,1,0,6,0,2,0,3.0,211,40,5.275
1,3,105,0,1,0,3,5,1,0,1,0,0,0,1,0,12,0,1.0,44,5,8.8
0,2,144,0,1,0,1,0,1,1,1,1,1,0,1,0,2,0,3.0,180,40,4.5
0,3,144,0,1,0,1,0,1,0,0,0,1,0,1,0,2,0,1.0,272,59,4.610169491525424
1,2,88,81,0,2,6,0,0,0,1,1,1,0,1,0,12,0,3.0,676,135,5.007407407407407
0,30,150,114,0,6,0,0,1,0,0,0,0,0,1,200,2,0,2.0,361,52,6.9423076923076925
0,8,144,114,1,6,0,0,1,0,0,0,0,0,1,0,2,1,1.0,248,48,5.166666666666667
0,3,144,0,1,1,6,0,1,0,0,0,0,0,1,0,2,0,6.0,104,17,6.117647058823529
1,2,137,113,2,0,6,0,1,1,1,1,1,0,3,0,2,0,20.0,641,112,5.723214285714286
0,84,60,0,0,4,6,0,0,1,2,2,2,1,1,0,3,0,2.0,405,77,5.259740259740259
1,10,103,0,1,1,3,5,0,1,0,0,0,0,1,120,2,0,3.0,198,34,5.823529411764706
0,2,166,114,1,0,1,0,1,0,0,0,1,0,1,0,2,0,3.0,124,22,5.636363636363637
1,2,128,81,1,0,1,3,0,1,1,1,1,0,3,0,2,0,5.0,279,48,5.8125
0,1,144,114,1,0,1,5,1,0,1,1,1,0,1,0,2,0,4.0,662,130,5.092307692307692
0,48,144,0,0,0,1,5,1,0,0,0,2,0,1,0,2,0,3.0,71,15,4.733333333333333
1,12,105,0,0,6,0,0,2,0,2,2,2,0,1,0,12,0,1.0,124,20,6.2
1,2,103,0,1,0,3,5,0,2,1,0,1,0,1,0,12,1,2.0,420,58,7.241379310344827
0,2,144,16,1,1,4,0,1,0,0,0,0,0,1,0,4,0,1.0,963,190,5.068421052631579
1,4,104,0,0,0,1,4,1,1,1,1,1,0,1,0,12,0,4.0,48,7,6.857142857142857
1,12,104,0,0,0,1,5,2,1,0,0,0,0,1,0,2,0,12.0,84,18,4.666666666666667
1,4,105,0,1,0,1,0,0,0,1,1,1,0,2,0,12,0,2.0,150,28,5.357142857142857
0,3,164,41,1,0,1,5,1,0,1,1,1,0,1,0,12,1,7.0,241,41,5.878048780487805
1,1,105,0,1,0,1,3,1,0,1,1,1,0,1,0,2,0,0.0,448,86,5.209302325581396
1,3,105,0,0,1,3,0,1,1,1,1,1,0,1,0,2,0,1.0,50,8,6.25
1,1,128,0,0,6,0,0,0,0,1,0,1,0,1,0,12,0,1.0,562,101,5.564356435643564
0,1,144,0,0,1,6,0,1,1,1,1,1,0,1,0,3,0,2.0,103,15,6.866666666666666
0,4,144,0,1,1,3,0,1,0,0,0,0,0,2,0,12,0,1.0,246,41,6.0
1,6,105,0,0,5,0,0,1,0,0,0,0,0,2,0,12,0,5.0,522,101,5.1683168316831685
0,2,144,0,0,0,1,0,1,0,0,0,1,0,1,0,2,0,1.0,191,41,4.658536585365853
0,0,144,0,0,4,0,0,0,0,1,1,1,0,2,0,5,0,5.0,50,8,6.25
0,2,144,114,2,4,6,0,1,0,1,1,1,0,6,0,2,0,5.0,475,87,5.459770114942529
1,1,105,0,2,3,6,0,1,0,1,1,1,0,9,0,2,0,5.0,1520,286,5.314685314685315
1,5,135,66,1,0,5,5,1,1,1,1,1,0,1,0,2,0,7.0,471,87,5.413793103448276
1,6,105,0,1,2,3,3,1,0,0,0,1,0,1,0,2,0,1.0,162,27,6.0
1,4,105,0,0,0,1,3,0,0,1,2,1,0,1,0,2,0,6.0,613,121,5.066115702479339
1,8,120,0,1,0,1,5,1,1,1,1,1,0,1,0,12,0,8.0,465,82,5.670731707317073
1,4,105,0,1,6,0,0,1,0,1,1,1,0,1,0,12,0,2.0,274,54,5.074074074074074
0,1,69,114,0,1,0,0,1,0,1,0,1,0,1,0,2,0,2.0,273,46,5.934782608695652
0,2,144,114,0,1,6,0,1,0,0,0,1,0,1,0,12,0,3.0,241,43,5.604651162790698
1,4,105,0,1,0,2,0,0,0,1,1,1,0,1,0,12,0,1.0,18,3,6.0
0,1,144,0,0,0,1,5,1,1,1,1,1,0,1,0,2,0,5.0,146,31,4.709677419354839
0,144,144,0,0,1,0,0,2,1,2,2,2,0,1,0,2,0,1.0,442,71,6.225352112676056
0,3,144,0,1,0,6,0,1,0,0,0,1,0,2,100,2,0,2.0,351,62,5.661290322580645
0,5,144,0,1,1,4,5,1,1,1,1,1,0,1,0,2,0,1.0,28,5,5.6
1,4,122,81,0,6,0,0,1,1,1,0,1,0,1,0,2,0,6.0,215,45,4.777777777777778
1,12,105,0,0,5,6,0,0,0,0,0,0,0,1,0,2,0,2.0,211,39,5.410256410256411
1,5,104,113,1,0,6,0,0,1,0,0,0,0,1,0,12,0,2.0,425,77,5.51948051948052
1,5,103,81,1,3,0,0,2,2,1,1,1,0,1,0,12,0,5.0,14,3,4.666666666666667
1,9,104,96,1,4,6,0,1,1,1,0,1,0,1,0,2,0,2.0,49,10,4.9
1,24,104,81,1,2,3,0,2,1,1,1,2,0,1,0,12,0,4.0,5,1,5.0
1,2,105,0,1,2,6,0,1,0,1,0,1,0,1,30,2,0,5.0,25,5,5.0
0,3,144,0,1,1,2,0,1,1,0,0,1,0,1,0,2,0,5.0,507,97,5.22680412371134
1,11,105,82,0,0,0,0,2,0,0,0,0,0,1,0,12,0,3.0,132,24,5.5
1,4,105,0,0,2,6,0,0,1,0,0,0,0,1,0,12,0,3.0,313,56,5.589285714285714
0,15,36,0,1,6,0,0,2,1,0,0,2,0,1,150,2,0,2.0,717,139,5.158273381294964
1,3,105,0,2,0,4,5,0,0,1,1,1,0,3,0,12,0,3.0,147,28,5.25
0,3,144,0,1,0,1,5,1,0,1,0,1,0,1,0,2,0,5.0,551,108,5.101851851851852
0,6,144,0,1,0,0,0,2,1,0,0,0,0,1,0,4,1,6.0,267,50,5.34
0,1,144,0,2,0,1,0,1,0,1,1,1,0,4,0,7,0,1.0,196,39,5.0256410256410255
1,2,105,82,1,5,6,0,1,1,1,1,1,0,1,0,2,0,3.0,227,35,6.485714285714286
0,72,8,0,1,2,0,0,2,2,1,0,2,1,1,0,2,0,2.0,681,126,5.404761904761905
0,15,144,0,1,1,0,0,1,0,1,0,1,0,1,0,2,0,4.0,356,63,5.650793650793651
1,10,104,0,0,3,6,0,2,1,0,0,1,1,1,0,2,0,3.0,137,22,6.2272727272727275
1,1,105,0,2,2,5,5,0,0,1,1,1,0,4,0,2,0,3.0,481,91,5.285714285714286
0,1,144,0,0,0,1,0,1,0,1,0,1,0,1,0,12,1,6.0,574,108,5.314814814814815
0,4,81,0,0,0,1,1,0,2,0,0,1,0,1,0,2,0,1.0,232,42,5.523809523809524
0,7,144,0,1,0,0,0,1,0,0,0,0,0,1,0,2,0,3.0,247,51,4.8431372549019605
1,4,122,0,1,0,1,0,0,1,2,0,2,0,1,50,12,0,2.0,257,45,5.711111111111111
0,4,144,0,1,0,1,0,1,0,1,0,1,0,1,0,2,0,2.0,188,34,5.529411764705882
0,5,144,114,2,0,1,5,1,0,1,1,2,0,2,0,2,0,2.0,193,35,5.514285714285714
0,2,144,131,1,0,1,0,1,1,1,0,1,0,1,0,2,0,11.0,355,62,5.725806451612903
0,12,144,114,1,1,0,0,1,1,0,0,0,0,2,0,2,0,5.0,1022,185,5.524324324324325
1,2,105,106,1,0,2,4,1,0,1,1,1,0,1,0,12,0,4.0,440,83,5.301204819277109
0,4,144,6,0,2,0,0,1,0,0,1,1,0,1,300,2,0,4.0,177,31,5.709677419354839
1,2,105,0,0,5,0,0,1,0,1,0,1,0,2,0,12,0,2.0,52,11,4.7272727272727275
0,2,144,0,1,0,0,0,1,0,0,0,1,0,1,0,2,0,4.0,149,24,6.208333333333333
1,2,96,0,2,0,3,5,1,1,1,1,1,0,2,0,2,0,5.0,155,29,5.344827586206897
0,24,41,0,0,6,0,0,1,1,0,0,1,0,1,250,12,0,2.0,540,110,4.909090909090909
1,2,104,0,0,5,0,0,0,1,1,1,1,0,1,0,2,0,3.0,268,51,5.254901960784314
0,1,144,0,0,1,0,0,1,0,1,1,1,0,1,20,3,0,1.0,122,21,5.809523809523809
0,60,150,0,0,1,0,0,1,0,2,2,2,0,1,0,2,0,1.0,418,81,5.160493827160494
1,2,105,0,0,0,6,0,1,0,1,0,1,0,1,0,2,0,3.0,246,46,5.3478260869565215
1,8,104,0,1,3,5,5,0,1,0,0,1,0,1,0,2,0,5.0,293,62,4.725806451612903
0,1,9,0,1,6,0,0,1,2,1,1,1,0,1,0,12,0,4.0,385,82,4.695121951219512
0,84,8,0,1,2,0,0,2,2,0,0,1,0,1,0,12,0,2.0,990,186,5.32258064516129
1,2,128,0,0,1,0,0,1,1,1,0,1,0,1,0,2,0,2.0,55,11,5.0
0,8,144,0,1,2,0,0,1,0,0,0,0,0,1,0,2,2,8.0,2498,482,5.182572614107884
0,60,60,114,1,0,1,4,0,1,2,0,2,1,1,100,5,0,3.0,777,147,5.285714285714286
0,52,60,0,0,1,2,5,1,0,0,0,1,0,1,0,2,0,2.0,636,126,5.0476190476190474
0,8,144,114,0,1,2,2,1,1,0,0,2,0,1,0,2,0,5.0,428,79,5.417721518987341
0,96,62,0,0,1,0,0,0,1,2,2,1,0,1,0,2,0,1.0,377,71,5.309859154929577
0,6,144,0,1,0,1,5,0,0,0,0,1,0,1,0,2,0,2.0,71,15,4.733333333333333
1,1,105,0,1,0,1,1,0,0,1,1,1,0,1,0,1,0,4.0,209,38,5.5
1,5,105,0,2,0,1,1,1,0,0,0,1,0,3,0,5,0,5.0,561,107,5.242990654205608
0,1,144,0,1,0,1,0,1,0,0,0,1,0,1,0,2,0,10.0,430,75,5.733333333333333
0,6,8,0,1,2,0,0,2,2,1,1,1,0,1,0,0,1,5.0,1411,270,5.225925925925926
0,1,144,114,0,1,0,0,1,1,1,0,1,0,1,0,2,0,3.0,12,2,6.0
0,2,22,114,2,0,1,0,1,1,1,1,1,0,3,50,2,0,3.0,417,80,5.2125
1,3,96,0,1,0,3,5,1,1,1,0,1,0,1,80,12,0,5.0,799,156,5.121794871794871
1,12,105,0,1,5,0,0,1,0,0,0,0,0,1,0,2,0,5.0,134,22,6.090909090909091
0,1,147,54,2,0,4,5,1,0,1,0,1,0,4,0,12,5,5.0,271,50,5.42
0,48,144,114,1,0,1,5,1,1,2,2,2,0,9,200,12,0,3.0,762,162,4.703703703703703
0,48,54,41,1,0,1,5,1,0,0,0,0,0,1,0,2,0,2.0,184,35,5.257142857142857
1,5,105,81,0,3,6,0,1,0,0,0,1,0,1,120,2,0,5.0,338,56,6.035714285714286
0,12,144,0,0,1,0,0,1,1,0,0,0,0,1,0,12,0,6.0,220,43,5.116279069767442
1,3,104,0,0,3,4,5,1,1,2,0,2,0,1,0,12,0,1.0,285,55,5.181818181818182
0,1,144,0,1,4,0,0,1,0,1,0,1,1,1,0,2,1,7.0,999,193,5.176165803108808
0,3,144,0,1,1,3,0,1,0,0,0,0,0,1,0,2,0,4.0,577,102,5.6568627450980395
0,2,69,0,1,0,6,0,1,0,1,1,1,0,1,0,2,0,11.0,228,42,5.428571428571429
1,3,119,94,0,1,3,5,0,1,1,2,1,0,2,0,7,0,2.0,524,95,5.515789473684211
1,8,104,0,0,5,6,0,1,1,1,1,1,0,1,0,2,0,3.0,289,58,4.982758620689655
0,8,144,0,0,2,4,4,0,1,0,0,0,0,1,0,2,0,2.0,185,32,5.78125
0,6,41,0,0,1,0,0,0,0,0,2,1,0,1,200,3,0,2.0,50,10,5.0
0,1,69,114,1,1,6,0,1,0,1,0,1,0,1,0,2,0,7.0,353,63,5.603174603174603
1,3,105,81,2,2,5,5,0,0,1,1,1,0,3,0,2,0,12.0,459,83,5.530120481927711
0,8,144,114,0,0,0,0,1,0,0,0,1,0,2,100,2,0,2.0,1117,209,5.344497607655502
0,3,144,16,2,0,0,0,1,0,1,1,1,0,3,0,12,0,8.0,253,48,5.270833333333333
1,1,105,0,1,0,3,5,0,0,1,1,1,0,1,0,2,0,4.0,161,24,6.708333333333333
0,96,22,0,2,2,4,0,2,0,0,0,0,0,2,0,2,0,7.0,468,87,5.379310344827586
1,7,125,106,1,1,6,0,0,1,2,2,1,0,1,0,2,0,4.0,1173,238,4.928571428571429
1,2,104,0,0,0,0,0,1,1,1,0,1,0,1,0,2,0,2.0,122,23,5.304347826086956
1,3,135,0,1,0,5,0,0,1,1,1,1,0,1,0,12,0,5.0,248,46,5.391304347826087
0,3,144,0,0,0,1,0,1,0,0,0,1,0,1,0,2,0,8.0,120,23,5.217391304347826
1,2,105,0,0,5,6,0,1,0,1,0,1,0,1,0,12,0,9.0,665,132,5.037878787878788
0,9,13,46,0,0,6,0,1,1,0,0,2,0,1,250,2,2,5.0,631,119,5.302521008403361
1,6,122,81,0,0,6,0,2,1,1,0,1,0,1,0,2,0,5.0,261,46,5.673913043478261
1,1,105,0,2,0,3,5,1,0,1,1,1,0,3,0,7,0,3.0,207,37,5.594594594594595
1,12,104,0,1,0,1,1,1,1,2,2,2,0,1,75,2,0,2.0,213,44,4.840909090909091
1,5,105,0,2,5,0,0,0,0,0,0,0,0,2,0,12,0,6.0,42,8,5.25
1,5,105,106,1,1,2,0,0,0,1,0,1,0,1,0,2,0,12.0,175,34,5.147058823529412
0,2,144,0,1,1,6,0,1,0,2,2,1,0,1,0,2,0,1.0,76,13,5.846153846153846
0,6,144,0,1,0,1,1,0,1,2,2,2,0,1,0,12,1,5.0,278,53,5.245283018867925
0,1,144,0,1,0,0,0,1,0,1,1,1,0,5,0,4,0,2.0,384,74,5.1891891891891895
0,1,144,0,2,0,1,5,1,0,1,0,1,0,4,0,12,0,0.0,158,31,5.096774193548387
1,4,131,0,2,4,6,0,1,0,1,1,1,0,4,0,12,0,7.0,812,164,4.951219512195122
1,21,105,0,1,0,5,5,1,1,2,0,0,0,1,0,2,0,8.0,475,98,4.846938775510204
0,2,144,0,1,1,6,0,1,0,1,0,1,0,1,0,4,0,1.0,297,59,5.033898305084746
0,19,144,54,0,0,1,0,1,0,0,0,1,0,1,0,2,0,3.0,206,39,5.282051282051282
0,4,144,0,1,6,0,0,0,0,0,0,2,0,1,0,2,0,2.0,44,9,4.888888888888889
1,7,105,0,2,0,1,0,1,0,2,0,0,0,2,0,7,0,2.0,714,132,5.409090909090909
0,132,51,0,1,0,0,0,0,0,0,0,0,0,1,0,3,0,0.0,190,31,6.129032258064516
0,36,60,47,1,0,5,5,0,2,0,0,2,0,1,0,6,0,4.0,161,30,5.366666666666666
0,3,144,114,0,4,0,0,1,0,0,0,1,0,1,0,4,0,3.0,220,42,5.238095238095238
0,2,144,0,0,0,0,0,1,1,0,0,2,0,1,0,0,0,1.0,107,19,5.631578947368421
0,5,144,0,0,1,5,5,1,0,0,0,1,0,3,0,2,0,3.0,705,135,5.222222222222222
0,2,144,0,1,2,3,0,1,1,1,1,1,0,1,0,2,0,2.0,133,28,4.75
0,6,99,114,0,0,1,5,1,1,0,0,1,0,1,0,4,0,4.0,516,93,5.548387096774194
0,12,144,16,0,1,0,0,1,0,2,2,2,0,1,0,7,0,2.0,211,36,5.861111111111111
1,6,135,82,0,6,0,0,1,1,1,1,1,0,1,0,12,0,6.0,396,80,4.95
0,2,144,0,1,0,1,0,1,0,2,2,1,0,1,0,2,0,1.0,123,21,5.857142857142857
0,3,144,0,1,1,2,0,1,1,1,0,1,0,1,0,2,1,1.0,26,5,5.2
1,1,105,0,0,0,5,0,0,1,1,1,1,0,1,0,2,2,9.0,645,128,5.0390625
0,60,155,0,1,1,6,0,0,1,0,0,1,0,1,100,2,0,2.0,337,70,4.814285714285714
0,2,144,0,1,0,0,0,1,1,1,1,1,0,1,0,2,0,1.0,257,45,5.711111111111111
0,2,144,0,1,1,4,0,1,1,1,0,1,0,1,0,12,0,1.0,129,25,5.16
1,5,125,82,0,0,5,5,1,0,1,0,1,0,1,0,12,0,1.0,449,90,4.988888888888889
1,3,104,0,1,1,3,0,0,1,1,1,1,0,1,0,2,0,1.0,206,40,5.15
1,36,135,0,1,5,0,0,0,0,0,0,0,0,1,0,12,0,1.0,271,55,4.927272727272728
0,2,144,114,0,0,0,0,1,1,0,0,1,0,1,0,12,0,2.0,284,50,5.68
0,48,51,0,1,5,0,0,0,1,0,0,0,0,1,0,2,0,1.0,149,29,5.137931034482759
0,6,144,0,0,6,0,0,1,0,0,0,0,0,1,0,2,0,1.0,102,19,5.368421052631579
0,9,13,53,1,0,2,3,1,1,0,0,0,0,1,200,7,0,14.0,311,61,5.098360655737705
1,3,105,0,0,1,6,0,0,0,1,0,1,0,1,0,12,0,19.0,209,42,4.976190476190476
0,120,30,0,0,0,1,0,1,0,0,0,0,0,1,0,12,0,1.0,117,23,5.086956521739131
0,7,144,0,1,0,1,5,0,0,0,1,0,0,4,0,2,0,21.0,697,127,5.488188976377953
1,6,105,0,1,1,3,5,1,0,0,0,0,0,1,0,2,0,5.0,280,52,5.384615384615385
0,2,144,0,0,0,1,3,1,1,0,0,1,0,1,80,2,0,2.0,131,23,5.695652173913044
0,12,144,0,0,0,1,0,1,0,2,2,2,0,1,0,4,0,5.0,518,104,4.980769230769231
1,24,105,0,1,5,6,0,0,0,0,0,0,0,1,100,3,0,2.0,120,22,5.454545454545454
1,24,105,82,1,0,6,0,1,0,0,0,0,0,1,0,12,0,2.0,25,4,6.25
0,2,144,0,1,0,1,0,1,0,0,0,1,0,1,0,2,0,3.0,104,21,4.9523809523809526
1,12,104,0,2,0,4,5,1,1,0,0,0,0,2,0,3,0,4.0,307,56,5.482142857142857
1,2,105,0,1,0,6,0,1,0,0,0,1,0,1,100,2,0,3.0,683,124,5.508064516129032
1,2,105,0,0,0,5,5,1,0,1,1,1,0,1,10,2,0,5.0,97,20,4.85
1,2,105,0,2,3,4,5,0,0,0,0,1,0,4,0,12,0,1.0,382,74,5.162162162162162
1,2,105,0,1,0,1,1,1,0,1,1,1,0,1,0,12,0,6.0,685,112,6.116071428571429
0,12,144,53,1,1,0,0,1,1,0,0,0,0,1,0,12,0,2.0,141,28,5.035714285714286
0,3,144,0,0,1,0,0,1,0,0,0,1,1,1,0,2,0,5.0,1020,205,4.975609756097561
1,1,105,0,1,0,6,0,0,0,1,1,1,0,1,0,12,0,2.0,137,25,5.48
0,2,144,0,0,0,0,0,1,0,1,0,1,0,1,0,2,0,5.0,869,166,5.234939759036145
0,1,144,0,1,0,1,0,1,1,1,0,1,0,1,0,2,1,13.0,673,114,5.9035087719298245
1,1,105,0,2,0,2,2,0,0,2,0,2,0,2,0,3,2,10.0,2443,427,5.721311475409836
0,24,144,0,0,0,0,0,1,0,0,0,0,0,1,0,12,0,2.0,105,17,6.176470588235294
0,1,56,54,2,5,0,0,1,1,1,2,1,0,7,250,12,0,1.0,236,36,6.555555555555555
0,12,54,53,0,0,1,5,1,0,0,0,0,0,1,0,7,0,2.0,158,36,4.388888888888889
1,4,105,82,0,6,0,0,1,0,0,0,1,0,1,0,2,0,4.0,1256,237,5.29957805907173
1,3,105,0,2,1,3,4,1,0,0,0,2,0,5,1,3,0,4.0,168,29,5.793103448275862
0,20,5,0,0,1,0,0,2,2,0,2,0,0,1,0,2,0,0.0,866,176,4.920454545454546
0,2,144,0,0,1,0,0,1,1,1,1,1,0,1,0,12,0,2.0,307,60,5.116666666666666
0,2,144,0,1,0,6,0,1,0,1,1,1,0,1,0,2,0,6.0,686,138,4.971014492753623
0,84,49,10,0,0,1,5,1,1,0,0,0,0,1,10,12,0,2.0,152,31,4.903225806451613
0,2,144,0,1,1,2,5,1,0,0,0,1,0,1,0,2,0,2.0,293,56,5.232142857142857
0,10,144,0,1,1,6,0,0,0,0,0,2,0,1,0,2,0,5.0,63,11,5.7272727272727275
0,36,54,0,1,0,1,5,1,0,0,0,2,0,1,0,12,0,1.0,636,120,5.3
0,18,69,114,1,0,1,5,1,2,0,0,0,0,1,300,2,0,2.0,1283,221,5.8054298642533935
1,0,105,0,0,0,1,0,1,0,1,1,1,0,1,0,2,0,2.0,127,20,6.35
1,2,105,0,1,1,6,0,1,0,1,1,1,0,1,0,2,1,5.0,115,23,5.0
1,1,104,0,0,3,4,5,2,1,1,1,1,0,1,0,2,0,4.0,849,168,5.053571428571429
0,2,144,0,0,1,0,0,1,0,1,0,1,0,1,0,2,0,3.0,416,80,5.2
1,3,105,0,1,0,0,0,1,1,1,0,1,0,1,0,12,0,29.0,129,21,6.142857142857143
0,4,144,0,1,6,0,0,1,1,1,1,1,0,1,0,2,0,7.0,1290,251,5.139442231075697
0,120,22,8,0,0,1,1,2,1,0,0,0,0,2,0,2,0,3.0,1022,190,5.378947368421053
0,12,144,0,0,1,4,5,1,0,0,0,0,0,1,0,12,0,3.0,489,102,4.794117647058823
0,12,144,0,0,1,6,0,1,0,0,0,1,0,1,0,2,0,3.0,179,37,4.837837837837838
1,1,104,0,1,5,6,0,0,1,2,2,1,0,1,20,2,0,6.0,273,56,4.875
0,9,165,0,1,0,6,0,2,0,2,2,0,0,1,0,7,0,8.0,398,69,5.768115942028985
0,2,144,0,1,1,0,0,1,0,1,0,1,0,2,0,2,0,2.0,764,144,5.305555555555555
1,6,103,82,0,3,4,5,1,1,2,0,1,0,1,30,2,0,2.0,175,32,5.46875
0,2,69,114,0,0,2,0,1,1,0,0,1,0,1,0,2,0,6.0,166,29,5.724137931034483
0,8,144,0,1,1,6,0,1,0,1,1,1,1,1,0,0,0,1.0,96,19,5.052631578947368
0,96,159,0,1,1,4,0,0,1,0,0,0,0,1,0,2,0,11.0,1996,392,5.091836734693878
0,3,144,114,0,4,0,0,1,0,2,2,2,0,1,0,2,0,2.0,384,74,5.1891891891891895
1,4,88,80,1,0,3,0,0,2,1,1,1,0,1,300,2,0,2.0,124,25,4.96
0,24,147,0,0,0,6,0,1,2,2,2,0,0,1,0,12,0,3.0,334,63,5.301587301587301
0,1,144,114,0,1,0,0,1,0,1,0,1,0,1,0,2,0,1.0,60,13,4.615384615384615
0,2,144,0,0,0,0,0,0,1,2,2,2,0,1,0,2,0,4.0,313,5,62.6
0,60,144,0,0,0,0,0,1,1,1,1,2,0,2,1,12,0,1.0,113,24,4.708333333333333
0,4,144,0,0,2,0,0,1,0,0,0,1,0,1,155,12,0,1.0,347,68,5.102941176470588
0,12,144,114,1,0,1,5,1,0,0,0,0,0,1,100,5,0,2.0,254,46,5.521739130434782
1,3,104,0,1,2,4,5,1,1,1,1,1,0,1,50,12,0,0.0,427,82,5.2073170731707314
1,2,105,0,0,1,2,3,1,1,0,0,1,0,1,0,12,0,21.0,250,54,4.62962962962963
0,1,144,0,1,0,6,0,1,0,1,1,1,0,1,20,3,0,1.0,141,25,5.64
0,36,51,0,0,3,4,4,1,1,0,0,2,1,1,200,2,0,1.0,128,23,5.565217391304348
1,3,105,0,0,0,1,5,0,1,1,1,1,0,1,0,2,0,4.0,168,32,5.25
1,2,82,0,1,0,1,5,1,1,1,1,2,1,1,0,7,0,1.0,169,30,5.633333333333334
1,12,135,0,1,1,2,0,0,0,0,0,0,0,1,0,3,0,1.0,450,83,5.421686746987952
0,5,163,114,1,0,1,5,0,1,0,0,1,0,1,0,2,0,2.0,211,39,5.410256410256411
0,2,144,0,1,1,0,0,1,1,1,0,1,0,1,0,2,0,1.0,122,20,6.1
0,24,47,0,0,0,1,0,2,0,0,0,1,0,1,0,12,0,3.0,258,49,5.26530612244898
1,6,105,0,1,5,6,0,1,0,2,2,2,0,1,0,3,0,7.0,490,96,5.104166666666667
0,1,22,12,2,0,1,0,1,0,1,1,1,0,6,0,12,0,5.0,54,11,4.909090909090909
1,3,105,73,1,1,2,0,1,0,0,0,0,0,1,150,2,0,3.0,763,139,5.489208633093525
0,8,144,0,1,1,6,0,1,0,0,0,0,0,1,150,2,0,3.0,168,28,6.0
1,12,105,81,1,0,1,3,1,1,1,1,0,0,2,0,12,0,1.0,662,125,5.296
0,12,144,114,0,1,0,0,2,0,0,0,0,0,1,100,5,0,1.0,534,105,5.085714285714285
0,6,144,0,0,2,0,0,0,0,0,0,0,0,1,0,2,0,4.0,86,16,5.375
0,36,155,0,0,1,0,0,0,0,0,0,1,1,1,0,2,0,3.0,483,89,5.426966292134831
0,3,144,0,2,0,1,0,1,1,0,0,2,0,4,0,0,0,1.0,76,14,5.428571428571429
0,2,144,114,0,0,1,0,1,1,0,0,1,0,1,0,12,0,3.0,327,61,5.360655737704918
0,5,144,0,0,0,1,0,1,0,0,0,0,0,1,0,2,0,1.0,173,31,5.580645161290323
0,1,144,0,1,0,1,1,1,0,1,1,1,0,6,0,2,0,9.0,211,36,5.861111111111111
1,2,135,80,0,0,6,0,1,2,1,1,1,0,1,0,2,0,2.0,341,63,5.412698412698413
0,48,144,0,1,1,0,0,1,0,0,0,0,0,1,100,2,0,1.0,65,11,5.909090909090909
1,36,122,0,0,6,0,0,1,1,2,2,2,0,1,0,12,0,1.0,5,1,5.0
0,2,144,0,0,0,1,2,1,1,0,0,1,0,1,0,2,0,7.0,149,29,5.137931034482759
0,0,144,0,2,0,1,0,1,0,1,1,1,0,6,0,2,0,11.0,861,158,5.449367088607595
0,2,144,0,1,0,1,0,1,0,1,0,1,1,1,150,2,0,5.0,506,102,4.96078431372549
0,3,144,114,1,1,0,0,1,1,0,0,1,0,1,0,2,0,1.0,12,2,6.0
0,84,62,0,0,0,1,5,1,0,0,0,0,0,1,0,3,0,2.0,74,16,4.625
0,1,144,0,1,0,0,0,1,1,1,1,1,0,1,0,12,0,5.0,112,19,5.894736842105263
0,36,8,114,0,2,0,0,3,1,0,0,0,0,1,0,2,0,1.0,307,51,6.019607843137255
1,2,104,0,0,1,2,3,1,1,1,1,1,0,1,0,12,0,3.0,270,53,5.09433962264151
1,24,105,82,2,0,1,5,1,0,2,2,2,1,5,0,2,0,1.0,52,8,6.5
0,2,146,114,0,0,1,0,1,0,0,0,1,0,1,100,12,2,6.0,358,65,5.507692307692308
1,4,92,0,0,0,0,0,1,2,0,0,0,0,4,0,2,0,1.0,689,128,5.3828125
0,2,8,53,1,3,0,0,1,1,1,0,0,0,1,150,12,0,5.0,24,4,6.0
0,24,144,0,0,0,1,1,1,1,0,0,0,0,1,0,2,0,13.0,2858,559,5.112701252236136
1,2,104,0,1,5,6,0,1,1,0,0,1,0,1,0,12,0,1.0,6,1,6.0
1,7,105,0,0,2,6,0,1,0,1,1,1,0,1,0,12,0,1.0,618,117,5.282051282051282
0,8,144,116,1,0,1,0,1,2,0,0,0,0,1,0,2,0,7.0,404,73,5.534246575342466
1,78,94,0,0,1,0,0,1,2,0,0,0,0,1,0,2,0,1.0,56,13,4.3076923076923075
0,0,144,114,2,1,6,0,1,0,2,2,2,0,2,0,2,0,5.0,169,34,4.970588235294118
1,6,105,106,0,1,0,0,1,0,1,0,0,0,1,0,2,0,2.0,613,107,5.728971962616822
1,5,141,66,1,5,6,0,1,0,1,0,1,0,2,0,12,0,1.0,174,34,5.117647058823529
0,1,5,20,1,0,1,0,1,1,1,0,1,0,1,0,12,0,4.0,50,11,4.545454545454546
1,3,105,0,0,0,5,5,1,0,1,0,1,0,1,0,2,0,3.0,63,11,5.7272727272727275
1,3,105,0,0,0,0,0,1,0,1,0,1,0,1,0,12,0,20.0,84,12,7.0
0,1,144,114,2,0,1,4,2,0,2,2,2,0,6,0,2,0,1.0,212,36,5.888888888888889
1,1,104,0,0,4,6,0,2,1,1,0,1,0,1,80,2,0,5.0,84,16,5.25
0,3,144,0,2,0,1,5,1,0,1,2,2,0,4,0,3,0,3.0,274,53,5.169811320754717
0,4,144,114,1,0,0,0,1,0,0,0,1,0,1,100,2,0,2.0,98,18,5.444444444444445
1,9,122,80,0,0,6,0,2,2,1,1,1,0,1,150,12,0,4.0,244,43,5.674418604651163
1,1,105,82,1,3,6,0,0,1,0,0,1,1,1,50,2,0,10.0,330,56,5.892857142857143
1,6,105,106,1,5,0,0,1,0,2,2,2,0,1,0,7,0,4.0,336,64,5.25
1,2,104,0,2,6,0,0,1,1,0,0,1,0,6,0,2,0,7.0,198,34,5.823529411764706
1,4,105,0,1,0,3,5,1,0,1,1,1,0,3,0,2,0,7.0,215,44,4.886363636363637
1,25,128,101,0,1,0,0,2,0,0,0,0,0,1,0,2,0,1.0,3,1,3.0
1,1,103,98,1,4,5,5,1,1,1,0,1,0,1,100,2,0,5.0,1335,233,5.7296137339055795
1,7,105,0,1,0,1,5,0,0,0,0,0,0,1,0,2,0,3.0,725,130,5.576923076923077
0,2,5,114,1,0,1,0,1,0,1,0,1,0,1,250,12,0,2.0,151,24,6.291666666666667
0,1,144,0,0,0,1,0,1,0,1,1,1,0,1,0,2,0,7.0,189,31,6.096774193548387
1,12,105,0,0,3,0,0,1,0,0,0,0,0,2,0,2,0,5.0,768,138,5.565217391304348
1,1,105,0,0,0,6,0,1,0,1,0,1,0,1,0,12,0,4.0,813,158,5.1455696202531644
0,36,30,0,1,0,1,1,0,0,0,0,1,0,1,0,2,0,1.0,178,31,5.741935483870968
0,3,144,0,1,0,1,2,2,1,1,1,0,0,4,0,7,0,4.0,52,9,5.777777777777778
1,10,105,0,1,0,6,0,1,1,1,1,2,0,2,0,12,0,2.0,18,4,4.5
1,120,105,0,0,2,0,0,2,0,0,0,0,0,1,0,2,0,1.0,736,138,5.333333333333333
1,2,104,81,2,0,1,5,1,1,1,1,1,0,2,0,12,0,4.0,111,20,5.55
1,12,92,85,0,0,3,0,2,2,2,2,2,0,1,0,2,0,2.0,112,19,5.894736842105263
1,2,128,101,2,0,6,0,1,1,1,1,1,0,2,0,2,0,5.0,471,79,5.962025316455696
1,4,84,61,1,1,3,0,0,1,2,2,0,0,1,0,3,0,4.0,145,27,5.37037037037037
1,4,105,0,1,0,1,2,1,0,1,1,1,0,3,0,2,0,2.0,271,49,5.530612244897959
1,7,122,89,1,4,5,5,1,1,1,1,1,0,1,0,7,0,3.0,368,70,5.257142857142857
0,32,144,0,1,1,6,0,1,1,2,0,2,0,1,0,4,0,2.0,179,33,5.424242424242424
1,12,105,0,1,0,1,1,0,0,1,0,0,0,1,0,2,0,10.0,250,45,5.555555555555555
1,5,105,0,1,0,6,0,1,0,0,0,1,0,1,0,2,0,5.0,124,22,5.636363636363637
1,2,135,0,1,1,6,0,1,0,1,0,1,0,1,0,4,0,3.0,92,18,5.111111111111111
0,1,144,0,2,0,1,5,0,0,1,1,1,1,6,0,12,0,2.0,149,29,5.137931034482759
1,11,105,0,0,0,5,5,1,0,0,0,0,0,1,0,7,0,0.0,86,17,5.0588235294117645
1,0,105,106,0,0,5,5,1,0,1,1,1,0,1,0,12,0,10.0,2013,385,5.228571428571429
0,5,144,0,1,0,0,0,1,1,0,0,1,0,1,0,2,1,15.0,472,77,6.12987012987013
0,2,144,114,0,0,6,0,1,0,0,1,1,0,2,0,5,0,3.0,241,44,5.4772727272727275
0,5,144,0,0,0,6,0,1,1,0,1,1,0,1,0,2,0,1.0,39,7,5.571428571428571
1,19,105,82,1,0,6,0,1,0,0,0,0,0,1,0,2,0,2.0,86,6,14.333333333333334
0,3,144,114,1,0,1,3,1,0,1,1,1,0,1,0,2,0,1.0,29,6,4.833333333333333
1,2,105,66,0,0,1,0,0,1,1,1,1,0,1,0,7,0,2.0,268,50,5.36
0,48,69,0,0,1,4,5,1,2,0,0,0,0,1,0,2,0,3.0,486,92,5.282608695652174
0,2,69,114,2,0,1,5,1,0,1,0,1,0,8,0,2,0,9.0,114,22,5.181818181818182
0,1,144,0,1,1,0,0,1,0,0,0,0,0,1,0,2,0,1.0,292,50,5.84
0,1,144,0,1,0,6,0,1,1,1,1,1,0,1,0,2,0,5.0,410,75,5.466666666666667
1,1,104,0,1,0,5,0,1,0,1,0,1,0,1,0,2,0,5.0,486,84,5.785714285714286
1,4,105,63,1,1,5,5,0,0,1,0,1,0,1,0,12,0,4.0,48,7,6.857142857142857
0,60,152,114,0,4,5,5,2,0,0,0,0,0,1,0,2,0,5.0,370,71,5.211267605633803
0,6,144,0,1,1,0,0,1,0,0,0,1,0,1,0,2,0,1.0,214,44,4.863636363636363
1,4,104,81,1,3,6,0,1,1,1,0,1,0,1,0,2,0,5.0,44,10,4.4
0,6,144,0,1,1,0,0,0,0,0,0,1,0,1,0,2,0,2.0,71,15,4.733333333333333
0,2,144,0,1,2,0,0,1,0,0,0,1,0,1,0,2,1,2.0,92,17,5.411764705882353
0,24,144,114,1,3,0,0,2,2,1,1,1,0,1,0,12,0,2.0,272,53,5.132075471698113
0,36,144,0,0,0,1,0,1,0,1,1,1,1,1,0,2,0,3.0,449,84,5.345238095238095
1,1,120,0,0,2,6,0,1,0,1,0,1,0,4,0,2,0,1.0,450,76,5.921052631578948
1,2,105,0,0,0,0,0,1,0,0,0,0,0,1,100,2,0,3.0,373,68,5.485294117647059
0,4,144,0,0,1,0,0,1,1,0,0,1,0,1,0,2,0,1.0,44,8,5.5
1,1,104,0,1,0,3,5,0,1,1,0,1,0,1,0,3,0,4.0,481,85,5.658823529411765
0,30,144,0,1,0,6,0,1,0,0,0,0,0,1,80,2,0,1.0,217,43,5.046511627906977
1,2,105,0,1,0,1,5,0,0,1,0,1,0,1,0,2,1,7.0,181,36,5.027777777777778
0,2,144,0,2,0,1,5,1,0,0,0,1,0,4,0,12,0,5.0,496,93,5.333333333333333
1,7,105,0,1,0,1,2,1,0,0,0,0,0,1,0,2,0,5.0,312,59,5.288135593220339
0,9,144,114,1,1,0,0,1,0,0,0,0,0,1,0,2,0,3.0,525,102,5.147058823529412
0,2,163,114,1,0,1,0,0,0,1,0,1,0,1,0,2,0,6.0,69,13,5.3076923076923075
0,3,69,10,1,1,0,0,1,1,0,0,0,0,1,0,12,0,2.0,185,34,5.4411764705882355
1,5,105,0,1,1,0,0,0,0,2,2,2,0,1,0,12,0,4.0,39,8,4.875
1,3,105,0,2,0,5,5,1,0,1,0,1,0,3,0,2,0,5.0,499,89,5.606741573033708
0,1,22,114,1,6,0,0,1,0,2,2,1,0,1,0,2,0,5.0,182,29,6.275862068965517
0,144,165,0,0,0,5,5,2,0,0,0,1,1,1,0,2,0,0.0,69,12,5.75
0,2,12,114,1,0,1,0,1,0,1,0,1,0,1,0,2,0,1.0,134,24,5.583333333333333
1,1,105,0,2,0,3,5,0,0,1,1,1,0,3,0,12,0,4.0,130,24,5.416666666666667
0,48,22,0,0,4,0,0,2,0,0,0,0,0,1,250,12,0,2.0,1318,251,5.250996015936255
1,3,104,0,0,3,0,0,0,1,1,1,1,0,1,0,12,0,4.0,173,28,6.178571428571429
1,6,128,0,1,1,4,0,1,1,1,1,1,0,1,0,2,0,3.0,254,52,4.884615384615385
0,120,144,0,0,0,1,5,2,2,2,2,2,1,1,0,2,0,4.0,1667,327,5.097859327217125
1,5,105,0,1,1,6,0,0,0,1,1,1,0,1,100,12,0,2.0,408,76,5.368421052631579
1,5,105,66,2,0,1,5,1,0,1,0,1,0,2,50,12,0,9.0,440,85,5.176470588235294
1,4,135,0,0,5,0,0,0,0,1,0,1,0,1,0,2,0,12.0,202,38,5.315789473684211
1,3,104,0,1,5,6,0,1,1,0,0,1,0,1,0,2,0,4.0,148,28,5.285714285714286
0,4,144,0,0,0,6,0,1,0,1,1,1,0,2,0,2,0,11.0,406,68,5.970588235294118
1,4,105,0,1,2,6,0,1,1,2,0,1,0,1,0,2,0,1.0,485,84,5.773809523809524
0,2,144,114,0,0,0,0,1,1,0,0,1,0,1,0,2,0,3.0,12,2,6.0
1,3,126,82,1,5,0,0,1,1,1,1,1,0,1,0,2,0,4.0,119,17,7.0
0,18,144,0,0,1,0,0,1,1,0,0,1,0,1,0,7,0,5.0,123,24,5.125
1,1,105,0,1,5,0,0,0,0,1,1,1,0,1,0,10,0,1.0,37,6,6.166666666666667
0,6,8,0,1,2,0,0,2,2,0,0,1,0,1,0,2,0,1.0,169,27,6.2592592592592595
1,3,135,0,2,1,5,5,0,1,1,1,1,0,2,0,12,0,2.0,556,103,5.398058252427185
0,16,144,0,2,1,3,5,1,0,2,2,2,0,5,0,3,0,5.0,607,118,5.1440677966101696
0,24,54,0,0,0,1,5,1,0,0,0,0,0,1,300,2,0,1.0,330,61,5.409836065573771
0,5,54,0,0,0,1,5,1,0,0,0,1,0,1,0,3,0,5.0,401,80,5.0125
1,1,103,113,1,0,6,0,1,2,0,0,1,0,1,0,2,1,10.0,1085,186,5.833333333333333
1,4,105,0,1,6,0,0,1,0,0,0,1,0,1,0,2,0,3.0,225,43,5.232558139534884
1,3,104,0,2,0,5,5,1,1,1,1,1,0,6,0,2,0,3.0,118,21,5.619047619047619
0,7,54,0,1,0,1,5,1,0,0,0,0,0,1,500,2,0,10.0,5955,1095,5.438356164383562
1,1,105,0,1,0,5,0,0,0,0,0,2,0,1,0,2,0,2.0,383,71,5.394366197183099
1,13,128,96,0,4,6,0,2,0,0,0,1,0,1,0,3,0,6.0,639,117,5.461538461538462
0,3,40,0,0,0,6,0,1,1,0,0,1,0,1,380,2,0,1.0,116,18,6.444444444444445
0,12,144,0,1,0,1,5,0,1,0,0,1,0,1,20,3,0,3.0,222,37,6.0
1,22,105,0,0,0,1,5,1,0,0,0,0,0,1,0,2,0,4.0,117,20,5.85
1,2,128,0,0,1,4,0,1,1,1,0,1,0,1,0,2,0,11.0,294,55,5.345454545454546
1,5,105,0,2,0,1,5,0,0,2,2,2,0,3,0,12,0,1.0,325,62,5.241935483870968
0,12,144,0,0,1,6,0,1,1,2,2,2,0,1,0,2,0,5.0,171,30,5.7
1,4,105,0,1,0,5,5,0,1,0,0,1,0,1,0,2,0,6.0,1060,208,5.096153846153846
1,4,105,0,0,2,3,5,0,0,1,0,1,0,1,0,12,0,7.0,466,88,5.295454545454546
1,2,105,0,1,0,1,4,1,0,1,0,1,0,1,0,2,0,2.0,711,135,5.266666666666667
1,3,105,0,0,3,0,0,0,0,1,1,1,0,1,0,12,2,7.0,243,46,5.282608695652174
0,36,26,0,1,6,0,0,0,0,0,0,0,0,1,200,2,0,4.0,787,145,5.427586206896552
1,3,104,0,0,1,4,5,0,1,1,1,0,0,1,160,2,0,8.0,232,45,5.155555555555556
1,12,128,0,0,1,4,0,1,0,0,0,0,0,1,0,3,0,1.0,696,139,5.0071942446043165
1,3,105,0,0,3,6,0,0,0,1,0,1,0,1,0,12,0,1.0,48,8,6.0
1,4,122,0,0,1,4,4,0,2,0,0,1,0,1,250,2,0,4.0,68,14,4.857142857142857
0,12,144,0,2,1,0,0,1,1,2,2,2,0,4,0,12,0,7.0,2150,366,5.8743169398907105
0,2,144,0,2,1,4,5,1,1,1,2,2,0,8,0,2,0,24.0,322,64,5.03125
1,2,104,0,2,0,1,4,1,1,1,1,1,0,4,0,2,0,3.0,397,78,5.089743589743589
1,2,142,82,0,6,0,0,0,0,1,1,1,0,1,50,2,0,2.0,163,25,6.52
0,32,144,0,0,0,1,0,1,0,0,0,1,0,1,0,2,0,1.0,181,34,5.323529411764706
0,1,144,0,2,0,1,5,1,0,1,1,1,0,7,0,3,0,3.0,73,14,5.214285714285714
0,2,144,0,2,0,1,3,1,1,2,2,1,0,9,0,12,0,5.0,110,18,6.111111111111111
0,3,144,35,1,0,1,0,1,0,0,0,1,0,1,0,12,0,2.0,254,47,5.404255319148936
1,3,110,101,1,4,0,0,0,0,1,0,1,0,1,0,12,0,5.0,203,27,7.518518518518518
1,6,105,0,0,3,0,0,0,1,1,1,1,0,1,0,2,0,3.0,122,25,4.88
0,2,144,0,0,4,6,0,1,0,1,0,1,0,1,0,2,0,1.0,38,6,6.333333333333333
1,7,105,82,1,5,6,0,1,0,0,0,0,0,1,0,2,0,9.0,39,3,13.0
0,10,144,0,1,0,0,0,1,0,0,0,0,0,1,50,2,0,10.0,312,56,5.571428571428571
1,36,105,0,0,1,4,0,1,0,2,2,2,0,1,0,12,0,2.0,206,40,5.15
1,2,105,0,2,0,5,5,0,0,1,1,2,0,6,0,2,0,1.0,170,35,4.857142857142857
1,1,104,0,0,0,6,0,1,1,1,1,1,0,1,0,2,0,1.0,82,14,5.857142857142857
1,1,105,0,1,2,5,0,1,0,0,0,0,0,1,0,12,1,3.0,228,41,5.560975609756097
0,12,144,0,1,1,6,0,1,0,0,0,0,0,1,250,2,0,4.0,89,18,4.944444444444445
0,2,144,0,0,1,6,0,1,0,0,0,1,0,1,0,2,0,7.0,271,47,5.76595744680851
0,17,51,0,1,5,0,0,0,1,2,0,0,0,1,0,2,0,4.0,371,68,5.455882352941177
1,1,104,0,1,0,6,0,1,1,2,0,2,0,1,0,12,0,3.0,205,43,4.767441860465116
1,29,105,0,1,1,6,0,1,0,2,2,1,0,1,0,2,0,3.0,79,13,6.076923076923077
1,4,87,72,1,1,5,5,0,0,1,1,1,0,3,0,2,0,2.0,80,15,5.333333333333333
0,2,144,16,2,1,6,0,1,0,2,2,2,0,2,0,2,0,2.0,83,15,5.533333333333333
1,8,104,96,2,1,4,5,1,1,1,1,2,0,7,0,12,0,2.0,589,114,5.166666666666667
1,1,105,0,1,0,1,0,0,0,1,1,1,0,1,0,2,0,4.0,191,35,5.457142857142857
0,1,144,0,2,0,6,0,1,1,1,1,1,0,7,0,4,0,0.0,231,47,4.914893617021277
1,4,105,0,0,0,6,0,0,0,1,1,1,0,1,0,2,0,3.0,326,63,5.174603174603175
0,3,22,114,1,1,0,0,1,0,2,2,1,0,1,0,2,0,2.0,125,22,5.681818181818182
0,3,144,114,0,0,5,5,1,1,0,0,1,0,1,0,2,0,2.0,443,79,5.6075949367088604
0,3,144,0,1,1,0,0,1,1,1,0,1,0,1,0,12,0,1.0,327,64,5.109375
0,2,144,0,1,1,6,0,1,0,0,0,1,0,2,0,12,0,3.0,510,87,5.862068965517241
0,10,30,0,0,0,1,0,0,0,0,0,0,0,2,50,2,0,5.0,317,62,5.112903225806452
0,2,144,0,0,0,6,0,1,0,0,0,1,0,1,0,12,0,2.0,72,13,5.538461538461538
1,120,111,0,1,1,4,5,1,1,2,2,0,0,1,0,2,0,4.0,121,24,5.041666666666667
1,3,105,101,1,0,3,5,0,0,1,1,1,0,1,0,12,0,4.0,137,27,5.074074074074074
1,6,104,0,0,4,0,0,1,1,1,1,1,0,1,0,2,0,1.0,16,3,5.333333333333333
0,36,152,114,0,2,0,0,2,0,0,0,0,0,1,0,2,0,2.0,430,90,4.777777777777778
1,3,104,0,0,0,0,0,0,1,1,1,1,0,1,0,12,0,2.0,383,66,5.803030303030303
0,1,144,0,0,3,4,5,1,0,1,0,1,0,1,0,2,0,2.0,88,17,5.176470588235294
1,2,105,0,1,0,1,4,0,0,1,1,1,0,1,0,2,0,2.0,395,70,5.642857142857143
1,1,105,0,1,0,1,5,1,0,1,0,1,0,1,0,12,0,2.0,59,9,6.555555555555555
0,5,144,0,1,4,0,0,1,0,0,0,1,0,1,0,2,0,1.0,113,18,6.277777777777778
0,2,69,114,1,0,1,5,1,0,1,0,1,0,1,0,2,0,1.0,260,47,5.531914893617022
0,2,144,0,2,0,1,4,1,1,1,1,2,0,5,0,4,0,1.0,787,149,5.281879194630872
0,12,144,76,0,1,0,0,1,0,0,0,0,0,1,0,2,1,5.0,389,74,5.256756756756757
1,2,104,0,0,3,6,0,1,1,1,1,1,0,1,0,12,0,7.0,360,69,5.217391304347826
1,24,105,0,1,0,3,5,1,0,0,0,0,0,1,50,2,0,5.0,132,25,5.28
1,4,105,101,1,1,6,0,1,0,0,0,0,0,1,100,2,5,26.0,3453,659,5.239757207890744
0,2,144,0,1,1,0,0,1,0,0,0,1,0,1,0,12,0,1.0,423,74,5.716216216216216
1,2,135,94,2,0,5,5,1,1,1,1,1,0,5,0,2,0,5.0,684,123,5.560975609756097
0,36,60,47,0,1,4,0,0,2,0,0,0,0,2,0,3,0,3.0,171,34,5.029411764705882
0,76,54,0,1,0,1,5,1,1,0,0,1,0,1,0,2,0,2.0,130,23,5.6521739130434785
0,36,74,114,1,6,0,0,0,2,2,2,0,0,1,200,7,0,3.0,295,46,6.413043478260869
1,3,103,81,0,0,1,4,1,1,0,0,1,0,2,150,2,0,20.0,391,79,4.949367088607595
1,24,122,0,1,0,6,0,0,2,2,1,2,0,1,0,12,0,1.0,662,116,5.706896551724138
1,7,103,96,1,0,5,0,1,2,2,2,2,0,1,250,2,0,1.0,300,56,5.357142857142857
0,1,149,0,1,0,1,5,2,0,2,1,2,0,2,450,2,0,5.0,93,17,5.470588235294118
1,4,104,0,1,0,5,5,1,1,1,1,1,0,1,0,12,0,5.0,37,6,6.166666666666667
1,4,128,81,1,6,0,0,1,1,1,0,1,0,1,0,2,0,2.0,440,85,5.176470588235294
0,60,51,0,0,0,5,5,1,1,0,2,2,0,1,0,12,0,1.0,69,15,4.6
0,2,41,39,0,1,0,0,0,1,1,0,1,0,1,450,2,0,3.0,243,41,5.926829268292683
1,2,128,0,0,1,4,5,0,0,1,1,1,0,1,0,2,0,2.0,780,154,5.064935064935065
1,3,105,0,0,0,6,0,0,0,1,0,1,0,1,50,2,1,3.0,836,164,5.097560975609756
1,12,104,0,1,6,0,0,1,1,1,2,2,0,1,0,0,0,1.0,10,2,5.0
0,24,144,0,0,0,1,5,1,0,0,0,1,0,1,0,2,0,4.0,181,33,5.484848484848484
0,12,41,0,0,5,0,0,0,0,0,2,2,2,1,0,2,0,2.0,276,51,5.411764705882353
1,5,105,0,1,0,2,4,1,0,2,2,0,0,1,0,12,0,1.0,204,39,5.230769230769231
1,36,93,0,1,1,6,0,1,0,0,0,0,0,1,250,4,0,1.0,103,19,5.421052631578948
0,2,144,0,1,2,6,0,1,0,1,0,1,0,1,0,2,0,3.0,318,57,5.578947368421052
0,72,60,114,1,1,4,0,0,1,2,2,2,0,1,0,7,0,1.0,290,57,5.087719298245614
1,0,105,0,1,0,1,1,0,0,1,1,1,0,1,0,2,0,3.0,157,26,6.038461538461538
0,255,144,0,0,1,6,0,1,1,2,2,2,0,1,0,4,0,3.0,73,14,5.214285714285714
0,2,144,114,1,0,1,0,1,1,1,1,1,0,1,0,2,0,1.0,249,41,6.073170731707317
1,3,105,0,1,0,6,0,0,0,0,1,1,0,1,1,3,0,5.0,20,3,6.666666666666667
1,6,105,0,1,0,2,5,0,1,2,2,2,0,1,0,12,0,1.0,25,5,5.0
1,4,105,0,0,1,3,5,1,0,1,1,1,0,2,0,12,0,5.0,563,103,5.466019417475728
1,2,135,0,0,0,4,4,0,0,1,1,1,0,1,0,2,0,4.0,81,15,5.4
0,1,144,0,2,0,1,5,0,1,1,1,1,0,6,0,2,0,5.0,176,31,5.67741935483871
1,1,105,0,1,0,5,0,0,0,1,0,1,0,1,0,2,0,2.0,208,37,5.621621621621622
0,36,59,0,0,0,0,0,1,1,0,0,0,0,1,250,2,0,5.0,1146,247,4.6396761133603235
1,2,105,0,2,0,5,5,0,0,1,1,1,0,3,0,12,0,3.0,38,8,4.75
0,2,144,0,1,0,0,0,1,1,1,1,1,0,1,0,2,0,5.0,319,59,5.406779661016949
0,12,144,0,1,1,2,0,1,0,1,1,0,0,1,0,2,0,5.0,795,167,4.7604790419161676
1,3,105,0,1,4,0,0,0,0,1,0,1,0,1,0,2,0,5.0,409,85,4.811764705882353
1,5,105,81,1,1,6,0,0,0,1,1,1,0,1,0,12,0,3.0,541,112,4.830357142857143
1,12,105,0,0,4,5,0,1,0,1,0,1,0,1,0,2,0,1.0,6,1,6.0
1,2,128,82,2,4,0,0,1,0,1,0,1,0,2,0,2,0,1.0,529,95,5.568421052631579
1,2,122,81,1,0,3,5,1,1,1,1,1,0,1,50,2,0,4.0,339,62,5.467741935483871
0,36,166,0,0,0,0,0,1,0,0,0,0,0,1,0,4,0,1.0,353,66,5.348484848484849
1,5,105,0,1,0,3,5,1,0,1,0,1,0,1,0,12,0,1.0,94,14,6.714285714285714
1,18,105,0,1,0,1,4,0,0,0,0,0,0,1,0,2,0,5.0,713,138,5.166666666666667
1,16,105,0,1,5,6,0,1,0,0,0,0,0,1,50,2,0,10.0,536,96,5.583333333333333
1,11,105,106,0,3,6,0,1,0,0,0,0,0,1,0,2,0,11.0,1124,208,5.403846153846154
0,4,30,114,1,0,1,0,1,0,0,0,0,0,1,0,4,0,11.0,360,58,6.206896551724138
0,4,144,0,0,3,4,0,1,0,1,1,1,1,1,30,2,4,6.0,840,162,5.185185185185185
0,12,5,114,0,1,0,0,1,1,2,2,1,0,1,0,2,0,1.0,605,116,5.2155172413793105
0,2,144,0,1,0,0,0,0,0,1,0,2,0,1,0,2,0,4.0,174,31,5.612903225806452
0,1,144,0,2,0,1,0,2,0,1,1,1,0,4,0,2,0,1.0,327,61,5.360655737704918
1,12,96,73,1,0,1,2,1,1,1,0,0,0,2,0,2,0,6.0,408,73,5.589041095890411
0,1,144,114,0,0,6,0,1,1,0,0,1,0,1,0,2,0,11.0,135,29,4.655172413793103
1,1,105,81,2,0,1,5,0,0,1,1,1,0,2,0,12,0,11.0,1044,179,5.832402234636872
0,96,154,0,1,1,6,0,0,0,0,0,2,0,1,0,3,0,2.0,346,69,5.0144927536231885
0,1,167,114,1,0,1,0,1,0,1,1,1,0,1,0,12,0,1.0,620,113,5.486725663716814
0,0,69,114,1,0,6,0,1,1,0,0,1,0,1,0,12,0,2.0,87,15,5.8
1,24,135,0,1,1,0,0,1,0,2,2,0,0,1,0,7,0,1.0,347,66,5.257575757575758
0,3,172,114,0,6,0,0,1,0,1,0,2,0,1,0,6,0,9.0,304,56,5.428571428571429
0,5,144,0,0,0,1,1,1,0,0,0,1,0,1,0,2,0,4.0,202,37,5.45945945945946
0,8,60,54,1,0,6,0,0,2,1,1,0,0,1,0,2,0,11.0,225,42,5.357142857142857
1,5,122,0,1,4,6,0,1,0,1,1,1,0,2,0,2,0,5.0,497,98,5.071428571428571
0,6,144,0,1,1,0,0,1,0,1,1,1,0,1,0,2,0,2.0,162,30,5.4
1,2,105,0,2,2,5,5,1,0,1,0,1,0,3,0,12,0,2.0,175,25,7.0
0,3,144,0,0,1,2,0,1,0,0,0,2,1,1,0,2,1,9.0,356,71,5.014084507042254
0,60,144,0,0,1,4,0,2,0,0,0,1,0,1,0,2,0,1.0,49,7,7.0
0,5,144,0,0,2,3,0,0,0,0,0,1,0,1,0,2,0,5.0,290,53,5.471698113207547
0,1,144,0,1,1,0,0,1,0,1,1,1,0,1,20,3,0,1.0,122,21,5.809523809523809
0,9,144,53,1,0,1,5,1,1,0,0,0,0,1,0,2,0,7.0,1381,246,5.6138211382113825
1,12,105,0,1,0,5,5,0,0,0,0,1,0,1,0,2,0,3.0,303,56,5.410714285714286
1,14,128,96,2,0,2,4,0,0,2,0,0,0,5,100,2,0,4.0,219,39,5.615384615384615
0,3,145,114,1,0,0,0,1,0,2,2,1,0,1,0,2,0,2.0,123,21,5.857142857142857
0,1,144,31,0,0,1,0,1,0,1,0,1,0,2,0,2,0,3.0,20,3,6.666666666666667
1,2,105,0,0,0,6,0,1,0,1,0,1,0,1,30,2,0,5.0,25,5,5.0
0,1,144,0,1,0,5,0,1,0,1,1,1,0,1,0,12,0,1.0,200,38,5.2631578947368425
1,8,105,82,0,0,0,0,1,0,1,1,0,0,1,0,12,0,5.0,192,40,4.8
0,2,144,0,0,0,1,0,0,0,0,0,1,0,1,0,2,0,3.0,91,16,5.6875
1,10,114,0,1,0,1,0,2,2,0,0,1,0,1,550,2,0,9.0,71,14,5.071428571428571
1,2,104,81,1,6,0,0,1,1,0,0,1,0,1,0,12,0,9.0,215,35,6.142857142857143
1,3,105,0,0,5,6,0,0,0,0,0,0,0,1,50,2,0,8.0,455,85,5.352941176470588
1,2,84,0,1,6,0,0,0,0,1,1,0,0,1,100,7,0,4.0,250,51,4.901960784313726
1,1,104,0,1,0,5,0,0,1,1,1,1,0,1,0,12,0,2.0,458,83,5.518072289156627
0,1,144,0,0,0,0,0,0,0,1,0,1,0,1,0,12,0,3.0,409,79,5.177215189873418
1,4,105,0,1,0,3,5,1,0,1,0,1,0,1,0,2,0,4.0,248,45,5.511111111111111
1,42,105,0,1,0,3,5,0,0,0,0,0,0,1,0,2,1,4.0,866,163,5.3128834355828225
0,30,144,0,1,0,4,5,1,1,0,0,0,0,1,0,2,0,1.0,1035,197,5.253807106598985
1,2,105,0,1,0,4,5,0,0,1,0,1,0,1,0,12,1,5.0,376,71,5.295774647887324
0,24,12,114,1,1,0,0,1,0,0,0,0,0,1,0,2,0,3.0,302,57,5.298245614035087
1,1,105,0,2,1,3,4,0,1,1,1,1,0,5,0,2,0,7.0,328,60,5.466666666666667
1,2,105,0,0,0,5,5,0,0,1,1,1,0,1,0,12,0,4.0,222,41,5.414634146341464
0,2,144,114,1,1,6,0,1,1,1,0,1,0,1,0,2,0,2.0,14,3,4.666666666666667
0,3,144,131,1,0,1,0,2,0,0,0,0,0,1,300,2,0,3.0,455,79,5.7594936708860756
0,8,30,0,0,0,1,0,0,0,2,2,1,0,1,0,12,0,2.0,435,68,6.397058823529412
1,4,105,0,1,0,0,0,1,0,1,1,1,0,1,0,2,0,4.0,356,64,5.5625
1,0,105,0,2,0,1,2,0,0,1,1,1,0,3,0,2,0,6.0,794,145,5.475862068965517
0,1,22,114,1,3,6,0,1,1,1,1,1,0,1,0,3,0,0.0,591,118,5.008474576271187
1,14,114,96,0,4,0,0,2,2,0,0,1,0,1,300,2,0,3.0,47,9,5.222222222222222
0,48,144,0,0,4,6,0,1,0,0,0,0,0,1,0,3,0,2.0,764,158,4.8354430379746836
1,2,105,82,0,1,0,0,0,0,2,2,2,0,1,0,2,0,2.0,16,3,5.333333333333333
1,1,126,82,0,4,6,0,1,0,1,0,1,0,1,0,2,0,6.0,1065,189,5.634920634920635
1,5,105,0,1,4,0,0,1,0,0,0,0,0,1,0,2,0,3.0,299,53,5.6415094339622645
0,60,144,0,0,0,1,1,0,1,2,2,2,0,1,0,2,0,2.0,82,15,5.466666666666667
1,3,105,0,1,6,0,0,1,1,2,2,1,0,1,50,12,0,3.0,315,60,5.25
1,14,104,0,0,0,4,5,2,1,0,0,1,0,1,0,2,0,5.0,652,127,5.133858267716535
0,2,144,114,1,0,3,5,2,0,1,1,1,0,6,0,3,0,5.0,559,108,5.175925925925926
0,1,144,0,1,0,6,0,1,0,2,2,1,0,1,0,2,0,1.0,123,21,5.857142857142857
1,1,135,0,2,0,1,4,0,0,1,1,1,0,2,0,2,0,8.0,551,100,5.51
1,3,103,0,0,1,6,0,2,2,1,0,1,0,1,50,2,0,4.0,355,69,5.144927536231884
0,5,69,114,1,6,0,0,1,1,0,2,1,0,1,0,2,0,2.0,113,18,6.277777777777778
1,21,105,82,1,0,1,2,1,0,0,0,1,0,1,0,2,0,2.0,216,41,5.2682926829268295
0,0,144,114,2,0,1,1,2,0,2,2,2,0,2,0,2,0,4.0,565,111,5.09009009009009
0,2,144,60,0,1,4,5,0,1,1,1,1,1,1,0,2,0,3.0,442,79,5.594936708860759
0,3,144,0,2,0,1,5,0,0,1,1,1,0,3,0,12,0,5.0,406,77,5.2727272727272725
1,12,105,0,1,3,6,0,1,0,1,0,1,0,1,0,2,0,2.0,453,68,6.661764705882353
0,24,144,0,1,4,0,0,1,2,2,2,2,0,1,0,7,0,1.0,154,30,5.133333333333334
1,1,120,0,0,2,6,0,0,0,1,1,1,0,1,0,12,0,1.0,692,130,5.323076923076923
0,2,144,0,1,1,0,0,1,1,0,0,1,0,1,0,2,0,3.0,181,34,5.323529411764706
0,2,144,114,1,0,1,0,1,0,0,0,2,0,3,0,2,0,3.0,7,1,7.0
1,1,105,0,2,6,0,0,0,0,1,1,1,0,2,0,2,0,2.0,1046,213,4.910798122065728
1,4,84,0,1,6,0,0,1,0,1,1,0,0,1,0,2,0,6.0,80,15,5.333333333333333
0,2,144,0,1,1,0,0,0,0,0,0,1,0,1,0,12,0,5.0,598,122,4.901639344262295
0,1,144,0,1,1,0,0,1,0,1,1,1,0,2,0,2,0,3.0,26,5,5.2
1,1,105,0,2,2,4,0,0,0,1,1,1,0,2,0,12,0,6.0,110,21,5.238095238095238
1,3,105,0,1,1,6,0,1,0,1,1,1,0,2,0,2,0,5.0,161,34,4.735294117647059
1,12,105,110,1,0,1,0,0,0,0,0,0,0,1,0,2,0,7.0,752,136,5.529411764705882
0,24,144,0,0,0,0,0,3,1,2,2,2,1,1,0,12,0,1.0,135,26,5.1923076923076925
1,2,105,81,0,5,6,0,1,0,0,1,1,0,1,100,12,0,3.0,376,68,5.529411764705882
1,84,104,82,1,3,5,5,0,0,0,0,0,0,1,0,2,0,1.0,423,87,4.862068965517241
1,4,104,0,0,3,6,0,0,1,1,0,1,0,1,0,12,0,4.0,494,90,5.488888888888889
1,2,105,82,0,3,0,0,1,0,0,0,1,0,1,0,3,0,3.0,199,35,5.685714285714286
1,1,128,0,2,0,2,5,0,0,1,1,1,0,10,0,2,0,3.0,111,23,4.826086956521739
1,14,105,0,1,1,0,0,1,0,2,2,2,0,1,0,2,0,2.0,213,40,5.325
0,2,69,114,1,2,0,0,1,0,0,0,1,0,1,0,12,0,5.0,69,15,4.6
0,2,144,53,1,0,1,3,1,0,1,1,1,0,1,0,2,0,1.0,461,90,5.122222222222222
1,2,105,0,0,0,6,0,0,0,1,1,2,0,1,0,12,0,2.0,105,19,5.526315789473684
1,1,105,0,0,0,3,0,1,0,1,0,1,0,3,0,2,0,1.0,167,31,5.387096774193548
1,2,104,0,2,0,5,5,0,1,1,1,1,0,2,0,2,0,7.0,180,30,6.0
0,2,144,0,1,0,6,0,1,0,1,1,1,0,1,20,3,0,1.0,144,25,5.76
1,3,105,0,0,0,6,0,0,0,1,0,1,0,1,0,12,0,5.0,455,88,5.170454545454546
0,32,41,0,1,1,0,0,0,0,0,0,0,0,1,500,2,0,3.0,61,10,6.1
1,3,104,0,1,0,5,0,1,1,1,1,1,0,1,0,12,0,3.0,123,24,5.125
0,2,144,0,1,0,1,0,0,0,1,1,1,0,1,0,2,0,5.0,482,99,4.8686868686868685
0,15,144,0,1,0,1,5,1,0,1,0,0,0,1,0,0,0,1.0,249,42,5.928571428571429
0,30,61,6,1,0,2,3,2,2,0,0,0,0,1,0,12,0,6.0,723,149,4.852348993288591
1,1,96,82,1,6,0,0,0,0,1,1,1,0,3,0,12,0,1.0,461,87,5.2988505747126435
0,2,144,0,1,1,0,0,1,0,1,0,1,0,8,0,2,0,9.0,332,61,5.442622950819672
1,36,105,0,1,0,1,5,0,0,0,0,1,0,2,0,2,0,2.0,304,57,5.333333333333333
1,24,96,0,2,0,2,2,1,0,0,0,0,0,5,0,12,0,5.0,132,25,5.28
0,1,144,0,2,0,1,3,1,1,1,1,1,0,2,0,2,0,5.0,187,32,5.84375
1,12,122,96,0,6,0,0,1,0,0,1,2,0,1,0,12,0,0.0,221,38,5.815789473684211
1,2,104,82,0,5,6,0,1,1,1,0,1,0,1,50,2,0,11.0,814,148,5.5
0,2,144,0,1,0,0,0,1,0,0,0,1,0,1,0,12,0,10.0,735,140,5.25
0,1,144,0,1,1,0,0,1,1,1,1,1,0,1,0,2,0,3.0,115,21,5.476190476190476
0,4,144,0,1,1,6,0,2,0,1,1,1,0,2,0,2,0,2.0,146,24,6.083333333333333
1,3,105,0,0,3,0,0,1,0,2,0,1,0,1,0,12,0,3.0,354,61,5.80327868852459
1,2,143,81,0,0,6,0,2,1,1,0,2,0,1,0,2,0,3.0,399,67,5.955223880597015
1,1,104,0,1,6,0,0,0,1,1,0,1,0,1,0,6,0,10.0,321,57,5.631578947368421
1,3,105,82,1,0,6,0,0,0,1,1,1,0,1,0,2,0,3.0,147,23,6.391304347826087
1,2,105,0,0,6,0,0,1,0,1,0,1,0,1,0,2,2,6.0,979,186,5.263440860215054
0,1,144,0,0,0,1,0,1,0,1,1,1,0,1,0,4,0,1.0,700,130,5.384615384615385
1,2,104,0,0,0,6,0,1,1,1,0,1,0,1,0,2,0,6.0,186,39,4.769230769230769
0,2,144,0,2,1,6,0,0,0,0,0,1,0,3,0,2,0,10.0,473,86,5.5
1,1,104,81,2,0,3,5,0,1,1,1,1,0,6,0,4,0,1.0,398,75,5.306666666666667
0,1,144,0,0,0,0,0,1,0,1,1,1,0,1,0,2,0,2.0,618,119,5.19327731092437
0,4,144,0,1,0,1,0,1,0,0,0,1,0,1,0,2,0,1.0,96,18,5.333333333333333
1,1,104,113,2,1,3,4,0,1,1,1,1,0,5,0,2,0,2.0,171,32,5.34375
0,72,75,0,1,1,5,0,1,1,0,0,0,0,1,0,2,0,4.0,204,42,4.857142857142857
0,18,144,0,1,0,1,0,1,0,0,0,0,0,1,0,2,0,3.0,756,134,5.641791044776119
1,5,105,81,2,1,5,5,0,1,0,0,1,0,3,120,2,0,9.0,912,179,5.094972067039106
0,2,144,0,0,4,6,0,1,0,1,1,1,0,1,5,3,0,4.0,125,13,9.615384615384615
1,1,105,0,0,5,6,0,0,0,1,0,1,0,1,0,12,0,0.0,179,37,4.837837837837838
1,8,105,81,2,1,3,5,1,0,1,0,1,0,3,0,3,0,2.0,268,47,5.702127659574468
1,0,105,0,2,0,1,4,0,0,0,0,0,0,5,0,2,0,5.0,499,73,6.835616438356165
0,1,22,0,1,0,3,5,1,0,1,1,1,0,1,0,1,0,1.0,15,3,5.0
0,3,144,0,0,0,1,5,1,0,1,0,1,0,1,0,7,0,6.0,323,53,6.09433962264151
1,2,104,0,2,0,1,5,1,1,1,0,1,0,3,0,2,0,1.0,199,36,5.527777777777778
0,0,144,0,2,1,4,0,1,0,1,1,1,0,7,0,2,0,9.0,730,137,5.328467153284672
1,3,135,81,1,0,1,3,1,1,1,0,1,0,1,0,2,0,5.0,345,63,5.476190476190476
1,3,105,0,1,0,0,0,1,0,1,0,1,0,1,0,2,0,2.0,306,62,4.935483870967742
1,3,88,63,0,2,3,3,1,0,1,1,1,0,1,0,2,0,3.0,829,156,5.314102564102564
0,2,144,114,1,4,6,0,1,1,1,1,1,0,1,0,2,0,5.0,12,2,6.0
0,2,144,0,1,1,6,0,1,1,0,1,1,0,1,40,3,0,1.0,516,90,5.733333333333333
0,4,60,30,1,0,6,0,0,1,0,0,1,0,1,200,12,0,4.0,339,68,4.985294117647059
0,3,166,114,1,0,1,0,1,0,0,0,0,0,1,0,2,0,1.0,124,21,5.904761904761905
1,7,103,81,0,4,0,0,1,1,1,1,1,0,1,0,2,0,2.0,158,29,5.448275862068965
0,60,20,0,0,1,0,0,1,0,2,2,2,0,1,0,12,1,2.0,100,20,5.0
1,1,105,0,2,0,1,5,0,0,1,1,1,0,2,0,3,0,2.0,527,104,5.0673076923076925
1,2,104,0,1,0,6,0,0,1,1,1,1,0,2,0,12,0,4.0,367,64,5.734375
0,12,144,0,1,0,1,2,1,0,0,0,0,0,1,0,2,0,3.0,213,42,5.071428571428571
1,4,105,81,1,0,3,5,0,0,2,2,2,0,2,0,2,0,5.0,228,38,6.0
0,72,144,0,0,2,0,0,1,1,0,0,0,0,1,0,2,0,2.0,47,12,3.9166666666666665
0,2,144,0,0,0,6,0,1,0,1,1,1,0,1,0,7,0,1.0,280,48,5.833333333333333
0,5,144,0,0,1,2,5,1,0,2,2,2,0,1,0,12,0,9.0,777,144,5.395833333333333
1,1,105,0,1,2,0,0,1,0,1,0,1,0,2,0,2,0,2.0,20,3,6.666666666666667
0,28,36,0,0,4,0,0,0,2,0,0,2,0,1,50,2,0,1.0,249,47,5.297872340425532
0,2,144,114,1,1,0,0,1,1,1,0,1,0,1,0,2,0,2.0,14,3,4.666666666666667
0,24,43,0,1,0,1,0,0,0,0,0,0,0,1,0,12,0,5.0,418,71,5.887323943661972
1,0,135,82,2,5,6,0,1,0,1,1,1,0,5,0,2,0,5.0,304,59,5.1525423728813555
1,4,105,80,0,0,1,3,1,1,1,1,1,0,1,99,2,0,5.0,459,69,6.6521739130434785
0,24,144,0,2,0,1,5,1,1,0,0,0,0,5,0,2,0,7.0,394,68,5.794117647058823
0,12,13,0,0,3,6,0,1,0,0,0,0,0,1,0,2,0,2.0,152,25,6.08
1,4,103,0,1,0,0,0,2,2,1,0,1,0,1,100,12,0,4.0,111,22,5.045454545454546
0,36,51,0,0,6,0,0,0,0,0,0,1,0,1,0,12,0,1.0,39,8,4.875
0,4,144,0,1,4,0,0,1,0,0,0,1,0,1,0,2,0,1.0,162,32,5.0625
1,4,105,82,1,0,6,0,0,0,0,0,1,0,2,50,2,0,2.0,119,23,5.173913043478261
0,2,144,0,1,1,4,5,1,1,1,1,1,0,1,0,4,1,4.0,991,187,5.2994652406417115
0,2,144,0,2,0,4,0,1,0,1,1,1,0,4,0,5,0,6.0,102,15,6.8
0,24,144,0,1,1,0,0,1,0,2,2,2,0,1,0,12,0,1.0,207,39,5.3076923076923075
0,3,144,0,0,0,6,0,2,1,0,0,1,0,1,150,2,0,3.0,91,18,5.055555555555555
0,1,144,0,0,4,0,0,1,1,2,2,1,0,1,0,2,0,4.0,88,17,5.176470588235294
1,2,105,0,2,0,1,5,1,0,1,1,1,0,2,0,2,0,3.0,59,11,5.363636363636363
0,2,144,0,1,4,0,0,1,0,1,1,1,0,2,0,2,0,4.0,460,90,5.111111111111111
1,2,105,0,0,0,5,0,1,0,1,1,1,0,2,0,2,0,4.0,279,54,5.166666666666667
1,2,104,0,1,0,5,5,1,1,1,1,1,0,1,0,3,0,2.0,43,6,7.166666666666667
1,1,105,0,1,0,1,5,1,0,1,1,1,0,3,0,12,0,8.0,407,77,5.285714285714286
0,36,54,0,1,0,1,5,1,0,2,2,2,0,1,350,12,0,2.0,762,139,5.482014388489208
0,12,144,0,2,1,0,0,1,1,2,2,2,0,4,0,12,0,5.0,2150,366,5.8743169398907105
0,20,144,0,1,0,1,0,1,1,1,1,1,0,1,0,9,0,1.0,170,28,6.071428571428571
0,12,144,0,1,0,0,0,0,1,2,2,1,0,1,0,12,0,0.0,461,92,5.010869565217392
1,1,105,0,0,2,3,5,0,0,1,1,1,0,1,0,2,0,2.0,321,55,5.836363636363636
1,1,104,80,1,0,6,0,1,1,1,1,1,0,1,50,2,0,6.0,692,130,5.323076923076923
1,2,105,0,0,6,0,0,1,1,0,0,1,0,1,0,2,0,1.0,204,36,5.666666666666667
0,96,144,114,1,1,2,3,1,1,0,0,0,0,1,0,12,0,3.0,221,40,5.525
1,2,105,0,0,0,6,0,1,0,1,0,1,0,1,0,12,0,12.0,1727,318,5.430817610062893
1,12,105,0,0,2,0,0,1,0,1,1,2,0,1,0,12,0,2.0,107,20,5.35
0,12,17,0,0,6,0,0,0,0,0,0,0,0,1,0,2,0,1.0,159,31,5.129032258064516
1,3,105,0,1,1,2,5,1,0,1,0,1,0,7,0,1,0,18.0,758,143,5.300699300699301
1,1,114,80,2,0,4,4,0,2,1,1,1,0,3,0,12,0,0.0,1070,216,4.953703703703703
1,84,105,0,1,5,6,0,1,0,0,0,0,0,1,0,2,0,1.0,246,48,5.125
1,6,105,0,0,0,0,0,1,0,2,2,2,0,1,0,12,0,4.0,455,96,4.739583333333333
0,2,144,0,0,0,1,0,1,0,0,0,1,0,1,0,2,0,10.0,475,84,5.654761904761905
0,1,144,0,1,1,0,0,1,0,0,0,2,0,1,0,2,0,6.0,281,49,5.73469387755102
1,1,105,0,2,0,6,0,0,0,1,1,1,0,2,0,2,0,8.0,497,94,5.287234042553192
1,6,128,0,1,1,0,0,1,0,1,0,1,0,1,100,12,0,3.0,257,60,4.283333333333333
0,6,144,114,2,0,4,0,1,1,0,0,0,0,2,0,4,0,2.0,347,66,5.257575757575758
0,36,8,0,1,3,4,5,1,1,0,0,0,0,1,0,12,0,1.0,316,50,6.32
0,3,144,114,1,1,0,0,1,1,0,0,0,0,1,0,2,0,1.0,249,49,5.081632653061225
0,2,144,114,1,4,0,0,1,1,1,1,1,0,2,0,2,0,0.0,59,12,4.916666666666667
1,1,104,0,2,0,2,0,0,1,0,1,1,0,2,0,2,0,0.0,135,23,5.869565217391305
1,15,104,0,0,2,6,0,1,1,0,0,1,0,1,0,7,0,3.0,36,7,5.142857142857143
0,2,144,0,1,3,6,0,1,0,1,1,1,0,1,0,0,0,1.0,46,7,6.571428571428571
1,2,105,0,2,0,6,0,1,0,1,1,1,0,2,0,12,1,9.0,76,13,5.846153846153846
1,2,105,0,2,1,5,5,1,0,1,1,1,0,2,0,5,0,3.0,260,46,5.6521739130434785
0,1,144,0,2,0,4,5,1,0,2,2,2,0,2,0,3,0,1.0,55,12,4.583333333333333
0,24,152,0,2,1,0,0,2,0,2,2,2,0,2,0,12,0,2.0,245,45,5.444444444444445
0,5,144,114,1,0,1,3,1,1,1,1,0,0,1,0,7,0,1.0,182,30,6.066666666666666
0,2,27,0,0,0,1,0,1,0,1,1,1,0,1,0,2,0,1.0,305,54,5.648148148148148
0,7,69,0,1,0,0,0,2,2,0,0,0,0,1,0,12,0,1.0,39,7,5.571428571428571
0,12,144,0,1,0,6,0,1,0,0,0,0,0,1,0,12,0,3.0,1292,249,5.188755020080321
0,12,144,0,0,1,2,3,1,0,1,1,1,0,1,0,2,0,5.0,38,6,6.333333333333333
1,3,105,0,1,0,1,5,0,0,1,0,1,0,1,0,2,0,3.0,70,11,6.363636363636363
0,3,22,38,1,1,6,0,2,0,0,0,1,0,1,0,2,0,5.0,144,25,5.76
0,1,144,0,0,1,0,0,1,0,1,1,1,0,1,20,3,0,1.0,122,21,5.809523809523809
1,4,105,113,2,0,6,0,0,0,1,1,1,0,4,0,2,0,5.0,658,123,5.349593495934959
1,1,104,82,0,1,2,0,1,1,1,1,1,0,1,0,11,0,2.0,273,57,4.7894736842105265
0,2,144,0,1,1,6,0,1,1,1,0,1,0,1,0,3,0,3.0,193,28,6.892857142857143
1,2,105,106,0,0,6,0,1,0,0,0,1,0,1,100,12,0,4.0,308,51,6.03921568627451
1,2,105,74,0,0,1,4,2,0,1,1,1,0,3,0,2,0,4.0,18,5,3.6
1,3,105,0,0,0,5,5,0,0,0,0,1,0,1,0,2,0,7.0,174,32,5.4375
1,24,105,0,1,0,1,3,1,0,1,0,0,0,1,0,12,0,4.0,240,50,4.8
0,12,144,0,0,2,3,0,1,0,0,0,0,0,1,200,2,1,10.0,231,41,5.634146341463414
0,72,22,114,1,2,3,0,1,0,0,0,0,0,1,0,2,0,6.0,866,126,6.873015873015873
0,36,144,114,0,0,0,0,1,1,0,0,0,0,1,150,2,0,1.0,35,8,4.375
0,2,71,114,1,1,0,0,1,0,0,0,1,0,1,0,2,0,4.0,123,23,5.3478260869565215
1,1,128,0,1,5,6,0,0,0,2,2,1,0,1,0,2,0,3.0,350,63,5.555555555555555
1,67,126,0,0,5,0,0,1,1,0,0,0,0,1,0,2,0,1.0,443,82,5.402439024390244
0,12,144,131,0,0,1,0,1,0,2,2,2,0,1,0,12,0,2.0,143,24,5.958333333333333
1,10,105,0,0,1,0,0,2,0,2,2,2,0,1,0,5,0,2.0,298,51,5.8431372549019605
0,1,144,114,2,0,1,0,1,0,1,0,1,1,3,0,2,0,5.0,519,97,5.350515463917525
0,120,144,114,1,1,0,0,1,1,1,1,0,0,1,0,0,0,1.0,251,51,4.921568627450981
0,2,144,54,1,1,6,0,2,1,0,0,1,0,1,0,2,0,6.0,131,21,6.238095238095238
1,1,120,0,1,3,6,0,0,0,1,1,1,0,1,0,12,0,3.0,393,74,5.3108108108108105
0,8,144,0,1,4,0,0,1,1,0,0,0,0,1,150,2,1,2.0,106,19,5.578947368421052
0,1,144,0,1,0,1,5,1,0,1,1,1,0,1,0,4,0,2.0,643,119,5.4033613445378155
1,6,105,110,1,0,2,3,1,0,0,0,0,0,1,0,12,0,4.0,572,104,5.5
1,2,105,0,0,2,4,0,1,0,0,0,1,0,1,50,2,0,5.0,735,134,5.485074626865671
0,1,144,0,1,1,0,0,1,0,1,1,1,0,1,0,12,0,2.0,211,39,5.410256410256411
1,7,105,0,2,1,4,5,1,0,1,1,1,0,2,0,12,0,6.0,624,112,5.571428571428571
1,4,105,0,0,0,6,0,1,1,1,1,1,0,1,0,2,0,3.0,475,89,5.337078651685394
0,2,165,114,1,0,6,0,1,0,1,0,1,0,1,0,12,0,8.0,29,5,5.8
0,2,144,0,0,4,0,0,1,1,2,2,1,0,1,0,2,0,5.0,68,12,5.666666666666667
1,3,104,0,1,6,0,0,1,1,1,1,1,0,1,0,2,0,1.0,300,60,5.0
0,1,144,0,0,0,1,0,1,0,1,1,1,0,1,0,3,0,1.0,140,21,6.666666666666667
1,12,93,78,1,5,0,0,1,1,0,0,1,0,1,160,2,0,3.0,371,64,5.796875
0,4,144,114,0,0,0,0,1,0,0,0,1,0,1,150,2,0,1.0,82,15,5.466666666666667
1,2,128,0,1,1,6,0,0,0,2,2,2,0,1,0,12,0,4.0,276,53,5.2075471698113205
0,96,13,0,1,1,0,0,2,1,0,0,0,0,1,350,12,0,2.0,90,18,5.0
0,4,144,0,1,4,0,0,1,1,1,1,1,0,1,0,2,0,2.0,38,9,4.222222222222222
0,1,144,0,0,1,6,0,1,1,1,1,1,0,1,0,12,0,12.0,167,30,5.566666666666666
0,1,144,114,1,0,6,0,1,0,1,1,1,0,1,0,2,0,5.0,290,62,4.67741935483871
0,12,144,0,1,1,4,5,0,0,2,2,2,1,1,0,5,0,2.0,299,61,4.901639344262295
0,18,37,54,1,4,0,0,0,1,2,0,2,0,1,100,2,0,4.0,1198,210,5.704761904761905
1,1,96,81,0,3,6,0,1,1,1,1,1,0,1,0,2,0,5.0,133,27,4.925925925925926
0,2,144,0,1,1,4,5,1,1,0,0,1,0,1,100,2,0,2.0,40,6,6.666666666666667
1,2,104,0,1,0,4,0,1,1,1,1,1,0,1,0,2,0,4.0,126,24,5.25
1,3,105,0,1,3,0,0,0,0,2,2,2,0,1,0,12,0,3.0,60,11,5.454545454545454
0,36,144,0,1,1,4,5,2,1,1,1,0,0,1,0,7,0,1.0,58,10,5.8
0,18,144,0,0,1,0,0,2,0,0,0,0,0,1,0,2,0,2.0,769,129,5.961240310077519
1,1,105,0,0,0,1,5,2,1,1,0,2,0,1,0,2,0,2.0,924,149,6.201342281879195
1,2,104,0,1,0,1,3,0,1,1,1,1,0,1,0,2,0,4.0,58,12,4.833333333333333
1,9,105,0,1,0,0,0,1,0,0,0,1,0,1,0,12,0,2.0,274,55,4.9818181818181815
1,6,105,0,1,0,6,0,1,0,0,0,0,0,1,90,2,0,5.0,4582,770,5.950649350649351
0,2,144,114,1,1,6,0,1,1,0,0,1,0,1,0,2,0,5.0,12,2,6.0
1,4,105,0,0,0,6,0,0,0,1,1,1,0,1,0,1,0,4.0,258,45,5.733333333333333
0,4,144,0,2,0,1,5,1,0,1,1,1,0,5,0,2,0,1.0,345,67,5.149253731343284
1,6,105,0,0,0,6,0,1,0,1,1,1,0,1,0,2,0,3.0,172,32,5.375
1,1,105,106,2,0,1,4,1,0,1,0,1,0,3,0,12,0,26.0,733,121,6.0578512396694215
0,48,144,0,1,4,0,0,2,0,0,0,0,0,1,0,2,0,2.0,232,45,5.155555555555556
1,4,122,81,2,0,2,0,1,1,0,0,1,0,4,100,2,0,5.0,635,123,5.162601626016261
0,5,161,31,0,4,6,0,1,0,0,0,0,0,1,0,12,0,6.0,92,14,6.571428571428571
1,4,104,82,1,0,3,5,1,1,0,0,0,0,1,30,2,0,5.0,37,6,6.166666666666667
0,1,144,114,1,0,1,0,1,1,1,0,1,0,1,0,2,0,1.0,14,3,4.666666666666667
1,3,105,96,0,0,5,5,2,0,0,0,1,0,1,0,12,0,1.0,36,6,6.0
1,48,104,0,1,0,2,2,2,1,1,1,1,0,1,0,2,0,1.0,110,22,5.0
0,60,144,0,1,0,0,0,1,1,0,0,0,0,1,0,2,0,11.0,471,95,4.957894736842105
0,0,144,0,2,0,4,5,1,0,1,1,1,0,7,0,2,0,8.0,117,23,5.086956521739131
0,1,144,114,1,0,6,0,0,0,1,1,1,0,2,0,2,0,4.0,438,79,5.544303797468355
1,2,125,0,1,4,6,0,1,2,0,0,1,0,1,250,2,1,11.0,1298,229,5.668122270742358
0,8,144,0,0,1,6,0,1,0,1,1,1,0,1,0,4,0,1.0,437,94,4.648936170212766
0,8,144,0,1,1,0,0,1,0,0,0,0,0,1,0,12,0,9.0,229,37,6.1891891891891895
0,2,144,4,1,0,1,5,1,1,0,0,0,0,1,10,2,0,2.0,63,10,6.3
0,1,144,0,0,0,1,0,1,0,2,2,2,0,3,0,2,0,1.0,1047,182,5.752747252747253
1,11,105,82,1,0,3,5,1,0,0,0,0,0,1,0,2,0,5.0,96,3,32.0
0,2,144,0,0,1,6,0,0,0,2,2,2,0,1,0,2,0,1.0,263,47,5.595744680851064
0,1,144,114,2,0,1,5,1,0,1,1,1,0,5,0,0,0,10.0,393,71,5.535211267605634
0,3,144,114,1,1,0,0,1,1,1,0,1,0,1,0,2,0,5.0,14,3,4.666666666666667
1,0,104,0,1,6,0,0,0,1,1,0,1,0,1,0,2,0,3.0,347,65,5.338461538461538
1,2,105,81,0,1,6,0,1,1,1,0,1,1,2,0,2,0,4.0,209,41,5.097560975609756
0,48,144,0,0,0,1,0,1,0,1,2,1,0,1,0,3,0,2.0,186,41,4.536585365853658
1,3,105,0,0,1,4,0,0,0,1,0,1,0,1,0,12,0,3.0,96,21,4.571428571428571
0,24,60,114,0,0,6,0,0,1,2,2,2,0,1,0,12,0,3.0,494,100,4.94
1,2,105,0,2,0,2,5,1,0,1,0,1,0,3,50,12,0,12.0,560,107,5.233644859813084
0,7,144,54,1,0,6,0,1,1,0,0,0,0,1,0,2,0,8.0,338,66,5.121212121212121
1,2,105,0,1,0,6,0,1,0,0,2,2,0,1,5,7,0,3.0,230,46,5.0
0,36,144,0,0,0,6,0,1,1,1,1,1,0,1,0,4,0,5.0,582,115,5.060869565217391
0,2,144,0,1,1,6,0,2,0,0,0,0,0,1,0,2,0,1.0,354,69,5.130434782608695
1,3,105,0,0,0,5,5,1,0,1,0,1,0,1,0,2,0,1.0,418,79,5.291139240506329
1,12,128,82,2,6,0,0,1,0,0,0,1,0,4,0,2,0,4.0,80,14,5.714285714285714
0,3,144,0,1,1,0,0,1,0,1,1,1,0,1,0,2,0,4.0,188,36,5.222222222222222
1,20,128,80,2,0,1,2,1,2,0,0,1,0,5,0,2,0,1.0,327,63,5.190476190476191
1,1,120,0,1,0,0,0,0,1,1,0,1,1,1,0,2,0,1.0,272,54,5.037037037037037
0,1,144,114,1,1,6,0,1,1,1,0,1,0,1,0,2,0,1.0,14,3,4.666666666666667
0,0,5,114,1,0,1,0,1,2,2,2,2,0,1,0,12,0,5.0,206,39,5.282051282051282
1,1,105,0,2,0,1,5,0,0,2,2,2,0,3,0,2,0,5.0,395,78,5.064102564102564
0,36,22,0,1,0,0,0,2,1,2,2,0,0,1,0,2,0,5.0,441,65,6.7846153846153845
1,1,105,0,1,0,6,0,1,0,1,1,1,0,1,0,2,0,1.0,49,9,5.444444444444445
0,1,144,0,2,0,1,3,1,1,1,1,1,0,8,0,2,0,17.0,1363,260,5.242307692307692
0,2,144,0,0,3,0,0,1,0,1,0,1,0,1,0,12,0,2.0,132,23,5.739130434782608
1,2,104,0,2,1,3,4,0,1,1,1,1,0,3,0,2,0,6.0,587,111,5.288288288288288
0,1,147,0,1,0,1,3,1,1,1,1,1,0,1,200,6,0,8.0,237,38,6.2368421052631575
0,3,144,114,0,0,6,0,0,0,1,0,1,0,5,0,6,0,5.0,3,1,3.0
1,12,105,0,0,0,0,0,2,0,0,0,0,0,1,0,2,0,13.0,2361,470,5.023404255319149
0,1,144,114,1,0,1,0,1,1,2,2,2,0,1,0,12,0,4.0,188,35,5.371428571428571
1,24,129,0,0,3,4,0,2,1,0,0,0,0,1,0,2,0,5.0,198,35,5.6571428571428575
0,4,144,0,1,1,0,0,1,0,0,0,1,0,1,0,2,0,1.0,123,21,5.857142857142857
1,1,105,0,0,0,0,0,1,0,1,1,1,0,1,0,2,0,1.0,158,28,5.642857142857143
1,3,105,0,0,0,5,5,1,0,1,1,1,0,1,0,2,0,5.0,141,24,5.875
1,6,122,80,1,2,5,5,0,2,0,0,1,0,2,750,12,0,4.0,396,72,5.5
0,3,144,0,1,0,3,0,2,0,2,0,2,0,1,0,2,0,4.0,195,26,7.5
1,9,122,81,1,0,5,5,1,1,0,0,0,0,1,0,2,0,3.0,195,38,5.131578947368421
0,36,8,6,1,2,0,0,2,2,1,0,1,1,1,0,12,0,5.0,1005,185,5.4324324324324325
0,16,69,114,1,0,1,0,1,0,0,0,0,0,1,300,2,0,1.0,489,71,6.887323943661972
0,24,60,0,1,1,6,0,0,1,0,0,0,0,1,0,2,0,1.0,16,3,5.333333333333333
0,1,144,0,1,4,6,0,0,0,2,2,2,0,1,0,2,0,5.0,233,47,4.957446808510638
1,36,104,0,1,0,3,5,1,1,1,1,2,0,1,0,12,0,1.0,79,11,7.181818181818182
1,1,104,0,0,0,6,0,1,1,2,2,2,0,1,0,2,0,5.0,355,59,6.016949152542373
0,60,8,0,0,2,0,0,2,1,0,0,0,0,1,0,2,0,6.0,447,91,4.912087912087912
0,3,144,0,1,1,6,0,1,0,0,0,1,0,1,0,2,0,7.0,37,7,5.285714285714286
0,4,144,114,0,0,1,5,1,0,1,0,1,0,1,0,3,0,2.0,144,31,4.645161290322581
0,18,8,0,0,2,0,0,2,0,0,0,1,0,1,200,2,0,3.0,521,103,5.058252427184466
1,5,105,0,0,3,6,0,0,0,0,0,2,0,1,0,12,0,5.0,115,17,6.764705882352941
0,7,17,114,1,1,4,0,1,0,0,0,0,0,1,0,12,0,9.0,207,36,5.75
1,6,104,80,2,0,6,0,1,1,2,2,1,0,3,0,2,0,4.0,17,3,5.666666666666667
0,1,144,0,1,1,2,3,1,0,1,1,1,0,2,0,2,1,2.0,1419,258,5.5
0,2,144,114,1,0,6,0,1,0,2,0,2,0,1,0,2,0,1.0,99,16,6.1875
0,7,144,0,1,1,0,0,1,0,0,0,0,0,1,0,2,2,6.0,552,105,5.257142857142857
0,2,144,0,2,0,1,0,1,0,0,0,1,0,2,0,2,1,4.0,595,106,5.613207547169812
0,7,17,114,0,6,0,0,1,1,2,2,2,0,1,0,12,0,3.0,269,49,5.489795918367347
0,1,144,0,1,1,4,5,1,0,1,1,1,0,3,0,2,0,10.0,803,155,5.180645161290323
1,8,94,0,1,0,3,0,1,1,0,0,0,0,1,0,12,0,1.0,60,9,6.666666666666667
0,2,144,114,1,1,2,0,1,1,2,0,0,0,1,0,2,0,1.0,71,12,5.916666666666667
1,12,105,0,0,1,0,0,1,1,0,0,0,0,1,100,12,0,4.0,211,29,7.275862068965517
0,4,144,114,0,1,0,0,1,1,0,0,1,0,1,0,2,0,2.0,14,3,4.666666666666667
0,12,144,0,1,6,0,0,1,0,1,1,1,0,1,0,12,0,4.0,983,188,5.2287234042553195
1,1,105,0,1,3,0,0,1,0,1,1,1,0,1,0,1,0,4.0,370,62,5.967741935483871
0,4,144,0,1,0,1,5,1,0,0,0,1,0,1,0,5,0,4.0,100,14,7.142857142857143
1,3,88,63,1,0,2,4,1,0,1,1,1,0,1,0,2,0,3.0,687,131,5.244274809160306
0,31,144,114,1,0,6,0,1,0,0,0,1,0,1,0,12,0,1.0,95,17,5.588235294117647
1,2,104,0,1,1,0,0,0,1,2,0,1,0,1,0,2,0,7.0,53,9,5.888888888888889
0,2,144,0,1,0,1,5,1,0,2,2,1,0,1,0,2,0,3.0,125,22,5.681818181818182
1,12,105,0,1,0,6,0,1,1,1,0,0,0,1,0,12,0,2.0,89,18,4.944444444444445
0,22,8,0,0,2,0,0,2,2,0,0,1,0,1,0,2,0,1.0,376,72,5.222222222222222
1,2,104,0,1,1,3,0,0,1,1,1,1,0,2,0,12,0,4.0,80,14,5.714285714285714
0,108,47,0,1,0,0,0,2,1,2,2,2,1,1,0,12,0,1.0,355,74,4.797297297297297
1,4,128,0,1,1,6,0,0,0,0,0,1,0,1,400,12,0,4.0,682,127,5.3700787401574805
1,36,104,0,0,0,5,5,2,1,0,0,0,0,1,0,2,0,4.0,322,59,5.4576271186440675
0,2,78,0,1,1,6,0,1,1,0,0,1,0,1,0,2,0,2.0,65,12,5.416666666666667
1,2,135,0,0,0,5,0,0,1,1,1,1,0,1,0,12,0,2.0,262,45,5.822222222222222
0,3,144,3,1,0,1,0,1,0,2,2,2,0,1,0,2,0,6.0,405,75,5.4
0,2,144,0,0,0,4,0,1,1,1,1,1,0,1,0,3,0,6.0,38,5,7.6
0,3,144,0,1,2,0,0,1,0,1,1,1,0,2,0,12,0,5.0,761,139,5.474820143884892
0,2,144,114,2,1,0,0,1,0,1,1,1,0,2,0,12,0,1.0,39,8,4.875
0,12,144,0,1,1,0,0,1,0,2,2,2,0,1,0,12,0,3.0,347,66,5.257575757575758
0,24,62,0,1,1,0,0,0,1,2,2,1,0,1,0,12,0,1.0,209,39,5.358974358974359
0,20,144,131,0,0,1,0,1,0,0,0,0,0,1,0,12,0,2.0,111,17,6.529411764705882
1,4,105,0,0,2,0,0,1,1,1,1,1,0,1,0,2,0,1.0,65,11,5.909090909090909
1,2,105,0,0,0,5,5,0,1,0,0,1,0,1,0,2,0,4.0,612,119,5.142857142857143
0,12,22,0,0,1,0,0,2,0,2,2,1,0,1,0,2,0,2.0,342,64,5.34375
0,1,144,114,1,4,0,0,1,1,1,1,1,0,1,0,12,0,2.0,160,31,5.161290322580645
1,1,105,0,1,2,6,0,0,1,1,1,1,0,1,0,2,0,2.0,313,63,4.968253968253968
0,4,144,0,0,1,0,0,1,0,0,0,2,0,1,0,5,0,4.0,108,21,5.142857142857143
1,2,103,0,2,0,2,5,0,1,1,1,1,0,2,0,2,0,4.0,146,29,5.0344827586206895
0,14,65,43,0,0,2,5,1,1,0,0,0,0,1,0,2,0,4.0,281,63,4.4603174603174605
0,6,144,114,0,0,3,5,2,0,0,0,1,0,1,100,5,0,4.0,182,34,5.352941176470588
0,2,144,114,0,6,0,0,1,1,1,1,1,0,1,0,12,0,3.0,117,22,5.318181818181818
1,10,105,82,1,6,0,0,1,1,0,0,0,0,2,0,2,0,1.0,465,88,5.284090909090909
0,4,22,114,0,4,0,0,2,1,0,0,0,0,1,0,2,0,4.0,229,46,4.978260869565218
1,132,105,0,1,0,1,0,1,0,0,0,0,0,1,0,2,0,1.0,736,138,5.333333333333333
0,36,161,0,0,0,1,5,2,1,0,0,0,0,1,0,2,0,1.0,154,31,4.967741935483871
1,5,105,0,1,0,1,4,1,0,1,1,1,0,1,0,12,0,1.0,23,4,5.75
1,8,104,0,2,1,4,4,2,1,0,0,1,0,2,100,3,0,3.0,102,18,5.666666666666667
1,36,122,0,0,2,3,4,1,1,2,2,2,0,1,0,12,0,4.0,255,56,4.553571428571429
0,24,144,114,2,1,6,0,1,0,2,2,2,0,2,0,3,0,3.0,522,96,5.4375
0,6,41,0,1,1,2,0,1,1,0,0,1,0,1,0,2,0,1.0,486,97,5.010309278350515
1,2,105,101,1,4,6,0,1,0,1,0,1,0,1,100,2,0,5.0,278,50,5.56
1,24,105,0,1,0,6,0,1,0,0,0,0,0,1,0,2,0,1.0,4,1,4.0
0,2,144,53,0,2,4,0,1,0,1,1,1,0,1,0,2,0,2.0,462,90,5.133333333333334
0,2,144,114,2,0,1,3,1,0,1,1,1,0,5,150,2,0,24.0,608,114,5.333333333333333
0,14,144,0,1,4,6,0,1,0,0,0,1,0,1,0,2,0,0.0,349,77,4.532467532467533
1,2,105,0,1,0,1,2,0,0,1,1,1,0,1,0,2,0,13.0,313,55,5.6909090909090905
0,36,169,0,1,1,0,0,0,1,0,0,0,0,1,0,12,0,10.0,189,32,5.90625
1,3,103,0,1,0,2,5,2,2,1,0,1,0,1,50,2,0,2.0,285,57,5.0
1,1,105,0,0,0,0,0,1,0,1,1,1,0,1,0,12,0,3.0,156,29,5.379310344827586
0,1,144,0,1,0,1,0,1,0,2,2,1,0,1,0,2,0,2.0,127,22,5.7727272727272725
1,1,105,0,0,1,2,5,1,0,1,1,1,0,1,0,2,0,26.0,864,163,5.300613496932515
0,1,144,114,2,1,0,0,2,0,1,1,1,0,3,0,2,0,5.0,20,3,6.666666666666667
1,2,105,0,0,5,6,0,1,0,0,0,1,0,1,70,2,0,2.0,121,21,5.761904761904762
0,1,144,0,2,0,1,5,1,0,2,2,1,0,8,0,2,0,8.0,132,19,6.947368421052632
0,4,144,0,0,6,0,0,1,1,0,0,1,0,1,0,2,0,3.0,643,125,5.144
0,1,144,0,1,1,0,0,1,0,1,1,1,0,1,0,4,0,1.0,98,21,4.666666666666667
0,8,144,0,1,1,0,0,1,1,0,0,0,0,1,0,3,0,1.0,252,46,5.478260869565218
1,3,105,0,2,0,3,4,0,0,0,0,1,0,3,0,2,0,3.0,257,51,5.03921568627451
1,8,128,106,1,1,5,0,0,0,2,2,2,0,1,0,12,0,2.0,128,23,5.565217391304348
0,4,144,0,0,3,0,0,1,1,2,0,1,0,1,0,2,0,8.0,341,65,5.246153846153846
1,5,88,82,0,0,6,0,2,0,0,0,1,0,1,50,2,0,3.0,139,20,6.95
0,6,144,114,0,1,2,0,0,0,2,2,2,0,1,0,12,0,2.0,145,27,5.37037037037037
0,60,144,0,0,0,4,5,1,0,0,0,0,0,1,0,12,0,3.0,404,81,4.987654320987654
1,2,104,80,0,0,1,5,1,1,2,0,1,0,2,0,3,0,1.0,74,12,6.166666666666667
1,6,105,0,0,2,6,0,0,0,1,1,1,0,1,0,2,0,1.0,850,166,5.120481927710843
0,1,144,0,1,0,1,5,1,1,1,0,1,0,1,0,2,0,2.0,162,32,5.0625
1,7,83,72,0,1,0,0,1,2,0,0,1,0,1,0,12,0,3.0,435,85,5.117647058823529
0,24,41,0,1,6,0,0,0,0,0,0,1,0,1,200,0,0,5.0,930,184,5.054347826086956
1,7,105,0,0,5,6,0,1,0,1,0,1,0,1,0,2,0,1.0,54,10,5.4
1,3,105,0,0,0,6,0,1,0,0,0,1,0,1,0,2,0,2.0,548,96,5.708333333333333
1,16,105,0,1,1,0,0,1,0,0,2,2,0,4,0,2,0,4.0,41,8,5.125
0,12,144,0,1,1,0,0,1,0,1,1,0,0,1,0,0,0,4.0,371,74,5.013513513513513
0,2,144,0,2,0,0,0,1,1,1,2,1,0,6,0,3,0,5.0,86,18,4.777777777777778
0,15,144,0,1,1,0,0,1,0,0,0,0,0,1,250,12,0,2.0,119,23,5.173913043478261
0,1,144,0,1,4,6,0,1,0,1,1,1,0,1,0,2,0,10.0,841,133,6.323308270676692
1,1,104,82,2,0,5,5,0,1,1,1,1,0,2,0,2,0,16.0,640,117,5.47008547008547
1,2,83,0,0,4,6,0,1,2,0,0,1,0,1,400,2,1,14.0,1449,261,5.551724137931035
1,2,104,82,1,2,5,0,0,1,1,1,1,0,2,0,3,0,3.0,93,16,5.8125
1,12,105,63,2,0,3,5,1,0,0,0,0,0,2,0,7,0,4.0,419,80,5.2375
1,13,135,0,0,3,6,0,1,0,1,1,0,0,1,50,2,0,1.0,35,5,7.0
0,1,144,0,1,0,1,0,1,1,1,1,1,0,1,20,3,0,1.0,122,21,5.809523809523809
1,4,105,0,0,0,5,5,1,0,0,0,0,0,1,0,2,0,14.0,369,71,5.197183098591549
0,5,144,0,1,0,1,0,1,0,0,0,1,0,1,0,12,0,0.0,125,24,5.208333333333333
0,24,40,0,0,6,0,0,0,2,0,0,1,0,1,300,12,0,2.0,113,20,5.65
1,7,105,0,1,6,0,0,0,0,0,0,0,0,1,0,6,0,3.0,174,34,5.117647058823529
0,2,144,0,1,1,0,0,1,1,0,0,1,0,1,0,2,0,3.0,205,43,4.767441860465116
0,2,144,0,2,0,1,5,1,1,1,1,2,0,7,0,2,0,1.0,120,20,6.0
0,2,99,114,0,0,1,5,2,0,0,0,1,0,1,0,2,0,1.0,314,58,5.413793103448276
0,3,4,114,1,0,1,0,1,1,1,1,1,0,1,0,12,0,2.0,116,26,4.461538461538462
1,4,105,0,0,3,6,0,0,0,1,0,1,0,1,0,2,0,2.0,178,31,5.741935483870968
1,18,105,0,1,0,3,5,0,0,2,0,2,0,1,0,12,0,2.0,19,3,6.333333333333333
1,3,128,89,1,0,1,0,0,2,1,1,1,0,1,0,7,0,4.0,197,36,5.472222222222222
0,3,144,0,0,0,6,0,1,0,0,0,1,0,1,0,2,0,1.0,137,26,5.269230769230769
1,2,105,0,1,5,0,0,1,0,1,1,1,0,1,0,2,0,1.0,137,25,5.48
0,1,144,0,2,0,1,3,1,0,1,1,0,0,9,0,4,0,18.0,33,6,5.5
0,0,152,114,1,1,0,0,1,0,1,1,1,0,1,0,12,0,2.0,91,18,5.055555555555555
0,48,144,0,0,0,0,0,1,1,2,2,1,0,1,0,6,0,4.0,563,108,5.212962962962963
0,2,47,114,1,0,6,0,2,1,0,0,2,0,1,0,12,0,2.0,514,98,5.244897959183674
1,2,105,0,0,5,6,0,1,0,0,1,1,0,1,0,6,0,3.0,987,191,5.167539267015707
0,2,144,0,0,0,1,0,1,0,1,1,1,0,1,0,12,0,3.0,128,24,5.333333333333333
0,1,69,43,2,0,1,3,1,1,1,1,1,0,4,250,12,0,3.0,315,56,5.625
1,4,104,0,1,2,5,5,2,1,1,0,0,0,1,0,12,0,2.0,63,12,5.25
0,0,144,0,2,1,0,0,1,0,0,0,2,0,3,0,2,0,5.0,36,8,4.5
1,1,103,96,2,0,6,0,1,1,1,1,1,0,4,0,12,0,9.0,19,3,6.333333333333333
1,3,105,0,0,0,0,0,1,1,0,0,1,0,1,0,2,0,5.0,547,109,5.018348623853211
1,7,114,101,0,0,3,0,2,1,1,0,1,0,1,70,2,0,5.0,422,74,5.702702702702703
1,4,104,0,0,5,6,0,0,1,1,1,1,0,1,0,2,0,5.0,282,59,4.779661016949152
1,3,93,73,2,0,1,1,1,1,1,0,1,0,2,100,2,0,2.0,139,24,5.791666666666667
1,4,88,82,1,0,1,0,0,1,1,1,1,0,3,0,4,0,3.0,132,19,6.947368421052632
0,2,144,0,1,1,3,0,1,1,1,0,2,0,3,0,7,0,4.0,14,4,3.5
0,3,22,114,1,1,6,0,1,0,2,2,1,0,1,0,2,0,1.0,113,18,6.277777777777778
1,2,122,80,2,0,3,5,0,2,1,1,1,0,4,300,2,0,5.0,118,21,5.619047619047619
1,2,105,0,1,0,5,5,1,0,0,0,1,0,2,0,12,0,2.0,16,3,5.333333333333333
0,3,144,0,2,0,4,5,1,0,2,2,2,0,3,0,12,0,1.0,220,40,5.5
0,2,144,0,0,0,0,0,1,0,1,2,1,0,1,0,2,0,4.0,186,35,5.314285714285714
1,4,105,106,0,0,5,0,0,0,1,1,1,0,1,0,2,0,5.0,219,40,5.475
1,7,97,0,1,5,0,0,1,0,2,2,2,0,1,0,5,0,2.0,234,45,5.2
1,12,104,0,1,0,3,5,1,1,0,0,1,0,1,0,2,0,2.0,207,31,6.67741935483871
0,2,41,39,1,1,0,0,0,0,1,1,1,0,1,500,2,0,2.0,308,49,6.285714285714286
0,2,144,0,0,0,6,0,1,1,1,1,1,0,3,50,2,0,1.0,43,9,4.777777777777778
1,8,105,0,1,1,3,5,1,0,0,0,0,0,1,0,2,0,5.0,739,132,5.598484848484849
0,5,144,0,1,3,4,0,1,0,1,0,1,0,1,0,2,0,1.0,61,11,5.545454545454546
0,4,5,35,0,0,1,0,1,0,2,2,1,0,1,0,2,0,3.0,721,131,5.5038167938931295
0,3,144,0,1,1,6,0,1,0,1,1,1,0,1,0,2,0,5.0,18,3,6.0
0,2,144,0,0,0,1,0,1,0,2,2,1,0,1,0,2,0,1.0,88,16,5.5
0,3,69,0,0,2,4,0,1,0,1,0,1,0,1,0,2,0,2.0,18,4,4.5
1,2,105,0,1,0,3,0,1,0,1,1,1,0,1,0,12,0,2.0,1567,285,5.4982456140350875
1,4,83,63,0,4,6,0,1,0,1,0,1,0,1,0,4,0,1.0,56,9,6.222222222222222
0,1,144,114,0,0,6,0,1,1,1,0,1,0,1,0,2,0,4.0,12,2,6.0
1,3,105,0,0,0,6,0,0,0,1,1,1,0,1,0,12,0,2.0,50,9,5.555555555555555
0,2,144,0,0,0,1,0,1,0,0,0,1,0,1,0,2,0,2.0,200,42,4.761904761904762
0,50,60,0,0,5,6,0,0,0,0,0,0,0,1,0,2,0,4.0,711,145,4.903448275862069
0,2,144,114,1,1,6,0,1,0,1,0,1,0,1,0,2,0,6.0,148,26,5.6923076923076925
0,2,144,0,0,0,0,0,1,0,1,0,1,0,1,0,2,0,4.0,63,12,5.25
0,3,144,76,1,0,1,0,1,0,0,0,1,0,1,0,2,0,8.0,341,60,5.683333333333334
0,3,144,0,1,1,4,0,1,1,1,1,1,0,1,0,2,1,4.0,380,72,5.277777777777778
0,4,5,114,0,0,0,0,1,0,0,0,1,0,1,200,2,0,7.0,2630,490,5.36734693877551
0,2,144,0,0,0,1,0,1,1,0,0,1,0,1,60,3,0,3.0,247,41,6.024390243902439
1,3,104,0,0,4,6,0,0,1,1,1,1,0,1,0,6,0,2.0,80,16,5.0
1,12,84,112,2,0,2,5,1,1,1,1,1,0,4,25,2,0,1.0,394,68,5.794117647058823
0,24,144,16,0,4,0,0,1,1,2,2,2,1,1,0,2,0,2.0,147,28,5.25
0,2,144,0,1,1,6,0,1,1,0,0,2,0,2,0,0,0,2.0,100,16,6.25
0,1,144,0,2,1,4,0,1,0,0,0,0,0,2,0,2,0,3.0,157,26,6.038461538461538
0,3,144,0,0,0,1,5,1,1,0,0,1,0,1,0,2,0,7.0,212,38,5.578947368421052
1,1,82,62,1,3,4,5,1,2,2,2,2,0,1,0,2,0,3.0,54,11,4.909090909090909
1,12,105,0,0,6,0,0,1,0,0,0,0,0,1,0,12,0,1.0,39,8,4.875
1,0,104,0,2,0,4,4,0,1,2,2,2,0,5,0,2,0,3.0,325,53,6.132075471698113
0,2,144,0,1,0,6,0,1,0,1,1,1,0,1,0,4,1,1.0,806,156,5.166666666666667
0,18,5,0,1,0,1,0,2,0,0,0,0,0,1,350,2,0,3.0,1264,234,5.401709401709402
0,3,144,0,0,4,0,0,2,0,1,1,1,0,1,50,2,0,1.0,425,80,5.3125
1,2,140,113,1,0,1,2,0,0,1,1,1,0,1,0,12,0,4.0,226,40,5.65
0,2,144,0,0,0,1,0,1,1,1,0,1,0,1,0,2,0,4.0,602,127,4.74015748031496
0,4,22,114,1,0,0,0,1,0,2,2,2,0,2,0,3,0,5.0,129,23,5.608695652173913
1,10,104,82,0,3,6,0,2,1,1,1,1,0,1,0,12,0,1.0,626,122,5.131147540983607
0,3,144,0,0,1,2,0,1,1,1,0,1,0,1,0,2,1,1.0,59,13,4.538461538461538
1,3,104,96,1,0,3,5,1,1,1,0,1,0,1,50,2,0,4.0,156,26,6.0
1,1,104,0,0,0,6,0,1,1,1,1,1,0,1,50,2,0,6.0,680,131,5.190839694656488
0,1,144,0,1,1,6,0,1,0,1,1,1,0,3,0,2,0,1.0,155,29,5.344827586206897
0,3,170,114,0,0,6,0,1,0,2,2,1,0,1,0,2,0,1.0,83,16,5.1875
1,10,122,81,0,0,6,0,2,2,2,0,1,0,1,0,12,0,5.0,107,22,4.863636363636363
1,3,105,0,1,0,0,0,2,1,1,1,2,0,1,0,2,0,2.0,110,22,5.0
0,42,19,114,2,0,6,0,1,1,0,0,0,0,2,0,2,0,4.0,683,138,4.949275362318841
1,18,105,0,1,0,1,1,1,0,0,0,0,0,1,300,7,0,3.0,170,31,5.483870967741935
0,12,144,0,1,1,6,0,1,0,0,0,2,0,1,0,12,0,1.0,77,14,5.5
0,2,144,0,2,0,1,0,1,1,1,0,1,0,4,0,6,0,3.0,376,67,5.611940298507463
1,12,105,0,1,1,2,3,1,0,0,0,0,0,1,0,12,0,2.0,627,119,5.26890756302521
0,3,144,130,1,0,5,5,2,0,0,0,0,0,1,0,2,0,1.0,55,10,5.5
0,1,144,114,0,1,0,0,1,1,1,0,1,0,1,0,2,0,1.0,14,3,4.666666666666667
1,3,105,82,0,0,1,0,1,0,1,1,1,0,1,0,2,0,4.0,15,4,3.75
0,42,54,0,0,1,0,0,1,0,1,1,1,0,1,0,3,0,5.0,551,108,5.101851851851852
0,22,144,0,1,3,6,0,1,0,0,0,0,0,2,0,12,0,0.0,84,15,5.6
0,6,144,0,1,4,0,0,1,0,0,0,1,0,1,0,2,1,2.0,389,70,5.557142857142857
1,2,103,0,0,0,6,0,1,1,1,1,1,0,1,0,12,0,3.0,3,1,3.0
1,3,104,106,0,0,1,4,1,1,1,0,1,0,1,0,2,0,5.0,454,91,4.989010989010989
1,17,104,0,0,0,1,0,2,1,0,0,0,0,1,200,5,0,3.0,211,40,5.275
0,36,144,0,0,1,0,0,2,0,1,1,1,2,1,0,2,0,2.0,881,175,5.034285714285715
0,3,144,0,1,1,6,0,0,0,2,2,2,1,1,0,2,0,0.0,254,52,4.884615384615385
0,15,144,0,0,6,0,0,1,0,1,0,0,0,1,0,2,0,5.0,395,81,4.8765432098765435
1,12,104,0,0,6,0,0,1,1,2,2,2,0,1,0,12,2,4.0,424,89,4.764044943820225
1,1,135,0,2,1,4,5,0,0,1,1,1,1,4,0,2,0,1.0,729,142,5.133802816901408
1,4,105,0,2,0,2,5,1,0,1,1,1,0,3,0,12,0,6.0,108,19,5.684210526315789
1,4,105,0,1,1,5,5,1,0,1,1,1,0,1,0,2,0,3.0,620,122,5.081967213114754
0,61,14,11,1,1,2,0,2,2,0,0,0,0,1,0,2,0,2.0,175,25,7.0
0,6,144,0,1,1,0,0,1,0,1,0,1,0,1,0,3,0,2.0,100,19,5.2631578947368425
0,12,43,20,0,0,4,0,0,0,0,0,0,0,1,0,2,0,6.0,317,59,5.372881355932203
0,2,144,0,1,1,0,0,1,1,0,0,1,0,1,0,2,0,2.0,306,61,5.016393442622951
0,12,69,114,1,1,4,0,1,1,2,0,1,0,1,0,2,0,5.0,481,93,5.172043010752688
0,2,144,0,0,1,0,0,1,1,1,1,1,0,1,0,2,0,1.0,63,11,5.7272727272727275
1,5,105,0,1,1,0,0,1,0,1,1,1,0,1,0,0,0,1.0,38,7,5.428571428571429
1,24,103,0,0,6,0,0,2,2,1,1,1,0,1,0,2,0,2.0,124,22,5.636363636363637
1,2,84,63,1,0,6,0,0,1,1,1,1,0,1,0,12,0,0.0,111,22,5.045454545454546
1,9,105,0,0,2,6,0,1,0,0,2,1,0,3,0,2,0,2.0,41,7,5.857142857142857
0,2,144,0,1,1,0,0,1,1,0,0,1,0,1,0,2,0,1.0,169,35,4.828571428571428
1,6,104,0,0,0,0,0,1,1,0,0,0,0,1,0,12,0,3.0,280,56,5.0
0,36,144,0,0,1,0,0,1,1,1,1,1,1,1,1,2,0,2.0,332,64,5.1875
1,36,105,0,0,6,0,0,2,1,0,0,0,0,1,0,2,0,0.0,102,20,5.1
1,5,105,0,1,2,0,0,1,0,0,0,1,0,1,0,2,0,2.0,8,1,8.0
1,1,103,82,0,0,1,5,1,2,1,1,1,0,3,0,2,0,5.0,88,19,4.631578947368421
1,3,105,0,1,5,6,0,1,0,1,0,1,0,1,50,2,0,7.0,957,174,5.5
0,2,144,0,1,0,1,0,1,0,1,0,1,0,1,0,2,0,1.0,213,40,5.325
0,1,22,114,1,0,1,5,1,0,1,1,1,0,1,0,1,0,1.0,73,13,5.615384615384615
0,2,144,0,1,0,1,5,1,0,1,1,1,0,1,20,3,0,1.0,201,32,6.28125
1,180,104,0,0,0,6,0,1,1,0,0,0,0,1,0,2,0,1.0,736,138,5.333333333333333
0,12,144,0,1,1,6,0,1,0,2,2,0,0,1,0,12,0,3.0,187,39,4.794871794871795
1,2,105,0,0,1,4,4,0,1,1,0,1,0,1,0,2,0,5.0,753,140,5.378571428571429
0,4,144,0,1,3,0,0,0,1,1,0,0,0,1,0,2,0,8.0,352,64,5.5
0,1,38,133,2,0,1,5,1,1,1,1,1,0,9,100,6,0,5.0,1878,267,7.033707865168539
0,24,144,6,1,2,0,0,1,1,0,0,0,0,1,0,4,0,7.0,511,95,5.378947368421053
1,1,105,0,2,1,2,2,1,0,1,1,1,0,7,0,12,0,5.0,39,7,5.571428571428571
1,12,140,0,1,0,3,5,0,1,0,0,0,0,1,0,12,0,1.0,195,33,5.909090909090909
1,4,105,0,1,5,0,0,1,0,0,0,1,0,1,0,2,0,5.0,19,3,6.333333333333333
1,2,84,0,1,5,0,0,1,0,1,1,1,0,1,20,2,0,1.0,443,89,4.977528089887641
0,24,47,0,0,0,1,0,2,0,2,2,2,0,1,0,7,0,1.0,16,3,5.333333333333333
1,8,105,0,1,6,0,0,1,0,2,2,2,0,1,0,2,0,3.0,35,6,5.833333333333333
0,1,144,0,1,0,1,0,1,1,0,0,1,0,1,0,2,0,7.0,421,75,5.613333333333333
1,4,128,82,2,3,4,4,1,1,0,0,1,0,2,0,3,0,4.0,841,150,5.6066666666666665
0,48,17,0,0,1,6,0,0,0,0,0,1,0,1,0,2,0,0.0,313,60,5.216666666666667
0,4,5,53,0,0,1,0,2,1,2,2,2,0,1,0,3,0,2.0,354,69,5.130434782608695
0,72,60,0,1,1,4,0,0,0,2,0,2,0,1,0,2,0,2.0,458,91,5.032967032967033
1,5,105,0,2,6,0,0,1,0,1,0,1,0,2,0,2,0,4.0,282,47,6.0
0,120,144,0,0,1,2,0,1,1,2,2,2,1,1,0,12,0,1.0,979,192,5.098958333333333
1,9,122,81,0,0,5,5,2,2,0,0,0,0,1,0,2,0,3.0,193,38,5.078947368421052
1,6,128,0,0,1,4,0,0,1,1,0,0,0,1,0,2,0,5.0,87,12,7.25
0,80,54,0,0,0,1,5,1,0,0,0,0,0,1,200,2,0,3.0,1383,244,5.668032786885246
0,5,144,0,1,4,0,0,1,1,0,0,0,0,1,0,2,0,4.0,181,34,5.323529411764706
0,2,144,114,1,1,0,0,1,1,0,0,1,0,1,0,2,0,1.0,12,2,6.0
1,29,105,0,0,0,6,0,0,0,0,0,1,0,1,0,2,0,4.0,388,79,4.9113924050632916
1,8,128,0,1,5,6,0,1,1,0,0,0,0,1,250,3,0,3.0,339,52,6.519230769230769
0,3,144,0,0,0,1,0,2,0,0,0,1,0,1,0,7,0,1.0,750,130,5.769230769230769
1,2,105,0,2,0,2,2,0,0,1,1,1,0,2,0,2,0,5.0,93,16,5.8125
1,4,104,92,0,0,0,0,1,1,0,0,1,0,1,100,2,0,4.0,213,33,6.454545454545454
1,2,105,0,0,0,6,0,1,0,1,1,1,0,2,0,6,0,3.0,616,97,6.350515463917525
0,16,144,0,1,0,1,5,1,0,0,0,0,0,1,0,7,0,5.0,855,136,6.286764705882353
1,24,128,0,1,3,5,5,2,0,0,0,0,0,1,0,12,0,2.0,44,7,6.285714285714286
0,6,144,0,0,2,3,3,1,0,1,1,1,0,1,0,12,0,1.0,724,133,5.443609022556391
0,2,69,114,2,0,1,2,1,1,2,2,2,0,3,0,3,0,1.0,45,9,5.0
0,17,144,0,0,0,1,0,1,0,0,0,0,0,1,0,12,0,7.0,450,84,5.357142857142857
1,16,92,0,0,0,0,0,2,1,0,0,0,0,1,0,12,0,1.0,320,69,4.63768115942029
0,3,144,0,1,1,0,0,2,0,1,1,1,0,1,0,3,0,3.0,695,134,5.186567164179104
0,2,144,0,1,1,0,0,1,1,2,2,2,0,1,0,2,0,4.0,230,43,5.348837209302325
1,1,105,0,0,0,6,0,1,0,1,0,1,0,1,0,2,0,6.0,240,45,5.333333333333333
1,2,104,0,1,4,6,0,0,1,1,1,1,0,1,0,2,0,1.0,144,27,5.333333333333333
0,72,41,0,0,1,4,0,1,0,2,2,2,0,1,200,3,0,2.0,37,6,6.166666666666667
0,2,144,0,1,1,0,0,1,1,0,0,1,0,1,0,4,0,1.0,225,41,5.487804878048781
0,36,17,0,0,1,6,0,1,0,0,0,1,0,1,0,7,0,3.0,372,74,5.027027027027027
0,13,144,0,0,1,0,0,1,1,0,0,1,0,1,0,2,0,4.0,204,42,4.857142857142857
1,4,105,0,2,5,6,0,1,0,1,1,1,0,4,0,12,0,4.0,173,30,5.766666666666667
0,4,61,4,1,0,1,0,2,1,0,0,1,0,1,600,2,0,2.0,243,45,5.4
1,3,104,0,2,3,5,5,0,1,0,0,1,0,2,0,12,0,15.0,359,59,6.084745762711864
0,12,144,0,0,0,0,0,1,0,1,1,1,0,1,0,2,0,1.0,113,21,5.380952380952381
0,1,144,16,0,4,0,0,1,0,0,0,1,0,1,0,1,0,1.0,703,137,5.131386861313868
1,3,104,81,1,0,5,5,0,1,1,0,0,0,3,0,7,0,9.0,347,12,28.916666666666668
1,6,105,0,1,0,0,0,1,0,1,1,1,0,1,0,12,1,1.0,198,39,5.076923076923077
1,2,105,0,1,0,6,0,0,0,1,1,1,0,2,0,2,0,3.0,257,47,5.468085106382978
0,3,144,0,1,0,0,0,1,0,1,1,1,0,1,0,12,0,1.0,39,9,4.333333333333333
1,2,105,0,0,2,0,0,1,0,0,0,1,1,1,0,2,0,5.0,701,120,5.841666666666667
1,1,103,81,2,0,4,5,0,1,1,1,1,0,3,0,2,0,5.0,206,38,5.421052631578948
1,1,105,82,2,0,5,5,1,1,1,0,1,0,2,0,12,0,3.0,113,17,6.647058823529412
0,120,144,0,0,0,1,5,2,0,2,2,2,0,1,0,12,0,3.0,884,176,5.0227272727272725
0,1,144,114,1,1,0,0,1,1,0,0,1,0,1,0,2,0,1.0,12,2,6.0
0,2,144,114,1,1,0,0,1,0,1,0,1,0,1,0,12,0,9.0,777,129,6.023255813953488
0,1,144,0,0,1,0,0,1,0,1,1,1,0,1,0,2,0,1.0,562,111,5.063063063063063
0,5,144,0,1,0,1,3,1,0,2,2,2,0,1,0,2,0,3.0,364,65,5.6
