Type,Age,Breed1,Breed2,Gender,Color1,Color2,Color3,MaturitySize,FurLength,Vaccinated,Dewormed,Sterilized,Health,Quantity,Fee,State,VideoAmt,PhotoAmt,desc_length,desc_words,average_word_length
0,2,144,0,1,6,0,0,1,0,1,1,1,0,1,20,3,0,1.0,141,25,5.64
1,8,105,0,0,0,6,0,0,0,1,1,2,0,1,0,2,0,7.0,1162,184,6.315217391304348
0,4,144,114,0,0,1,3,0,0,0,0,1,0,3,0,12,2,7.0,263,50,5.26
1,3,105,0,0,5,6,0,0,0,1,1,1,0,1,0,2,0,8.0,392,74,5.297297297297297
1,3,105,0,0,0,5,5,1,0,1,1,1,0,1,0,2,0,3.0,242,42,5.761904761904762
0,3,144,0,2,0,1,3,1,0,1,0,1,0,4,0,12,0,1.0,579,106,5.462264150943396
0,5,163,114,1,0,1,5,0,1,0,0,1,0,1,0,2,0,2.0,211,39,5.410256410256411
1,6,104,0,1,2,0,0,1,1,0,0,1,0,1,0,2,0,1.0,281,48,5.854166666666667
0,2,144,0,1,0,3,0,1,1,1,1,1,0,4,0,3,0,1.0,42,7,6.0
1,3,105,81,2,0,4,5,1,1,0,0,1,0,2,0,12,0,11.0,1706,283,6.028268551236749
0,11,60,47,1,0,4,5,0,0,2,2,2,0,1,0,12,0,2.0,347,68,5.102941176470588
0,5,69,114,1,6,0,0,1,1,0,2,1,0,1,0,2,0,2.0,113,18,6.277777777777778
1,2,105,0,0,2,0,0,0,0,1,1,1,1,1,0,2,0,3.0,579,130,4.453846153846154
0,24,144,0,0,1,5,5,1,0,0,0,0,0,1,0,12,0,1.0,1090,208,5.240384615384615
0,1,144,114,1,2,4,0,1,1,1,1,1,0,1,0,2,0,3.0,283,55,5.1454545454545455
0,3,144,0,1,6,0,0,1,1,0,0,1,0,1,0,2,0,1.0,70,14,5.0
0,4,54,6,1,4,6,0,1,0,0,0,0,0,1,0,2,0,3.0,268,55,4.872727272727273
1,2,105,0,1,5,6,0,0,0,0,0,1,0,3,0,12,0,4.0,420,80,5.25
0,24,144,0,1,0,1,1,1,1,0,0,0,0,1,0,2,0,2.0,354,67,5.2835820895522385
0,2,144,0,0,1,2,0,1,1,0,0,1,0,1,0,2,0,2.0,314,58,5.413793103448276
1,2,105,0,0,5,6,0,1,0,1,0,1,0,1,0,2,0,7.0,647,127,5.094488188976378
0,4,144,0,1,3,6,0,1,0,0,0,2,0,1,0,12,0,5.0,167,33,5.0606060606060606
0,24,144,0,0,0,0,0,1,0,1,1,1,0,1,0,5,0,4.0,703,135,5.207407407407407
0,2,144,0,1,0,1,0,1,0,1,1,1,1,1,0,7,0,1.0,767,159,4.823899371069182
1,4,93,101,2,0,0,0,1,0,0,0,1,0,2,0,12,2,5.0,335,66,5.075757575757576
0,48,159,0,1,1,2,0,0,2,0,2,2,1,1,0,12,0,3.0,219,37,5.918918918918919
0,4,144,0,2,0,1,5,1,1,1,1,1,0,10,0,2,0,6.0,278,57,4.87719298245614
0,12,69,116,0,1,4,0,1,1,2,2,2,0,1,0,2,0,4.0,522,94,5.553191489361702
0,84,81,0,0,2,5,0,0,2,0,0,0,0,1,200,2,0,1.0,110,19,5.7894736842105265
0,76,54,0,1,0,1,5,1,1,0,0,1,0,1,0,2,0,2.0,130,23,5.6521739130434785
1,4,105,0,1,0,6,0,1,0,1,1,1,0,1,0,2,1,8.0,719,145,4.958620689655173
1,6,122,89,0,3,0,0,1,2,1,1,1,0,1,150,2,0,3.0,67,14,4.785714285714286
0,1,144,0,0,1,0,0,1,0,0,0,1,0,1,0,2,0,1.0,221,40,5.525
0,15,144,0,0,1,0,0,1,0,0,0,0,0,1,0,2,0,1.0,63,14,4.5
1,1,105,0,0,2,0,0,1,1,1,1,1,0,1,0,2,0,6.0,413,75,5.506666666666667
0,1,144,0,1,1,0,0,1,0,1,1,1,0,1,0,4,1,8.0,698,132,5.287878787878788
0,2,157,114,2,1,4,0,1,0,1,0,1,0,4,0,2,0,8.0,152,27,5.62962962962963
1,1,105,0,2,3,5,5,1,0,1,1,1,0,3,0,2,0,5.0,1147,217,5.285714285714286
1,2,104,0,1,0,5,5,1,1,0,0,1,0,1,0,2,0,4.0,43,7,6.142857142857143
0,1,144,0,2,0,1,5,1,1,1,1,1,0,3,0,2,0,21.0,414,83,4.9879518072289155
1,16,94,0,1,2,6,0,2,1,0,0,0,0,1,0,2,0,2.0,707,128,5.5234375
0,9,13,53,1,0,2,3,1,1,0,0,0,0,1,200,7,0,14.0,311,61,5.098360655737705
0,15,60,25,1,6,0,0,1,2,0,0,1,0,1,0,2,0,5.0,267,52,5.134615384615385
0,1,144,0,2,0,1,5,1,0,1,1,1,0,8,0,2,0,3.0,738,157,4.7006369426751595
0,1,144,0,2,0,1,5,1,0,0,0,1,0,8,10,2,0,4.0,126,23,5.478260869565218
1,2,105,0,2,5,6,0,1,0,0,0,1,0,3,0,2,0,3.0,249,47,5.297872340425532
1,2,105,0,0,2,0,0,0,0,1,0,1,0,1,0,1,0,4.0,243,41,5.926829268292683
0,3,144,0,1,0,0,0,1,0,1,0,1,0,1,0,7,0,2.0,91,16,5.6875
0,7,144,0,0,1,6,0,1,1,1,1,1,0,1,0,2,0,1.0,373,64,5.828125
1,24,94,82,1,1,0,0,1,0,0,0,0,0,1,50,2,0,27.0,2097,400,5.2425
1,7,105,0,0,5,6,0,1,0,1,0,1,0,1,0,2,0,1.0,54,10,5.4
1,4,105,0,1,6,0,0,1,0,1,0,1,0,1,0,12,0,4.0,818,143,5.72027972027972
1,4,105,0,1,2,5,5,1,0,1,0,0,0,1,9,2,1,7.0,500,93,5.376344086021505
0,1,144,114,2,0,1,0,1,2,1,1,1,0,2,0,2,1,5.0,149,28,5.321428571428571
1,2,105,0,2,0,1,5,0,0,0,0,1,0,2,0,2,0,2.0,658,126,5.222222222222222
0,15,41,0,0,6,0,0,1,1,0,0,0,0,1,500,2,0,0.0,194,35,5.542857142857143
0,12,147,114,1,0,6,0,1,1,0,0,0,0,1,30,4,1,10.0,1380,262,5.267175572519084
0,24,144,0,1,1,0,0,1,0,1,1,1,2,1,0,11,0,5.0,609,106,5.745283018867925
0,6,144,0,0,1,4,5,1,0,0,0,0,0,1,0,2,0,6.0,247,47,5.25531914893617
1,4,105,81,1,0,6,0,1,1,0,1,1,0,1,0,2,0,4.0,646,115,5.6173913043478265
0,3,144,0,0,1,0,0,1,1,0,0,2,0,1,0,0,0,1.0,67,11,6.090909090909091
0,24,144,0,1,0,1,0,1,0,0,0,0,0,1,0,12,0,8.0,99,18,5.5
0,2,69,114,1,0,1,5,1,0,1,0,1,0,1,0,2,0,1.0,260,47,5.531914893617022
1,2,105,0,1,3,6,0,0,1,1,1,1,0,1,0,2,0,10.0,31,10,3.1
0,48,5,114,1,0,1,0,2,0,0,0,0,0,1,0,2,0,2.0,1223,229,5.3406113537117905
1,3,105,110,1,0,1,3,1,0,0,0,1,0,1,0,2,0,6.0,1013,195,5.194871794871795
0,3,65,114,1,0,1,5,1,1,2,2,1,0,1,0,2,0,9.0,206,41,5.024390243902439
0,10,144,0,0,1,0,0,2,1,0,0,0,0,1,0,2,1,4.0,220,36,6.111111111111111
1,1,128,101,0,4,6,0,0,0,1,1,2,0,2,0,12,0,1.0,204,36,5.666666666666667
1,2,126,82,1,5,6,0,1,0,1,0,1,0,1,50,2,0,8.0,808,148,5.45945945945946
0,24,144,0,1,0,1,0,1,0,0,0,0,0,1,0,2,0,5.0,384,73,5.260273972602739
1,1,104,81,1,0,3,5,1,1,1,1,1,0,1,0,12,0,8.0,297,48,6.1875
0,2,144,0,0,0,1,5,0,0,0,0,1,0,1,0,2,0,3.0,91,16,5.6875
0,2,144,0,1,4,0,0,1,1,2,0,1,0,1,0,2,0,2.0,157,29,5.413793103448276
1,1,104,0,1,0,1,1,2,1,1,0,1,0,1,0,2,0,12.0,804,156,5.153846153846154
0,1,144,0,2,0,1,5,1,1,1,1,1,0,7,0,12,0,11.0,242,45,5.377777777777778
1,1,104,0,0,6,0,0,0,1,1,1,1,1,1,0,2,0,2.0,138,25,5.52
0,1,144,0,1,6,0,0,1,0,1,1,1,0,1,0,7,0,4.0,105,23,4.565217391304348
1,1,105,0,1,0,6,0,1,0,1,1,1,0,1,0,2,0,3.0,211,38,5.552631578947368
1,4,135,0,0,0,1,1,1,0,0,0,1,0,1,0,7,0,5.0,348,67,5.1940298507462686
1,2,143,61,2,0,5,5,0,0,2,2,2,0,3,0,5,0,5.0,11,2,5.5
0,2,144,0,2,2,0,0,1,0,2,2,2,1,2,0,12,0,1.0,2150,366,5.8743169398907105
1,21,103,101,0,4,5,5,2,2,0,0,1,1,1,0,2,0,1.0,331,60,5.516666666666667
0,17,152,119,0,1,0,0,2,0,0,0,0,0,1,300,2,0,2.0,453,90,5.033333333333333
1,2,104,0,2,4,5,0,1,1,1,1,1,0,3,0,4,0,4.0,155,26,5.961538461538462
0,1,144,0,2,0,1,5,1,0,1,1,1,0,4,0,2,0,8.0,123,23,5.3478260869565215
0,6,144,114,0,0,1,0,2,0,0,0,1,0,1,50,5,0,3.0,311,59,5.271186440677966
1,1,96,0,1,0,2,5,0,1,1,0,1,0,1,20,2,0,2.0,382,81,4.716049382716049
1,3,105,0,1,1,2,0,0,0,0,0,1,0,3,0,2,0,3.0,627,118,5.313559322033898
1,48,103,96,0,6,0,0,2,2,0,0,0,0,1,300,2,0,3.0,152,28,5.428571428571429
0,1,47,0,1,0,1,0,0,0,0,0,1,0,1,50,4,0,1.0,214,39,5.487179487179487
0,24,144,0,0,1,6,0,1,0,2,2,2,0,1,0,12,0,2.0,81,15,5.4
0,2,144,0,2,0,3,5,1,0,0,0,1,0,3,30,2,0,3.0,422,79,5.341772151898734
0,1,144,114,2,1,0,0,1,1,1,1,1,0,2,0,3,0,6.0,182,36,5.055555555555555
0,2,144,0,1,1,6,0,1,0,0,0,1,0,1,0,2,0,4.0,101,17,5.9411764705882355
1,1,105,0,0,3,6,0,1,0,1,1,1,0,1,0,12,0,3.0,139,23,6.043478260869565
1,1,105,0,1,0,1,5,0,0,1,1,1,0,1,0,12,0,1.0,231,42,5.5
0,12,144,0,0,1,2,0,1,0,0,0,1,0,1,0,2,0,5.0,14,3,4.666666666666667
0,4,41,30,0,0,0,0,1,1,1,1,1,0,1,0,12,0,2.0,28,4,7.0
0,1,144,0,0,3,4,5,1,0,1,0,1,0,1,0,2,0,2.0,88,17,5.176470588235294
0,2,144,16,1,1,0,0,1,1,0,0,1,0,1,0,2,0,0.0,160,28,5.714285714285714
0,2,144,0,0,6,0,0,1,0,0,0,1,0,2,0,12,0,11.0,347,66,5.257575757575758
1,2,105,0,2,0,3,5,0,0,1,1,1,0,3,0,12,0,7.0,2943,514,5.72568093385214
0,2,144,0,1,4,0,0,1,0,2,2,1,0,1,0,12,0,1.0,20,5,4.0
0,3,144,0,1,4,0,0,1,0,1,0,1,0,1,0,3,0,10.0,250,35,7.142857142857143
1,3,104,0,1,0,5,0,1,1,1,1,1,0,1,0,12,0,3.0,123,24,5.125
1,2,122,81,0,2,0,0,1,1,1,1,1,0,1,0,12,0,11.0,54,9,6.0
1,2,128,0,0,1,4,5,0,0,1,1,1,0,1,0,2,0,2.0,780,154,5.064935064935065
1,2,135,0,2,0,1,5,0,0,0,0,1,0,2,0,12,0,4.0,676,126,5.365079365079365
0,4,166,114,0,0,1,0,1,1,0,0,1,0,1,0,2,0,3.0,85,16,5.3125
1,2,105,0,1,0,1,3,0,0,1,1,1,0,1,0,12,0,5.0,208,45,4.622222222222222
0,7,5,114,0,1,6,0,2,1,0,0,1,0,1,0,2,0,2.0,106,17,6.235294117647059
0,4,144,0,0,1,6,0,1,1,0,0,1,1,1,0,3,0,8.0,1581,231,6.8441558441558445
1,3,105,0,1,5,0,0,1,0,1,1,1,0,1,0,2,0,1.0,34,8,4.25
0,4,60,0,0,1,4,4,0,2,2,0,1,0,1,500,2,0,3.0,378,78,4.846153846153846
1,2,128,82,2,4,0,0,1,0,1,0,1,0,2,0,2,0,1.0,529,95,5.568421052631579
1,3,105,0,1,1,4,4,0,0,1,1,1,0,1,0,12,0,5.0,567,112,5.0625
0,60,41,0,0,4,0,0,0,1,2,2,2,0,1,0,2,0,5.0,151,30,5.033333333333333
0,24,144,0,0,4,0,0,1,0,0,0,0,0,1,0,12,0,1.0,203,40,5.075
0,48,144,114,1,1,0,0,1,0,2,2,0,1,1,0,2,0,3.0,397,80,4.9625
1,18,105,0,1,0,6,0,1,0,1,1,1,1,1,0,2,0,5.0,73,8,9.125
0,2,144,114,1,6,0,0,1,1,0,0,1,0,1,0,2,0,1.0,12,2,6.0
0,36,144,0,1,1,0,0,1,0,0,0,0,0,1,0,12,0,3.0,337,65,5.184615384615385
0,24,165,114,1,0,1,3,1,0,0,0,0,0,5,0,3,0,1.0,573,104,5.509615384615385
1,7,105,0,0,0,1,0,1,0,1,1,1,0,2,0,12,0,5.0,254,46,5.521739130434782
0,2,144,114,2,0,1,5,2,0,1,1,1,0,6,0,2,1,5.0,265,53,5.0
0,6,144,0,2,0,0,0,1,1,1,1,1,0,4,0,2,0,2.0,151,28,5.392857142857143
0,48,166,0,1,1,0,0,2,0,0,0,0,0,1,100,2,0,2.0,521,103,5.058252427184466
0,36,144,0,0,0,3,5,1,1,2,2,2,0,1,0,12,0,3.0,632,114,5.543859649122807
1,1,105,0,2,1,4,4,0,0,1,0,1,0,2,0,12,0,1.0,482,87,5.540229885057471
0,2,144,0,1,0,1,3,1,1,1,1,1,0,5,0,2,0,5.0,351,49,7.163265306122449
0,12,144,10,2,1,4,5,1,1,0,0,0,0,2,0,4,0,4.0,55,12,4.583333333333333
0,2,144,0,0,0,1,0,1,0,0,0,1,0,1,100,2,0,3.0,102,18,5.666666666666667
1,24,105,0,1,1,3,5,1,0,1,2,0,0,2,0,12,0,3.0,201,40,5.025
1,2,105,82,1,0,0,0,1,0,1,1,1,0,3,0,3,0,4.0,156,27,5.777777777777778
1,3,105,0,0,0,6,0,0,0,1,1,1,0,2,0,1,0,9.0,345,63,5.476190476190476
0,2,144,114,0,1,0,0,1,1,0,0,1,0,1,0,2,0,5.0,12,2,6.0
0,12,144,0,1,3,6,0,1,0,0,0,0,0,1,0,3,0,3.0,70,12,5.833333333333333
1,5,104,0,1,0,5,0,1,1,1,0,1,0,2,0,12,0,1.0,169,30,5.633333333333334
0,5,22,0,1,4,0,0,1,0,0,0,0,0,1,0,12,0,5.0,1101,228,4.828947368421052
0,7,144,0,1,1,0,0,2,1,2,2,2,0,1,0,2,0,4.0,61,10,6.1
1,3,105,0,2,3,0,0,0,0,1,1,1,0,2,0,2,0,1.0,75,13,5.769230769230769
0,0,144,0,2,0,1,5,1,0,1,1,1,0,8,0,2,0,7.0,113,19,5.947368421052632
1,3,105,0,1,0,1,4,1,0,2,2,2,0,2,0,12,0,2.0,278,51,5.450980392156863
0,2,144,0,0,4,0,0,1,1,0,0,1,0,1,0,2,0,9.0,143,26,5.5
0,3,144,114,2,0,0,0,0,0,0,0,1,0,2,0,2,0,6.0,772,142,5.436619718309859
0,3,144,114,1,1,0,0,3,0,0,0,1,0,6,0,2,0,11.0,345,52,6.634615384615385
1,9,104,0,1,3,6,0,2,0,1,0,0,0,1,0,7,0,4.0,125,25,5.0
1,3,135,0,2,3,5,5,1,0,2,2,2,0,4,0,7,0,5.0,51,11,4.636363636363637
1,7,105,0,2,1,0,0,1,0,2,0,1,0,3,0,2,0,5.0,149,30,4.966666666666667
0,48,144,7,0,1,0,0,1,0,2,2,2,0,1,0,2,0,1.0,56,11,5.090909090909091
1,2,105,0,1,0,6,0,1,0,0,0,1,0,1,0,12,0,12.0,316,62,5.096774193548387
0,2,144,114,1,1,0,0,1,1,0,0,1,0,1,0,2,0,1.0,12,2,6.0
0,9,11,114,1,0,1,0,1,0,0,0,0,0,1,0,2,0,2.0,214,41,5.219512195121951
0,4,60,0,1,1,4,5,0,1,0,0,2,0,1,500,12,0,5.0,88,17,5.176470588235294
0,30,144,0,0,0,0,0,1,1,0,0,0,0,1,0,2,0,2.0,868,159,5.459119496855346
0,3,144,0,0,0,0,0,1,0,1,0,1,0,1,0,2,0,2.0,394,79,4.987341772151899
1,3,105,0,1,3,0,0,1,0,1,0,0,0,1,0,2,0,4.0,260,49,5.3061224489795915
1,24,103,96,0,5,6,0,2,2,0,0,0,0,1,250,2,0,5.0,1344,250,5.376
1,24,103,81,0,0,1,1,2,2,2,0,1,0,1,50,2,0,4.0,309,52,5.9423076923076925
1,3,104,0,1,4,5,5,1,1,0,1,1,0,1,0,2,0,3.0,442,87,5.080459770114943
1,3,122,101,0,1,6,0,0,1,1,1,1,0,1,200,12,0,1.0,224,32,7.0
0,18,163,114,0,4,0,0,1,1,0,0,0,0,1,200,2,0,2.0,360,52,6.923076923076923
1,3,104,0,0,0,6,0,0,1,1,0,1,0,1,0,2,0,10.0,234,49,4.775510204081633
1,28,122,0,1,3,0,0,1,2,0,0,1,0,1,50,2,0,2.0,313,60,5.216666666666667
0,1,46,35,0,0,1,5,1,1,1,0,1,0,2,0,2,0,5.0,464,89,5.213483146067416
0,4,144,0,0,0,0,0,1,0,1,0,1,0,1,80,2,0,4.0,135,27,5.0
0,1,144,0,1,0,1,4,1,1,1,1,1,0,1,0,2,0,4.0,248,50,4.96
1,4,122,0,1,0,1,0,0,1,2,0,2,0,1,50,12,0,2.0,257,45,5.711111111111111
1,3,104,81,0,6,0,0,1,1,1,1,1,0,2,100,3,0,3.0,232,45,5.155555555555556
1,1,105,81,2,0,1,5,0,0,1,1,1,0,2,0,12,0,11.0,1044,179,5.832402234636872
0,7,144,133,1,1,0,0,1,1,0,0,1,0,1,0,2,0,4.0,116,19,6.105263157894737
0,1,144,0,1,4,0,0,1,0,1,0,1,1,1,0,2,1,7.0,999,193,5.176165803108808
0,13,60,0,1,0,6,0,1,1,0,0,1,0,1,0,12,0,1.0,170,32,5.3125
1,2,105,0,0,3,6,0,1,0,0,0,1,0,1,0,12,0,1.0,160,28,5.714285714285714
0,1,144,0,2,0,1,0,1,0,1,1,1,0,4,0,7,0,1.0,196,39,5.0256410256410255
0,24,144,114,1,4,6,0,1,1,0,0,0,0,1,0,12,0,2.0,469,83,5.650602409638554
0,1,144,0,1,4,6,0,1,0,0,0,1,0,1,50,2,0,3.0,72,16,4.5
1,2,105,0,0,0,6,0,0,0,1,0,1,0,1,0,2,0,1.0,301,48,6.270833333333333
0,2,144,0,1,1,4,0,1,0,1,0,1,0,1,0,3,1,6.0,714,140,5.1
0,36,47,114,0,0,1,0,2,0,0,0,0,0,1,0,2,0,4.0,146,4,36.5
1,1,105,0,1,2,5,0,1,0,0,0,0,0,1,0,12,1,3.0,228,41,5.560975609756097
0,2,144,0,1,6,0,0,1,1,0,0,0,0,1,0,12,0,3.0,201,39,5.153846153846154
1,1,105,0,2,0,4,4,1,1,1,1,1,0,4,0,2,0,4.0,202,32,6.3125
0,12,22,114,1,2,3,0,1,1,2,2,2,0,1,0,5,0,2.0,136,26,5.230769230769231
0,36,144,0,0,0,0,0,2,0,0,0,0,0,2,0,7,0,3.0,510,96,5.3125
1,28,89,80,0,0,0,0,2,2,0,0,1,0,1,0,12,0,5.0,90,17,5.294117647058823
1,11,105,82,1,0,3,5,1,0,0,0,0,0,1,0,2,0,5.0,96,3,32.0
1,5,88,0,1,0,4,0,0,0,1,1,1,0,1,0,2,0,1.0,87,17,5.117647058823529
1,2,104,0,0,2,6,0,1,1,1,0,1,1,1,0,5,1,3.0,72,14,5.142857142857143
0,4,144,0,1,0,1,0,2,1,0,0,1,0,1,0,2,0,4.0,310,60,5.166666666666667
1,36,122,0,1,0,1,1,1,1,0,0,0,0,1,0,12,1,2.0,360,72,5.0
0,2,144,0,1,0,1,3,1,0,1,0,1,0,2,0,1,0,5.0,397,76,5.223684210526316
1,1,105,0,1,6,0,0,0,0,1,0,1,0,1,0,12,0,1.0,244,48,5.083333333333333
0,3,144,114,0,0,3,0,0,1,0,2,2,0,2,0,2,0,4.0,52,10,5.2
1,4,105,0,1,1,6,0,1,0,1,0,1,0,2,0,2,0,2.0,226,37,6.108108108108108
1,1,104,0,2,0,0,0,1,1,1,0,1,0,3,0,3,0,4.0,47,11,4.2727272727272725
1,4,96,0,1,0,2,5,1,2,1,0,0,0,1,100,12,0,5.0,93,12,7.75
0,9,40,25,1,0,4,5,0,2,0,0,1,0,1,300,2,0,3.0,518,95,5.4526315789473685
1,1,105,0,2,0,3,5,0,0,1,1,1,0,3,0,12,0,3.0,217,48,4.520833333333333
0,6,22,114,0,1,0,0,1,0,2,0,0,0,1,8,2,0,3.0,490,87,5.632183908045977
0,24,144,114,1,6,0,0,0,0,0,0,0,0,1,0,2,0,3.0,764,152,5.026315789473684
1,2,105,0,1,1,0,0,1,0,1,1,1,0,1,0,2,0,2.0,400,81,4.938271604938271
0,24,41,0,0,4,6,0,0,0,2,2,1,0,1,0,2,0,1.0,144,30,4.8
1,2,105,82,2,0,6,0,0,0,2,2,2,0,3,0,2,0,2.0,350,67,5.223880597014926
1,3,104,0,1,5,6,0,1,1,0,0,1,0,1,0,2,0,4.0,148,28,5.285714285714286
0,18,32,21,0,4,6,0,2,1,1,0,1,0,1,0,12,0,3.0,312,67,4.656716417910448
0,12,68,0,1,0,0,0,0,1,0,0,0,0,1,0,6,0,1.0,729,151,4.827814569536423
0,2,144,0,0,1,0,0,1,1,0,0,1,0,1,80,3,0,1.0,332,58,5.724137931034483
0,18,144,0,0,0,1,0,1,0,0,0,0,0,1,300,2,0,1.0,497,74,6.716216216216216
0,2,144,0,2,0,1,5,1,0,2,2,1,0,6,0,2,0,5.0,1104,192,5.75
0,2,144,114,0,1,0,0,1,1,1,0,1,0,1,0,12,0,5.0,298,53,5.622641509433962
1,2,93,82,1,0,1,0,1,0,1,0,1,0,1,0,2,0,4.0,538,100,5.38
1,2,105,0,1,1,3,0,0,0,2,2,2,0,1,0,2,0,1.0,39,7,5.571428571428571
1,1,105,0,1,0,1,1,0,0,1,1,1,0,1,0,1,0,4.0,209,38,5.5
0,8,144,0,0,1,6,0,1,1,0,0,0,0,1,0,2,0,1.0,361,73,4.945205479452055
0,2,144,0,0,0,1,0,1,1,1,0,1,0,1,5,2,0,4.0,186,34,5.470588235294118
1,1,105,0,0,0,4,4,1,0,1,1,1,0,1,0,2,2,5.0,882,168,5.25
0,18,40,114,1,4,0,0,1,2,0,0,0,0,1,0,4,0,3.0,231,40,5.775
0,24,60,0,1,0,6,0,0,2,0,0,0,0,1,0,12,0,2.0,193,31,6.225806451612903
0,2,144,0,1,1,0,0,1,0,1,1,1,0,2,0,12,0,4.0,89,19,4.684210526315789
1,4,105,0,2,0,3,5,1,0,1,0,1,0,2,50,6,0,4.0,566,97,5.835051546391752
0,12,144,0,1,1,4,5,0,0,2,2,2,1,1,0,5,0,2.0,299,61,4.901639344262295
0,2,144,0,1,3,6,0,1,0,1,1,1,0,1,0,2,0,5.0,1236,230,5.373913043478261
1,18,105,0,1,0,2,5,1,0,2,2,1,0,1,0,2,0,1.0,657,121,5.429752066115703
0,1,144,114,1,6,0,0,1,1,0,0,1,0,1,0,2,0,2.0,12,2,6.0
1,2,105,0,0,1,2,0,0,0,1,1,1,0,2,0,2,0,5.0,160,30,5.333333333333333
0,36,164,0,0,0,1,0,1,0,0,0,2,0,1,0,2,0,2.0,725,132,5.492424242424242
0,3,144,16,0,4,0,0,2,0,1,1,2,0,1,0,7,0,2.0,608,109,5.577981651376147
1,4,105,0,1,0,3,5,1,0,1,1,1,0,3,0,2,0,7.0,215,44,4.886363636363637
0,2,144,0,2,0,4,0,1,0,1,0,1,0,3,0,2,0,4.0,129,19,6.7894736842105265
1,12,105,0,0,6,0,0,2,0,2,2,1,1,1,0,2,0,3.0,44,8,5.5
0,2,144,0,0,0,1,5,1,0,0,0,1,0,1,0,2,0,6.0,400,78,5.128205128205129
0,5,144,0,1,6,0,0,1,0,0,0,1,0,1,0,2,0,6.0,170,30,5.666666666666667
1,1,105,0,0,0,1,1,1,0,0,0,1,0,3,0,2,0,3.0,193,30,6.433333333333334
0,8,144,5,1,0,3,5,1,1,0,0,0,0,1,0,4,0,5.0,479,90,5.322222222222222
0,4,144,0,1,1,0,0,1,2,0,0,1,0,1,0,4,0,4.0,223,40,5.575
0,1,144,114,1,0,1,0,1,1,1,1,1,0,1,0,2,0,1.0,12,2,6.0
0,53,41,0,0,1,4,0,0,1,0,0,2,0,1,0,4,0,2.0,186,33,5.636363636363637
0,4,144,0,1,4,0,0,1,1,1,1,1,0,1,0,2,0,2.0,38,9,4.222222222222222
0,4,144,0,1,0,1,0,0,0,1,0,1,0,1,0,2,1,2.0,504,97,5.195876288659794
0,1,144,0,1,0,1,0,1,0,0,0,1,0,1,0,2,0,5.0,460,78,5.897435897435898
1,6,128,0,1,1,5,5,0,0,1,2,2,0,1,0,2,0,2.0,129,20,6.45
1,7,105,0,0,0,6,0,1,0,0,0,0,0,1,50,12,0,2.0,427,80,5.3375
0,2,144,0,1,1,0,0,1,1,0,0,1,0,1,0,2,0,3.0,205,43,4.767441860465116
0,36,41,0,1,4,0,0,0,0,0,0,2,0,1,400,12,0,1.0,300,66,4.545454545454546
0,2,144,0,1,0,0,0,0,0,0,0,1,0,1,0,12,0,2.0,307,57,5.385964912280702
1,3,105,0,1,0,6,0,2,0,1,0,1,0,1,0,0,0,3.0,244,43,5.674418604651163
0,2,144,0,2,0,1,3,0,1,1,1,1,0,7,0,12,0,5.0,45,8,5.625
1,2,104,67,0,1,4,5,1,1,0,0,1,0,1,50,2,0,11.0,1159,201,5.766169154228856
1,1,105,81,2,0,3,5,0,1,1,1,1,0,2,0,12,0,2.0,220,38,5.7894736842105265
1,12,105,0,0,5,6,0,1,0,1,0,0,0,1,0,2,0,5.0,681,132,5.159090909090909
1,4,105,0,1,0,0,0,0,0,1,0,1,0,1,0,12,0,6.0,207,37,5.594594594594595
0,1,144,0,1,0,6,0,1,0,1,0,1,0,1,0,2,0,3.0,92,16,5.75
0,31,54,0,0,1,6,0,1,0,0,0,1,0,1,400,2,0,1.0,353,67,5.268656716417911
1,6,105,82,2,0,1,5,1,0,0,0,0,0,4,0,2,0,15.0,40,6,6.666666666666667
0,2,144,0,1,0,1,3,1,1,0,0,1,0,3,0,2,0,8.0,302,36,8.38888888888889
0,1,144,0,1,0,1,3,1,1,2,2,2,0,1,0,0,0,3.0,109,19,5.7368421052631575
1,1,104,0,0,2,4,0,1,1,1,0,1,0,1,50,2,0,5.0,648,117,5.538461538461538
1,1,96,82,1,0,1,1,0,0,1,1,1,0,1,0,12,0,2.0,156,34,4.588235294117647
0,1,144,114,0,1,6,0,1,1,1,1,1,0,1,0,12,0,3.0,70,13,5.384615384615385
1,2,105,0,0,1,5,5,1,0,0,0,1,0,2,50,6,0,5.0,442,76,5.815789473684211
0,2,144,16,0,3,4,5,1,0,2,2,2,0,4,0,12,0,1.0,583,113,5.15929203539823
0,2,144,0,1,0,1,0,0,0,1,1,1,0,1,0,2,0,1.0,192,40,4.8
0,2,144,0,0,6,0,0,1,0,0,0,1,0,1,10,2,0,4.0,33,5,6.6
0,26,144,0,1,0,1,0,1,0,0,0,1,0,1,0,12,0,5.0,291,58,5.017241379310345
1,2,128,72,0,1,4,0,1,0,1,0,1,0,1,100,2,0,5.0,198,33,6.0
1,5,105,0,0,0,6,0,1,0,1,0,1,0,1,0,2,1,12.0,422,80,5.275
1,2,105,0,1,2,6,0,1,0,1,1,1,0,1,0,2,0,7.0,658,117,5.6239316239316235
1,5,105,0,2,0,6,0,0,0,1,0,1,0,4,0,12,0,3.0,270,56,4.821428571428571
1,5,105,0,2,0,6,0,0,0,0,0,0,0,2,0,12,0,0.0,26,5,5.2
1,4,105,0,1,0,5,5,0,0,1,1,1,0,2,0,2,0,7.0,338,58,5.827586206896552
0,2,144,0,0,4,0,0,1,1,2,2,1,0,1,0,2,0,1.0,88,16,5.5
0,2,144,0,2,1,4,0,1,0,1,1,1,0,4,0,5,0,5.0,44,6,7.333333333333333
0,65,26,0,1,6,0,0,0,1,0,0,2,0,1,0,12,0,1.0,377,77,4.896103896103896
0,2,144,0,1,0,1,0,1,1,0,0,1,0,1,0,2,0,4.0,209,34,6.147058823529412
1,2,105,0,0,3,6,0,1,0,1,0,1,0,1,0,12,0,3.0,351,73,4.808219178082192
0,1,144,0,1,0,1,0,1,1,2,2,1,0,1,0,2,0,4.0,122,22,5.545454545454546
1,12,105,0,1,0,0,0,1,0,0,0,0,0,3,50,8,0,3.0,68,14,4.857142857142857
1,3,105,82,1,0,4,5,1,1,0,0,1,0,3,0,2,0,5.0,223,41,5.439024390243903
0,26,30,0,1,1,0,0,0,1,0,0,1,0,1,100,12,0,2.0,228,53,4.30188679245283
1,12,105,0,1,6,0,0,1,0,0,0,0,0,1,0,12,0,2.0,67,12,5.583333333333333
1,6,104,0,0,0,6,0,2,1,1,1,1,0,1,0,2,0,4.0,353,63,5.603174603174603
0,2,144,0,1,6,0,0,1,0,1,1,1,0,1,0,2,0,5.0,557,107,5.205607476635514
1,4,104,82,0,3,6,0,0,1,1,0,1,0,2,0,12,0,4.0,22,5,4.4
1,2,137,0,1,0,5,5,1,1,1,1,1,0,1,0,2,0,10.0,889,172,5.1686046511627906
1,5,103,0,0,2,0,0,1,1,1,0,1,0,1,50,2,0,2.0,16,3,5.333333333333333
0,1,69,114,1,1,4,0,1,0,1,0,1,0,1,0,2,0,2.0,270,45,6.0
0,2,144,114,1,4,0,0,1,1,1,0,1,0,1,0,2,0,5.0,12,2,6.0
1,12,105,0,1,5,6,0,1,0,2,2,0,0,1,0,2,0,5.0,656,119,5.512605042016807
0,2,144,0,1,1,6,0,1,0,1,1,1,0,1,0,2,0,2.0,305,60,5.083333333333333
1,10,104,0,0,0,6,0,1,1,0,0,1,0,1,0,2,0,5.0,190,38,5.0
1,2,104,0,1,0,3,5,1,1,1,1,1,0,1,100,2,0,3.0,153,26,5.884615384615385
0,2,144,0,1,0,1,0,1,0,1,1,1,0,1,200,12,0,1.0,280,56,5.0
0,2,144,0,2,0,1,5,1,1,1,1,1,0,3,0,12,0,1.0,862,166,5.192771084337349
1,1,125,82,2,6,0,0,2,1,1,1,1,1,2,30,12,0,5.0,64,12,5.333333333333333
0,12,65,114,1,1,2,0,0,1,2,2,2,0,1,0,2,0,5.0,214,46,4.6521739130434785
1,3,105,0,0,3,0,0,0,0,1,0,1,0,1,0,12,0,1.0,1317,260,5.065384615384615
0,10,144,0,1,0,0,0,1,0,0,0,0,0,1,0,2,0,2.0,180,36,5.0
0,2,144,0,1,0,1,5,1,0,1,1,1,0,1,0,12,0,1.0,45,8,5.625
1,1,105,0,0,0,5,5,1,0,2,2,2,0,1,0,2,0,4.0,339,68,4.985294117647059
0,1,144,114,0,0,1,0,1,0,1,0,1,0,1,150,2,1,10.0,351,72,4.875
1,4,105,0,0,2,0,0,1,0,0,0,0,0,1,100,2,0,2.0,194,28,6.928571428571429
0,2,144,0,1,0,0,0,1,1,0,0,1,0,1,0,2,0,0.0,101,16,6.3125
0,1,144,114,1,0,1,5,1,0,1,1,1,0,1,0,2,0,5.0,340,72,4.722222222222222
0,3,144,114,2,0,3,0,1,0,1,1,1,0,2,0,4,0,5.0,207,37,5.594594594594595
1,2,104,0,1,0,4,4,1,1,2,2,2,0,1,0,3,0,1.0,363,69,5.260869565217392
1,12,105,0,1,1,4,5,0,0,0,0,0,0,1,0,12,0,1.0,14,3,4.666666666666667
0,48,8,0,0,2,0,0,2,2,0,0,0,0,1,200,2,0,0.0,508,102,4.980392156862745
0,2,165,114,1,0,6,0,1,0,1,0,1,0,1,0,12,0,8.0,29,5,5.8
0,2,144,0,0,6,0,0,1,0,1,1,1,0,1,20,3,0,1.0,201,32,6.28125
1,1,105,0,1,0,1,1,1,0,1,1,1,0,1,0,2,0,6.0,326,65,5.015384615384615
1,3,105,0,2,3,6,0,1,0,1,1,1,0,3,0,12,0,4.0,543,100,5.43
1,3,135,0,1,0,1,0,0,1,1,0,1,0,2,50,12,0,3.0,1217,236,5.156779661016949
1,2,105,0,2,3,4,5,0,0,1,0,1,0,2,0,2,0,3.0,357,68,5.25
0,9,144,0,0,1,0,0,1,1,0,0,0,0,1,0,1,0,5.0,840,162,5.185185185185185
0,2,144,0,1,0,1,0,1,0,1,1,1,0,1,0,12,0,2.0,120,23,5.217391304347826
0,72,61,0,0,1,4,5,2,2,0,0,1,0,1,0,2,0,4.0,526,105,5.0095238095238095
0,12,144,0,0,0,2,0,2,1,0,0,2,0,1,0,12,0,2.0,229,46,4.978260869565218
0,24,144,114,2,0,1,0,1,0,1,1,0,0,2,0,2,0,0.0,876,167,5.245508982035928
0,36,22,41,0,4,6,0,0,0,2,2,1,0,1,0,2,0,9.0,441,78,5.653846153846154
1,1,105,0,2,0,3,5,0,0,1,0,1,0,3,0,2,0,9.0,496,89,5.573033707865169
1,1,104,0,0,0,6,0,2,1,1,1,1,0,1,0,2,0,4.0,240,48,5.0
0,3,69,39,1,2,4,5,1,1,2,2,2,0,1,0,2,0,1.0,40,5,8.0
0,2,144,0,1,1,6,0,1,0,0,0,1,0,1,0,2,0,8.0,325,57,5.701754385964913
0,8,144,0,0,0,1,0,1,0,2,2,0,0,1,0,2,0,2.0,314,63,4.984126984126984
0,1,144,0,1,1,6,0,1,0,1,1,2,0,1,0,7,0,4.0,264,53,4.981132075471698
0,2,144,0,1,1,0,0,1,0,2,0,1,0,1,0,12,0,0.0,94,20,4.7
0,2,144,0,1,0,1,0,1,0,0,0,1,0,2,0,12,0,11.0,252,47,5.361702127659575
1,3,105,82,0,3,6,0,1,0,1,0,1,0,1,0,2,0,11.0,238,47,5.0638297872340425
0,3,144,0,0,0,3,0,0,0,2,2,0,0,1,1,2,0,3.0,32,6,5.333333333333333
0,1,144,0,0,4,6,0,1,0,0,1,1,0,1,0,11,0,1.0,789,165,4.781818181818182
0,24,144,0,1,1,0,0,1,1,2,2,2,0,1,0,12,0,3.0,522,91,5.736263736263736
1,1,128,82,2,5,6,0,0,1,1,0,1,0,3,0,3,0,3.0,233,36,6.472222222222222
1,12,105,0,0,4,5,0,1,0,1,0,1,0,1,0,2,0,1.0,6,1,6.0
0,2,144,0,1,1,0,0,0,1,2,2,2,0,3,0,7,0,5.0,65,10,6.5
0,18,159,0,0,2,0,0,1,2,0,0,1,0,1,300,2,0,3.0,1341,225,5.96
1,2,105,0,0,0,1,5,1,0,1,1,1,0,1,0,12,0,3.0,289,47,6.148936170212766
0,6,144,0,1,1,0,0,1,0,1,1,1,0,1,0,2,0,1.0,224,47,4.76595744680851
0,12,144,0,1,0,6,0,1,0,2,2,2,0,1,0,3,0,3.0,317,60,5.283333333333333
1,1,105,0,2,0,6,0,1,1,1,1,0,1,2,0,2,0,3.0,140,27,5.185185185185185
1,6,104,0,1,4,6,0,1,1,1,0,1,0,1,50,2,0,4.0,126,21,6.0
0,2,144,114,2,0,4,5,1,1,1,0,1,0,5,0,12,0,6.0,61,12,5.083333333333333
1,3,114,80,1,6,0,0,1,2,1,1,1,0,1,500,2,0,4.0,62,9,6.888888888888889
1,7,105,0,2,5,6,0,1,0,1,0,1,0,2,0,12,0,3.0,426,78,5.461538461538462
1,2,104,61,1,5,0,0,1,1,1,1,1,0,1,1,2,0,2.0,42,6,7.0
0,3,144,0,2,0,3,0,1,1,1,1,1,1,2,0,12,0,4.0,213,36,5.916666666666667
0,1,8,42,0,2,0,0,1,1,1,1,2,0,1,0,12,0,1.0,215,38,5.657894736842105
0,2,144,0,1,4,6,0,1,1,1,0,1,0,1,0,2,0,6.0,145,25,5.8
1,2,104,0,1,5,0,0,1,0,1,1,1,0,1,0,2,0,5.0,56,11,5.090909090909091
1,48,104,0,0,0,5,5,2,2,2,2,2,0,1,10,12,0,4.0,99,22,4.5
0,3,144,0,0,0,1,0,1,1,1,1,1,0,1,0,2,0,2.0,120,24,5.0
1,2,105,0,1,0,6,0,0,0,1,0,1,0,1,0,4,0,5.0,448,99,4.525252525252525
1,12,128,0,1,0,1,1,0,1,1,0,0,0,1,150,12,0,19.0,139,24,5.791666666666667
1,2,105,0,1,3,0,0,2,0,1,0,1,0,1,0,2,0,2.0,348,70,4.9714285714285715
1,22,105,0,1,1,6,0,1,1,0,0,0,0,1,0,12,0,1.0,706,145,4.86896551724138
1,5,105,71,0,0,0,0,1,1,0,0,1,0,1,120,2,0,1.0,183,32,5.71875
0,48,144,114,0,1,0,0,1,1,0,0,1,0,1,0,2,0,3.0,147,4,36.75
0,36,69,114,0,0,6,0,1,1,0,0,0,0,1,0,2,0,2.0,223,40,5.575
1,2,143,81,0,0,6,0,2,1,1,0,2,0,1,0,2,0,3.0,399,67,5.955223880597015
1,8,120,0,1,0,1,5,1,1,1,1,1,0,1,0,12,0,8.0,465,82,5.670731707317073
1,48,122,0,1,5,0,0,1,2,0,0,2,0,1,300,12,0,2.0,293,60,4.883333333333334
1,5,105,0,1,1,0,0,1,0,1,1,1,0,1,0,0,0,1.0,241,48,5.020833333333333
1,47,92,96,1,0,1,0,1,2,1,1,1,0,1,0,2,0,2.0,137,28,4.892857142857143
0,3,144,0,1,0,1,1,2,0,2,2,2,0,2,0,3,0,1.0,97,18,5.388888888888889
0,1,144,0,0,0,1,0,1,0,2,2,1,0,1,0,2,0,2.0,99,20,4.95
1,6,105,0,1,5,6,0,0,0,1,0,1,0,1,0,2,0,1.0,200,37,5.405405405405405
1,16,103,82,2,0,5,5,1,0,1,1,1,0,3,0,2,0,5.0,411,78,5.269230769230769
1,12,105,0,0,3,0,0,1,0,0,0,0,0,1,0,12,0,4.0,166,33,5.03030303030303
1,2,105,0,0,0,6,0,0,0,1,2,1,0,1,0,2,0,1.0,7,1,7.0
0,2,144,114,1,1,0,0,1,1,1,0,1,0,1,0,2,0,10.0,12,2,6.0
0,3,144,0,0,0,1,0,1,0,0,0,1,0,1,0,2,0,7.0,937,168,5.5773809523809526
1,24,122,0,1,2,0,0,0,1,2,2,0,0,1,0,2,0,1.0,67,13,5.153846153846154
0,3,144,0,1,0,6,0,0,0,2,2,2,0,1,688,12,0,5.0,102,5,20.4
0,4,144,0,1,1,0,0,1,0,0,0,0,0,1,0,12,0,9.0,601,119,5.050420168067227
0,19,144,0,0,2,6,0,2,0,0,0,1,0,1,0,2,0,5.0,340,70,4.857142857142857
0,2,146,114,0,0,1,5,1,0,1,0,1,0,1,0,2,0,4.0,339,65,5.2153846153846155
1,17,103,0,1,0,0,0,1,2,0,0,1,0,1,0,12,0,5.0,22,4,5.5
0,2,144,0,0,1,2,5,1,0,1,0,1,0,1,0,2,0,5.0,332,65,5.107692307692307
0,3,144,114,2,0,1,5,1,0,1,1,1,0,6,0,7,0,1.0,641,122,5.254098360655738
1,26,104,0,1,5,0,0,1,1,0,0,1,0,1,0,2,0,2.0,196,36,5.444444444444445
1,5,105,0,0,2,3,0,1,0,1,1,1,0,1,0,2,0,5.0,377,69,5.463768115942029
1,1,96,0,2,0,5,5,1,1,1,1,1,0,3,0,2,0,3.0,125,24,5.208333333333333
0,11,41,0,1,3,0,0,1,1,1,0,1,0,1,0,3,0,3.0,112,24,4.666666666666667
1,3,105,0,0,0,6,0,1,0,1,1,1,0,1,15,2,0,6.0,78,18,4.333333333333333
0,1,144,114,2,0,0,0,0,0,1,1,1,0,2,0,2,0,3.0,308,56,5.5
0,4,144,0,1,1,0,0,1,0,1,1,1,0,1,0,3,0,1.0,314,59,5.322033898305085
1,4,105,0,2,0,1,3,0,2,2,2,2,0,3,50,2,0,3.0,150,23,6.521739130434782
0,84,74,18,1,6,0,0,0,1,0,0,0,0,1,0,2,0,2.0,356,54,6.592592592592593
0,24,69,114,1,0,1,5,1,0,0,0,0,0,1,0,2,0,7.0,330,65,5.076923076923077
0,72,8,0,0,2,0,0,2,2,0,0,1,0,1,0,2,0,2.0,406,82,4.951219512195122
0,1,166,35,2,0,1,0,0,0,1,0,1,0,2,0,12,0,5.0,36,5,7.2
0,17,144,0,0,0,1,0,1,0,0,0,0,0,1,0,12,0,7.0,450,84,5.357142857142857
0,1,144,114,1,0,1,0,1,1,1,1,1,0,1,0,2,0,1.0,12,2,6.0
0,2,22,114,1,0,0,0,2,1,1,1,1,0,1,0,2,0,2.0,434,78,5.564102564102564
1,3,128,82,2,0,6,0,1,0,1,1,1,0,5,0,2,0,5.0,174,28,6.214285714285714
0,3,22,114,1,1,0,0,1,0,2,2,1,0,1,0,2,0,2.0,125,22,5.681818181818182
1,7,105,0,1,1,2,5,1,0,1,0,0,0,1,0,2,0,3.0,154,35,4.4
0,36,60,0,1,6,0,0,0,2,0,0,1,0,1,0,2,0,1.0,262,54,4.851851851851852
1,8,105,0,0,2,0,0,1,0,1,0,0,0,1,0,2,0,3.0,762,146,5.219178082191781
0,3,144,0,1,0,1,0,1,0,0,0,0,0,1,0,12,0,5.0,220,44,5.0
0,12,144,0,0,1,4,5,1,0,0,0,2,0,1,0,4,0,2.0,900,177,5.084745762711864
0,1,144,0,1,1,6,0,1,0,1,1,1,0,3,0,2,0,1.0,155,29,5.344827586206897
0,2,144,0,1,1,6,0,1,0,1,0,1,0,1,5,3,0,1.0,163,24,6.791666666666667
1,2,105,0,2,0,2,5,0,0,0,0,1,0,4,0,3,0,6.0,178,28,6.357142857142857
1,2,105,0,1,6,0,0,1,0,0,0,1,0,1,30,2,0,1.0,364,66,5.515151515151516
1,1,104,82,1,1,3,5,0,1,1,0,1,0,1,50,2,0,7.0,305,48,6.354166666666667
1,2,105,0,0,3,6,0,1,0,1,1,1,0,1,0,2,0,2.0,163,26,6.269230769230769
0,3,144,0,0,0,6,0,1,0,0,0,1,0,1,0,2,0,3.0,817,168,4.863095238095238
0,1,144,114,2,1,6,0,1,0,1,1,1,0,5,0,2,0,0.0,165,31,5.32258064516129
1,2,104,106,1,0,6,0,1,1,1,1,1,0,1,0,2,0,3.0,617,116,5.318965517241379
0,1,144,0,1,0,1,0,1,1,0,0,1,0,1,0,2,0,7.0,421,75,5.613333333333333
1,2,105,0,2,0,3,5,1,0,1,0,1,0,2,0,12,0,4.0,305,57,5.350877192982456
1,0,105,0,2,1,4,5,0,0,2,2,2,0,4,0,6,0,4.0,30,6,5.0
0,1,144,0,2,0,6,0,0,1,1,1,1,0,4,0,2,0,4.0,244,45,5.4222222222222225
0,8,144,0,1,1,0,0,1,1,0,0,1,1,1,0,12,0,2.0,107,19,5.631578947368421
1,4,125,96,1,0,6,0,0,2,1,1,2,0,1,250,2,0,3.0,200,38,5.2631578947368425
1,24,104,89,1,5,0,0,1,1,1,1,1,0,1,0,12,0,2.0,455,89,5.112359550561798
1,0,105,82,2,0,5,5,1,0,1,1,1,0,5,0,12,0,2.0,481,82,5.865853658536586
1,2,105,0,2,2,6,0,0,0,1,1,1,0,2,0,2,0,2.0,241,49,4.918367346938775
0,78,60,0,0,2,6,0,0,0,0,0,0,0,1,0,12,0,2.0,547,111,4.927927927927928
0,1,144,0,2,0,1,0,1,1,1,1,1,0,2,0,7,0,5.0,192,40,4.8
1,3,104,82,2,0,1,3,0,1,1,1,1,0,3,0,5,0,5.0,293,53,5.528301886792453
0,2,144,114,0,1,0,0,1,0,1,1,1,0,1,0,2,0,3.0,208,44,4.7272727272727275
0,12,13,4,0,0,1,0,2,1,2,2,2,0,1,0,2,0,1.0,91,15,6.066666666666666
1,7,125,82,1,6,0,0,1,0,1,0,1,0,1,150,12,0,2.0,247,49,5.040816326530612
1,2,105,0,0,6,0,0,1,0,1,1,1,0,2,0,12,0,1.0,170,32,5.3125
0,2,144,0,0,0,1,5,1,0,1,1,1,0,1,20,3,0,1.0,201,32,6.28125
1,3,104,0,0,1,4,5,0,1,1,1,0,0,1,160,2,0,8.0,232,45,5.155555555555556
0,1,144,0,2,0,1,5,1,1,1,1,2,0,2,0,2,0,2.0,62,11,5.636363636363637
0,12,166,16,0,0,1,0,1,0,0,0,2,0,2,0,3,0,2.0,307,60,5.116666666666666
0,2,144,0,0,5,6,0,1,1,1,0,1,0,1,0,3,0,2.0,603,108,5.583333333333333
0,12,144,0,1,1,3,0,0,0,0,0,0,0,1,0,12,0,8.0,191,30,6.366666666666666
0,1,144,0,1,0,4,5,0,0,1,1,1,0,5,0,2,0,4.0,77,11,7.0
1,2,105,0,0,2,0,0,2,0,2,2,2,0,2,0,3,0,5.0,468,92,5.086956521739131
1,1,105,0,0,0,6,0,1,0,1,0,1,0,1,0,2,0,6.0,837,151,5.543046357615894
1,3,105,0,0,0,0,0,1,0,2,0,1,1,1,0,2,0,1.0,68,14,4.857142857142857
1,24,104,0,1,0,6,0,1,1,0,0,0,0,1,0,12,0,3.0,434,77,5.636363636363637
0,36,54,0,0,0,1,5,1,0,2,2,0,0,1,0,5,0,3.0,601,118,5.093220338983051
1,2,122,82,2,0,2,0,0,1,2,2,2,1,3,0,2,0,3.0,231,43,5.372093023255814
1,4,105,82,0,3,6,0,0,0,1,0,1,0,1,0,12,0,4.0,640,121,5.289256198347108
0,17,43,0,0,6,0,0,1,0,0,0,1,0,1,0,3,0,1.0,320,53,6.037735849056604
1,1,104,0,1,0,1,4,1,1,1,1,1,0,1,0,7,0,3.0,322,64,5.03125
1,4,105,0,0,3,6,0,1,0,0,0,0,0,1,100,12,0,4.0,412,82,5.024390243902439
0,24,30,124,1,1,0,0,0,0,2,2,2,0,1,0,2,0,4.0,271,52,5.211538461538462
1,1,105,96,1,0,6,0,0,1,1,0,1,0,1,0,12,0,2.0,397,79,5.025316455696203
1,3,104,0,2,2,5,5,1,1,1,1,2,0,6,0,0,0,5.0,259,43,6.023255813953488
1,3,105,82,1,0,1,5,1,1,1,0,1,0,3,100,2,0,3.0,423,79,5.3544303797468356
0,1,161,114,0,0,6,0,1,0,1,1,1,0,1,0,2,0,5.0,380,72,5.277777777777778
1,2,105,82,1,5,6,0,1,1,1,1,1,0,1,0,2,0,3.0,227,35,6.485714285714286
0,1,47,0,0,0,0,0,2,0,0,0,1,0,1,350,7,0,3.0,65,12,5.416666666666667
1,2,84,0,1,5,0,0,1,0,1,1,1,0,1,20,2,0,1.0,443,89,4.977528089887641
0,10,144,0,1,1,2,3,1,0,0,0,0,0,1,80,2,0,6.0,515,101,5.099009900990099
1,9,105,0,1,0,0,0,1,1,0,0,0,0,1,0,2,0,1.0,78,15,5.2
1,7,103,96,1,5,0,0,1,2,0,0,1,0,1,100,2,0,4.0,362,67,5.402985074626866
0,96,154,0,1,1,6,0,0,0,0,0,2,0,1,0,3,0,2.0,346,69,5.0144927536231885
0,6,144,0,1,0,0,0,1,0,0,0,0,0,1,0,2,0,15.0,320,65,4.923076923076923
1,6,105,0,0,4,0,0,1,0,0,0,1,0,1,0,2,0,4.0,16,3,5.333333333333333
0,3,144,0,1,1,4,0,1,0,0,0,1,0,1,0,3,0,4.0,197,30,6.566666666666666
1,4,105,0,0,0,6,0,1,0,0,0,1,0,1,0,2,0,4.0,588,110,5.345454545454546
1,3,122,80,1,0,1,4,2,1,2,2,2,0,1,0,1,0,2.0,35,6,5.833333333333333
0,3,144,35,0,0,6,0,2,1,0,0,1,1,2,0,2,0,9.0,340,50,6.8
0,12,144,0,0,1,6,0,2,0,0,0,0,0,1,0,2,0,2.0,406,70,5.8
0,2,144,0,1,0,1,5,1,0,1,0,1,0,2,0,3,0,2.0,68,12,5.666666666666667
1,24,122,0,1,0,6,0,0,2,2,1,2,0,1,0,12,0,1.0,662,116,5.706896551724138
0,4,144,0,1,1,0,0,1,0,0,0,1,0,1,0,2,0,5.0,344,51,6.745098039215686
0,24,144,0,0,0,1,0,2,1,0,0,1,0,1,0,12,1,1.0,1054,216,4.87962962962963
0,24,60,54,1,2,4,0,0,2,0,0,1,0,1,0,2,0,1.0,550,109,5.045871559633028
0,1,144,0,1,4,6,0,1,0,1,1,1,0,1,0,2,0,10.0,841,133,6.323308270676692
1,3,135,0,1,1,6,0,1,0,2,2,2,0,1,0,7,0,3.0,42,10,4.2
0,5,144,0,1,1,0,0,1,1,2,0,1,0,1,0,12,0,3.0,192,39,4.923076923076923
0,2,144,0,1,0,4,5,1,0,1,0,1,0,1,0,12,0,3.0,178,33,5.393939393939394
0,1,144,0,2,0,1,0,1,0,1,1,1,0,6,0,12,0,5.0,54,11,4.909090909090909
1,2,128,82,1,1,4,0,0,1,1,1,1,0,1,100,3,2,18.0,5289,936,5.6506410256410255
0,2,144,0,1,1,6,0,1,0,1,1,1,0,1,0,2,0,3.0,208,44,4.7272727272727275
1,4,82,82,0,0,1,0,0,0,1,1,2,0,1,0,7,0,1.0,57,11,5.181818181818182
0,12,144,9,0,0,5,5,1,1,0,0,2,0,1,0,12,0,2.0,257,53,4.849056603773585
1,3,105,0,1,0,5,5,1,0,0,0,2,0,1,0,5,0,7.0,268,53,5.056603773584905
0,12,144,0,0,0,1,0,1,0,0,0,0,0,1,0,2,0,2.0,139,25,5.56
1,8,105,83,1,0,1,2,1,0,1,1,1,0,1,10,2,0,11.0,387,73,5.301369863013699
0,8,144,0,0,2,4,4,0,1,0,0,0,0,1,0,2,0,2.0,185,32,5.78125
1,29,105,0,1,1,6,0,1,0,2,2,1,0,1,0,2,0,3.0,79,13,6.076923076923077
1,2,105,0,1,0,1,0,1,0,1,1,1,0,1,20,2,0,1.0,91,18,5.055555555555555
0,20,26,54,1,6,0,0,0,1,0,0,0,0,1,400,2,0,2.0,185,39,4.743589743589744
1,15,90,82,1,4,0,0,1,1,0,0,0,0,1,200,12,0,2.0,37,5,7.4
1,12,105,73,1,0,3,5,1,0,2,2,2,0,5,0,1,0,4.0,24,4,6.0
1,5,105,0,0,3,6,0,1,0,0,0,0,0,1,100,12,0,1.0,70,12,5.833333333333333
0,3,22,114,1,0,0,0,1,0,0,0,0,0,1,0,4,0,3.0,797,151,5.2781456953642385
0,3,144,0,1,6,0,0,1,0,0,0,1,0,1,200,2,0,9.0,1201,228,5.267543859649122
0,2,144,0,1,1,0,0,1,0,1,1,1,0,1,0,2,0,1.0,168,33,5.090909090909091
1,4,104,92,0,0,0,0,1,1,0,0,1,0,1,100,2,0,4.0,213,33,6.454545454545454
0,24,159,0,1,1,4,0,0,1,0,0,0,0,1,0,12,0,6.0,166,34,4.882352941176471
1,8,104,0,1,0,1,5,1,1,1,1,1,0,5,0,2,0,4.0,22,4,5.5
0,72,41,0,0,1,4,0,0,1,0,0,0,0,1,200,2,0,2.0,951,183,5.19672131147541
1,11,104,0,1,0,5,0,1,1,0,0,0,0,1,0,2,0,1.0,155,29,5.344827586206897
1,3,105,82,1,0,0,0,0,1,1,0,1,0,1,0,12,0,5.0,67,12,5.583333333333333
1,2,128,101,2,0,6,0,1,1,1,1,1,0,2,0,2,0,5.0,471,79,5.962025316455696
0,12,22,0,1,4,0,0,2,1,0,0,0,0,2,0,2,0,2.0,102,15,6.8
0,2,47,114,0,0,1,5,1,0,0,0,2,0,1,0,12,0,2.0,10,2,5.0
1,19,104,81,1,0,3,5,2,1,0,2,0,0,1,0,2,0,0.0,219,42,5.214285714285714
1,4,105,0,0,5,6,0,0,0,1,1,1,0,1,0,12,0,5.0,109,20,5.45
0,10,165,114,1,0,6,0,1,0,0,0,0,0,1,100,2,0,8.0,1788,330,5.418181818181818
0,84,144,0,1,0,1,0,1,1,0,0,0,0,1,0,2,0,2.0,534,104,5.134615384615385
1,2,105,0,1,3,5,5,1,1,1,1,1,0,1,0,2,0,2.0,129,24,5.375
0,2,144,0,1,1,6,0,1,0,1,1,1,0,1,20,3,0,1.0,176,31,5.67741935483871
1,4,105,0,0,3,6,0,1,0,1,1,1,0,2,100,2,0,3.0,481,97,4.958762886597938
0,48,30,0,1,0,1,0,0,0,0,0,0,0,1,0,2,0,2.0,377,66,5.712121212121212
0,2,144,0,1,0,5,5,1,2,0,0,1,0,1,0,2,0,5.0,395,55,7.181818181818182
0,4,166,114,1,0,4,0,1,0,0,0,0,0,1,0,2,0,6.0,1163,223,5.2152466367713
1,24,105,0,0,5,6,0,1,0,1,1,0,0,1,0,2,0,1.0,25,5,5.0
0,6,41,0,1,1,0,0,0,1,0,0,1,0,1,350,12,0,2.0,135,24,5.625
0,1,144,114,0,0,1,4,1,1,0,0,1,0,1,0,2,0,1.0,297,52,5.711538461538462
0,4,22,114,1,4,0,0,2,1,2,2,1,0,1,0,2,0,5.0,219,43,5.093023255813954
1,36,105,0,1,6,0,0,1,0,0,0,0,0,1,50,2,0,3.0,216,37,5.837837837837838
1,1,103,82,1,0,1,2,0,1,1,1,1,0,1,100,7,0,2.0,146,28,5.214285714285714
0,6,144,0,0,0,0,0,1,0,2,2,2,0,1,0,12,0,2.0,334,67,4.985074626865671
1,2,105,82,1,0,1,0,1,0,1,1,1,0,1,0,3,0,1.0,194,37,5.243243243243243
0,1,144,114,1,0,1,0,1,0,0,0,1,0,1,0,2,0,4.0,58,13,4.461538461538462
1,2,105,110,1,0,2,0,0,0,0,0,1,0,3,0,2,0,10.0,622,116,5.362068965517241
1,10,103,80,1,2,0,0,1,1,2,2,2,0,1,0,2,0,5.0,58,10,5.8
1,3,105,0,2,1,5,5,0,0,0,0,1,0,3,50,4,0,10.0,717,131,5.473282442748092
1,1,105,0,2,0,1,5,0,0,1,1,0,0,3,0,12,0,2.0,247,51,4.8431372549019605
1,12,142,0,0,0,0,0,1,1,1,1,1,0,1,0,2,0,2.0,99,17,5.823529411764706
0,3,144,16,0,4,0,0,1,0,1,0,0,0,1,0,12,0,6.0,62,12,5.166666666666667
1,3,105,0,0,0,0,0,1,0,0,0,1,0,1,0,2,0,1.0,123,24,5.125
0,3,144,114,0,1,0,0,1,0,1,1,1,0,1,0,2,0,3.0,235,44,5.340909090909091
1,2,103,0,0,2,6,0,1,2,1,0,1,0,1,0,2,0,2.0,281,58,4.844827586206897
0,17,144,0,1,6,0,0,1,0,0,0,0,0,1,80,2,0,2.0,255,43,5.930232558139535
1,1,104,0,1,0,1,2,1,1,1,1,1,0,1,0,2,0,1.0,979,191,5.12565445026178
0,48,60,0,0,4,0,0,0,2,0,0,0,1,1,200,2,0,1.0,360,52,6.923076923076923
1,12,105,82,2,0,1,2,0,0,1,1,1,0,3,0,2,0,14.0,566,112,5.053571428571429
1,2,131,0,2,0,6,0,0,0,1,1,1,0,2,0,2,0,4.0,156,31,5.032258064516129
1,9,105,82,1,0,6,0,1,1,1,0,1,0,1,0,3,0,1.0,25,5,5.0
1,12,104,0,1,1,6,0,1,1,2,0,2,0,2,0,2,0,4.0,23,4,5.75
0,7,155,124,1,4,6,0,0,0,0,0,0,0,1,0,5,0,3.0,193,32,6.03125
0,6,144,0,1,0,1,0,0,0,0,0,1,0,1,0,2,0,2.0,71,15,4.733333333333333
0,1,144,0,0,6,0,0,1,0,2,2,2,0,1,0,12,0,1.0,687,108,6.361111111111111
0,2,144,114,1,1,0,0,1,0,1,1,1,0,1,0,2,0,3.0,186,37,5.027027027027027
1,3,104,0,0,4,6,0,1,1,2,2,1,0,1,0,2,0,4.0,57,11,5.181818181818182
0,1,144,0,2,0,4,5,0,0,1,1,1,0,6,0,12,0,2.0,245,48,5.104166666666667
0,60,144,0,1,1,4,0,1,1,2,2,2,0,1,0,0,0,1.0,21,2,10.5
0,4,144,0,1,1,0,0,0,0,1,1,1,0,1,20,3,0,1.0,113,19,5.947368421052632
1,12,128,0,2,1,0,0,1,0,2,0,1,0,6,0,2,0,3.0,417,80,5.2125
1,4,122,81,2,0,2,0,1,1,0,0,1,0,4,100,2,0,5.0,635,123,5.162601626016261
0,72,5,0,0,0,1,0,2,0,0,0,1,0,1,250,2,0,3.0,248,50,4.96
1,17,105,0,1,0,1,5,0,0,2,2,0,0,1,0,2,0,3.0,430,84,5.119047619047619
0,1,144,0,1,0,1,5,0,0,2,2,1,0,1,0,1,0,3.0,24,3,8.0
0,2,144,0,2,0,1,0,1,0,2,2,2,1,2,0,12,0,2.0,2150,366,5.8743169398907105
1,2,105,82,2,0,1,5,1,0,1,1,2,0,2,1,12,0,5.0,363,62,5.854838709677419
0,2,144,0,1,0,1,0,0,0,1,0,1,1,1,0,2,0,2.0,459,91,5.043956043956044
1,12,105,0,0,2,3,0,1,0,1,1,1,0,1,100,2,0,3.0,212,43,4.930232558139535
0,6,144,0,1,0,2,5,1,1,0,0,0,0,1,0,2,0,4.0,354,68,5.205882352941177
0,2,144,0,1,0,1,3,1,1,0,0,1,0,2,0,2,0,7.0,382,49,7.795918367346939
0,1,22,12,2,0,1,0,1,0,1,1,1,0,6,0,12,0,5.0,54,11,4.909090909090909
1,5,105,82,0,6,0,0,0,0,1,1,1,0,1,0,12,0,3.0,440,77,5.714285714285714
0,6,173,6,2,0,2,3,1,1,0,0,1,0,2,0,2,0,4.0,27,6,4.5
0,8,144,0,1,3,4,5,1,0,2,2,2,0,1,0,2,0,4.0,96,17,5.647058823529412
1,1,104,0,0,0,6,0,0,1,1,1,1,0,1,0,2,1,1.0,171,31,5.516129032258065
1,30,114,81,1,2,6,0,1,1,0,0,0,0,1,0,2,0,4.0,16,3,5.333333333333333
0,24,144,0,1,1,0,0,1,1,1,2,0,0,1,0,7,0,5.0,313,63,4.968253968253968
0,36,43,27,0,1,6,0,2,0,0,0,0,1,1,0,12,0,1.0,166,33,5.03030303030303
0,1,144,0,0,0,0,0,0,0,1,1,1,0,1,0,2,0,5.0,337,65,5.184615384615385
1,4,104,0,0,3,0,0,1,1,2,2,2,0,1,25,7,0,3.0,84,14,6.0
0,2,144,0,2,1,4,0,1,1,0,0,1,0,6,0,2,3,16.0,336,51,6.588235294117647
0,2,144,114,1,0,6,0,0,0,2,2,2,0,3,0,2,0,1.0,78,10,7.8
0,7,54,0,1,0,1,5,1,0,0,0,0,0,1,500,2,0,10.0,5955,1095,5.438356164383562
1,2,105,0,0,0,5,0,1,0,1,0,1,0,1,50,2,0,5.0,686,127,5.4015748031496065
0,6,51,0,1,0,6,0,0,2,0,0,1,0,1,0,12,0,1.0,5,1,5.0
0,2,144,0,0,0,6,0,1,1,1,1,1,0,1,0,3,0,5.0,53,7,7.571428571428571
0,4,144,0,1,4,6,0,1,1,1,1,1,0,1,0,3,0,2.0,38,6,6.333333333333333
0,15,26,0,1,6,0,0,0,1,0,0,0,0,1,0,2,0,2.0,278,54,5.148148148148148
0,1,144,114,0,4,0,0,1,1,1,1,1,0,1,0,2,0,4.0,513,97,5.288659793814433
0,12,41,114,1,0,0,0,0,1,2,2,1,0,1,1,3,0,1.0,72,11,6.545454545454546
1,18,105,0,1,0,1,5,1,1,0,0,0,0,1,0,2,0,5.0,313,58,5.396551724137931
1,5,128,0,1,6,0,0,1,1,1,1,1,0,1,0,2,0,1.0,169,36,4.694444444444445
1,12,90,0,0,5,6,0,1,1,2,2,2,0,1,0,3,0,6.0,1613,314,5.1369426751592355
0,12,144,114,1,3,6,0,1,1,0,0,1,0,1,0,3,0,3.0,209,41,5.097560975609756
0,1,144,0,2,0,1,3,1,1,1,1,1,0,2,0,2,0,5.0,187,32,5.84375
1,1,105,0,1,0,1,1,1,1,1,1,1,0,1,0,2,0,4.0,68,12,5.666666666666667
0,1,144,0,2,0,1,3,1,1,0,0,1,0,5,0,2,0,6.0,378,49,7.714285714285714
0,2,144,0,1,1,0,0,1,1,2,0,1,0,1,0,4,0,2.0,23,5,4.6
1,3,105,0,2,0,5,5,1,0,1,0,1,0,3,0,2,0,5.0,499,89,5.606741573033708
1,1,105,0,0,0,6,0,1,0,2,2,2,0,1,0,2,0,4.0,124,22,5.636363636363637
1,2,128,82,1,1,6,0,1,1,1,1,1,0,1,0,7,0,2.0,132,25,5.28
0,1,144,0,2,0,1,0,1,0,0,0,1,0,5,0,2,0,12.0,820,152,5.394736842105263
1,5,135,80,0,3,6,0,1,2,1,1,1,0,1,0,2,0,2.0,1016,197,5.157360406091371
0,10,47,0,0,0,0,0,2,0,0,0,1,0,1,500,7,0,1.0,160,32,5.0
0,18,60,0,1,0,1,5,0,0,0,0,1,0,2,400,2,0,2.0,1085,194,5.592783505154639
1,3,105,0,2,0,1,5,1,0,1,1,1,0,4,0,2,0,3.0,187,34,5.5
0,2,144,0,1,0,1,0,1,0,2,0,1,0,1,0,12,0,2.0,71,13,5.461538461538462
0,24,54,114,0,1,6,0,1,0,2,2,1,0,1,0,2,0,4.0,433,81,5.345679012345679
1,3,84,0,1,0,0,0,0,1,0,1,0,0,1,0,2,0,5.0,91,15,6.066666666666666
1,6,120,81,1,3,0,0,1,1,1,0,1,0,1,0,2,0,8.0,231,46,5.021739130434782
0,12,144,0,0,4,0,0,1,0,2,2,2,0,1,0,2,0,5.0,1297,274,4.733576642335766
0,84,159,0,1,0,5,5,1,2,0,0,1,0,1,0,2,0,4.0,401,58,6.913793103448276
1,1,104,82,0,2,6,0,1,1,1,1,1,0,1,50,2,0,10.0,905,170,5.323529411764706
1,9,122,80,0,0,6,0,2,2,1,1,1,0,1,150,12,0,4.0,244,43,5.674418604651163
1,6,104,0,0,0,5,5,1,1,0,0,1,0,1,0,2,0,4.0,16,3,5.333333333333333
0,2,144,114,2,0,3,5,1,0,1,0,1,0,2,0,3,0,2.0,141,29,4.862068965517241
0,36,54,0,0,0,1,5,1,0,0,0,1,0,1,550,12,0,3.0,390,78,5.0
0,4,144,114,0,1,6,0,1,1,0,0,1,0,1,0,2,0,2.0,12,2,6.0
0,24,144,0,1,0,0,0,1,0,0,2,1,0,1,0,2,0,1.0,214,39,5.487179487179487
0,14,144,128,1,0,1,0,1,1,2,2,0,0,1,200,12,0,5.0,615,99,6.212121212121212
1,12,105,0,1,6,0,0,1,0,2,2,2,0,1,0,2,0,5.0,227,46,4.934782608695652
1,2,105,0,2,2,3,0,1,0,1,0,1,0,2,0,2,0,4.0,312,53,5.886792452830188
1,2,104,0,2,0,1,4,0,1,1,1,1,0,2,0,12,0,3.0,20,3,6.666666666666667
1,15,105,0,0,3,6,0,2,0,0,0,0,0,1,0,12,0,2.0,137,22,6.2272727272727275
0,36,144,0,1,0,1,0,1,0,0,0,0,0,5,0,2,0,1.0,277,51,5.431372549019608
1,4,105,94,0,5,0,0,0,1,1,1,1,0,1,0,12,0,2.0,60,10,6.0
1,3,105,0,1,3,6,0,1,0,1,0,1,0,1,0,2,0,9.0,400,79,5.063291139240507
0,3,144,0,1,1,0,0,1,1,0,0,1,0,1,0,2,0,2.0,39,6,6.5
0,24,150,114,1,4,0,0,1,0,0,0,0,0,1,0,2,0,5.0,338,64,5.28125
0,1,144,114,2,0,1,5,1,0,1,1,1,0,8,0,12,0,3.0,189,33,5.7272727272727275
1,6,130,0,0,0,5,5,0,0,0,0,0,0,1,0,2,0,3.0,219,43,5.093023255813954
1,4,90,0,0,3,0,0,1,0,2,0,1,0,1,0,9,0,2.0,381,75,5.08
1,2,104,0,2,0,5,5,1,1,1,1,1,0,2,0,2,0,1.0,578,99,5.838383838383838
0,6,144,0,1,6,0,0,1,0,0,0,0,0,1,0,2,0,2.0,600,116,5.172413793103448
0,11,144,0,0,1,6,0,1,1,0,0,0,0,1,0,2,0,1.0,183,34,5.382352941176471
1,6,105,0,1,0,0,0,1,0,1,1,1,0,1,0,12,1,1.0,198,39,5.076923076923077
0,122,60,0,0,1,6,0,0,0,0,0,1,0,1,0,2,0,2.0,85,15,5.666666666666667
0,2,22,41,1,1,0,0,0,0,0,0,1,0,1,0,2,0,0.0,76,15,5.066666666666666
0,36,144,23,1,0,1,0,1,1,2,2,0,0,1,0,3,0,3.0,332,70,4.742857142857143
0,24,144,0,1,1,0,0,1,1,0,0,0,0,1,0,12,0,2.0,522,91,5.736263736263736
1,1,105,113,0,0,5,5,1,0,1,0,1,0,1,0,2,0,3.0,483,77,6.2727272727272725
1,3,105,0,1,5,0,0,1,0,1,1,1,0,2,0,2,0,4.0,68,12,5.666666666666667
0,2,144,0,2,0,1,5,1,0,1,1,1,0,6,0,12,0,1.0,276,50,5.52
1,120,105,0,1,5,6,0,1,0,0,0,0,0,1,50,2,0,17.0,1482,281,5.274021352313167
0,2,144,0,2,0,1,5,0,0,1,1,1,0,8,0,2,0,8.0,250,49,5.1020408163265305
1,2,105,0,1,0,3,5,1,0,1,0,1,0,1,0,2,0,2.0,83,15,5.533333333333333
1,4,135,0,1,0,3,0,0,1,1,0,0,0,1,100,4,0,2.0,72,12,6.0
0,4,30,114,1,0,1,0,1,0,0,0,0,0,1,0,4,0,11.0,360,58,6.206896551724138
1,14,104,81,0,5,0,0,2,1,0,0,0,0,1,200,2,0,5.0,35,3,11.666666666666666
0,1,144,0,0,1,2,3,1,1,1,0,1,0,1,0,2,0,5.0,259,29,8.931034482758621
0,108,69,0,1,1,4,0,0,1,0,0,0,0,1,200,12,0,1.0,310,58,5.344827586206897
0,24,41,114,0,6,0,0,1,0,0,0,2,0,1,0,2,0,5.0,297,58,5.120689655172414
0,4,22,114,0,0,0,0,1,0,0,0,0,0,1,0,2,0,11.0,347,63,5.507936507936508
1,3,104,0,0,0,1,1,0,1,0,0,0,0,1,0,5,0,5.0,363,57,6.368421052631579
0,3,144,0,1,1,4,0,1,1,0,0,0,0,3,0,12,0,5.0,106,18,5.888888888888889
1,36,93,80,0,0,1,5,2,1,0,0,0,0,4,0,12,0,4.0,547,100,5.47
1,3,103,0,2,0,1,1,0,2,1,1,1,0,3,150,2,0,4.0,151,30,5.033333333333333
1,2,105,0,1,0,1,5,1,0,1,1,1,0,2,0,2,0,3.0,297,57,5.2105263157894735
1,18,105,0,1,0,1,1,1,0,0,0,0,0,1,300,7,0,3.0,170,31,5.483870967741935
0,2,144,0,0,1,0,0,1,1,0,0,1,0,1,0,2,0,1.0,223,42,5.309523809523809
0,1,144,0,2,0,1,5,1,0,1,1,1,0,5,0,12,0,15.0,320,57,5.614035087719298
0,12,144,114,1,1,3,5,1,1,0,0,0,0,1,0,12,1,2.0,14,2,7.0
0,3,22,0,1,0,0,0,2,0,0,0,2,0,1,0,2,0,0.0,971,190,5.110526315789474
0,1,144,114,0,1,0,0,1,0,1,1,0,0,1,0,2,0,2.0,76,13,5.846153846153846
1,3,105,82,2,0,3,4,0,0,1,1,1,0,3,0,2,0,5.0,34,7,4.857142857142857
0,2,144,0,1,1,4,0,1,1,1,1,1,0,3,0,2,0,4.0,100,16,6.25
1,2,105,111,1,0,2,5,0,1,0,0,1,0,1,0,2,0,4.0,344,71,4.845070422535211
0,255,144,0,0,1,6,0,1,1,2,2,2,0,1,0,4,0,1.0,73,14,5.214285714285714
0,2,144,0,0,1,4,5,1,0,1,0,1,0,4,0,12,0,11.0,55,9,6.111111111111111
0,9,144,0,1,0,1,0,1,1,0,0,1,0,2,0,4,0,2.0,163,32,5.09375
0,12,48,0,0,0,1,5,0,0,2,2,2,1,1,0,5,0,3.0,149,21,7.095238095238095
1,2,128,81,0,4,5,5,1,1,1,0,1,0,1,0,2,0,1.0,270,53,5.09433962264151
0,2,22,114,0,2,6,0,1,0,1,0,1,0,1,0,2,0,2.0,118,21,5.619047619047619
1,4,133,0,1,0,1,1,1,1,1,1,1,0,2,0,2,0,2.0,364,63,5.777777777777778
0,12,144,114,1,0,1,5,2,0,0,0,0,1,1,100,5,0,2.0,247,44,5.613636363636363
0,1,144,0,2,0,1,3,1,1,1,0,1,0,3,0,2,0,5.0,320,41,7.804878048780488
1,2,135,0,0,5,0,0,0,0,1,1,1,0,1,0,2,0,6.0,727,145,5.0137931034482754
0,6,144,0,0,2,0,0,1,1,1,1,0,0,1,50,12,0,1.0,224,42,5.333333333333333
0,4,144,0,0,0,1,1,0,1,0,0,1,0,1,100,12,0,4.0,51,9,5.666666666666667
0,12,69,114,1,1,2,3,1,1,1,1,1,0,1,0,2,0,1.0,444,89,4.98876404494382
0,21,5,10,0,0,6,0,2,1,0,0,0,0,1,0,3,0,1.0,33,6,5.5
0,9,144,53,1,0,1,5,1,1,0,0,0,0,1,0,2,0,7.0,1381,246,5.6138211382113825
0,1,144,0,0,0,0,0,1,0,0,0,1,0,1,0,2,0,7.0,381,69,5.521739130434782
1,1,105,0,1,2,4,0,1,1,1,1,1,0,1,60,2,0,3.0,392,82,4.780487804878049
1,5,104,0,0,3,6,0,1,1,0,0,1,0,1,100,2,0,4.0,204,30,6.8
1,3,104,0,1,5,6,0,1,1,2,0,2,0,2,0,2,0,1.0,692,128,5.40625
0,72,60,114,1,1,4,0,0,1,2,2,2,0,1,0,7,0,1.0,290,57,5.087719298245614
1,11,105,0,0,4,0,0,1,0,0,0,0,0,1,100,2,0,6.0,378,67,5.641791044776119
0,1,144,0,0,1,0,0,1,0,1,1,1,0,1,0,2,0,1.0,562,111,5.063063063063063
1,8,105,0,0,1,0,0,1,0,2,2,2,0,2,0,2,0,1.0,263,46,5.717391304347826
1,3,135,0,1,0,5,0,0,0,1,0,1,0,1,0,4,0,3.0,423,89,4.752808988764045
1,3,105,81,2,2,6,0,0,1,1,1,1,0,2,0,2,0,3.0,461,95,4.852631578947369
0,56,60,0,0,0,1,5,0,0,0,0,1,0,1,0,12,0,2.0,1252,231,5.41991341991342
0,3,69,114,0,0,6,0,1,0,1,1,1,0,1,0,2,0,9.0,283,56,5.053571428571429
1,2,128,82,1,1,6,0,0,1,2,2,1,0,1,0,2,0,3.0,102,17,6.0
1,2,104,0,2,1,2,4,1,1,0,0,0,0,3,0,2,0,8.0,335,58,5.775862068965517
0,3,144,0,1,0,6,0,1,0,0,0,1,0,1,0,2,0,3.0,503,90,5.588888888888889
0,48,144,0,1,6,0,0,1,0,0,0,1,0,1,0,2,0,2.0,136,28,4.857142857142857
0,2,144,114,1,0,6,0,1,0,1,1,1,0,1,0,2,0,1.0,160,33,4.848484848484849
0,4,65,47,1,4,0,0,1,1,0,0,1,0,1,0,2,0,8.0,92,14,6.571428571428571
1,2,104,0,0,1,6,0,0,1,1,0,1,0,1,0,3,0,2.0,21,4,5.25
1,1,128,82,1,1,4,0,0,0,1,0,1,0,1,160,2,0,5.0,372,69,5.391304347826087
1,18,105,0,1,5,0,0,0,0,0,2,0,0,1,30,0,0,2.0,336,69,4.869565217391305
1,14,100,66,0,2,6,0,0,2,1,1,1,0,1,0,12,0,2.0,114,24,4.75
1,8,104,0,1,4,5,5,1,1,2,2,2,0,1,0,2,0,1.0,69,13,5.3076923076923075
1,0,105,0,0,0,6,0,0,0,2,2,1,0,1,0,1,0,4.0,249,41,6.073170731707317
0,8,144,0,1,0,6,0,1,0,1,0,0,0,1,0,2,0,1.0,479,100,4.79
0,2,144,0,1,0,0,0,1,0,1,1,1,0,1,0,2,0,1.0,265,50,5.3
0,3,144,0,0,0,0,0,1,0,2,2,2,0,1,0,2,0,1.0,87,17,5.117647058823529
0,12,144,0,0,1,4,0,1,1,2,2,2,0,1,0,12,0,2.0,1567,264,5.9356060606060606
0,36,144,0,1,0,0,0,1,0,0,0,0,0,1,0,2,0,10.0,457,86,5.313953488372093
1,1,105,106,0,2,0,0,0,0,1,0,1,0,1,0,2,0,12.0,665,116,5.732758620689655
1,12,105,0,1,0,6,0,1,1,1,0,0,0,1,0,12,0,2.0,89,18,4.944444444444445
0,2,144,114,0,0,6,0,1,1,0,0,1,0,1,0,2,0,7.0,12,2,6.0
0,5,144,0,0,1,6,0,1,1,1,1,2,0,1,0,2,0,1.0,194,40,4.85
1,2,105,0,1,1,4,5,1,0,1,0,1,0,1,0,2,0,4.0,530,104,5.096153846153846
0,1,144,114,0,0,0,0,1,1,1,0,1,0,1,0,2,0,3.0,12,2,6.0
0,3,144,0,0,0,6,0,2,1,0,0,1,0,1,150,2,0,3.0,91,18,5.055555555555555
1,0,89,105,0,0,5,5,1,1,0,0,0,0,1,10,7,0,0.0,4,1,4.0
1,1,105,0,2,1,3,0,1,0,0,0,1,0,4,0,3,0,4.0,454,83,5.469879518072289
0,21,43,0,0,0,1,3,0,0,1,1,1,0,1,500,2,0,1.0,153,26,5.884615384615385
0,3,22,114,1,1,6,0,1,0,0,0,1,0,1,0,2,1,2.0,577,102,5.6568627450980395
1,24,103,0,1,0,3,3,1,2,1,1,1,0,1,0,2,0,5.0,77,14,5.5
0,1,144,0,2,0,1,5,1,0,1,0,1,0,4,0,12,0,0.0,158,31,5.096774193548387
1,6,104,0,1,0,2,5,1,1,2,2,2,0,1,0,2,0,5.0,254,55,4.618181818181818
0,2,144,114,1,0,6,0,1,1,1,0,1,0,1,0,2,0,4.0,12,2,6.0
0,3,144,0,1,1,6,0,1,0,0,0,1,0,1,0,2,0,3.0,338,63,5.365079365079365
0,2,144,0,2,0,1,0,1,0,0,0,1,0,2,0,2,0,1.0,419,62,6.758064516129032
1,3,105,0,1,4,5,5,0,0,1,1,1,0,1,0,12,0,5.0,541,110,4.918181818181818
0,5,41,0,0,1,0,0,0,1,0,0,0,0,1,0,2,0,2.0,433,77,5.623376623376624
1,60,105,0,0,3,0,0,2,0,0,0,0,0,1,0,12,0,1.0,231,38,6.078947368421052
0,1,144,0,1,0,6,0,1,0,1,1,1,0,1,20,3,0,1.0,141,25,5.64
0,2,144,0,1,4,0,0,1,0,1,1,1,0,1,0,2,0,3.0,639,123,5.195121951219512
0,48,8,0,0,2,0,0,2,1,1,1,1,1,1,0,7,0,5.0,297,53,5.60377358490566
0,32,22,16,1,2,0,0,2,0,1,1,1,0,1,200,2,0,2.0,315,68,4.632352941176471
1,3,104,0,1,4,5,5,1,1,0,1,1,0,1,0,2,0,5.0,450,88,5.113636363636363
0,2,144,114,0,0,6,0,0,0,1,0,1,0,1,0,7,0,2.0,87,13,6.6923076923076925
1,2,143,82,1,0,6,0,0,0,1,0,1,0,1,0,12,0,2.0,274,53,5.169811320754717
1,2,104,82,1,2,5,0,0,1,1,1,1,0,2,0,3,0,3.0,93,16,5.8125
1,7,122,84,1,2,3,5,0,2,0,0,1,1,1,0,2,0,5.0,395,77,5.12987012987013
1,2,104,0,1,6,0,0,1,1,1,1,1,0,1,0,2,0,1.0,431,85,5.070588235294117
0,2,144,0,1,0,1,0,1,1,1,1,1,0,1,0,2,0,5.0,88,15,5.866666666666666
0,48,144,0,1,0,1,5,1,1,2,2,2,1,1,0,12,1,5.0,231,45,5.133333333333334
1,2,105,0,1,6,0,0,1,1,0,0,1,0,1,0,2,0,1.0,215,38,5.657894736842105
1,21,104,0,2,0,1,5,1,0,0,0,1,0,8,0,2,0,5.0,122,24,5.083333333333333
1,4,105,0,0,5,6,0,1,0,0,0,1,0,1,0,2,0,3.0,133,20,6.65
1,12,103,0,1,6,0,0,1,1,0,0,0,0,1,0,2,0,4.0,224,43,5.209302325581396
0,3,144,0,1,0,1,5,1,0,1,1,1,0,1,0,2,1,4.0,783,140,5.5928571428571425
1,24,105,0,0,1,3,5,2,0,0,0,1,0,1,0,2,0,2.0,908,187,4.855614973262032
0,6,144,0,0,0,0,0,1,1,0,0,1,0,1,0,12,0,10.0,158,26,6.076923076923077
1,2,125,0,1,5,6,0,1,0,1,1,1,0,3,0,2,0,1.0,135,23,5.869565217391305
0,24,30,0,1,1,0,0,0,0,0,0,1,0,1,0,7,0,5.0,181,34,5.323529411764706
1,1,103,106,1,0,6,0,2,2,1,1,1,0,1,0,2,0,9.0,102,15,6.8
0,2,144,114,2,0,6,0,1,1,0,0,2,0,2,0,0,0,2.0,139,24,5.791666666666667
0,2,144,0,2,0,1,3,1,0,1,1,1,0,6,0,7,0,20.0,2273,408,5.571078431372549
0,2,144,0,2,0,1,5,1,0,1,1,1,0,7,0,2,0,12.0,250,49,5.1020408163265305
1,60,105,82,2,3,6,0,1,0,1,0,0,1,2,0,2,0,4.0,367,62,5.919354838709677
0,2,144,114,2,0,1,5,1,0,1,1,1,0,4,0,2,0,4.0,150,28,5.357142857142857
0,7,61,0,1,5,6,0,2,1,0,0,1,0,1,1000,6,0,5.0,550,101,5.445544554455446
1,13,104,0,1,0,1,5,2,1,0,0,1,0,1,0,12,0,5.0,722,147,4.91156462585034
1,2,135,0,2,0,2,5,1,0,1,1,1,0,5,0,8,0,3.0,601,113,5.31858407079646
0,2,144,0,2,0,1,3,1,1,0,0,1,0,3,0,2,0,4.0,296,37,8.0
1,25,122,66,0,2,0,0,1,1,0,0,0,0,1,100,2,0,5.0,82,19,4.315789473684211
1,1,105,0,1,3,5,5,1,1,1,1,1,0,1,0,2,0,5.0,894,153,5.8431372549019605
1,3,137,0,1,6,0,0,1,1,1,1,1,0,1,0,3,0,1.0,131,24,5.458333333333333
0,12,144,0,0,0,1,5,2,1,0,0,0,0,1,0,12,1,5.0,1138,220,5.172727272727273
1,2,128,0,1,5,0,0,0,0,2,2,1,0,1,0,2,0,4.0,384,73,5.260273972602739
0,1,144,0,1,1,0,0,0,0,1,1,1,0,1,0,2,0,1.0,202,39,5.17948717948718
0,2,144,114,0,0,1,5,1,1,1,0,1,0,1,0,2,0,4.0,12,2,6.0
1,3,104,0,0,5,6,0,1,1,1,1,1,0,1,0,2,0,3.0,20,2,10.0
0,6,144,0,0,0,0,0,1,0,0,0,1,0,1,0,2,0,2.0,153,30,5.1
0,81,13,114,0,0,6,0,1,1,1,0,1,0,1,0,12,0,1.0,437,83,5.265060240963855
1,3,105,0,0,0,5,5,0,0,1,1,1,0,1,0,12,1,8.0,266,58,4.586206896551724
1,2,103,0,1,0,0,0,2,2,1,0,2,0,1,0,2,0,4.0,518,90,5.7555555555555555
1,3,84,0,2,5,0,0,1,1,1,1,1,0,3,0,12,0,1.0,459,83,5.530120481927711
0,7,144,129,0,1,4,0,1,0,0,0,1,0,1,0,12,0,4.0,376,67,5.611940298507463
1,7,128,82,1,1,4,0,1,0,1,0,0,0,1,50,2,0,4.0,256,46,5.565217391304348
1,2,135,0,1,1,4,0,1,1,1,1,1,0,1,100,2,0,2.0,176,32,5.5
1,1,105,0,1,1,6,0,0,0,1,1,1,0,1,0,2,0,4.0,38,9,4.222222222222222
0,1,144,0,1,1,0,0,1,0,1,0,1,0,1,0,5,0,2.0,582,115,5.060869565217391
0,12,144,4,0,0,1,0,0,0,0,0,1,0,1,0,12,0,6.0,754,135,5.5851851851851855
1,3,135,0,1,0,5,5,1,0,0,0,1,0,1,0,2,0,2.0,57,9,6.333333333333333
0,7,144,0,1,0,1,5,0,0,0,1,0,0,4,0,2,0,21.0,697,127,5.488188976377953
0,10,65,29,0,2,4,0,1,2,0,0,1,0,1,0,2,0,9.0,463,89,5.202247191011236
1,2,120,0,0,0,6,0,1,0,1,1,1,0,1,0,12,0,3.0,79,12,6.583333333333333
0,7,144,0,1,0,1,5,1,1,1,0,1,0,2,0,2,0,2.0,762,122,6.245901639344262
0,2,144,0,1,5,0,0,1,0,1,1,1,0,1,0,2,0,2.0,645,122,5.286885245901639
1,2,135,82,1,1,0,0,1,0,1,1,1,0,1,0,2,0,2.0,98,19,5.157894736842105
0,72,22,6,2,2,3,0,2,0,0,0,0,0,2,0,2,0,2.0,618,126,4.904761904761905
0,42,166,0,0,0,0,0,2,0,0,0,1,0,1,0,2,0,5.0,262,49,5.346938775510204
1,2,119,0,0,0,6,0,1,1,0,0,1,0,1,0,12,0,1.0,70,15,4.666666666666667
0,12,65,0,1,0,1,5,1,1,0,0,0,0,1,0,2,0,3.0,187,38,4.921052631578948
1,3,105,0,1,0,6,0,0,0,1,1,1,0,1,0,2,0,2.0,196,40,4.9
0,2,144,114,2,0,1,5,1,1,0,0,1,0,3,0,2,0,20.0,345,52,6.634615384615385
1,15,105,0,0,2,6,0,2,0,0,0,0,0,1,0,2,0,6.0,92,20,4.6
1,3,122,0,1,0,2,5,1,2,1,0,1,0,1,400,2,0,1.0,66,7,9.428571428571429
0,2,144,0,1,0,1,5,1,0,2,2,2,0,2,0,2,0,5.0,561,103,5.446601941747573
0,4,144,0,2,2,0,0,1,0,0,0,1,0,3,0,2,0,2.0,576,111,5.1891891891891895
0,10,144,0,0,2,0,0,1,1,0,1,0,0,1,0,7,0,1.0,154,25,6.16
0,1,144,0,2,0,4,0,2,0,1,1,1,0,5,0,3,0,10.0,126,23,5.478260869565218
0,36,17,0,0,1,6,0,0,0,0,0,0,0,1,350,7,0,8.0,1916,356,5.382022471910112
0,2,144,54,1,0,6,0,1,1,1,1,1,0,1,0,2,0,3.0,512,93,5.505376344086022
1,1,105,82,2,0,6,0,1,0,1,1,1,0,4,0,12,0,2.0,746,148,5.04054054054054
0,2,144,0,2,0,1,0,1,0,1,1,2,0,6,0,5,0,10.0,70,11,6.363636363636363
1,4,105,106,0,0,5,0,0,0,1,1,1,0,1,0,2,0,5.0,219,40,5.475
0,4,144,0,1,6,0,0,0,1,0,0,1,0,1,0,2,0,2.0,159,32,4.96875
1,1,105,81,2,0,2,5,0,0,1,1,1,0,4,0,12,0,5.0,422,76,5.552631578947368
0,2,144,114,0,0,1,5,1,1,0,0,1,0,1,0,2,0,5.0,12,2,6.0
1,3,105,80,2,0,5,5,2,1,0,0,1,0,4,0,3,0,9.0,335,66,5.075757575757576
0,2,144,0,2,0,1,0,1,0,2,2,2,0,2,0,2,0,1.0,28,5,5.6
0,4,144,0,1,1,0,0,1,0,2,2,1,1,1,0,7,0,4.0,364,70,5.2
1,2,104,0,0,5,0,0,1,1,1,0,0,0,1,30,2,0,2.0,277,56,4.946428571428571
0,48,26,0,0,6,0,0,1,1,0,0,0,0,1,300,12,0,1.0,61,13,4.6923076923076925
0,2,144,0,1,0,1,0,1,0,1,0,1,0,1,0,2,0,3.0,185,33,5.606060606060606
0,5,144,114,2,0,1,5,1,0,1,1,2,0,2,0,2,0,2.0,193,35,5.514285714285714
1,3,105,0,0,1,3,0,1,1,1,1,1,0,1,0,2,0,1.0,50,8,6.25
0,2,69,114,0,0,6,0,1,0,0,0,1,0,1,0,2,0,7.0,618,116,5.327586206896552
0,5,51,0,0,5,0,0,0,0,0,0,1,0,1,0,12,0,2.0,482,102,4.7254901960784315
1,3,140,82,1,0,2,3,1,1,0,0,1,0,1,0,2,0,5.0,871,150,5.806666666666667
1,6,126,0,0,5,0,0,1,1,1,0,1,0,1,150,2,0,5.0,193,34,5.676470588235294
0,2,144,0,0,0,6,0,0,0,1,1,1,0,1,0,12,0,4.0,157,25,6.28
0,2,144,0,1,0,1,0,1,1,0,0,1,0,1,0,2,0,2.0,200,40,5.0
1,7,137,0,1,0,2,3,0,1,1,1,1,0,1,0,4,0,3.0,299,59,5.067796610169491
1,8,104,0,1,0,1,3,1,1,2,2,0,0,1,0,2,0,2.0,45,10,4.5
1,12,122,0,0,0,6,0,1,1,0,0,0,0,2,0,2,0,1.0,238,43,5.534883720930233
0,2,144,0,1,2,3,0,1,1,1,1,1,0,1,0,2,0,2.0,133,28,4.75
1,4,122,106,1,3,6,0,1,2,1,0,1,0,1,550,2,0,2.0,109,20,5.45
1,3,105,80,1,0,1,3,0,1,1,1,1,0,2,100,2,0,3.0,88,15,5.866666666666666
0,3,99,114,0,0,1,0,1,0,2,2,1,0,1,0,2,0,4.0,132,23,5.739130434782608
1,2,105,0,2,0,6,0,1,0,1,1,1,0,5,0,5,0,4.0,366,70,5.228571428571429
0,3,144,0,1,4,0,0,1,1,0,0,1,0,1,0,2,0,1.0,15,4,3.75
1,7,105,82,1,3,6,0,1,0,1,1,1,0,1,0,5,0,5.0,463,81,5.716049382716049
0,1,144,0,2,0,1,2,1,1,1,1,1,0,5,50,12,0,4.0,69,12,5.75
1,3,105,0,1,1,4,5,1,0,1,1,1,0,1,10,4,0,3.0,340,64,5.3125
0,24,155,30,2,1,6,0,0,1,0,0,0,1,4,385,2,0,5.0,472,86,5.488372093023256
1,2,105,0,0,0,1,0,1,0,1,1,1,0,1,0,12,0,2.0,298,56,5.321428571428571
1,2,105,0,0,5,6,0,1,0,0,1,1,0,1,0,6,0,3.0,987,191,5.167539267015707
0,2,22,54,0,0,1,0,1,0,0,0,1,0,1,0,2,0,10.0,474,86,5.511627906976744
1,2,105,0,1,5,6,0,0,0,1,1,1,0,1,0,12,0,5.0,37,7,5.285714285714286
1,1,104,0,1,0,6,0,0,1,1,1,1,0,5,0,5,0,3.0,151,27,5.592592592592593
1,8,135,0,0,0,1,0,0,0,0,0,0,0,1,0,2,0,2.0,173,33,5.242424242424242
1,1,104,82,2,1,2,0,1,0,1,1,1,0,3,0,2,0,0.0,348,67,5.1940298507462686
1,7,105,0,0,2,0,0,1,0,0,0,0,0,1,0,12,0,3.0,310,57,5.43859649122807
1,8,84,0,0,6,0,0,1,0,2,2,2,0,1,0,12,0,1.0,439,90,4.877777777777778
0,48,8,0,1,2,4,0,2,2,0,0,1,0,2,0,12,0,3.0,65,13,5.0
0,12,144,0,1,1,6,0,0,1,0,0,2,0,1,0,12,0,3.0,682,123,5.544715447154472
1,1,105,0,1,0,6,0,1,0,1,0,1,0,1,0,12,0,2.0,59,9,6.555555555555555
1,1,104,106,1,0,5,5,1,1,1,0,1,0,1,0,2,0,5.0,950,165,5.757575757575758
1,24,105,0,1,0,1,5,1,0,1,0,1,0,1,0,2,0,5.0,354,53,6.679245283018868
1,3,105,0,0,2,0,0,1,0,1,0,1,0,1,0,2,0,1.0,361,58,6.224137931034483
1,6,96,0,1,0,2,0,0,0,0,0,0,1,2,0,2,0,3.0,125,23,5.434782608695652
0,1,144,0,1,1,4,5,1,1,1,1,1,0,1,0,2,0,5.0,189,31,6.096774193548387
0,4,144,114,0,1,0,0,1,0,0,0,1,0,1,0,2,0,5.0,449,84,5.345238095238095
1,1,105,0,0,2,4,0,0,1,1,1,1,0,1,0,2,0,1.0,40,8,5.0
1,3,122,81,1,2,0,0,2,1,1,0,1,0,1,150,2,0,7.0,620,108,5.7407407407407405
1,5,105,0,0,0,1,4,0,1,0,0,1,0,1,0,12,0,3.0,135,21,6.428571428571429
0,2,144,0,0,0,0,0,1,0,1,0,1,0,1,0,2,0,4.0,63,12,5.25
1,2,104,82,0,0,1,5,1,1,0,0,1,0,2,100,2,0,7.0,288,44,6.545454545454546
1,3,105,0,1,0,3,5,1,0,1,1,2,0,2,0,2,0,4.0,86,17,5.0588235294117645
0,4,144,114,1,1,0,0,1,0,0,0,1,0,1,0,2,0,3.0,45,8,5.625
0,1,144,0,0,1,3,0,1,1,1,1,1,0,1,1,2,0,2.0,120,20,6.0
1,4,96,0,1,0,2,5,1,0,0,0,1,0,2,0,2,0,3.0,609,96,6.34375
1,5,105,73,1,0,1,1,0,0,1,0,0,0,1,0,12,0,3.0,1073,198,5.41919191919192
1,2,135,82,1,0,1,4,0,1,1,1,1,0,1,0,2,0,0.0,23,6,3.8333333333333335
0,5,144,130,1,0,5,5,1,1,0,0,1,0,1,0,2,0,2.0,419,84,4.988095238095238
1,1,105,0,0,0,6,0,0,0,2,2,2,0,1,0,3,0,1.0,74,14,5.285714285714286
1,4,84,82,1,1,5,5,0,0,1,0,1,0,1,0,12,0,1.0,48,7,6.857142857142857
1,2,105,0,2,0,3,0,1,0,0,0,1,0,4,0,7,0,4.0,341,68,5.014705882352941
1,180,104,0,0,0,6,0,1,1,0,0,0,0,1,0,2,0,1.0,736,138,5.333333333333333
0,72,144,0,0,0,0,0,1,1,2,2,1,0,1,0,12,0,2.0,973,175,5.56
0,14,47,0,0,0,1,0,2,0,0,0,1,0,1,1,2,0,0.0,171,30,5.7
1,2,96,0,1,0,1,5,1,1,1,1,1,0,1,0,12,0,4.0,329,60,5.483333333333333
1,2,105,0,0,2,6,0,1,0,0,0,1,0,1,0,2,0,1.0,186,37,5.027027027027027
1,12,105,81,2,4,5,5,1,0,2,2,2,0,20,0,2,0,0.0,576,110,5.236363636363636
0,2,144,0,2,0,0,0,1,1,1,2,1,0,6,0,3,0,5.0,86,18,4.777777777777778
0,3,144,54,0,0,0,0,1,0,0,0,1,0,1,0,2,0,8.0,332,61,5.442622950819672
1,2,105,0,0,5,6,0,0,0,1,1,1,0,1,0,2,0,1.0,469,100,4.69
0,10,166,114,0,0,1,0,2,1,0,0,0,0,1,0,2,0,6.0,402,75,5.36
1,1,105,0,2,3,6,0,0,0,1,1,1,0,5,0,2,0,1.0,139,24,5.791666666666667
0,3,144,0,1,2,4,5,1,1,2,2,1,0,1,0,7,0,1.0,155,26,5.961538461538462
1,5,105,0,1,0,3,3,1,1,1,1,1,0,2,0,12,0,2.0,171,26,6.576923076923077
1,24,105,106,1,0,3,0,1,0,1,0,0,0,1,0,2,0,5.0,681,128,5.3203125
0,4,144,0,0,0,6,0,1,0,0,0,1,0,1,0,2,0,1.0,148,30,4.933333333333334
1,2,90,106,2,0,5,5,0,0,1,1,1,0,5,0,2,0,5.0,122,22,5.545454545454546
1,4,105,0,2,3,6,0,1,0,1,0,1,0,2,0,2,0,3.0,293,51,5.745098039215686
0,3,69,47,0,0,1,0,0,1,0,0,1,0,1,0,0,0,6.0,420,76,5.526315789473684
0,12,144,0,1,1,6,0,0,0,0,0,0,0,2,0,3,0,4.0,213,40,5.325
1,5,110,67,1,0,5,5,1,1,2,2,2,0,1,0,12,0,13.0,26,6,4.333333333333333
0,1,144,0,2,1,6,0,0,0,1,1,1,0,5,0,2,0,2.0,391,75,5.213333333333333
1,48,104,0,0,1,6,0,1,1,0,0,0,0,1,0,2,0,6.0,413,74,5.581081081081081
1,36,105,0,1,0,3,3,1,0,1,1,1,0,1,0,12,0,5.0,477,101,4.7227722772277225
0,3,144,0,2,0,1,5,0,0,1,1,1,0,3,0,12,0,5.0,406,77,5.2727272727272725
0,2,60,0,1,4,6,0,0,2,0,0,0,0,1,0,2,0,7.0,385,71,5.422535211267606
0,1,144,0,2,1,6,0,0,0,1,1,1,0,3,0,5,0,23.0,718,138,5.202898550724638
1,1,105,0,2,0,1,5,0,0,1,1,1,0,4,0,2,0,4.0,245,44,5.568181818181818
0,3,30,114,1,0,1,0,1,0,1,0,1,0,1,0,2,0,3.0,292,54,5.407407407407407
1,6,135,0,0,5,0,0,1,0,1,1,1,0,1,50,2,0,4.0,212,42,5.0476190476190474
0,2,144,0,1,4,0,0,1,1,2,2,2,0,1,0,0,0,1.0,64,11,5.818181818181818
0,2,144,76,1,0,1,0,2,0,1,0,1,0,1,0,2,0,4.0,220,43,5.116279069767442
1,34,120,0,2,0,4,5,1,1,1,1,1,0,4,0,3,0,5.0,28,6,4.666666666666667
1,6,120,0,1,0,6,0,0,0,1,1,1,0,1,30,2,0,1.0,398,84,4.738095238095238
0,2,144,114,0,4,0,0,1,1,0,0,1,0,1,0,2,0,1.0,12,2,6.0
0,2,144,0,1,1,0,0,1,1,0,0,1,0,2,0,2,0,12.0,525,85,6.176470588235294
0,2,22,114,2,0,0,0,1,1,1,0,1,0,2,0,12,0,6.0,124,22,5.636363636363637
1,3,105,0,1,1,0,0,0,0,1,0,1,0,1,0,12,0,2.0,201,37,5.4324324324324325
1,2,104,101,2,0,1,5,1,1,1,0,1,0,5,0,12,0,6.0,141,22,6.409090909090909
1,3,84,0,2,5,6,0,0,0,1,1,1,0,2,0,12,0,2.0,527,95,5.5473684210526315
0,2,144,0,2,1,4,0,0,0,1,1,1,0,3,0,2,0,1.0,137,22,6.2272727272727275
1,2,104,0,1,5,0,0,0,1,1,1,1,0,1,0,2,0,1.0,26,4,6.5
0,2,144,114,1,0,6,0,1,1,1,0,1,0,1,0,2,0,4.0,12,2,6.0
0,4,60,54,2,1,6,0,0,1,0,0,0,0,2,0,2,0,5.0,215,40,5.375
1,10,125,89,1,4,5,5,2,2,0,0,0,0,1,0,2,0,6.0,2481,436,5.690366972477064
0,2,144,0,2,1,5,5,1,1,1,1,1,0,3,0,12,0,2.0,338,69,4.898550724637682
0,2,144,0,0,1,0,0,0,0,0,0,0,1,1,0,0,0,5.0,667,121,5.512396694214876
0,8,47,114,1,0,1,0,2,0,0,1,1,0,1,100,2,0,2.0,291,56,5.196428571428571
1,2,96,73,2,0,5,5,1,0,1,0,1,0,2,0,2,1,2.0,220,37,5.945945945945946
1,2,105,0,1,1,4,4,0,0,1,1,1,0,3,0,12,0,4.0,510,82,6.219512195121951
0,2,144,114,0,0,1,5,1,0,1,0,1,0,1,80,2,0,3.0,52,9,5.777777777777778
0,60,144,0,0,0,4,5,2,2,2,2,2,0,1,0,2,0,1.0,270,52,5.1923076923076925
1,1,105,0,1,1,0,0,0,0,1,0,1,0,6,0,2,0,1.0,181,38,4.7631578947368425
0,11,144,0,0,1,6,0,1,1,0,2,2,0,1,0,2,0,3.0,69,14,4.928571428571429
0,1,144,0,1,0,1,0,1,0,1,1,1,0,1,0,12,0,1.0,200,38,5.2631578947368425
1,3,105,0,0,0,6,0,0,0,1,0,1,0,1,0,2,0,9.0,199,36,5.527777777777778
1,1,104,0,0,6,0,0,1,1,1,0,1,0,1,0,2,0,2.0,125,19,6.578947368421052
0,5,144,0,0,1,3,3,1,1,0,0,1,0,1,0,2,0,1.0,77,13,5.923076923076923
1,2,105,0,0,0,1,0,0,0,1,1,1,0,1,0,3,0,5.0,597,130,4.592307692307692
1,6,105,0,1,2,3,5,2,0,0,0,1,0,1,0,12,0,3.0,1230,237,5.189873417721519
0,1,144,0,1,0,1,5,1,2,1,1,1,1,1,0,2,0,5.0,226,46,4.913043478260869
0,2,144,0,1,6,0,0,0,0,1,1,1,0,1,0,2,0,1.0,212,43,4.930232558139535
1,3,105,0,1,4,0,0,1,1,0,0,1,0,1,0,2,0,1.0,263,50,5.26
0,1,144,0,0,0,1,5,1,0,1,1,1,0,1,0,2,0,1.0,46,9,5.111111111111111
0,1,144,0,0,0,0,0,1,1,0,0,1,0,1,0,12,0,1.0,168,36,4.666666666666667
1,4,105,0,1,1,4,4,0,0,0,0,1,0,1,0,2,0,4.0,555,108,5.138888888888889
0,4,144,0,1,0,3,3,1,1,0,0,1,0,1,0,2,0,5.0,692,134,5.164179104477612
1,2,96,81,1,1,3,5,1,1,0,0,1,0,1,50,2,0,2.0,893,172,5.191860465116279
1,42,105,0,0,0,0,0,2,0,0,0,0,0,1,0,12,0,4.0,99,20,4.95
1,10,133,0,1,5,0,0,1,1,0,0,0,0,1,50,12,0,1.0,89,14,6.357142857142857
1,1,105,0,2,1,3,5,1,1,1,1,1,0,4,0,3,0,4.0,28,5,5.6
0,2,144,0,0,0,1,0,1,0,2,2,1,0,1,0,2,0,1.0,146,31,4.709677419354839
0,1,144,114,1,0,1,0,0,0,1,1,0,0,1,0,12,0,2.0,168,32,5.25
0,15,144,114,0,0,1,5,1,0,0,0,0,1,1,0,12,0,3.0,156,31,5.032258064516129
0,1,144,0,2,1,4,5,1,0,1,1,1,0,9,0,2,0,8.0,64,10,6.4
0,1,144,35,1,0,6,0,1,0,0,0,1,0,1,0,12,0,3.0,73,15,4.866666666666666
1,5,114,101,0,0,6,0,2,1,1,0,1,0,1,50,2,0,5.0,369,60,6.15
0,4,144,0,0,1,0,0,1,1,0,0,1,0,1,0,2,0,1.0,44,8,5.5
1,1,105,0,2,3,5,0,0,0,1,0,1,0,3,0,12,0,0.0,114,21,5.428571428571429
0,2,144,0,1,2,0,0,1,0,1,1,1,0,1,20,3,0,1.0,144,25,5.76
0,8,144,114,1,1,2,0,0,1,2,2,2,0,1,0,12,0,3.0,195,45,4.333333333333333
0,2,144,0,1,1,0,0,1,0,0,0,1,0,1,0,12,0,4.0,155,26,5.961538461538462
1,4,105,0,2,0,4,0,1,0,1,1,1,0,2,300,2,1,5.0,196,37,5.297297297297297
1,17,105,0,2,0,1,5,1,0,1,0,0,0,4,200,2,0,5.0,230,43,5.348837209302325
1,4,103,0,2,0,2,5,1,2,1,1,1,0,3,0,2,0,5.0,287,50,5.74
1,6,92,0,0,0,0,0,1,1,1,1,1,0,1,0,2,0,1.0,113,24,4.708333333333333
0,2,65,114,1,1,0,0,1,0,1,0,1,0,1,0,2,0,1.0,420,79,5.3164556962025316
1,3,104,0,2,0,1,5,1,1,2,2,2,0,4,0,12,0,4.0,60,10,6.0
1,1,104,0,2,0,2,0,0,1,0,1,1,0,2,0,2,0,0.0,135,23,5.869565217391305
1,2,105,0,2,0,1,1,1,0,0,0,2,0,3,0,3,0,4.0,493,93,5.301075268817204
1,2,105,0,2,1,3,5,0,0,1,1,1,0,3,0,2,0,4.0,83,13,6.384615384615385
0,14,144,0,1,0,1,0,1,0,0,0,1,0,1,0,12,0,1.0,26,5,5.2
0,3,144,0,0,1,0,0,1,1,2,0,2,0,1,0,12,0,7.0,187,35,5.3428571428571425
0,10,144,114,0,1,0,0,1,0,1,1,1,0,1,0,2,0,2.0,45,2,22.5
1,3,104,0,1,4,0,0,1,1,1,0,1,0,1,0,2,0,6.0,60,8,7.5
1,1,105,0,2,1,6,0,0,0,2,2,2,1,4,0,12,0,2.0,3,1,3.0
0,4,144,0,1,0,4,0,1,0,1,0,1,0,1,0,2,0,5.0,690,131,5.267175572519084
1,18,105,0,0,0,1,1,1,0,1,1,1,0,1,0,2,0,2.0,365,71,5.140845070422535
1,30,135,82,0,2,3,3,1,0,0,0,0,0,1,0,12,0,2.0,347,66,5.257575757575758
1,3,104,0,1,4,0,0,0,1,0,1,1,1,1,0,2,0,4.0,66,14,4.714285714285714
0,12,144,0,1,0,1,0,0,1,0,0,2,0,1,0,2,0,1.0,33,6,5.5
1,8,105,0,1,0,1,5,1,0,0,0,0,0,1,0,12,0,14.0,989,183,5.404371584699454
1,2,105,0,1,3,5,5,0,0,2,2,2,0,3,0,2,0,5.0,175,32,5.46875
1,3,96,73,1,1,6,0,0,0,1,1,2,0,2,0,2,0,4.0,3,1,3.0
1,8,105,0,1,4,6,0,1,1,0,0,1,0,1,0,12,0,5.0,17,3,5.666666666666667
1,24,105,0,1,0,6,0,1,0,0,0,1,0,1,0,12,0,2.0,376,73,5.1506849315068495
0,2,144,0,0,0,6,0,1,1,1,0,1,0,1,0,3,0,1.0,122,19,6.421052631578948
0,2,144,4,1,0,1,0,2,1,0,0,1,0,1,0,2,0,5.0,300,51,5.882352941176471
0,1,144,0,1,1,0,0,2,0,1,0,1,1,1,0,12,0,3.0,481,96,5.010416666666667
1,2,105,0,1,1,0,0,0,0,0,0,1,0,1,50,2,0,1.0,62,12,5.166666666666667
1,3,135,0,1,0,1,5,0,0,0,0,1,0,1,0,2,0,4.0,408,76,5.368421052631579
0,1,144,42,2,0,1,5,2,1,1,1,1,0,3,0,2,0,3.0,847,161,5.260869565217392
1,9,128,82,0,4,0,0,1,0,0,0,0,0,2,0,2,0,4.0,223,44,5.068181818181818
0,5,144,0,2,0,1,3,1,0,1,1,1,0,2,0,3,0,0.0,229,47,4.872340425531915
0,5,144,0,1,2,0,0,1,1,2,2,2,0,1,0,4,0,3.0,557,101,5.514851485148514
0,72,60,18,1,0,6,0,0,2,0,0,0,0,1,0,2,0,9.0,300,59,5.084745762711864
1,4,105,0,1,2,5,5,0,0,0,0,1,0,1,0,12,0,4.0,502,99,5.070707070707071
1,3,135,81,0,5,0,0,1,1,0,0,1,0,1,0,2,0,2.0,8,1,8.0
0,2,144,0,1,0,6,0,1,1,0,0,2,0,1,0,2,0,1.0,280,50,5.6
0,2,144,0,0,0,0,0,1,0,1,0,1,0,1,0,2,0,4.0,236,42,5.619047619047619
0,1,144,114,0,1,4,5,1,1,1,1,2,0,1,0,2,0,5.0,310,55,5.636363636363637
0,3,144,0,0,1,0,0,1,0,2,2,1,0,1,0,2,0,2.0,109,23,4.739130434782608
0,1,144,0,2,1,4,5,1,0,1,1,1,0,9,0,2,0,7.0,667,129,5.170542635658915
0,60,144,0,0,1,0,0,1,1,2,0,0,0,1,0,12,0,6.0,718,123,5.837398373983739
0,1,144,114,2,1,3,0,1,0,1,1,1,0,8,0,3,0,10.0,193,38,5.078947368421052
0,2,144,114,2,0,1,0,1,0,1,1,1,0,5,0,2,0,4.0,144,27,5.333333333333333
1,2,83,0,0,4,6,0,2,2,2,2,2,0,1,350,2,0,2.0,202,42,4.809523809523809
1,2,112,82,0,4,6,0,1,1,2,0,1,0,1,0,12,0,5.0,1220,236,5.169491525423729
0,2,144,0,0,0,6,0,1,0,0,0,0,0,1,0,4,0,3.0,52,9,5.777777777777778
1,1,105,81,1,0,1,4,1,0,1,1,1,0,1,0,2,0,3.0,308,49,6.285714285714286
0,7,144,0,1,3,0,0,1,0,1,1,1,0,1,0,3,0,4.0,269,45,5.977777777777778
0,12,144,0,0,0,0,0,1,0,0,0,1,0,1,0,2,0,3.0,80,14,5.714285714285714
1,2,105,0,1,0,6,0,1,0,0,0,1,0,1,100,2,0,3.0,683,124,5.508064516129032
1,12,105,0,1,0,6,0,1,0,1,1,1,0,1,0,12,0,1.0,271,44,6.159090909090909
1,84,105,0,0,0,1,5,2,0,1,0,0,1,1,200,2,0,11.0,564,87,6.482758620689655
1,1,104,66,0,2,4,5,1,1,1,0,1,0,1,40,2,0,5.0,1038,180,5.766666666666667
0,10,60,0,1,4,6,0,0,1,0,0,1,0,1,0,12,1,5.0,1944,359,5.415041782729805
0,24,144,114,1,3,0,0,2,1,2,2,2,1,1,0,12,0,1.0,127,26,4.884615384615385
1,3,104,0,1,0,6,0,0,1,1,1,1,0,4,0,2,0,1.0,181,40,4.525
0,4,164,130,0,0,4,5,1,0,2,0,1,0,1,0,4,1,11.0,462,81,5.703703703703703
1,4,105,0,0,0,6,0,1,0,1,0,1,0,1,0,12,0,2.0,36,5,7.2
0,6,41,0,0,1,0,0,0,0,0,2,1,0,1,200,3,0,2.0,50,10,5.0
0,3,144,0,1,0,6,0,1,1,0,0,1,0,1,0,2,0,3.0,387,77,5.025974025974026
0,24,54,114,1,0,2,5,1,0,2,2,2,1,1,0,2,0,1.0,131,26,5.038461538461538
1,11,84,106,0,3,4,5,1,1,1,0,1,0,1,0,12,0,3.0,254,48,5.291666666666667
0,4,144,59,1,1,0,0,2,1,0,0,1,0,1,0,2,0,4.0,12,2,6.0
1,3,105,0,2,3,0,0,1,0,1,1,2,0,2,0,2,0,1.0,378,75,5.04
1,12,104,0,1,1,4,0,1,1,1,1,1,0,2,0,2,0,4.0,1012,202,5.00990099009901
0,2,144,0,1,1,0,0,1,0,0,0,1,0,1,0,2,0,3.0,244,52,4.6923076923076925
1,6,104,0,1,0,1,5,1,1,0,0,1,0,1,0,12,0,1.0,149,24,6.208333333333333
0,5,37,0,0,0,1,0,0,1,0,0,1,0,2,0,12,0,1.0,136,28,4.857142857142857
1,36,105,0,1,1,5,5,1,1,1,0,0,0,1,0,2,0,10.0,523,104,5.028846153846154
0,2,144,0,1,6,0,0,1,0,1,1,1,0,1,20,3,0,1.0,141,25,5.64
1,3,88,63,0,0,1,1,1,0,1,1,1,0,1,0,2,0,3.0,777,148,5.25
0,64,60,0,1,1,0,0,1,1,2,2,2,0,1,250,2,0,0.0,472,96,4.916666666666667
1,0,104,0,2,0,1,5,0,0,1,1,1,0,3,0,12,0,0.0,133,26,5.115384615384615
1,3,122,80,0,2,6,0,2,1,2,2,2,0,1,0,1,0,2.0,23,4,5.75
0,1,144,0,2,0,1,5,2,0,1,1,1,0,4,0,2,0,6.0,511,93,5.494623655913978
1,5,135,0,1,0,5,5,1,0,1,0,1,1,3,0,12,0,5.0,484,85,5.694117647058824
0,2,144,0,1,1,0,0,1,1,1,1,1,0,1,0,12,0,1.0,65,11,5.909090909090909
0,6,164,47,1,1,4,0,0,1,2,0,0,0,1,0,12,0,5.0,461,77,5.987012987012987
1,4,105,0,1,1,6,0,0,0,2,0,1,0,1,0,12,0,7.0,240,41,5.853658536585366
0,18,41,0,1,1,0,0,0,2,2,0,2,0,1,0,2,0,1.0,484,95,5.094736842105263
0,2,144,114,0,0,0,0,1,1,0,0,1,0,1,0,12,0,2.0,284,50,5.68
0,12,144,0,2,0,6,0,2,0,1,0,1,0,2,0,2,0,5.0,174,30,5.8
0,29,144,114,1,0,0,0,1,1,0,0,0,0,2,50,2,0,5.0,471,77,6.116883116883117
1,1,82,0,1,6,0,0,1,1,1,1,1,0,1,0,12,0,5.0,191,42,4.5476190476190474
1,24,103,0,1,0,1,0,1,2,0,0,1,0,1,0,2,0,2.0,261,50,5.22
1,5,105,0,1,0,0,0,0,0,0,0,1,0,1,100,12,0,3.0,233,44,5.295454545454546
0,4,144,0,0,0,1,0,1,1,1,1,1,0,1,0,7,0,1.0,235,43,5.465116279069767
0,3,144,0,1,1,0,0,1,1,1,1,1,0,1,0,12,0,3.0,63,15,4.2
1,1,105,0,2,0,5,0,0,0,1,1,1,0,5,0,2,0,10.0,446,87,5.126436781609195
1,12,90,0,1,0,2,5,0,0,2,2,1,0,2,0,12,0,3.0,880,155,5.67741935483871
1,41,104,0,1,0,6,0,1,1,0,0,0,0,1,0,12,0,6.0,455,92,4.945652173913044
1,24,105,0,1,1,3,0,1,0,1,1,0,0,1,0,2,0,1.0,27,4,6.75
0,4,22,0,1,0,0,0,1,0,1,0,1,0,4,0,2,0,2.0,556,103,5.398058252427185
1,2,103,0,2,2,4,4,1,2,1,1,1,0,11,30,2,0,6.0,291,58,5.017241379310345
0,2,144,0,0,0,1,0,1,0,1,1,1,0,1,0,2,1,4.0,287,61,4.704918032786885
0,48,144,114,1,6,0,0,2,0,0,0,0,0,1,100,5,0,4.0,717,137,5.233576642335766
1,2,105,0,0,2,4,5,1,0,1,0,1,0,1,0,2,0,4.0,910,149,6.10738255033557
1,30,111,0,1,0,2,5,1,1,0,0,0,0,1,0,12,0,2.0,113,25,4.52
1,1,105,0,1,0,1,5,1,0,1,1,1,0,3,0,2,0,3.0,607,114,5.324561403508772
0,12,17,114,0,1,6,0,1,1,0,0,0,0,1,0,4,0,6.0,471,91,5.175824175824176
0,8,166,0,1,0,1,0,1,0,2,2,1,0,1,450,2,0,5.0,1167,218,5.353211009174312
1,1,104,81,2,0,0,0,0,1,1,1,1,0,2,0,2,0,4.0,31,5,6.2
1,48,105,0,1,3,0,0,1,0,0,0,0,0,1,0,12,0,9.0,837,173,4.838150289017341
0,1,144,0,0,0,1,5,1,0,1,1,1,0,3,0,4,0,3.0,383,71,5.394366197183099
0,2,144,0,2,1,3,5,0,0,2,2,2,0,3,0,4,1,3.0,157,30,5.233333333333333
0,2,144,0,1,0,6,0,0,1,1,0,1,0,1,0,2,0,1.0,76,17,4.470588235294118
1,3,96,0,1,0,3,5,1,1,1,0,1,0,1,80,12,0,5.0,799,156,5.121794871794871
1,12,135,66,0,0,1,4,1,0,0,0,0,0,1,0,12,0,6.0,697,121,5.760330578512397
1,5,122,0,1,0,5,5,1,0,1,1,1,0,1,0,7,0,1.0,256,44,5.818181818181818
1,3,120,0,0,1,6,0,1,0,2,2,2,0,1,0,2,0,3.0,79,15,5.266666666666667
1,3,104,0,2,0,5,5,1,1,1,1,1,0,2,0,2,0,5.0,480,88,5.454545454545454
1,7,97,0,1,5,0,0,1,0,2,2,2,0,1,0,5,0,2.0,234,45,5.2
0,2,144,0,1,1,0,0,1,0,1,0,1,0,1,0,3,0,1.0,226,41,5.512195121951219
0,36,8,0,0,2,0,0,1,2,2,2,1,0,1,0,12,0,3.0,326,59,5.52542372881356
0,4,144,0,1,1,6,0,1,0,1,0,0,0,1,0,12,0,11.0,55,8,6.875
0,2,144,0,1,0,1,0,1,0,1,0,1,0,1,0,2,0,5.0,334,64,5.21875
1,12,88,101,1,5,0,0,1,0,0,0,0,0,1,0,2,0,2.0,163,32,5.09375
0,8,62,0,1,5,0,0,1,2,0,0,1,0,1,0,12,0,3.0,41,8,5.125
1,2,128,81,0,6,0,0,0,1,1,0,1,1,1,0,2,0,5.0,332,49,6.775510204081633
1,5,105,0,1,0,1,4,1,0,1,1,1,0,1,0,12,0,1.0,23,4,5.75
1,3,105,0,1,3,6,0,2,1,1,1,2,0,1,100,2,0,2.0,586,122,4.80327868852459
0,12,147,114,1,0,6,0,1,2,0,0,0,0,1,0,2,0,14.0,597,110,5.427272727272728
1,8,135,0,1,2,0,0,0,1,1,1,1,0,1,150,2,0,5.0,426,84,5.071428571428571
0,10,144,0,0,0,1,0,1,0,0,0,0,0,1,0,12,0,6.0,629,114,5.517543859649122
0,4,144,0,1,0,1,0,1,0,0,0,0,0,1,0,2,0,2.0,490,82,5.975609756097561
1,11,128,81,1,4,5,0,1,1,0,0,1,0,1,0,2,0,3.0,227,45,5.044444444444444
1,2,105,106,2,0,0,0,1,0,1,1,1,0,2,0,2,0,1.0,138,21,6.571428571428571
0,24,144,0,1,0,6,0,0,1,0,0,0,0,1,0,2,0,3.0,138,25,5.52
1,12,104,0,0,0,0,0,1,1,1,1,1,0,1,0,2,0,1.0,384,72,5.333333333333333
1,3,122,93,1,6,0,0,0,2,1,1,1,0,1,200,0,0,4.0,266,49,5.428571428571429
1,72,105,0,1,0,1,5,2,0,0,0,0,0,1,0,2,0,1.0,188,32,5.875
0,2,144,114,1,2,0,0,1,1,0,0,1,0,1,0,2,0,2.0,12,2,6.0
0,10,144,0,1,1,6,0,0,0,0,0,2,0,1,0,2,0,5.0,63,11,5.7272727272727275
1,12,104,0,1,0,1,1,1,1,2,2,2,0,1,75,2,0,2.0,213,44,4.840909090909091
0,2,144,0,1,3,0,0,1,1,1,0,1,0,1,0,2,0,13.0,181,35,5.171428571428572
1,32,140,0,1,0,2,5,1,0,0,0,0,0,1,0,2,0,0.0,93,19,4.894736842105263
1,1,135,0,2,0,1,4,0,0,1,1,1,0,2,0,2,0,8.0,551,100,5.51
1,3,104,0,0,0,6,0,1,1,2,2,1,0,1,0,2,0,1.0,22,3,7.333333333333333
1,12,82,82,0,1,0,0,1,0,0,0,0,0,1,0,2,0,3.0,90,12,7.5
0,12,144,0,1,1,2,5,0,0,2,2,2,0,1,0,4,0,5.0,522,95,5.494736842105263
1,2,105,0,2,0,1,0,1,0,1,1,1,0,4,0,12,0,5.0,1108,204,5.431372549019608
0,3,144,0,1,1,6,0,1,0,2,2,1,0,1,0,2,0,3.0,199,37,5.378378378378378
0,12,41,114,0,1,4,0,1,1,0,0,0,0,1,0,2,1,8.0,331,48,6.895833333333333
1,36,135,0,1,1,0,0,1,0,0,0,0,0,1,0,12,0,6.0,807,151,5.344370860927152
0,2,144,0,0,0,0,0,1,1,1,1,1,0,1,0,2,0,3.0,629,116,5.422413793103448
1,3,105,0,0,0,5,0,0,1,0,0,1,0,1,0,8,0,1.0,196,38,5.157894736842105
0,6,144,0,2,0,1,5,1,0,2,2,2,0,3,0,3,0,2.0,149,27,5.518518518518518
1,2,105,94,1,0,1,5,0,0,1,0,1,0,1,100,2,0,10.0,1022,191,5.350785340314136
0,2,144,114,1,0,6,0,1,1,1,0,1,0,1,0,2,0,5.0,12,2,6.0
1,38,122,73,1,0,2,5,1,2,0,0,0,0,3,200,12,0,2.0,123,19,6.473684210526316
0,2,144,0,1,4,0,0,1,0,1,0,1,0,1,0,3,0,1.0,226,41,5.512195121951219
0,9,43,0,1,0,4,0,1,0,0,0,1,0,1,500,2,0,1.0,107,21,5.095238095238095
1,4,105,0,1,0,0,0,1,0,1,1,1,0,2,0,2,0,2.0,539,103,5.233009708737864
0,1,144,114,0,1,2,3,1,1,1,1,1,0,1,0,3,0,1.0,244,46,5.304347826086956
1,6,135,0,0,0,5,0,1,1,0,0,0,0,1,0,2,0,6.0,326,60,5.433333333333334
0,12,144,0,1,1,2,0,1,1,0,0,0,0,1,0,2,0,2.0,217,37,5.864864864864865
0,27,144,0,1,1,6,0,1,0,0,0,0,0,1,0,2,0,1.0,844,154,5.48051948051948
1,1,105,82,2,1,2,4,1,0,1,1,1,0,2,0,12,0,14.0,324,52,6.230769230769231
1,6,104,0,2,0,3,0,0,1,1,1,1,0,2,0,2,0,4.0,119,26,4.576923076923077
1,1,105,0,2,0,1,5,0,0,1,1,1,0,13,0,2,1,13.0,681,128,5.3203125
1,6,105,0,1,0,1,1,0,0,0,0,0,0,1,30,12,0,1.0,264,52,5.076923076923077
1,1,112,0,2,0,2,5,0,0,1,0,1,0,5,0,12,0,1.0,20,3,6.666666666666667
1,96,117,0,0,6,0,0,2,2,0,2,2,0,1,0,2,0,2.0,101,23,4.391304347826087
0,15,144,0,1,0,1,5,1,1,0,0,0,0,1,0,2,0,2.0,17,3,5.666666666666667
1,1,105,0,2,0,3,5,1,0,1,0,1,0,4,0,2,0,11.0,781,154,5.071428571428571
0,2,144,114,2,0,1,5,1,1,1,1,1,0,9,0,4,0,9.0,185,34,5.4411764705882355
0,7,166,114,1,0,1,0,2,0,2,2,0,0,1,0,2,0,9.0,644,114,5.649122807017544
0,12,41,0,0,4,0,0,0,1,2,2,2,0,1,0,12,0,1.0,1567,264,5.9356060606060606
0,0,144,114,2,0,1,5,0,0,1,1,1,0,8,0,2,0,2.0,92,16,5.75
1,6,105,0,1,1,5,5,1,0,1,1,1,0,1,0,2,0,1.0,73,12,6.083333333333333
0,3,144,0,1,0,0,0,1,0,1,0,1,0,1,0,2,0,3.0,74,14,5.285714285714286
0,3,144,0,1,1,6,0,1,0,2,2,1,0,1,0,2,0,1.0,11,2,5.5
0,28,61,0,0,0,6,0,2,1,0,0,2,0,1,50,2,0,2.0,304,64,4.75
1,2,104,0,1,5,6,0,1,1,0,0,1,0,1,0,12,0,1.0,6,1,6.0
1,6,105,0,0,0,1,0,1,1,1,1,1,1,1,0,12,0,1.0,110,21,5.238095238095238
1,7,122,80,0,0,1,0,2,2,0,0,1,0,1,0,2,0,5.0,237,39,6.076923076923077
0,5,144,0,1,1,0,0,1,0,0,0,1,0,1,0,2,0,2.0,238,47,5.0638297872340425
1,2,105,0,1,6,0,0,0,1,1,1,1,0,1,0,2,0,1.0,24,4,6.0
0,46,22,16,1,3,0,0,1,0,0,0,1,0,2,0,2,0,5.0,293,57,5.140350877192983
0,2,144,0,1,0,6,0,1,1,1,0,1,0,1,0,12,0,6.0,166,30,5.533333333333333
0,1,144,0,1,0,3,5,1,0,1,1,1,0,1,0,2,0,1.0,71,13,5.461538461538462
0,1,144,0,0,1,0,0,1,0,1,0,1,0,1,0,12,0,3.0,314,60,5.233333333333333
1,4,105,0,1,0,2,5,0,0,1,1,1,0,1,0,12,0,5.0,115,21,5.476190476190476
0,16,144,0,0,0,2,0,1,0,0,0,0,0,1,0,2,0,2.0,310,57,5.43859649122807
1,4,105,0,0,0,5,5,1,0,0,0,0,0,1,0,2,0,14.0,369,71,5.197183098591549
0,4,144,0,1,1,0,0,1,0,0,0,1,0,1,0,2,0,1.0,123,21,5.857142857142857
0,1,144,0,1,0,1,0,1,1,1,1,1,0,2,0,2,0,3.0,118,20,5.9
0,1,144,114,0,0,6,0,1,1,1,0,1,0,1,0,2,0,4.0,12,2,6.0
0,18,144,114,1,0,1,2,2,0,0,0,0,0,4,0,3,0,3.0,574,114,5.035087719298246
1,3,93,73,2,0,1,1,1,1,1,0,1,0,2,100,2,0,2.0,139,24,5.791666666666667
0,36,144,0,0,1,0,0,2,0,2,2,2,0,1,0,12,0,1.0,309,58,5.327586206896552
0,1,144,114,2,0,1,5,1,1,1,1,1,0,3,0,12,0,1.0,84,13,6.461538461538462
0,10,144,0,0,1,3,5,1,1,0,0,1,0,1,0,2,0,1.0,166,30,5.533333333333333
1,1,105,0,0,0,0,0,1,0,1,1,1,0,1,0,12,0,3.0,156,29,5.379310344827586
1,3,105,0,1,0,6,0,1,0,0,0,1,0,1,0,12,1,10.0,471,89,5.292134831460674
1,4,135,82,0,5,0,0,0,0,1,0,1,0,1,50,2,0,4.0,1424,275,5.178181818181818
0,1,144,0,0,0,1,0,1,0,2,2,2,0,8,0,12,0,1.0,20,3,6.666666666666667
0,84,22,0,0,4,0,0,2,1,2,2,2,0,1,0,12,0,2.0,340,71,4.788732394366197
1,2,105,109,1,1,3,4,1,1,1,0,1,0,1,15,12,0,3.0,454,79,5.746835443037975
0,2,144,53,0,2,4,0,1,0,1,1,1,0,1,0,2,0,2.0,462,90,5.133333333333334
0,24,144,0,0,0,6,0,1,1,0,0,1,0,1,0,2,0,2.0,89,20,4.45
1,6,105,0,1,0,3,5,1,0,1,1,1,0,1,0,2,0,1.0,41,6,6.833333333333333
0,24,47,0,0,0,2,0,2,0,0,0,0,0,1,300,2,0,1.0,1420,244,5.819672131147541
1,48,105,0,1,0,1,2,1,0,0,0,0,0,1,0,2,0,1.0,228,45,5.066666666666666
1,16,88,0,1,5,0,0,1,1,1,0,1,0,2,100,2,0,2.0,22,4,5.5
0,1,144,0,2,0,1,2,0,1,1,1,2,0,3,0,4,0,5.0,407,76,5.355263157894737
0,3,144,114,1,1,0,0,2,0,1,0,1,0,1,0,4,0,5.0,265,47,5.638297872340425
0,4,144,0,1,1,0,0,1,0,1,0,1,0,1,80,2,0,1.0,72,14,5.142857142857143
0,2,174,114,0,1,6,0,1,0,2,2,1,0,1,0,2,0,2.0,88,16,5.5
0,2,144,114,0,1,6,0,1,1,1,1,1,0,1,0,12,0,13.0,81,16,5.0625
0,8,22,0,1,2,0,0,2,0,0,0,1,0,1,300,2,0,2.0,242,46,5.260869565217392
0,12,60,0,1,4,0,0,0,2,0,0,0,0,1,0,2,0,2.0,79,13,6.076923076923077
0,5,144,0,0,4,0,0,1,0,2,2,2,0,1,0,12,1,10.0,685,133,5.150375939849624
0,1,144,0,1,1,4,5,1,1,0,1,1,0,1,40,3,0,1.0,342,62,5.516129032258065
0,2,144,114,1,1,0,0,1,1,0,0,1,0,1,0,2,0,1.0,12,2,6.0
0,0,144,0,2,0,1,5,1,1,2,2,2,0,7,0,2,0,5.0,84,16,5.25
0,3,144,0,1,0,6,0,1,1,0,0,1,0,2,0,2,0,10.0,24,3,8.0
1,0,135,0,2,0,4,5,1,0,1,1,1,0,3,0,2,0,9.0,69,13,5.3076923076923075
0,3,144,0,2,0,6,0,0,0,2,2,2,0,5,0,2,0,5.0,390,73,5.342465753424658
1,29,105,0,0,5,0,0,1,0,0,0,0,0,1,30,2,0,4.0,869,172,5.0523255813953485
0,1,144,0,1,4,0,0,1,1,0,0,1,0,1,0,2,0,9.0,390,68,5.735294117647059
1,7,105,81,1,1,2,0,0,0,1,0,1,0,1,0,12,0,3.0,42,7,6.0
0,6,144,0,1,0,0,0,1,0,0,0,1,0,1,0,12,0,2.0,39,8,4.875
0,4,30,53,1,4,0,0,0,1,0,0,0,0,1,200,12,0,7.0,135,23,5.869565217391305
0,4,30,114,2,0,1,0,1,0,1,0,1,0,2,0,2,0,6.0,403,74,5.445945945945946
1,5,135,0,2,4,5,0,0,0,1,0,1,0,2,0,12,0,2.0,144,23,6.260869565217392
0,1,144,0,0,1,0,0,1,1,1,1,1,0,1,0,2,0,4.0,147,25,5.88
0,7,144,0,0,1,6,0,1,1,0,2,2,0,1,0,2,0,1.0,30,5,6.0
0,2,144,0,0,0,1,0,1,1,0,0,1,0,1,0,2,0,2.0,266,49,5.428571428571429
0,1,144,0,0,1,0,0,1,0,1,1,1,0,1,0,12,0,1.0,308,53,5.811320754716981
0,2,144,0,1,6,0,0,1,1,1,1,1,0,1,0,5,0,5.0,250,39,6.410256410256411
0,2,144,0,0,1,0,0,1,1,2,2,2,0,1,1,5,0,4.0,115,19,6.052631578947368
0,2,144,0,1,1,0,0,0,0,2,2,2,0,2,0,12,0,1.0,136,27,5.037037037037037
0,3,144,0,0,1,6,0,1,1,0,0,1,0,1,200,2,0,2.0,43,6,7.166666666666667
0,2,144,0,0,1,0,0,0,0,1,1,1,1,1,0,12,0,1.0,132,24,5.5
0,1,22,114,0,4,6,0,2,0,1,1,1,0,1,0,2,0,4.0,301,63,4.777777777777778
0,84,8,0,1,2,0,0,2,2,0,0,1,0,1,0,12,0,2.0,990,186,5.32258064516129
0,10,144,0,0,0,1,3,1,0,1,1,1,0,1,0,2,0,9.0,343,45,7.622222222222222
1,7,135,0,0,0,0,0,1,1,2,2,1,1,1,0,2,0,7.0,113,26,4.346153846153846
0,2,144,0,1,0,0,0,1,1,1,1,1,0,1,0,2,0,1.0,257,45,5.711111111111111
0,7,8,0,1,2,0,0,2,2,2,0,1,1,1,0,2,0,3.0,26,7,3.7142857142857144
0,1,144,0,0,0,1,0,1,0,2,2,2,0,3,0,2,0,1.0,1047,182,5.752747252747253
1,16,92,0,0,0,0,0,2,1,0,0,0,0,1,0,12,0,1.0,320,69,4.63768115942029
1,3,105,0,1,5,6,0,0,0,1,1,1,0,1,0,2,0,2.0,54,11,4.909090909090909
1,2,105,81,1,5,6,0,1,0,1,1,1,0,1,50,2,0,4.0,678,124,5.467741935483871
0,2,144,114,1,1,3,0,1,1,0,0,1,0,1,200,2,0,3.0,12,2,6.0
1,5,105,0,1,6,0,0,1,0,0,0,0,0,1,100,2,0,3.0,340,59,5.762711864406779
0,2,144,114,1,4,0,0,1,0,0,0,1,0,1,0,3,0,6.0,458,97,4.721649484536083
1,2,93,82,1,1,3,5,1,0,1,0,1,0,1,0,2,0,3.0,582,104,5.596153846153846
1,1,104,0,0,2,6,0,0,1,1,1,1,0,1,0,2,0,7.0,119,20,5.95
0,1,144,0,1,0,1,0,1,1,1,1,1,0,1,0,3,0,1.0,120,20,6.0
0,1,22,114,1,3,6,0,1,1,1,1,1,0,1,0,3,0,0.0,591,118,5.008474576271187
1,10,104,0,1,0,1,5,1,1,1,1,1,0,1,0,7,0,1.0,205,42,4.880952380952381
1,6,104,0,0,5,6,0,1,1,0,0,0,0,1,120,2,1,5.0,698,128,5.453125
0,3,144,3,1,0,1,0,1,0,2,2,2,0,1,0,2,0,6.0,405,75,5.4
1,6,105,0,0,0,6,0,0,1,2,2,1,0,1,1,2,0,3.0,23,1,23.0
0,3,144,0,1,0,1,0,1,1,0,0,1,0,1,0,2,0,3.0,101,18,5.611111111111111
0,2,144,0,1,1,6,0,1,1,1,1,1,0,1,0,2,0,1.0,264,54,4.888888888888889
0,1,144,0,1,0,1,0,1,0,1,1,1,0,2,0,2,0,5.0,692,124,5.580645161290323
0,3,144,16,0,2,0,0,2,0,0,0,1,0,1,0,2,0,4.0,46,8,5.75
0,2,69,114,2,0,1,2,1,1,2,2,2,0,3,0,3,0,1.0,45,9,5.0
0,2,144,114,0,0,0,0,1,1,1,0,1,0,3,0,2,0,8.0,450,80,5.625
1,2,104,0,1,1,6,0,1,0,1,1,1,0,1,0,2,0,2.0,182,36,5.055555555555555
1,2,105,0,0,5,6,0,1,0,1,0,1,0,1,0,12,0,9.0,665,132,5.037878787878788
0,2,144,0,2,0,1,5,1,0,1,1,1,0,8,100,2,0,11.0,577,100,5.77
1,4,105,0,2,3,5,5,1,0,1,0,1,0,3,0,2,0,3.0,341,62,5.5
0,2,144,114,1,1,0,0,1,1,1,0,1,0,1,0,2,0,7.0,12,2,6.0
1,18,104,0,2,1,0,0,1,1,1,1,1,0,4,0,6,0,2.0,225,35,6.428571428571429
0,1,144,0,2,0,1,5,1,1,1,1,1,0,5,0,2,0,14.0,477,69,6.913043478260869
1,4,105,0,1,1,6,0,0,0,1,0,1,0,1,0,12,0,3.0,221,40,5.525
0,3,144,0,0,0,6,0,1,0,0,0,1,0,1,0,2,0,1.0,137,26,5.269230769230769
1,1,105,0,2,0,6,0,1,1,1,1,1,0,2,0,2,0,4.0,149,27,5.518518518518518
0,3,144,114,1,0,1,5,1,1,1,0,1,0,1,100,2,0,10.0,423,78,5.423076923076923
1,2,103,0,2,0,2,5,0,1,1,1,1,0,2,0,2,0,4.0,146,29,5.0344827586206895
0,15,144,114,1,6,0,0,1,0,0,0,0,0,1,0,2,0,1.0,402,69,5.826086956521739
1,1,105,73,1,0,3,5,1,0,1,0,1,0,1,0,2,0,3.0,531,87,6.103448275862069
0,36,144,0,0,1,0,0,1,1,0,0,0,0,1,0,12,0,5.0,497,87,5.712643678160919
0,60,41,30,1,1,0,0,0,2,0,0,0,0,1,0,2,0,3.0,12,2,6.0
0,1,144,0,1,0,1,0,1,1,1,1,1,0,1,0,3,0,6.0,325,65,5.0
0,2,144,0,0,0,1,5,1,2,1,1,1,0,1,0,2,0,6.0,171,34,5.029411764705882
1,2,104,0,1,1,0,0,0,1,1,1,1,0,1,0,2,0,3.0,209,36,5.805555555555555
1,1,105,0,2,1,3,5,1,1,0,0,1,0,20,0,12,0,5.0,142,24,5.916666666666667
1,2,105,82,1,5,6,0,1,0,0,0,0,0,1,0,12,0,5.0,638,130,4.907692307692308
1,6,103,82,0,3,4,5,1,1,2,0,1,0,1,30,2,0,2.0,175,32,5.46875
1,6,105,0,2,4,5,5,1,0,0,0,2,0,3,0,2,0,4.0,292,45,6.488888888888889
0,1,144,54,1,0,1,3,1,0,1,0,1,0,1,0,2,0,2.0,272,45,6.044444444444444
1,5,96,0,1,0,1,5,0,0,0,0,0,0,1,200,7,0,6.0,1240,233,5.3218884120171674
0,2,144,114,0,1,6,0,1,1,0,0,1,0,1,0,2,0,1.0,27,6,4.5
0,6,144,0,1,1,0,0,1,0,0,0,1,1,1,0,12,0,4.0,525,98,5.357142857142857
0,9,60,0,0,1,6,0,0,1,2,2,0,0,1,0,2,0,4.0,252,52,4.846153846153846
0,2,144,0,1,0,1,3,1,1,2,2,0,0,1,0,12,0,5.0,129,22,5.863636363636363
0,12,35,0,1,6,0,0,0,1,0,0,2,0,1,0,2,0,4.0,300,56,5.357142857142857
1,0,105,0,2,0,1,5,2,0,1,1,1,0,6,0,12,0,2.0,412,71,5.802816901408451
0,3,144,114,0,0,0,0,1,0,1,0,1,0,1,0,7,0,3.0,91,16,5.6875
1,12,105,0,0,0,2,4,2,0,0,2,0,0,1,30,2,0,5.0,1407,255,5.517647058823529
0,6,41,0,1,1,4,0,1,0,0,0,1,0,1,0,2,1,5.0,153,29,5.275862068965517
1,12,105,0,0,1,6,0,1,0,2,2,2,0,1,0,2,0,2.0,167,32,5.21875
1,2,105,82,2,0,5,5,1,1,1,1,1,0,5,0,2,0,10.0,166,26,6.384615384615385
1,12,105,0,1,1,4,5,1,0,1,1,1,0,1,0,2,3,11.0,241,49,4.918367346938775
1,1,84,0,1,1,2,0,0,0,1,1,1,0,1,0,9,0,1.0,29,5,5.8
0,3,144,0,0,6,0,0,1,0,2,0,1,0,1,0,12,0,11.0,222,37,6.0
1,36,126,80,2,5,0,0,1,2,0,0,1,0,5,0,2,0,5.0,289,53,5.452830188679245
1,3,105,82,2,0,1,4,0,0,1,0,1,0,3,0,2,0,2.0,461,85,5.423529411764706
0,2,144,114,2,4,6,0,1,0,1,0,0,0,5,0,2,0,5.0,179,28,6.392857142857143
0,12,144,114,0,0,4,0,1,0,0,0,0,0,1,0,2,0,3.0,100,20,5.0
0,4,144,0,1,4,0,0,1,0,2,2,1,0,1,0,2,0,1.0,249,50,4.98
1,1,105,0,2,3,5,5,0,0,1,1,2,0,5,0,2,0,1.0,69,14,4.928571428571429
1,24,103,0,1,5,0,0,1,1,2,0,1,0,1,0,2,0,7.0,415,82,5.060975609756097
0,60,8,0,0,2,0,0,2,1,2,2,2,0,1,0,2,0,1.0,153,27,5.666666666666667
0,1,144,0,0,0,1,5,1,1,1,1,1,0,1,0,2,0,3.0,226,46,4.913043478260869
0,2,144,0,0,1,6,0,1,0,0,0,1,0,1,0,2,0,3.0,288,54,5.333333333333333
1,2,105,0,1,3,6,0,1,0,1,1,1,0,1,0,12,0,7.0,29,5,5.8
0,3,144,0,1,1,0,0,1,1,0,0,1,0,1,0,2,0,2.0,209,44,4.75
0,24,13,53,0,6,0,0,2,1,0,0,0,0,1,0,2,0,1.0,142,25,5.68
0,5,144,4,1,0,3,0,2,0,0,0,1,0,1,0,2,0,3.0,564,106,5.320754716981132
0,6,41,0,0,1,0,0,1,1,0,0,1,1,1,0,4,0,2.0,251,43,5.837209302325581
0,2,144,114,0,0,0,0,0,0,1,0,1,0,1,0,4,0,1.0,89,16,5.5625
0,3,69,39,1,0,5,0,1,1,0,0,0,0,1,300,12,0,9.0,299,43,6.953488372093023
0,48,54,0,0,0,1,5,1,0,1,1,1,1,1,200,2,0,4.0,885,166,5.331325301204819
0,2,26,114,2,1,4,0,0,1,2,2,2,0,2,100,3,0,2.0,163,32,5.09375
1,2,105,0,0,0,6,0,1,0,1,0,1,0,1,0,2,0,1.0,129,23,5.608695652173913
1,7,105,0,1,1,3,5,1,0,1,0,0,0,1,0,2,0,1.0,264,37,7.135135135135135
0,1,144,114,2,0,1,5,1,1,1,1,1,0,5,0,2,0,4.0,297,60,4.95
0,4,144,0,1,0,0,0,1,0,0,1,1,0,1,0,12,0,1.0,39,8,4.875
1,12,105,0,2,0,1,1,1,0,1,1,1,0,5,0,12,0,5.0,1372,266,5.157894736842105
1,5,130,0,1,0,3,5,0,0,0,0,0,0,1,0,2,0,3.0,215,43,5.0
1,3,104,0,2,0,5,5,1,1,0,0,0,0,3,0,2,0,3.0,120,26,4.615384615384615
0,9,144,114,0,1,3,0,1,1,1,0,0,0,1,0,4,0,1.0,133,28,4.75
1,3,105,0,1,0,0,0,1,1,1,1,1,0,1,0,2,0,1.0,194,37,5.243243243243243
0,4,144,0,1,0,1,0,1,1,0,0,0,0,3,0,2,0,2.0,769,152,5.059210526315789
0,4,5,114,1,0,2,0,2,1,0,0,1,0,1,0,2,0,4.0,457,80,5.7125
1,4,105,0,1,6,0,0,0,0,1,0,1,0,2,0,1,0,4.0,192,33,5.818181818181818
0,4,144,0,1,4,0,0,1,0,0,0,1,0,1,0,2,0,4.0,294,52,5.653846153846154
0,3,144,114,1,6,0,0,0,0,2,2,2,0,2,0,2,0,2.0,411,78,5.269230769230769
0,2,144,0,1,0,1,0,1,0,0,0,1,0,1,0,2,0,1.0,206,42,4.904761904761905
0,2,144,0,2,0,1,2,0,0,1,0,1,0,4,0,2,0,5.0,254,47,5.404255319148936
0,12,144,114,0,0,3,0,1,0,1,0,1,0,1,0,2,0,7.0,880,166,5.301204819277109
0,108,40,25,1,1,0,0,0,2,2,0,1,0,1,0,12,0,2.0,809,159,5.088050314465409
0,1,144,0,1,1,0,0,1,0,1,0,1,0,2,0,12,0,14.0,495,96,5.15625
0,48,144,54,0,0,0,0,0,1,0,2,0,1,1,0,2,0,1.0,61,12,5.083333333333333
1,11,128,106,1,6,0,0,0,0,1,0,0,0,2,0,2,0,3.0,227,42,5.404761904761905
0,4,144,0,0,1,0,0,1,0,0,0,2,0,1,0,5,0,4.0,108,21,5.142857142857143
1,5,105,0,0,2,3,0,1,0,1,2,1,0,3,0,2,0,2.0,47,7,6.714285714285714
1,3,105,0,0,2,0,0,1,0,0,0,1,0,1,0,2,1,2.0,91,19,4.7894736842105265
1,2,143,82,1,0,6,0,0,0,1,0,1,0,1,0,12,0,1.0,228,44,5.181818181818182
1,36,128,0,0,1,6,0,1,0,1,0,1,0,1,0,2,0,1.0,147,30,4.9
0,1,144,0,0,0,1,0,1,0,1,0,1,0,1,0,2,0,3.0,352,70,5.0285714285714285
0,2,144,0,1,0,1,0,1,0,2,0,1,0,1,0,12,0,5.0,149,26,5.730769230769231
1,4,104,0,1,1,2,2,1,1,1,1,1,0,1,0,2,0,1.0,60,13,4.615384615384615
0,1,60,114,0,1,4,5,0,1,0,0,1,0,3,100,2,1,9.0,262,49,5.346938775510204
0,1,144,42,1,1,0,0,1,0,0,0,1,0,1,350,7,0,5.0,514,97,5.298969072164948
1,2,104,0,0,0,5,0,1,1,1,1,1,0,4,0,2,0,1.0,598,103,5.805825242718447
0,2,144,0,0,0,1,0,1,1,0,0,1,0,1,0,2,0,6.0,103,19,5.421052631578948
0,12,144,114,2,1,6,0,1,0,0,0,2,0,2,0,12,0,1.0,288,53,5.433962264150943
0,3,144,0,0,1,0,0,1,0,0,0,0,0,1,0,2,0,2.0,74,14,5.285714285714286
1,3,105,0,0,0,0,0,1,1,0,0,1,0,1,0,2,0,5.0,547,109,5.018348623853211
0,3,144,0,0,1,6,0,1,1,1,0,1,0,1,0,12,0,1.0,165,32,5.15625
1,36,122,0,0,6,0,0,1,1,2,2,2,0,1,0,12,0,1.0,5,1,5.0
1,3,105,0,0,0,1,0,0,0,1,1,1,0,2,0,2,0,2.0,74,17,4.352941176470588
1,2,135,0,1,1,6,0,1,0,1,0,1,0,1,0,4,0,3.0,92,18,5.111111111111111
0,1,144,0,1,0,6,0,1,0,1,2,2,0,1,0,2,0,1.0,252,44,5.7272727272727275
0,1,144,35,1,0,2,0,1,1,2,2,2,0,1,0,2,0,1.0,54,11,4.909090909090909
1,5,135,0,1,4,5,5,1,1,0,0,0,0,1,150,7,0,6.0,2634,497,5.2997987927565395
0,36,144,0,1,4,6,0,1,1,2,2,0,0,1,0,2,0,1.0,528,105,5.0285714285714285
1,3,105,82,1,4,6,0,1,0,0,0,1,0,1,50,2,0,3.0,398,83,4.795180722891566
0,7,144,48,1,0,6,0,1,0,0,0,1,0,1,100,2,0,3.0,155,24,6.458333333333333
1,3,105,0,2,5,0,0,1,0,0,0,1,0,2,100,12,0,4.0,674,131,5.145038167938932
0,2,144,0,0,1,0,0,1,0,1,0,1,0,1,0,2,0,1.0,107,18,5.944444444444445
0,2,144,0,1,0,1,5,1,0,0,0,1,0,1,0,2,0,6.0,140,24,5.833333333333333
1,10,143,73,2,0,2,5,1,0,0,0,0,0,2,100,4,0,5.0,342,67,5.104477611940299
0,4,144,131,0,1,0,0,2,0,0,0,1,0,1,235,2,0,4.0,855,153,5.588235294117647
0,13,144,0,1,0,1,0,1,0,2,2,0,0,1,0,2,0,5.0,301,59,5.101694915254237
1,3,104,0,1,1,6,0,0,1,0,0,1,0,1,0,2,0,3.0,300,53,5.660377358490566
1,60,105,0,0,1,4,5,0,0,0,0,0,0,1,0,12,0,3.0,682,135,5.051851851851852
1,6,104,0,1,0,1,0,1,1,1,1,1,0,1,0,12,0,1.0,69,10,6.9
0,6,144,0,0,2,0,0,1,0,0,0,0,0,1,150,2,0,2.0,328,59,5.559322033898305
1,3,128,0,2,0,1,5,0,1,1,1,1,0,4,50,2,0,1.0,144,27,5.333333333333333
0,3,144,0,1,0,1,5,1,0,1,1,1,0,2,0,0,0,3.0,54,10,5.4
0,1,144,114,1,0,3,0,1,0,1,1,1,0,1,0,3,0,2.0,112,21,5.333333333333333
1,12,120,0,1,0,6,0,2,0,1,1,1,0,1,0,2,0,2.0,437,89,4.910112359550562
1,3,105,0,0,1,6,0,1,0,0,0,1,0,1,0,12,0,10.0,947,175,5.411428571428571
1,1,128,82,1,1,4,0,1,0,1,1,1,0,1,0,3,0,1.0,60,8,7.5
1,8,122,82,0,6,0,0,1,0,2,0,1,0,1,100,2,0,1.0,35,7,5.0
0,3,144,0,2,1,4,0,1,1,1,1,1,0,2,0,2,0,1.0,43,9,4.777777777777778
0,3,144,0,1,0,1,0,1,0,2,2,2,0,1,0,2,0,6.0,466,97,4.804123711340206
0,7,144,0,1,1,5,5,0,0,0,0,0,0,3,100,12,0,4.0,483,92,5.25
0,2,144,0,1,0,4,0,1,0,0,0,1,0,1,0,2,0,2.0,107,20,5.35
1,2,105,0,0,2,5,0,0,0,1,0,1,0,3,0,12,0,5.0,383,72,5.319444444444445
0,10,17,0,1,1,6,0,0,0,0,0,1,0,1,50,7,0,2.0,167,30,5.566666666666666
1,12,105,0,0,1,5,5,1,0,0,0,0,0,1,0,12,0,3.0,582,111,5.243243243243243
0,12,38,114,1,1,0,0,1,0,0,0,0,0,1,100,2,0,1.0,350,64,5.46875
0,84,77,0,1,6,0,0,1,1,2,2,2,0,1,100,2,0,3.0,400,78,5.128205128205129
1,4,135,0,1,0,1,2,1,0,2,2,2,0,1,0,12,1,2.0,285,51,5.588235294117647
0,3,144,0,0,4,0,0,1,0,2,0,1,0,1,0,12,0,9.0,225,38,5.921052631578948
1,12,105,0,1,0,6,0,1,1,1,1,1,0,1,0,7,0,2.0,67,8,8.375
0,1,144,0,1,0,1,0,1,1,1,1,1,0,1,0,12,0,1.0,103,20,5.15
0,2,144,114,0,0,1,0,1,0,0,0,1,0,2,0,2,0,3.0,130,23,5.6521739130434785
1,2,105,0,1,0,4,0,1,0,1,1,1,0,1,170,2,2,4.0,608,112,5.428571428571429
1,24,105,106,1,0,1,4,1,0,0,0,0,0,1,160,2,0,1.0,155,27,5.7407407407407405
1,4,105,0,1,2,5,0,1,0,1,1,1,0,2,0,3,0,3.0,460,79,5.822784810126582
1,5,105,82,0,0,1,3,0,0,1,1,1,0,2,50,12,0,4.0,415,74,5.608108108108108
1,5,105,0,1,5,6,0,0,0,2,0,0,0,6,0,2,0,3.0,341,66,5.166666666666667
1,10,128,80,2,1,2,3,1,2,1,1,1,0,3,0,12,0,4.0,376,75,5.013333333333334
0,2,144,0,0,0,1,5,0,0,0,0,1,0,1,0,2,0,2.0,91,16,5.6875
1,3,105,0,0,1,4,0,0,0,1,0,1,0,1,0,12,0,3.0,96,21,4.571428571428571
1,24,122,0,1,0,6,0,1,2,2,2,2,0,1,160,6,0,0.0,72,10,7.2
0,2,144,0,1,1,4,5,1,1,0,0,1,0,1,100,2,0,2.0,40,6,6.666666666666667
1,5,140,0,1,1,3,5,1,0,0,0,0,0,3,0,2,0,5.0,224,40,5.6
0,12,144,0,0,4,0,0,1,1,2,2,1,1,1,0,2,0,8.0,1244,235,5.293617021276596
1,10,105,72,0,0,6,0,2,0,2,2,2,0,1,0,12,0,3.0,542,109,4.972477064220183
1,6,105,0,0,0,4,4,1,0,1,0,1,0,1,0,2,0,12.0,46,4,11.5
1,2,114,106,1,1,4,5,1,2,1,1,1,0,1,100,2,0,1.0,358,69,5.188405797101449
1,8,103,0,1,4,6,0,2,2,1,1,2,0,1,100,2,0,5.0,586,122,4.80327868852459
0,16,144,0,2,1,3,5,1,0,2,2,2,0,5,0,3,0,0.0,607,118,5.1440677966101696
0,9,17,114,1,0,1,5,1,0,0,0,0,0,1,0,2,0,7.0,271,44,6.159090909090909
1,3,119,0,1,0,1,3,1,2,2,2,2,0,1,0,12,0,11.0,551,101,5.455445544554456
0,1,144,0,1,1,0,0,1,1,1,1,1,0,1,0,3,0,1.0,105,15,7.0
0,3,144,0,1,0,1,5,1,0,1,0,1,0,2,200,2,0,4.0,275,54,5.092592592592593
0,24,144,0,1,4,0,0,1,1,0,0,0,0,20,0,5,0,1.0,79,16,4.9375
1,2,105,0,1,0,1,0,0,0,2,2,2,0,2,0,12,0,5.0,45,8,5.625
1,2,128,0,1,1,6,0,0,0,1,0,1,1,1,0,2,0,10.0,602,112,5.375
1,8,84,0,0,2,6,0,1,1,1,1,0,0,1,100,12,0,2.0,25,5,5.0
1,5,128,0,0,1,4,0,1,0,0,0,1,0,1,0,5,0,6.0,825,172,4.796511627906977
0,1,47,114,2,0,1,0,1,1,2,0,1,0,2,0,12,0,4.0,758,141,5.375886524822695
1,96,126,0,1,5,0,0,3,1,0,0,0,0,3,0,12,0,3.0,173,33,5.242424242424242
0,12,144,0,1,4,6,0,1,0,2,2,2,0,1,0,2,1,1.0,521,92,5.663043478260869
0,2,144,114,0,0,1,0,1,1,1,0,1,0,1,0,2,0,3.0,12,2,6.0
1,1,135,113,1,2,6,0,0,0,1,1,1,0,1,0,2,0,9.0,689,126,5.468253968253968
0,3,47,114,0,0,3,0,1,1,0,0,1,0,1,0,12,0,4.0,485,88,5.511363636363637
0,3,144,0,1,0,1,0,1,0,0,0,1,0,1,0,2,0,3.0,156,27,5.777777777777778
0,1,144,0,1,0,1,1,1,0,1,1,1,0,6,0,2,0,9.0,211,36,5.861111111111111
1,4,135,0,0,1,4,5,1,2,2,0,2,0,1,0,2,0,1.0,62,13,4.769230769230769
0,2,144,114,0,1,4,0,1,0,1,1,1,0,1,0,2,0,4.0,262,50,5.24
0,1,144,0,0,2,0,0,1,0,1,1,1,0,1,0,2,0,1.0,75,11,6.818181818181818
0,3,144,0,0,0,6,0,1,1,1,0,1,0,1,0,1,0,1.0,234,36,6.5
1,3,104,81,0,3,0,0,0,1,2,2,2,0,1,0,12,0,5.0,406,77,5.2727272727272725
0,1,144,0,1,0,1,0,1,1,1,1,1,0,1,0,3,0,1.0,302,56,5.392857142857143
1,5,105,0,0,0,0,0,0,1,0,0,1,0,1,0,12,0,3.0,268,48,5.583333333333333
1,5,105,0,0,0,2,4,1,0,2,0,0,0,1,0,12,0,4.0,269,49,5.489795918367347
0,2,144,114,1,3,0,0,1,0,1,0,1,0,2,0,7,0,4.0,569,90,6.322222222222222
0,36,144,0,1,0,0,0,1,0,1,1,0,0,1,0,2,0,1.0,202,39,5.17948717948718
0,1,144,114,1,0,1,5,1,0,1,1,1,0,1,100,2,0,4.0,292,53,5.509433962264151
0,2,144,0,1,0,1,5,1,0,1,1,1,0,1,0,2,0,7.0,389,71,5.47887323943662
1,7,104,0,1,0,1,2,1,1,1,0,1,0,1,0,12,0,4.0,166,29,5.724137931034483
1,0,105,0,2,5,6,0,0,0,1,1,1,0,4,0,5,0,1.0,38,8,4.75
0,1,144,0,1,0,1,5,1,2,1,1,1,0,1,0,12,0,1.0,67,12,5.583333333333333
1,15,105,82,2,3,4,5,1,0,2,2,2,0,2,0,2,0,4.0,301,54,5.574074074074074
1,2,103,82,2,0,5,0,0,1,1,1,1,0,3,0,2,0,3.0,266,48,5.541666666666667
0,4,144,0,1,1,6,0,1,0,0,0,1,0,2,0,2,0,13.0,383,72,5.319444444444445
1,2,84,0,1,0,3,5,1,0,1,1,1,0,1,20,2,0,1.0,443,89,4.977528089887641
1,4,105,0,1,0,1,1,1,0,1,1,1,0,1,0,2,0,2.0,335,66,5.075757575757576
1,5,96,82,1,0,3,5,1,1,1,0,1,0,1,0,2,0,4.0,259,41,6.317073170731708
1,12,135,0,1,5,0,0,1,0,1,0,1,0,1,80,2,0,1.0,46,7,6.571428571428571
0,1,144,0,2,0,1,1,1,0,2,2,1,0,8,0,2,0,7.0,88,14,6.285714285714286
1,16,135,0,0,0,6,0,1,0,1,1,1,0,10,0,3,0,4.0,474,96,4.9375
0,24,144,48,1,0,1,5,1,1,2,2,2,0,1,0,12,0,5.0,2074,383,5.415143603133159
1,15,105,0,0,0,1,0,1,0,1,1,1,0,1,0,2,0,3.0,178,35,5.085714285714285
0,2,144,0,0,0,1,0,0,0,0,0,1,0,1,0,2,0,3.0,91,16,5.6875
1,5,105,0,1,1,0,0,0,0,0,0,1,0,1,0,7,0,2.0,391,74,5.283783783783784
0,8,144,0,1,0,0,0,1,0,0,0,0,0,1,0,12,0,2.0,377,73,5.164383561643835
0,4,144,114,1,1,0,0,1,0,0,0,1,0,1,150,2,0,1.0,116,23,5.043478260869565
0,3,144,114,0,0,0,0,1,0,1,1,1,0,1,0,2,0,5.0,211,41,5.146341463414634
1,3,105,0,2,0,3,5,0,0,1,1,1,0,4,0,2,0,5.0,918,185,4.962162162162162
0,3,144,0,1,0,1,4,0,1,1,1,1,0,1,0,2,0,2.0,102,22,4.636363636363637
1,2,104,0,1,0,1,3,1,1,0,1,1,0,1,20,12,0,3.0,346,61,5.672131147540983
0,1,144,0,0,0,0,0,1,0,1,1,1,0,1,0,3,0,1.0,140,21,6.666666666666667
1,0,104,83,2,0,5,5,1,1,1,1,1,0,4,100,2,0,2.0,296,54,5.481481481481482
1,2,104,0,2,1,2,0,1,1,1,1,1,0,4,0,3,0,5.0,491,89,5.51685393258427
1,12,104,0,0,2,6,0,1,1,1,1,1,0,1,0,2,0,5.0,611,110,5.554545454545455
1,4,104,81,0,0,6,0,1,1,1,0,1,0,1,0,2,0,5.0,43,9,4.777777777777778
1,2,105,0,0,1,5,5,1,1,1,1,1,0,2,0,12,0,5.0,600,115,5.217391304347826
0,4,144,0,0,1,0,0,2,1,0,0,1,0,1,0,2,0,5.0,303,59,5.135593220338983
0,1,144,0,1,0,0,0,2,0,0,0,1,0,2,0,12,0,1.0,149,23,6.478260869565218
1,3,105,82,1,0,6,0,0,0,1,0,1,0,2,0,2,0,5.0,450,93,4.838709677419355
1,12,104,0,2,0,0,0,1,1,0,0,1,0,3,0,12,0,6.0,386,68,5.676470588235294
0,3,144,114,0,0,0,0,1,0,1,1,1,0,1,0,2,0,3.0,142,31,4.580645161290323
0,12,144,114,1,0,6,0,1,0,0,0,0,0,1,0,2,0,7.0,1171,217,5.3963133640553
1,2,88,0,2,0,1,4,1,1,2,0,2,0,3,0,12,0,0.0,454,79,5.746835443037975
0,48,43,47,0,0,1,3,0,0,0,0,1,0,1,0,2,0,3.0,48,7,6.857142857142857
0,1,144,0,1,1,0,0,1,0,1,1,1,0,1,0,4,0,2.0,205,42,4.880952380952381
0,2,144,0,0,0,1,0,1,1,0,0,1,0,1,0,2,0,1.0,268,52,5.153846153846154
0,9,144,114,0,0,0,0,1,1,1,0,1,0,1,0,12,0,2.0,86,19,4.526315789473684
0,2,144,0,1,1,0,0,1,1,1,0,1,0,1,0,2,0,2.0,51,9,5.666666666666667
0,16,6,0,1,0,1,2,1,1,0,0,0,0,1,50,2,0,5.0,161,32,5.03125
0,1,144,0,1,0,1,0,1,1,1,1,1,0,1,0,4,0,1.0,117,25,4.68
1,3,105,0,1,0,0,0,1,0,1,0,1,0,1,0,2,0,3.0,358,61,5.868852459016393
0,12,144,0,1,0,0,0,1,0,0,0,0,0,1,0,2,0,7.0,462,88,5.25
1,3,105,0,1,0,2,2,0,0,1,1,1,0,1,0,12,0,5.0,712,131,5.435114503816794
0,4,144,0,1,0,1,0,1,1,0,0,1,0,1,0,2,0,4.0,220,42,5.238095238095238
0,1,144,0,2,0,1,5,1,0,0,0,0,0,2,0,4,0,3.0,483,88,5.488636363636363
1,2,105,0,0,2,6,0,0,0,1,1,1,0,1,0,2,0,5.0,60,8,7.5
0,5,144,0,0,0,1,0,0,0,0,0,1,0,1,0,2,0,3.0,37,5,7.4
0,2,144,0,1,0,6,0,1,1,2,2,0,0,1,0,12,0,3.0,129,22,5.863636363636363
1,4,120,63,1,0,0,0,1,1,1,1,1,0,1,50,2,0,5.0,96,18,5.333333333333333
1,48,105,0,1,0,1,5,1,0,0,0,0,0,1,0,2,0,3.0,333,63,5.285714285714286
1,4,105,0,0,0,1,5,2,0,1,1,1,0,1,0,12,0,3.0,1,1,1.0
1,5,135,0,0,0,5,0,1,0,1,0,0,0,1,30,2,0,5.0,121,19,6.368421052631579
0,15,41,0,0,6,0,0,0,0,0,0,1,0,1,0,2,1,12.0,522,104,5.019230769230769
0,20,144,12,1,1,5,5,1,0,0,0,0,0,2,0,12,0,11.0,912,173,5.271676300578035
1,1,105,0,0,1,2,2,1,0,1,1,1,0,1,15,2,0,5.0,124,27,4.592592592592593
1,9,103,0,1,6,0,0,1,1,0,0,0,0,1,0,2,0,3.0,128,19,6.7368421052631575
1,3,104,0,1,0,0,0,1,1,1,0,1,0,1,0,2,0,2.0,193,30,6.433333333333334
0,1,144,0,1,0,1,0,1,1,0,0,1,0,1,0,2,0,5.0,353,71,4.971830985915493
1,4,105,0,1,0,6,0,0,0,1,1,1,0,1,0,12,0,2.0,250,47,5.319148936170213
0,2,144,114,1,0,1,0,1,1,1,1,0,0,1,0,2,0,5.0,14,3,4.666666666666667
0,6,144,0,0,0,6,0,1,1,0,0,2,0,1,0,12,0,1.0,69,12,5.75
1,3,104,81,2,0,3,5,1,1,1,1,1,0,2,0,7,0,1.0,110,20,5.5
1,10,105,0,1,0,0,0,1,0,1,1,1,0,1,0,2,0,1.0,76,19,4.0
0,41,144,0,0,1,2,0,1,0,1,0,0,0,1,0,2,0,5.0,53,10,5.3
0,24,144,0,1,1,6,0,1,1,0,0,0,0,1,0,3,0,3.0,130,26,5.0
1,3,126,82,1,5,0,0,1,1,1,1,1,0,1,0,2,0,4.0,119,17,7.0
0,1,144,0,1,0,6,0,0,0,1,1,1,0,1,0,12,0,1.0,1,1,1.0
0,1,144,0,1,0,6,0,1,0,0,0,1,0,1,0,12,0,5.0,133,25,5.32
1,3,105,0,0,0,1,4,2,0,1,1,1,0,4,0,2,0,5.0,307,53,5.7924528301886795
0,3,144,0,1,1,0,0,1,0,0,0,1,0,1,50,2,0,14.0,271,53,5.113207547169812
1,1,137,0,2,1,6,0,0,1,2,2,2,0,4,0,7,0,4.0,624,122,5.114754098360656
0,2,144,0,1,4,6,0,2,0,0,0,1,0,1,50,2,0,4.0,141,27,5.222222222222222
1,2,105,0,2,0,1,5,1,0,1,1,1,0,2,0,2,0,3.0,59,11,5.363636363636363
1,48,104,0,0,5,6,0,1,0,0,0,0,0,1,0,2,0,4.0,879,152,5.782894736842105
0,8,144,0,1,0,0,0,1,0,0,0,0,0,1,0,5,0,8.0,459,87,5.275862068965517
0,15,155,0,0,0,4,0,0,1,0,0,1,0,1,200,2,0,3.0,140,25,5.6
0,1,144,0,1,0,1,1,1,0,1,0,1,0,1,0,2,0,10.0,225,40,5.625
1,2,105,0,2,2,6,0,0,0,1,1,1,0,3,0,12,0,13.0,299,54,5.537037037037037
0,1,144,114,1,1,0,0,1,0,0,0,1,0,1,0,2,2,24.0,341,50,6.82
0,2,144,0,1,4,0,0,1,0,0,0,1,0,1,0,2,0,1.0,157,32,4.90625
1,3,105,0,1,0,5,5,1,0,1,0,1,0,1,0,2,0,4.0,231,43,5.372093023255814
0,0,144,114,2,0,1,2,1,1,1,1,1,0,7,0,12,0,1.0,83,16,5.1875
0,12,144,0,0,1,6,0,1,0,1,0,1,0,1,0,2,0,2.0,206,36,5.722222222222222
0,24,144,0,1,0,0,0,1,0,0,0,0,0,1,300,2,0,2.0,435,63,6.904761904761905
1,4,135,0,0,3,6,0,0,1,0,0,1,0,1,0,12,0,7.0,371,62,5.983870967741935
1,8,105,0,1,0,0,0,1,0,0,0,1,0,1,0,2,0,1.0,466,87,5.35632183908046
1,7,103,106,0,0,6,0,2,2,1,1,1,0,1,0,2,0,5.0,382,68,5.617647058823529
0,6,17,114,1,1,6,0,1,1,0,0,0,0,1,0,2,0,3.0,354,68,5.205882352941177
0,16,144,0,2,1,3,5,1,0,2,2,2,0,5,0,3,0,5.0,607,118,5.1440677966101696
1,5,122,66,1,0,1,5,1,0,1,1,1,0,1,0,12,0,1.0,91,17,5.352941176470588
0,8,144,0,1,1,6,0,1,0,1,1,1,1,1,0,0,0,1.0,96,19,5.052631578947368
1,5,105,0,0,3,6,0,1,0,1,1,1,0,1,0,2,0,9.0,209,40,5.225
0,4,144,114,1,0,0,0,1,0,0,0,1,0,1,0,12,0,3.0,339,71,4.774647887323944
1,2,105,82,2,0,5,0,0,0,1,1,2,0,2,0,12,0,5.0,719,132,5.446969696969697
0,77,8,0,0,2,0,0,1,1,0,0,1,0,1,0,12,0,4.0,567,113,5.017699115044247
0,36,30,0,1,0,1,1,0,0,0,0,1,0,1,0,2,0,1.0,178,31,5.741935483870968
0,4,5,114,1,0,1,0,1,1,0,0,0,0,1,0,2,0,2.0,268,53,5.056603773584905
1,12,105,0,0,0,5,5,2,0,1,0,0,0,1,0,12,0,3.0,491,100,4.91
1,5,135,0,0,0,5,0,1,0,0,0,1,0,1,0,12,0,5.0,1283,245,5.236734693877551
0,2,144,0,1,1,6,0,1,0,0,0,1,0,1,0,2,3,2.0,2210,427,5.1756440281030445
1,4,103,96,1,1,0,0,1,2,1,0,1,0,1,650,2,0,6.0,65,12,5.416666666666667
1,48,105,0,2,0,6,0,1,0,1,1,1,0,5,0,2,0,4.0,37,8,4.625
1,5,105,0,1,0,1,2,1,0,1,0,1,0,1,0,12,0,3.0,305,57,5.350877192982456
0,1,144,0,2,0,1,3,1,1,0,0,1,0,5,0,12,0,11.0,393,73,5.383561643835616
0,5,144,0,1,0,1,5,1,0,0,1,1,0,1,0,5,0,4.0,322,60,5.366666666666666
1,1,105,0,0,3,6,0,1,0,1,0,1,0,1,0,12,0,2.0,655,132,4.962121212121212
1,3,105,0,1,0,1,0,1,0,1,1,2,1,1,0,2,0,1.0,35,8,4.375
1,2,105,0,0,2,5,0,1,0,1,1,1,0,1,0,2,0,1.0,460,91,5.054945054945055
0,2,144,0,0,1,0,0,1,0,1,0,1,0,1,0,3,0,2.0,606,109,5.559633027522936
1,8,85,107,1,0,1,5,1,0,1,1,0,0,1,0,2,0,6.0,397,82,4.841463414634147
1,212,105,82,2,0,4,5,0,0,0,0,2,0,3,0,12,0,3.0,239,46,5.195652173913044
1,12,104,0,1,6,0,0,1,1,1,2,2,0,1,0,0,0,1.0,10,2,5.0
1,2,128,82,2,6,0,0,0,0,1,1,1,0,2,0,5,0,1.0,24,4,6.0
1,24,105,0,1,5,0,0,0,0,0,0,2,0,1,0,12,0,3.0,221,38,5.815789473684211
0,2,12,114,1,0,0,0,1,0,0,0,0,0,1,0,2,0,7.0,709,135,5.2518518518518515
1,2,105,0,1,1,6,0,1,0,1,0,1,1,1,0,2,0,5.0,882,166,5.313253012048193
0,1,144,0,0,0,0,0,1,0,1,0,1,0,4,0,2,0,7.0,513,90,5.7
0,2,144,0,1,3,0,0,1,1,1,0,1,0,1,0,4,0,1.0,120,24,5.0
0,2,144,0,1,5,6,0,0,0,1,0,2,0,1,0,2,0,1.0,313,63,4.968253968253968
0,2,48,114,1,1,6,0,1,1,1,0,1,0,1,0,2,0,8.0,12,2,6.0
1,5,135,0,1,1,5,0,0,0,1,1,1,0,1,0,2,0,2.0,44,10,4.4
0,3,147,34,0,0,6,0,1,0,0,0,1,0,2,0,2,0,6.0,454,91,4.989010989010989
