Type,Age,Breed1,Breed2,Gender,Color1,Color2,Color3,MaturitySize,FurLength,Vaccinated,Dewormed,Sterilized,Health,Quantity,Fee,State,VideoAmt,PhotoAmt,desc_length,desc_words,average_word_length
0,10,144,9,1,0,1,5,1,1,0,0,0,0,1,0,2,0,0.0,339,65,5.2153846153846155
1,3,105,0,0,1,6,0,0,0,1,0,1,0,1,0,12,0,19.0,209,42,4.976190476190476
1,1,105,0,1,0,0,0,1,0,1,1,1,0,1,0,2,0,2.0,94,19,4.947368421052632
1,12,103,0,1,5,0,0,1,2,1,1,1,0,1,0,2,0,5.0,22,4,5.5
1,24,104,101,1,0,3,0,1,1,0,0,2,0,3,0,2,0,2.0,30,7,4.285714285714286
0,5,17,114,0,6,0,0,1,0,0,0,0,0,1,0,12,0,6.0,245,44,5.568181818181818
0,4,144,0,0,4,0,0,2,1,1,1,1,0,1,0,2,0,3.0,116,22,5.2727272727272725
1,1,105,82,2,1,2,5,0,1,1,1,1,0,2,0,2,0,3.0,994,193,5.150259067357513
0,2,144,0,1,0,1,0,1,0,1,1,1,0,1,0,12,0,2.0,120,23,5.217391304347826
0,3,144,0,1,1,0,0,1,0,1,1,1,0,1,0,2,0,4.0,188,36,5.222222222222222
0,36,47,0,0,0,4,0,2,0,0,0,0,0,1,0,2,0,4.0,1482,286,5.181818181818182
0,3,144,0,1,1,0,0,0,0,2,2,2,0,3,0,5,0,1.0,39,6,6.5
1,4,104,66,2,0,2,5,1,1,1,1,1,0,5,0,12,0,5.0,956,178,5.370786516853933
1,12,142,0,1,2,4,0,1,1,2,0,0,0,1,0,2,0,2.0,330,70,4.714285714285714
1,3,105,0,1,5,6,0,1,0,0,0,1,0,1,0,12,1,3.0,426,84,5.071428571428571
0,1,144,0,2,0,1,1,1,1,1,1,1,0,3,0,2,0,11.0,202,40,5.05
0,36,166,0,0,0,0,0,1,0,0,0,0,0,1,0,4,0,1.0,353,66,5.348484848484849
0,2,144,0,1,1,0,0,1,0,0,0,1,0,1,0,2,0,4.0,352,66,5.333333333333333
0,2,144,114,2,1,0,0,1,1,1,1,1,0,3,0,2,0,5.0,149,28,5.321428571428571
1,36,143,0,2,0,2,4,1,1,0,0,0,0,5,0,2,0,0.0,659,113,5.831858407079646
0,22,54,0,0,1,4,5,1,0,0,0,1,0,1,0,12,0,0.0,77,12,6.416666666666667
0,16,60,18,1,4,6,0,0,0,0,0,2,0,1,0,12,0,3.0,248,49,5.061224489795919
0,37,144,0,1,1,2,5,1,0,0,0,0,0,1,0,2,0,5.0,552,101,5.465346534653466
0,4,144,0,1,0,1,0,1,1,1,0,1,0,1,1,12,0,1.0,132,25,5.28
1,3,105,81,1,0,3,5,1,0,1,0,1,0,4,0,2,0,5.0,644,128,5.03125
0,36,144,0,1,1,0,0,1,0,0,0,0,0,1,0,2,0,1.0,35,6,5.833333333333333
1,12,105,107,1,0,1,0,1,0,1,2,0,0,1,0,2,0,1.0,40,8,5.0
0,2,144,0,1,0,1,5,1,1,0,0,1,0,1,0,2,0,2.0,65,13,5.0
1,1,104,0,1,0,3,5,1,2,1,0,1,0,1,0,2,2,10.0,986,171,5.766081871345029
1,6,128,0,1,1,4,0,1,1,1,1,1,0,1,0,2,0,3.0,254,52,4.884615384615385
0,2,144,0,1,0,1,0,1,1,0,0,1,0,2,0,4,0,5.0,1144,220,5.2
0,3,144,0,0,0,0,0,1,0,2,0,2,0,1,0,2,0,2.0,239,49,4.877551020408164
1,0,105,0,2,0,1,5,1,0,2,0,0,0,18,0,2,0,21.0,984,189,5.2063492063492065
1,2,105,0,0,2,0,0,2,0,2,2,2,0,2,0,3,0,5.0,468,92,5.086956521739131
0,3,144,114,1,1,0,0,1,0,0,0,0,0,1,200,2,0,6.0,43,8,5.375
1,12,104,0,0,0,0,0,0,1,2,2,2,0,1,0,2,0,1.0,139,25,5.56
0,48,41,0,0,6,0,0,0,0,0,0,1,0,1,0,12,0,1.0,41,7,5.857142857142857
0,1,22,114,0,0,1,0,1,0,1,0,1,0,1,0,3,0,5.0,30,4,7.5
0,4,144,0,1,0,1,0,1,1,0,0,1,0,1,0,2,0,4.0,220,42,5.238095238095238
1,3,105,0,0,2,0,0,1,0,0,0,1,0,1,20,2,0,0.0,110,21,5.238095238095238
1,6,104,0,0,5,6,0,1,1,0,0,0,0,1,120,2,1,5.0,698,128,5.453125
1,2,88,81,1,5,6,0,0,0,1,1,1,0,1,0,12,0,5.0,729,144,5.0625
1,3,105,0,1,4,5,5,1,0,0,0,0,0,1,100,2,0,1.0,110,21,5.238095238095238
0,6,144,0,1,0,0,0,1,1,1,0,1,0,1,0,2,1,4.0,535,100,5.35
1,2,105,0,1,0,6,0,0,0,1,1,1,0,1,0,2,0,2.0,166,30,5.533333333333333
0,4,144,0,1,1,6,0,1,1,2,0,2,0,1,0,2,0,3.0,487,101,4.821782178217822
1,2,122,80,1,0,1,3,1,2,1,0,1,0,1,100,2,0,5.0,710,129,5.503875968992248
0,4,144,0,1,6,0,0,1,0,0,0,1,0,1,0,2,0,1.0,253,47,5.382978723404255
1,5,105,0,0,0,1,5,1,0,2,2,2,0,1,0,2,0,1.0,46,9,5.111111111111111
0,1,144,0,2,0,6,0,1,0,2,2,2,0,2,0,2,0,2.0,379,72,5.263888888888889
0,3,144,0,1,1,0,0,1,1,0,0,0,0,1,0,12,0,12.0,92,16,5.75
0,48,144,0,1,2,0,0,1,2,0,0,0,0,1,0,2,0,1.0,219,36,6.083333333333333
1,12,103,80,0,2,0,0,1,2,0,2,2,0,1,0,2,0,5.0,297,60,4.95
0,3,144,0,1,1,4,0,1,0,0,0,1,0,1,0,2,0,3.0,258,50,5.16
1,3,122,101,0,1,6,0,0,1,1,1,1,0,1,200,12,0,1.0,224,32,7.0
1,12,103,0,2,0,5,5,1,1,1,1,1,0,6,0,2,0,6.0,533,107,4.981308411214953
1,6,105,0,1,2,3,5,2,0,0,0,1,0,1,0,12,0,3.0,1230,237,5.189873417721519
0,2,144,0,0,1,2,3,1,1,1,0,2,0,1,0,0,0,1.0,81,14,5.785714285714286
1,3,105,0,0,0,6,0,2,0,1,0,1,0,4,0,12,0,4.0,357,64,5.578125
1,19,105,82,0,5,0,0,1,0,0,0,0,0,2,0,2,0,4.0,123,7,17.571428571428573
1,2,104,94,1,2,6,0,1,1,1,0,1,0,1,50,3,0,2.0,664,115,5.773913043478261
1,12,135,0,0,2,0,0,2,0,0,0,0,0,1,50,12,0,4.0,110,23,4.782608695652174
1,12,105,0,1,5,6,0,1,0,2,2,0,0,1,0,2,0,5.0,656,119,5.512605042016807
0,1,144,0,1,4,0,0,1,1,2,2,2,0,2,0,0,0,1.0,89,15,5.933333333333334
0,8,144,0,0,1,0,0,1,0,0,0,0,0,1,0,2,0,9.0,179,28,6.392857142857143
0,24,144,0,0,1,0,0,2,0,0,0,0,0,1,200,2,0,3.0,48,9,5.333333333333333
1,1,122,80,0,0,6,0,2,2,1,1,1,0,1,50,2,0,3.0,383,59,6.491525423728813
1,3,105,0,0,5,6,0,0,0,1,0,1,0,1,0,12,0,1.0,66,11,6.0
0,3,144,0,0,0,1,0,1,0,0,0,1,0,1,0,2,0,2.0,45,10,4.5
0,2,144,114,1,1,0,0,1,0,1,0,1,0,1,0,2,0,6.0,123,22,5.590909090909091
0,3,144,0,1,0,0,0,0,0,0,0,1,0,1,100,12,0,2.0,33,8,4.125
0,24,144,0,1,1,2,0,1,1,0,0,0,0,2,0,3,0,21.0,931,159,5.855345911949685
1,12,105,110,1,0,1,0,0,0,0,0,0,0,1,0,2,0,7.0,752,136,5.529411764705882
1,4,105,0,0,0,3,5,0,0,2,2,2,1,3,0,12,0,1.0,175,31,5.645161290322581
0,9,144,0,1,0,1,3,1,0,0,0,0,0,1,0,2,0,2.0,531,98,5.418367346938775
1,2,105,0,0,0,6,0,0,0,1,0,1,0,1,0,12,0,5.0,104,19,5.473684210526316
1,1,104,113,2,1,3,4,0,1,1,1,1,0,5,0,2,0,2.0,171,32,5.34375
0,2,144,20,1,1,5,0,1,0,1,0,0,0,1,0,2,0,8.0,230,43,5.348837209302325
0,2,144,0,0,1,0,0,1,1,0,0,1,0,1,0,2,0,1.0,195,37,5.27027027027027
1,24,105,0,1,0,6,0,1,0,0,0,0,0,1,0,2,0,1.0,4,1,4.0
1,4,104,106,0,2,4,5,1,1,0,0,1,0,2,0,12,0,11.0,944,186,5.075268817204301
0,2,144,0,2,1,3,0,1,1,0,0,2,0,2,0,5,0,2.0,240,42,5.714285714285714
1,12,105,0,0,0,6,0,1,0,1,0,0,0,1,0,2,0,3.0,599,107,5.598130841121495
1,3,96,82,2,0,2,5,0,0,1,0,1,0,4,0,2,0,4.0,238,39,6.102564102564102
0,50,144,114,1,4,6,0,1,1,1,1,1,0,1,0,2,0,4.0,182,31,5.870967741935484
1,11,105,0,1,6,0,0,1,0,0,0,0,0,1,0,2,0,1.0,134,24,5.583333333333333
0,1,144,114,0,1,0,0,1,1,1,1,1,0,1,0,5,0,1.0,104,19,5.473684210526316
0,24,144,0,1,1,4,0,1,0,0,0,0,0,1,0,12,0,6.0,763,151,5.052980132450331
0,2,144,0,1,0,1,0,1,0,1,1,1,0,4,0,12,0,3.0,156,32,4.875
0,12,144,0,0,0,1,5,1,1,1,0,1,0,1,0,12,0,2.0,43,8,5.375
0,8,69,0,1,1,6,0,1,0,0,0,0,0,1,0,2,0,1.0,144,30,4.8
1,3,105,81,1,1,2,5,1,0,1,1,1,0,1,0,2,0,4.0,289,54,5.351851851851852
0,4,144,0,0,1,2,0,1,0,0,0,1,0,1,150,12,0,8.0,506,89,5.685393258426966
1,8,104,0,0,5,6,0,1,1,1,1,1,0,1,0,2,0,3.0,289,58,4.982758620689655
0,2,144,0,1,0,1,0,1,0,2,0,1,0,1,0,12,0,2.0,71,13,5.461538461538462
0,2,144,0,2,0,4,5,1,0,1,2,1,0,8,0,12,0,1.0,297,57,5.2105263157894735
1,3,104,0,0,0,6,0,1,1,0,0,1,0,1,0,2,5,14.0,473,86,5.5
0,3,144,0,1,2,0,0,1,1,0,0,1,0,1,200,2,1,3.0,64,12,5.333333333333333
1,12,105,0,0,0,6,0,2,1,0,0,1,0,1,0,2,0,1.0,67,8,8.375
0,24,60,0,0,5,6,0,0,2,2,2,2,0,1,0,2,0,2.0,415,80,5.1875
1,5,105,0,1,0,3,5,0,0,0,0,0,0,1,100,2,0,5.0,362,66,5.484848484848484
1,5,105,82,1,0,5,5,1,0,1,1,1,0,2,0,2,0,3.0,264,48,5.5
0,84,22,0,0,4,0,0,2,1,2,2,2,0,1,0,12,0,2.0,319,66,4.833333333333333
0,2,30,0,1,0,0,0,0,0,2,2,2,0,1,100,3,0,1.0,40,7,5.714285714285714
0,5,144,0,0,1,5,5,1,0,0,0,1,0,3,0,2,0,3.0,705,135,5.222222222222222
0,12,144,0,0,1,4,5,1,0,0,0,0,0,1,0,12,0,3.0,489,102,4.794117647058823
1,2,105,0,1,1,4,0,0,0,0,0,1,0,1,0,2,0,2.0,350,59,5.932203389830509
0,1,144,0,1,1,0,0,1,0,0,0,1,0,1,0,2,0,1.0,259,52,4.980769230769231
0,1,144,114,1,2,4,5,1,1,0,0,1,0,1,0,2,0,2.0,302,55,5.490909090909091
1,24,105,0,1,5,0,0,1,1,0,0,0,0,1,0,7,0,5.0,916,173,5.294797687861272
1,4,105,101,1,1,6,0,1,0,0,0,0,0,1,100,2,5,26.0,3453,659,5.239757207890744
1,8,105,0,2,0,1,0,1,0,1,1,1,0,3,50,2,0,14.0,242,52,4.653846153846154
1,1,104,80,2,0,5,5,1,1,0,0,2,0,4,0,12,0,4.0,66,12,5.5
0,8,144,0,1,1,0,0,1,0,0,0,0,0,1,0,12,0,9.0,229,37,6.1891891891891895
1,24,135,82,0,0,1,1,1,0,2,2,0,1,1,0,12,0,2.0,546,108,5.055555555555555
0,2,144,0,0,0,1,0,1,0,1,1,1,0,1,0,2,0,2.0,212,37,5.72972972972973
1,18,105,0,1,5,0,0,1,0,0,2,0,0,2,0,2,0,3.0,277,54,5.12962962962963
0,84,60,0,0,1,4,5,0,2,0,0,0,1,1,0,2,0,1.0,938,168,5.583333333333333
0,7,144,0,0,0,1,5,1,1,0,0,1,0,1,0,7,0,0.0,497,96,5.177083333333333
0,24,65,0,1,6,0,0,0,2,0,0,2,0,1,0,2,0,2.0,203,41,4.951219512195122
0,6,144,0,1,1,0,0,1,0,1,1,1,0,1,0,2,0,1.0,224,47,4.76595744680851
1,1,105,0,1,2,5,5,1,0,1,1,1,0,1,0,12,0,8.0,427,84,5.083333333333333
0,12,8,0,1,2,6,0,1,1,0,0,0,0,1,0,2,0,3.0,132,24,5.5
1,3,105,0,1,5,6,0,1,0,1,1,1,0,1,0,2,1,7.0,415,80,5.1875
1,3,128,0,0,6,0,0,1,0,1,1,1,0,1,0,2,2,3.0,616,119,5.176470588235294
0,1,144,0,2,0,4,0,2,0,1,1,1,0,5,0,3,0,10.0,126,23,5.478260869565218
0,12,144,0,1,4,6,0,1,1,0,0,1,0,1,0,2,0,3.0,128,26,4.923076923076923
1,3,105,0,0,0,1,0,0,0,1,1,1,0,2,0,2,0,2.0,74,17,4.352941176470588
0,2,144,0,1,0,1,0,1,0,0,0,1,0,1,0,2,0,7.0,607,111,5.468468468468468
0,5,144,0,0,1,2,5,1,0,2,2,2,0,1,0,12,0,9.0,777,144,5.395833333333333
0,2,144,0,1,0,1,0,1,1,1,1,1,0,1,0,2,0,4.0,19,4,4.75
0,1,144,0,1,0,6,0,1,0,0,0,2,0,2,0,4,0,5.0,137,27,5.074074074074074
1,9,105,0,1,2,0,0,0,0,2,2,1,0,1,1,2,0,2.0,23,1,23.0
1,3,105,0,1,1,3,0,1,0,1,0,1,0,1,0,2,0,4.0,471,84,5.607142857142857
0,36,65,114,1,0,1,2,1,1,2,2,2,0,1,0,12,0,4.0,616,112,5.5
0,2,144,0,1,0,0,0,1,0,1,1,1,0,1,0,2,0,11.0,636,117,5.435897435897436
1,27,104,81,0,5,6,0,1,1,0,0,0,0,2,0,2,0,5.0,374,73,5.123287671232877
1,12,104,0,1,0,3,0,1,1,0,0,0,0,1,0,2,0,1.0,88,17,5.176470588235294
0,1,144,114,2,0,6,0,1,0,0,0,1,0,5,0,2,1,2.0,417,80,5.2125
1,44,128,0,1,1,4,0,1,0,0,0,0,0,1,0,2,1,19.0,749,135,5.548148148148148
1,9,105,0,0,0,3,5,1,1,1,1,1,1,1,0,12,0,1.0,120,25,4.8
1,24,105,0,1,3,5,5,1,0,0,0,0,0,1,0,12,0,3.0,304,53,5.735849056603773
0,2,41,30,0,1,2,0,0,1,0,0,1,0,1,200,12,0,0.0,337,54,6.2407407407407405
1,5,135,0,0,3,4,0,1,0,0,0,1,0,1,0,2,0,4.0,353,67,5.268656716417911
1,0,105,0,2,0,1,0,1,1,1,1,1,0,4,0,2,0,1.0,318,58,5.482758620689655
0,1,144,0,1,1,0,0,1,0,1,1,1,0,3,0,2,0,3.0,215,37,5.8108108108108105
1,4,105,0,0,0,5,5,1,0,2,2,2,0,1,0,2,0,4.0,108,18,6.0
0,4,144,0,1,4,0,0,1,0,2,2,1,0,1,0,2,0,1.0,249,50,4.98
0,2,144,54,1,0,6,0,1,1,1,1,1,0,1,0,2,0,3.0,512,93,5.505376344086022
1,2,135,0,1,0,6,0,1,0,1,0,1,0,1,0,2,0,1.0,88,11,8.0
1,12,105,0,0,0,6,0,1,0,0,0,0,0,1,0,12,0,1.0,34,7,4.857142857142857
0,2,144,0,1,4,0,0,1,0,1,1,1,0,1,0,2,0,3.0,419,77,5.441558441558442
1,36,105,0,1,1,3,5,1,0,0,0,0,0,1,0,12,0,5.0,300,59,5.084745762711864
1,2,105,0,1,0,2,5,1,0,1,1,1,0,1,0,5,0,4.0,438,81,5.407407407407407
1,12,109,85,1,0,0,0,1,1,0,1,0,0,1,0,2,0,3.0,116,23,5.043478260869565
0,2,144,0,1,1,0,0,1,1,0,0,1,0,1,0,2,0,1.0,104,17,6.117647058823529
0,2,144,0,0,0,1,5,1,0,1,0,1,0,1,0,3,0,3.0,213,37,5.756756756756757
1,16,88,0,1,5,0,0,1,1,1,0,1,0,2,100,2,0,2.0,22,4,5.5
0,3,144,0,0,3,6,0,1,0,1,1,1,0,1,0,12,0,2.0,234,43,5.441860465116279
0,1,144,0,2,1,4,5,1,0,1,0,1,0,2,0,2,0,23.0,994,181,5.49171270718232
0,2,144,0,2,4,6,0,1,0,0,0,1,0,3,0,2,0,11.0,424,78,5.435897435897436
1,62,105,0,0,0,0,0,2,0,0,0,0,0,1,0,12,0,2.0,316,67,4.7164179104477615
0,2,144,114,1,1,0,0,1,0,1,0,1,0,1,0,2,0,7.0,152,27,5.62962962962963
0,2,144,0,1,1,4,5,1,0,1,0,1,1,1,0,12,0,4.0,531,99,5.363636363636363
0,3,22,114,1,6,0,0,1,0,0,0,1,0,1,150,12,0,3.0,92,13,7.076923076923077
1,4,135,0,0,5,0,0,0,0,1,0,1,0,1,0,2,0,12.0,202,38,5.315789473684211
1,3,105,0,2,0,1,3,1,1,1,1,1,0,4,0,7,0,2.0,65,12,5.416666666666667
1,29,93,96,0,3,4,0,1,1,0,0,1,0,1,70,2,0,3.0,721,138,5.22463768115942
1,1,105,0,0,5,6,0,1,0,1,1,1,0,1,0,12,0,1.0,164,28,5.857142857142857
0,5,144,114,0,3,0,0,0,0,1,1,1,0,1,0,4,0,1.0,27,4,6.75
0,3,144,131,1,0,1,0,2,0,0,0,0,0,1,300,2,0,3.0,455,79,5.7594936708860756
0,3,144,0,0,4,0,0,1,0,0,0,1,0,1,0,12,0,8.0,302,64,4.71875
1,8,96,0,1,0,2,0,0,0,0,0,0,1,1,0,2,0,1.0,42,8,5.25
0,2,144,0,0,0,6,0,1,0,1,0,1,0,1,200,12,0,3.0,161,29,5.551724137931035
1,2,105,0,1,0,1,5,1,1,1,1,1,0,1,0,12,0,8.0,54,9,6.0
1,3,84,112,1,0,2,4,1,0,1,1,1,0,1,50,2,0,2.0,423,85,4.976470588235294
0,3,144,54,0,2,4,0,1,1,1,0,1,0,1,0,2,0,6.0,325,60,5.416666666666667
0,51,67,0,0,6,0,0,2,2,0,0,1,0,1,0,2,0,1.0,144,24,6.0
1,2,103,0,2,0,2,5,0,1,1,1,1,0,2,0,2,0,4.0,146,29,5.0344827586206895
0,2,144,0,1,0,1,0,1,0,1,0,2,0,1,0,3,0,1.0,9,2,4.5
0,15,60,25,1,6,0,0,1,2,0,0,1,0,1,0,2,0,5.0,267,52,5.134615384615385
1,12,105,0,0,2,5,5,1,0,1,0,0,0,2,0,2,0,6.0,219,42,5.214285714285714
0,2,144,54,0,1,0,0,1,1,0,0,1,0,1,0,2,0,5.0,398,76,5.2368421052631575
1,15,104,0,2,0,3,4,1,1,1,0,1,0,3,0,2,0,4.0,218,36,6.055555555555555
1,8,122,0,0,2,3,0,2,1,0,0,0,0,1,0,2,0,3.0,524,104,5.038461538461538
1,2,105,0,0,1,2,3,1,0,1,1,1,0,1,0,2,0,7.0,264,48,5.5
1,1,104,0,1,0,3,5,0,1,1,0,1,0,1,0,3,0,4.0,481,85,5.658823529411765
0,6,144,0,1,1,0,0,1,0,0,0,0,0,1,0,2,0,1.0,672,135,4.977777777777778
1,24,104,0,0,0,0,0,1,1,1,1,1,0,1,0,2,0,4.0,136,24,5.666666666666667
1,12,105,0,1,3,0,0,0,0,2,0,0,0,1,0,12,0,2.0,82,12,6.833333333333333
0,4,144,16,1,4,0,0,1,0,1,1,1,0,1,0,2,0,11.0,375,67,5.597014925373134
0,4,144,0,1,1,6,0,1,0,1,0,0,0,1,150,2,4,6.0,123,23,5.3478260869565215
0,2,144,114,1,0,3,5,1,1,1,1,1,0,1,0,2,0,4.0,172,34,5.0588235294117645
0,2,144,0,1,0,3,0,1,0,0,0,1,0,1,0,2,0,4.0,201,33,6.090909090909091
1,3,104,0,0,0,0,0,1,1,1,0,1,0,1,0,2,0,5.0,105,20,5.25
0,2,144,0,0,1,6,0,1,0,0,0,1,0,1,0,2,0,1.0,70,13,5.384615384615385
1,8,105,66,2,0,1,5,1,0,0,0,1,0,6,0,12,0,6.0,590,108,5.462962962962963
1,2,104,0,0,5,6,0,0,1,1,1,1,0,1,0,2,0,1.0,181,33,5.484848484848484
0,135,51,0,0,5,6,0,0,0,2,0,2,1,1,0,2,0,0.0,1030,198,5.202020202020202
0,3,144,0,1,0,0,0,1,0,1,0,1,0,1,0,1,0,3.0,201,37,5.4324324324324325
0,3,144,0,1,1,0,0,1,0,0,0,1,0,1,0,2,0,1.0,34,6,5.666666666666667
1,5,105,0,1,5,0,0,1,0,1,1,1,0,1,0,12,0,5.0,346,67,5.164179104477612
1,3,105,0,2,0,4,5,0,0,1,1,1,0,3,0,12,0,3.0,147,28,5.25
0,2,144,114,0,1,0,0,1,1,0,0,1,0,1,0,2,0,1.0,12,2,6.0
1,3,104,0,2,0,5,5,1,1,1,0,1,0,6,0,2,0,4.0,155,26,5.961538461538462
0,1,144,114,2,0,1,0,1,0,1,1,1,0,2,0,12,0,1.0,57,12,4.75
0,24,22,0,1,0,0,0,2,0,2,0,0,0,1,0,12,0,2.0,327,61,5.360655737704918
0,6,144,0,1,1,0,0,0,0,0,0,0,0,1,0,12,0,2.0,1276,276,4.6231884057971016
1,18,105,0,1,5,6,0,1,0,1,1,1,0,1,0,3,0,2.0,719,130,5.530769230769231
0,6,69,39,0,1,4,4,1,1,0,0,0,0,1,0,2,0,7.0,587,111,5.288288288288288
0,2,144,0,1,0,0,0,1,1,1,0,1,0,1,0,4,0,3.0,152,30,5.066666666666666
0,1,144,0,1,0,1,5,0,0,2,2,1,0,1,0,1,0,3.0,24,3,8.0
0,1,144,0,2,0,1,5,2,0,1,1,1,0,4,0,2,0,6.0,511,93,5.494623655913978
1,6,105,0,1,0,6,0,1,0,0,0,0,0,1,90,2,0,5.0,4582,770,5.950649350649351
1,2,105,0,1,0,1,5,1,0,1,1,1,0,2,0,2,0,5.0,448,83,5.397590361445783
0,1,144,0,2,0,1,5,1,0,1,1,1,0,7,0,12,0,5.0,378,77,4.909090909090909
1,2,105,0,2,0,1,5,1,0,0,0,1,0,4,0,12,0,4.0,441,81,5.444444444444445
0,5,1,0,1,0,3,5,1,0,1,1,1,0,2,0,2,0,2.0,91,19,4.7894736842105265
1,12,103,0,1,1,3,3,1,1,1,1,1,0,2,0,12,0,1.0,199,40,4.975
0,2,144,0,1,1,0,0,1,0,1,0,1,0,1,5,3,0,1.0,163,24,6.791666666666667
0,31,144,0,1,0,1,5,1,1,0,0,0,0,2,0,12,0,3.0,3,1,3.0
0,12,60,0,0,1,4,0,0,1,2,2,2,0,1,0,2,0,2.0,43,9,4.777777777777778
0,36,51,0,2,0,5,5,0,1,0,0,1,0,3,0,2,0,2.0,206,33,6.242424242424242
1,12,105,0,0,0,1,5,1,0,1,1,1,0,1,100,2,0,3.0,116,26,4.461538461538462
0,1,144,0,0,4,0,0,1,1,2,2,1,0,1,0,2,0,2.0,88,17,5.176470588235294
0,16,60,0,0,0,1,5,0,2,0,0,0,0,1,180,2,0,4.0,1081,184,5.875
1,1,105,0,0,3,4,0,0,0,1,0,1,0,1,0,2,0,2.0,729,140,5.207142857142857
1,1,104,0,1,0,5,0,1,1,1,1,1,0,1,0,12,0,3.0,487,91,5.351648351648351
0,3,144,114,0,4,6,0,1,0,1,1,1,0,1,80,2,0,6.0,101,17,5.9411764705882355
0,4,144,0,1,0,1,5,1,0,0,0,1,0,1,0,2,0,4.0,660,138,4.782608695652174
1,3,105,0,0,5,6,0,0,0,1,1,1,0,1,0,2,0,8.0,392,74,5.297297297297297
0,2,144,0,1,1,0,0,1,1,2,2,2,0,1,0,0,0,1.0,54,9,6.0
1,42,105,0,1,0,3,5,0,0,0,0,0,0,1,0,2,1,4.0,866,163,5.3128834355828225
0,6,144,0,0,1,6,0,0,0,0,0,1,0,1,0,3,0,2.0,75,15,5.0
1,1,105,0,2,0,1,0,0,0,1,1,1,0,2,0,12,0,4.0,670,123,5.4471544715447155
0,2,144,114,2,0,6,0,1,1,0,0,2,0,2,0,0,0,2.0,139,24,5.791666666666667
1,12,135,0,1,5,6,0,2,0,2,0,0,0,6,0,2,0,2.0,248,49,5.061224489795919
1,1,104,0,2,0,2,0,0,1,0,1,1,0,2,0,2,0,0.0,135,23,5.869565217391305
1,10,105,0,0,0,0,0,1,0,0,0,0,0,1,100,12,0,1.0,70,11,6.363636363636363
1,72,105,0,1,0,6,0,0,0,0,0,0,0,1,0,7,0,1.0,75,15,5.0
0,12,144,0,1,4,0,0,1,0,1,0,0,0,1,0,7,0,5.0,448,91,4.923076923076923
0,3,144,114,1,0,1,0,1,1,0,0,1,0,1,0,2,0,2.0,12,2,6.0
0,1,144,0,2,0,1,5,1,1,1,1,1,0,9,0,2,0,11.0,108,22,4.909090909090909
0,24,148,0,1,0,6,0,0,0,0,0,0,0,1,350,7,0,5.0,1091,178,6.129213483146067
1,3,120,94,2,0,2,5,0,0,1,1,1,0,3,0,12,0,1.0,198,36,5.5
0,24,47,0,0,0,1,0,2,0,2,2,2,0,1,0,7,0,1.0,16,3,5.333333333333333
1,1,105,0,2,1,3,4,0,0,2,2,2,0,3,0,2,0,2.0,80,16,5.0
0,1,144,0,1,0,1,0,1,1,1,0,1,0,1,0,12,0,3.0,225,40,5.625
1,4,105,0,0,3,6,0,0,0,1,1,1,1,1,0,12,0,3.0,238,49,4.857142857142857
0,6,144,16,1,4,0,0,1,1,2,2,2,0,1,0,7,0,1.0,268,52,5.153846153846154
0,3,144,0,1,0,6,0,1,1,0,0,1,0,1,0,2,0,3.0,387,77,5.025974025974026
0,2,144,114,1,1,0,0,1,1,1,0,1,0,1,0,2,0,5.0,12,2,6.0
1,15,105,81,2,0,5,5,1,0,0,0,1,0,3,0,12,0,2.0,402,75,5.36
1,1,105,0,2,1,3,5,0,0,1,1,1,0,4,0,12,0,5.0,102,19,5.368421052631579
0,4,144,0,1,0,1,5,1,0,0,0,1,0,1,0,5,0,4.0,100,14,7.142857142857143
0,2,144,0,1,4,6,0,1,0,1,1,1,0,1,20,3,0,1.0,142,24,5.916666666666667
0,2,144,0,1,1,6,0,1,0,1,1,1,0,6,0,3,0,2.0,111,22,5.045454545454546
0,36,8,6,0,2,0,0,2,1,2,2,2,0,1,0,2,0,1.0,64,13,4.923076923076923
0,72,144,0,0,4,0,0,1,1,0,0,0,0,1,0,2,0,5.0,638,120,5.316666666666666
1,1,105,0,0,1,5,5,1,0,1,1,1,0,2,0,5,1,4.0,391,68,5.75
0,2,144,0,1,1,0,0,0,0,0,0,1,0,1,0,2,0,3.0,338,60,5.633333333333334
1,2,105,0,1,0,1,2,0,0,1,1,1,0,1,0,2,0,13.0,313,55,5.6909090909090905
0,1,144,114,1,1,2,5,0,0,1,0,1,0,1,0,5,0,2.0,50,12,4.166666666666667
0,3,144,0,1,0,6,0,1,1,1,0,1,0,2,0,2,0,1.0,20,3,6.666666666666667
0,24,144,0,1,0,6,0,0,1,0,0,0,0,1,0,2,0,3.0,138,25,5.52
0,18,159,0,0,2,0,0,1,2,0,0,1,0,1,300,2,0,3.0,1341,225,5.96
1,3,122,82,2,5,6,0,1,1,1,1,1,0,2,0,2,0,2.0,966,187,5.165775401069519
1,4,104,0,0,0,5,0,1,1,2,0,2,0,1,0,12,0,2.0,173,32,5.40625
1,17,105,0,1,0,5,5,0,0,0,2,2,1,1,0,2,0,4.0,564,112,5.035714285714286
1,14,128,0,1,1,4,0,1,1,1,0,1,0,2,0,4,0,2.0,188,36,5.222222222222222
0,3,144,0,0,1,6,0,1,0,0,0,1,0,2,0,2,0,2.0,1461,258,5.662790697674419
1,2,104,82,2,0,3,5,0,1,1,1,1,0,4,0,12,0,1.0,280,56,5.0
0,12,144,0,1,6,0,0,1,0,1,1,1,0,1,0,12,0,4.0,983,188,5.2287234042553195
1,36,126,80,2,5,0,0,1,2,0,0,1,0,5,0,2,0,5.0,289,53,5.452830188679245
1,1,104,0,0,0,6,0,0,1,1,0,1,0,1,0,6,0,10.0,327,57,5.7368421052631575
0,36,144,0,0,0,0,0,1,1,1,1,2,1,1,0,4,0,3.0,235,48,4.895833333333333
0,12,144,16,1,4,6,0,1,0,2,2,2,0,1,0,2,0,4.0,184,38,4.842105263157895
1,15,84,0,2,0,2,5,0,0,1,1,0,0,3,0,2,0,3.0,338,64,5.28125
1,3,104,0,1,0,1,4,1,1,0,0,1,0,1,60,2,0,5.0,1215,237,5.1265822784810124
0,2,144,114,1,1,0,0,1,1,1,0,1,0,1,0,2,0,5.0,12,2,6.0
1,12,105,0,0,0,1,1,1,0,1,1,1,0,1,0,2,0,3.0,466,86,5.4186046511627906
1,3,105,0,1,0,6,0,1,1,1,1,1,0,1,0,12,0,3.0,755,149,5.067114093959732
0,1,144,114,2,0,1,0,1,0,1,1,1,0,7,0,4,0,4.0,424,72,5.888888888888889
1,6,105,0,0,0,6,0,1,0,1,1,1,0,1,0,2,0,3.0,172,32,5.375
0,2,144,0,0,1,0,0,1,0,1,1,1,0,1,20,3,0,1.0,122,21,5.809523809523809
0,1,144,0,0,6,0,0,0,0,1,1,1,0,4,0,2,0,4.0,297,54,5.5
0,1,144,0,2,0,1,5,1,1,1,1,1,0,7,0,2,0,1.0,237,41,5.780487804878049
0,2,144,0,1,0,1,0,1,1,1,1,1,0,1,20,3,0,1.0,142,25,5.68
0,1,144,0,1,0,6,0,2,0,1,1,1,0,1,0,12,0,1.0,222,46,4.826086956521739
0,2,144,0,0,0,1,0,1,1,1,0,1,0,1,5,2,0,4.0,186,34,5.470588235294118
0,1,144,0,1,1,0,0,1,0,1,0,1,0,1,0,12,0,7.0,282,54,5.222222222222222
0,24,12,114,1,1,0,0,1,0,0,0,0,0,1,0,2,0,3.0,302,57,5.298245614035087
0,15,144,114,0,0,1,5,1,0,0,0,0,1,1,0,12,0,3.0,156,31,5.032258064516129
0,5,144,114,2,0,4,5,1,0,0,0,1,0,2,0,2,0,5.0,440,85,5.176470588235294
1,2,105,0,2,0,6,0,1,1,1,1,1,0,4,0,2,0,1.0,114,22,5.181818181818182
1,1,105,0,2,1,2,5,1,0,1,1,1,0,4,0,2,0,4.0,166,33,5.03030303030303
0,14,144,0,0,2,0,0,1,1,1,2,2,0,1,0,2,0,2.0,67,12,5.583333333333333
1,2,105,0,0,6,0,0,1,1,0,0,1,0,1,0,2,0,1.0,203,36,5.638888888888889
0,36,144,0,1,6,0,0,0,1,0,0,0,0,1,0,2,0,5.0,1006,189,5.322751322751323
0,84,62,0,0,0,1,5,1,0,0,0,0,0,1,0,3,0,2.0,74,16,4.625
0,4,144,0,1,3,0,0,0,1,1,0,0,0,1,0,2,0,8.0,352,64,5.5
0,1,144,0,0,1,3,0,1,1,1,1,1,0,1,1,2,0,2.0,120,20,6.0
0,2,144,0,1,0,1,0,1,1,1,0,1,0,1,0,3,0,2.0,601,108,5.564814814814815
1,3,105,0,1,5,6,0,0,0,1,0,1,0,1,0,12,0,10.0,545,105,5.190476190476191
0,1,144,0,1,0,0,0,1,0,1,0,1,0,1,0,12,0,6.0,21,5,4.2
0,1,144,0,0,0,1,5,1,1,1,1,1,0,1,0,2,0,3.0,226,46,4.913043478260869
1,14,114,96,0,4,0,0,2,2,0,0,1,0,1,300,2,0,3.0,47,9,5.222222222222222
1,1,121,104,1,0,6,0,0,0,1,1,1,0,1,0,12,0,1.0,476,92,5.173913043478261
0,2,144,0,1,0,1,5,1,0,2,2,1,0,1,0,2,0,3.0,125,22,5.681818181818182
1,4,135,0,0,3,6,0,1,0,0,0,2,0,1,0,2,0,2.0,55,8,6.875
1,4,135,0,0,0,1,5,1,0,0,0,2,0,1,0,2,0,3.0,1210,221,5.475113122171946
1,3,105,0,1,3,6,0,1,0,0,0,1,0,1,0,2,0,2.0,4,1,4.0
1,24,88,101,1,5,0,0,2,1,2,0,0,0,1,150,12,0,1.0,133,28,4.75
0,1,144,0,1,0,1,0,1,0,0,0,2,0,1,0,2,0,4.0,95,19,5.0
0,24,144,0,0,1,0,0,1,1,2,2,0,0,1,0,12,0,0.0,12,2,6.0
0,39,144,0,1,1,0,0,1,0,0,0,2,0,1,0,2,0,1.0,260,48,5.416666666666667
0,1,159,114,2,0,1,5,1,0,1,1,1,0,2,100,2,0,6.0,608,115,5.28695652173913
0,12,41,0,0,4,0,0,0,1,2,2,1,0,1,0,2,0,2.0,889,163,5.45398773006135
1,4,105,0,1,4,5,0,1,0,2,2,1,0,1,50,2,0,1.0,699,128,5.4609375
1,5,105,0,0,3,6,0,1,0,1,0,1,0,1,150,2,0,5.0,591,97,6.092783505154639
0,1,144,0,1,0,1,1,1,0,1,1,1,0,1,0,12,0,5.0,502,93,5.397849462365591
0,3,144,0,1,1,4,0,1,1,1,1,1,0,1,0,2,1,4.0,380,72,5.277777777777778
0,36,144,114,1,0,0,0,2,0,0,0,1,0,1,0,0,0,4.0,914,180,5.0777777777777775
0,1,144,0,1,1,0,0,1,0,0,0,0,0,1,0,2,0,1.0,206,42,4.904761904761905
1,1,105,0,0,5,6,0,0,0,1,1,1,0,2,0,2,0,9.0,464,83,5.590361445783133
0,1,144,0,1,1,0,0,0,0,1,1,1,0,1,0,2,0,2.0,166,27,6.148148148148148
0,2,144,0,1,0,6,0,1,0,1,1,1,0,1,0,2,0,6.0,686,138,4.971014492753623
1,1,105,0,0,0,4,0,0,0,1,0,1,0,1,0,2,0,4.0,544,100,5.44
0,5,8,16,1,2,3,0,1,1,2,0,0,0,1,0,3,0,5.0,178,33,5.393939393939394
1,4,88,82,0,0,0,0,1,0,0,0,1,0,1,0,2,0,2.0,95,15,6.333333333333333
0,31,144,0,1,2,4,0,0,0,0,0,0,0,1,80,2,0,5.0,373,74,5.04054054054054
1,36,105,0,1,4,5,5,1,0,1,0,0,0,1,0,2,0,16.0,848,156,5.435897435897436
1,2,105,0,1,0,5,0,0,0,1,1,1,0,1,0,2,0,2.0,126,22,5.7272727272727275
0,1,144,0,0,0,2,0,1,1,0,0,1,0,1,0,2,0,8.0,393,69,5.695652173913044
1,16,105,0,1,5,6,0,1,0,1,0,0,0,1,0,2,0,10.0,431,78,5.5256410256410255
1,24,103,0,1,1,0,0,1,2,0,0,0,0,2,150,7,0,1.0,211,36,5.861111111111111
0,2,144,0,1,0,1,4,1,0,1,1,1,0,4,0,2,0,1.0,104,23,4.521739130434782
0,4,144,114,0,1,6,0,1,1,0,0,1,0,1,0,2,0,2.0,12,2,6.0
1,4,105,0,0,1,0,0,1,0,1,0,0,0,1,0,2,0,2.0,180,31,5.806451612903226
0,5,69,114,1,0,6,0,0,0,0,0,1,0,1,0,2,0,4.0,145,19,7.631578947368421
0,15,65,0,0,6,0,0,1,2,2,2,2,0,1,0,2,0,2.0,327,60,5.45
0,6,144,0,1,1,6,0,1,1,0,0,0,1,1,0,2,0,6.0,239,40,5.975
1,5,128,0,0,1,0,0,1,1,1,1,1,1,1,0,2,0,3.0,16,3,5.333333333333333
0,2,144,0,1,1,2,5,1,1,1,1,1,0,1,0,2,0,2.0,175,34,5.147058823529412
1,2,105,0,2,1,3,4,0,0,1,1,1,0,4,0,7,0,4.0,196,36,5.444444444444445
1,2,105,0,0,1,5,0,0,0,0,0,1,0,1,50,2,0,1.0,103,17,6.0588235294117645
0,1,144,0,0,0,1,0,1,1,1,1,1,1,1,0,3,0,5.0,95,19,5.0
1,6,96,0,1,0,2,0,0,0,0,0,0,1,2,0,2,0,3.0,125,23,5.434782608695652
0,48,77,0,0,6,0,0,2,2,0,0,1,0,1,0,12,0,3.0,659,131,5.030534351145038
1,8,105,0,1,0,2,5,1,0,1,1,1,0,1,10,10,0,4.0,377,61,6.180327868852459
1,48,95,0,1,1,4,5,2,1,0,2,1,0,1,0,2,0,10.0,1225,240,5.104166666666667
0,2,144,0,1,0,1,0,1,0,1,1,1,0,1,20,3,0,1.0,117,20,5.85
0,12,144,0,0,0,1,0,1,1,0,0,1,0,1,0,2,0,3.0,71,15,4.733333333333333
1,2,105,0,0,0,6,0,1,0,1,0,1,0,1,50,2,0,4.0,697,124,5.620967741935484
0,3,144,0,0,1,6,0,1,0,1,0,1,0,1,0,4,0,1.0,292,59,4.9491525423728815
0,12,164,114,1,1,6,0,1,0,2,2,0,0,1,0,2,0,3.0,206,37,5.5675675675675675
1,25,122,66,0,2,0,0,1,1,0,0,0,0,1,100,2,0,5.0,82,19,4.315789473684211
1,4,105,0,1,0,1,2,1,0,1,1,1,0,3,0,2,0,2.0,271,49,5.530612244897959
1,2,105,0,1,6,0,0,0,0,1,1,1,0,1,0,2,0,2.0,815,148,5.506756756756757
0,1,17,114,0,1,6,0,1,1,1,1,1,0,1,0,12,0,1.0,220,46,4.782608695652174
0,38,144,0,0,4,6,0,1,1,0,0,1,0,1,80,2,0,2.0,144,26,5.538461538461538
0,1,144,0,1,1,4,5,1,0,1,1,1,0,1,0,2,0,5.0,410,78,5.256410256410256
1,8,105,82,1,5,6,0,1,0,0,0,1,0,1,0,2,0,5.0,108,20,5.4
0,2,144,0,0,1,0,0,1,0,1,1,1,0,1,0,2,0,1.0,127,27,4.703703703703703
1,2,104,0,2,0,4,5,0,1,1,1,1,0,3,0,2,0,0.0,363,61,5.950819672131147
0,2,69,114,0,1,4,0,1,0,1,0,1,0,1,0,2,0,2.0,176,34,5.176470588235294
0,7,144,114,0,0,1,2,1,0,0,0,2,0,1,0,7,0,0.0,140,29,4.827586206896552
1,4,105,82,0,3,6,0,0,0,1,0,1,0,1,0,12,0,4.0,640,121,5.289256198347108
0,2,144,0,0,0,1,5,1,0,0,0,1,0,1,0,2,0,1.0,105,21,5.0
1,4,105,0,2,0,2,5,1,0,1,1,1,0,3,0,12,0,6.0,108,19,5.684210526315789
1,3,105,0,1,3,6,0,0,0,1,1,1,0,1,0,12,0,0.0,42,9,4.666666666666667
1,3,105,0,1,0,3,0,1,0,1,1,1,0,1,0,2,0,3.0,119,21,5.666666666666667
0,2,12,114,1,0,0,0,1,0,0,0,0,0,1,0,2,0,7.0,709,135,5.2518518518518515
1,9,122,80,0,0,6,0,2,2,1,1,1,0,1,150,12,0,4.0,244,43,5.674418604651163
0,36,8,0,1,2,0,0,2,1,0,0,1,0,1,0,2,0,1.0,628,120,5.233333333333333
0,4,144,114,1,1,6,0,1,0,1,1,1,0,1,0,12,0,3.0,118,21,5.619047619047619
1,3,105,0,0,0,6,0,0,0,0,0,0,0,1,0,9,0,1.0,19,3,6.333333333333333
1,6,82,0,1,0,2,3,1,1,1,2,2,0,2,0,2,0,5.0,186,33,5.636363636363637
1,3,105,0,2,0,4,5,0,0,1,1,1,0,2,0,12,0,4.0,312,58,5.379310344827586
1,12,105,0,1,1,3,5,0,0,1,0,0,0,1,0,3,0,6.0,229,38,6.026315789473684
1,29,105,0,1,5,0,0,1,0,0,0,0,0,1,0,2,0,2.0,88,14,6.285714285714286
1,4,105,0,2,2,5,0,1,0,1,0,1,0,3,0,2,0,1.0,131,25,5.24
0,2,22,114,0,1,0,0,1,0,0,2,1,0,1,0,2,0,6.0,94,20,4.7
0,1,144,0,1,0,0,0,1,0,1,0,1,1,1,0,12,0,7.0,565,112,5.044642857142857
1,13,105,89,0,5,0,0,2,0,2,2,1,0,1,0,12,0,3.0,489,80,6.1125
1,2,105,0,0,0,6,0,2,0,1,1,1,0,4,0,2,0,3.0,290,56,5.178571428571429
0,12,144,0,0,0,0,0,1,0,0,0,0,0,1,0,7,0,2.0,248,52,4.769230769230769
1,6,120,0,0,0,6,0,1,0,0,0,0,0,1,0,2,0,6.0,118,21,5.619047619047619
0,1,144,0,1,0,1,0,1,0,2,2,1,0,1,0,2,0,4.0,126,22,5.7272727272727275
0,7,166,114,1,0,1,0,2,0,2,2,0,0,1,0,2,0,9.0,644,114,5.649122807017544
1,4,105,0,0,0,1,5,0,1,0,0,1,0,2,0,12,0,1.0,148,27,5.481481481481482
0,5,144,0,2,0,1,5,1,1,0,0,0,0,3,0,2,0,5.0,563,110,5.118181818181818
1,2,105,82,0,3,0,0,0,0,1,0,1,0,1,0,2,0,1.0,341,68,5.014705882352941
0,2,144,0,0,0,1,5,1,0,2,2,1,0,1,0,2,0,1.0,126,21,6.0
1,10,105,0,0,0,6,0,1,0,0,0,0,0,1,0,2,0,16.0,104,21,4.9523809523809526
0,24,144,0,0,2,0,0,1,1,0,0,1,0,1,0,12,0,8.0,603,107,5.635514018691588
1,11,105,0,0,3,0,0,1,0,0,0,0,0,1,50,12,0,2.0,43,6,7.166666666666667
0,1,144,114,1,0,3,0,1,0,1,1,1,0,2,0,3,0,3.0,118,22,5.363636363636363
1,1,104,0,0,2,3,3,2,1,1,1,1,0,1,0,2,0,4.0,867,176,4.926136363636363
1,24,105,0,0,3,0,0,1,0,1,1,1,1,1,0,12,0,2.0,732,132,5.545454545454546
1,8,105,0,1,0,2,5,1,0,1,0,1,0,1,0,2,0,5.0,289,52,5.5576923076923075
1,5,104,0,0,2,3,5,1,1,0,0,1,0,1,0,2,0,2.0,69,12,5.75
0,18,144,114,0,0,1,0,1,0,1,1,0,0,1,0,12,0,1.0,88,11,8.0
1,24,129,0,0,3,4,0,2,1,0,0,0,0,1,0,2,0,5.0,198,35,5.6571428571428575
1,3,105,96,0,3,6,0,2,1,0,0,1,0,1,0,12,0,1.0,63,7,9.0
0,24,54,114,1,0,6,0,1,0,0,0,0,0,1,0,12,0,3.0,254,42,6.0476190476190474
0,12,144,0,2,1,0,0,1,1,2,2,2,0,4,0,12,0,5.0,2150,366,5.8743169398907105
1,5,105,0,1,0,6,0,1,0,0,0,1,0,1,0,12,0,2.0,200,39,5.128205128205129
0,3,144,76,1,0,1,0,1,0,0,0,1,0,1,0,2,0,8.0,341,60,5.683333333333334
1,2,125,0,1,4,6,0,1,2,0,0,1,0,1,250,2,1,11.0,1298,229,5.668122270742358
0,9,144,0,1,6,0,0,1,1,0,0,2,0,1,0,12,0,3.0,71,13,5.461538461538462
1,3,105,0,1,1,4,5,1,0,1,1,1,0,1,10,4,0,3.0,340,64,5.3125
0,4,144,0,2,1,4,0,1,0,1,1,1,0,2,200,2,0,2.0,365,70,5.214285714285714
1,4,135,0,1,3,6,0,1,0,0,0,1,0,1,0,12,0,7.0,335,61,5.491803278688525
0,2,144,114,2,1,6,0,1,0,1,1,1,0,9,0,3,0,3.0,166,31,5.354838709677419
1,16,105,0,1,1,0,0,1,0,0,2,2,0,4,0,2,0,4.0,41,8,5.125
1,1,105,0,0,0,0,0,1,1,1,0,1,0,1,0,12,0,2.0,661,128,5.1640625
0,4,144,0,0,0,1,0,1,0,1,1,1,0,1,0,2,0,2.0,409,71,5.76056338028169
0,3,144,0,0,1,0,0,1,0,1,0,1,0,1,0,2,0,3.0,568,110,5.163636363636364
0,3,144,0,2,0,1,5,1,0,1,1,1,0,3,0,2,0,7.0,715,140,5.107142857142857
0,4,144,0,1,1,0,0,1,0,0,0,1,0,1,0,2,0,2.0,138,22,6.2727272727272725
1,4,122,81,1,6,0,0,1,2,1,0,1,0,1,300,2,0,4.0,786,141,5.574468085106383
0,1,144,0,1,0,1,2,2,1,1,1,1,0,7,0,2,0,1.0,20,3,6.666666666666667
1,1,135,0,1,0,6,0,0,0,1,1,1,0,1,0,2,0,2.0,165,29,5.689655172413793
0,2,144,0,2,0,6,0,2,0,2,2,2,0,7,0,12,0,3.0,248,49,5.061224489795919
0,3,144,131,1,0,1,0,1,0,0,0,1,0,1,200,2,0,5.0,668,119,5.61344537815126
0,3,144,0,0,0,2,0,1,0,1,1,1,0,1,0,12,0,4.0,258,43,6.0
0,17,144,0,0,0,1,0,1,0,1,1,1,0,1,0,7,0,6.0,168,25,6.72
0,3,144,0,1,1,0,0,1,1,0,0,1,0,1,0,2,0,1.0,238,47,5.0638297872340425
1,1,135,0,2,0,3,4,0,0,1,1,1,0,4,0,7,0,7.0,267,52,5.134615384615385
0,3,144,0,1,1,0,0,2,0,0,0,1,0,1,0,2,0,3.0,323,58,5.568965517241379
0,3,144,0,1,0,0,0,1,0,1,0,1,0,1,80,2,0,1.0,103,20,5.15
0,4,144,0,0,0,0,0,1,0,0,0,1,0,1,50,2,0,5.0,296,60,4.933333333333334
0,48,144,114,0,1,0,0,1,1,0,0,1,0,1,0,2,0,3.0,147,4,36.75
1,3,104,0,2,0,6,0,1,1,1,1,1,0,2,0,2,0,3.0,165,25,6.6
1,2,120,0,2,0,5,5,0,0,1,1,1,0,3,0,5,0,4.0,250,47,5.319148936170213
0,2,144,114,1,0,1,1,1,1,0,0,1,0,1,0,2,0,3.0,357,65,5.492307692307692
0,3,144,0,1,0,6,0,1,0,2,2,1,0,1,0,2,0,9.0,370,70,5.285714285714286
1,1,105,0,2,0,1,5,1,0,1,1,1,0,4,0,2,0,4.0,95,16,5.9375
0,12,144,0,1,2,3,0,1,1,1,0,1,0,1,0,4,0,3.0,151,31,4.870967741935484
0,84,41,0,1,1,0,0,1,1,0,0,2,0,1,0,10,0,1.0,463,88,5.261363636363637
0,2,144,114,1,0,1,5,1,0,1,1,1,0,3,0,12,0,6.0,717,134,5.350746268656716
1,12,105,101,1,1,4,5,2,1,0,0,1,0,2,0,2,0,2.0,232,46,5.043478260869565
0,3,144,0,1,0,1,0,1,1,1,1,1,0,2,0,2,0,2.0,340,57,5.964912280701754
0,2,144,114,0,0,1,5,1,1,1,0,1,0,1,0,2,0,4.0,12,2,6.0
0,7,144,15,0,0,4,0,1,1,0,0,0,0,1,0,4,0,6.0,1275,236,5.4025423728813555
0,1,144,0,2,0,1,5,1,0,0,0,1,0,3,0,2,0,29.0,446,84,5.309523809523809
1,2,105,0,1,1,2,5,1,0,1,1,1,0,1,10,2,0,4.0,105,23,4.565217391304348
1,5,135,0,1,0,6,0,0,0,0,0,1,0,1,0,12,0,3.0,973,187,5.2032085561497325
1,1,105,0,0,0,1,5,1,0,0,0,1,0,1,0,2,0,5.0,112,21,5.333333333333333
1,1,88,0,0,5,0,0,0,0,1,1,1,0,1,0,2,0,2.0,307,62,4.951612903225806
1,2,105,82,2,3,5,0,1,0,1,1,1,0,2,0,12,0,4.0,126,25,5.04
0,2,144,0,0,0,0,0,0,0,0,0,0,0,1,0,12,0,1.0,381,83,4.590361445783133
0,9,144,116,0,0,6,0,1,0,0,0,0,1,1,0,2,0,1.0,509,102,4.990196078431373
1,30,105,0,2,0,5,5,1,1,0,0,0,0,2,2,2,0,1.0,156,28,5.571428571428571
0,72,144,0,1,0,6,0,0,1,0,0,0,0,1,0,2,0,2.0,580,113,5.132743362831858
0,2,144,0,1,4,6,0,1,0,1,1,1,0,1,0,12,1,5.0,116,27,4.296296296296297
0,12,144,0,1,0,2,5,1,1,0,0,0,0,1,100,3,0,5.0,282,42,6.714285714285714
0,36,8,0,0,2,0,0,1,2,2,2,1,0,1,0,12,0,3.0,326,59,5.52542372881356
0,36,5,114,0,0,0,0,1,0,1,1,1,0,1,0,2,0,1.0,250,44,5.681818181818182
1,3,105,0,0,1,6,0,0,0,0,0,1,0,1,0,12,0,2.0,114,20,5.7
0,36,155,0,0,1,0,0,0,0,0,0,1,1,1,0,2,0,3.0,483,89,5.426966292134831
1,3,105,0,1,0,1,4,1,0,2,2,2,0,2,0,12,0,2.0,278,51,5.450980392156863
0,2,144,0,2,0,1,3,1,1,2,2,1,0,9,0,12,0,5.0,110,18,6.111111111111111
0,24,54,0,1,0,1,5,1,0,2,2,2,0,1,0,12,0,2.0,111,18,6.166666666666667
0,24,144,0,1,0,1,0,1,1,0,0,0,0,1,0,2,0,3.0,302,55,5.490909090909091
1,2,104,0,1,0,6,0,1,1,1,1,1,0,1,0,12,0,4.0,184,36,5.111111111111111
0,1,144,0,1,4,6,0,1,0,0,0,1,0,1,50,2,0,3.0,72,16,4.5
0,2,22,114,1,1,3,3,1,1,1,0,1,0,1,0,2,0,8.0,419,63,6.650793650793651
0,2,144,0,0,0,6,0,1,1,0,0,1,1,1,0,12,0,4.0,298,57,5.228070175438597
0,12,144,0,1,6,0,0,1,0,2,0,2,0,1,0,2,0,6.0,30,6,5.0
1,2,128,81,2,1,4,5,0,1,1,1,1,0,4,0,12,0,27.0,544,103,5.281553398058253
1,1,105,0,1,0,6,0,1,0,1,0,1,0,1,0,12,0,2.0,59,9,6.555555555555555
1,4,105,0,1,0,4,5,0,0,1,1,1,0,1,0,12,0,5.0,427,76,5.618421052631579
0,3,144,0,1,1,4,0,1,0,0,0,1,0,1,0,2,1,2.0,406,82,4.951219512195122
0,2,144,0,1,4,5,5,1,0,0,0,1,0,1,0,2,0,1.0,58,10,5.8
0,2,144,0,1,1,0,0,0,0,1,1,1,1,1,0,12,0,2.0,213,42,5.071428571428571
0,2,144,114,1,1,0,0,1,1,0,0,1,0,1,0,2,0,2.0,14,3,4.666666666666667
0,2,144,0,1,3,0,0,1,0,1,0,1,0,1,0,12,0,7.0,186,36,5.166666666666667
1,3,104,81,1,1,6,0,1,1,0,0,1,1,1,0,12,0,2.0,369,64,5.765625
1,12,104,0,0,0,6,0,1,1,0,0,1,0,1,0,5,0,3.0,192,38,5.052631578947368
1,1,105,0,0,3,6,0,0,0,1,0,1,0,1,0,2,0,3.0,88,17,5.176470588235294
1,0,105,81,0,0,0,0,1,0,1,1,1,0,1,0,2,1,10.0,1152,213,5.408450704225352
0,2,144,0,0,6,0,0,1,0,0,2,2,0,1,50,7,0,1.0,287,53,5.415094339622642
0,2,8,114,1,0,6,0,1,0,0,1,1,0,1,0,7,0,5.0,165,33,5.0
0,24,150,0,2,1,6,0,1,0,0,0,0,0,2,0,12,0,1.0,550,108,5.092592592592593
1,1,105,0,0,0,6,0,0,0,1,1,1,0,1,0,2,0,4.0,229,46,4.978260869565218
0,12,144,0,0,1,0,0,1,0,1,0,1,0,1,250,12,0,1.0,366,67,5.462686567164179
1,4,104,0,0,5,0,0,1,1,1,1,1,0,1,0,2,0,5.0,83,14,5.928571428571429
1,12,105,0,1,2,6,0,1,1,1,1,1,0,1,0,12,0,1.0,469,86,5.453488372093023
0,2,144,114,0,0,1,0,1,0,0,0,1,0,1,0,12,0,3.0,309,50,6.18
0,14,144,0,0,0,1,0,1,1,0,0,0,0,1,0,12,0,2.0,92,18,5.111111111111111
1,12,93,99,1,0,2,5,1,0,2,0,0,0,1,0,3,0,2.0,384,75,5.12
0,17,144,0,1,0,5,0,2,1,0,0,0,0,1,0,2,0,5.0,815,146,5.582191780821918
1,2,104,0,1,5,0,0,0,1,1,1,1,0,1,0,2,0,1.0,26,4,6.5
1,1,135,82,1,1,2,3,1,0,1,0,1,0,1,50,2,0,7.0,714,130,5.492307692307692
0,3,144,114,0,0,3,0,0,1,0,2,2,0,2,0,2,0,4.0,52,10,5.2
0,1,22,114,1,0,1,5,1,0,1,1,1,0,1,0,1,0,4.0,295,62,4.758064516129032
1,12,96,82,1,3,5,5,1,0,0,0,0,0,1,0,3,0,5.0,762,138,5.521739130434782
1,9,105,0,1,3,0,0,1,0,2,2,2,1,1,0,2,0,3.0,444,94,4.723404255319149
0,3,144,0,0,3,4,0,1,0,0,0,1,0,1,100,3,0,1.0,75,15,5.0
0,4,22,114,0,2,3,5,1,0,0,0,1,0,1,0,2,0,7.0,976,168,5.809523809523809
0,1,144,0,1,0,1,0,1,0,0,0,1,0,1,0,2,0,10.0,430,75,5.733333333333333
0,24,144,114,1,6,0,0,0,0,0,0,0,0,1,0,2,0,3.0,764,152,5.026315789473684
0,2,144,114,1,3,0,0,1,0,1,0,1,0,2,0,7,0,4.0,569,90,6.322222222222222
0,2,78,0,1,1,6,0,1,1,0,0,1,0,1,0,2,0,2.0,65,12,5.416666666666667
0,3,144,0,1,1,2,0,1,1,0,0,1,0,2,0,12,0,2.0,705,129,5.465116279069767
1,6,105,0,1,0,1,1,0,0,0,0,0,0,1,30,12,0,1.0,264,52,5.076923076923077
1,2,128,82,0,1,6,0,0,0,1,0,1,0,1,100,2,0,5.0,506,91,5.56043956043956
0,24,8,0,1,2,0,0,2,1,0,0,1,0,1,400,12,0,24.0,38,6,6.333333333333333
0,1,69,114,1,1,6,0,1,0,0,0,1,0,1,0,2,0,7.0,164,27,6.074074074074074
1,3,105,0,0,0,0,0,0,0,1,0,1,0,1,0,12,0,1.0,90,16,5.625
1,2,105,0,0,1,2,5,1,0,1,0,0,0,1,0,2,0,4.0,559,105,5.3238095238095235
0,12,144,0,1,0,6,0,0,0,1,1,1,0,1,0,12,0,5.0,525,91,5.769230769230769
0,12,144,0,0,1,6,0,1,0,2,2,0,0,1,0,2,0,4.0,211,43,4.906976744186046
0,24,144,114,0,3,6,0,2,0,0,0,1,0,1,100,5,0,3.0,273,48,5.6875
0,3,144,0,0,1,2,0,1,0,0,0,2,1,1,0,2,1,9.0,356,71,5.014084507042254
1,2,105,0,2,0,1,1,0,0,0,0,0,0,5,100,2,0,24.0,2637,447,5.899328859060403
1,2,105,0,2,1,5,5,0,0,1,0,1,0,5,0,12,0,5.0,30,6,5.0
1,2,105,0,0,1,3,0,1,1,1,1,1,0,1,0,2,0,3.0,219,38,5.7631578947368425
1,3,105,0,0,0,6,0,1,0,0,0,0,0,1,0,2,0,21.0,538,110,4.890909090909091
1,12,105,0,1,0,5,5,1,0,0,0,1,0,3,0,12,0,2.0,150,24,6.25
1,1,135,0,1,0,2,5,1,0,1,0,1,0,1,0,12,0,2.0,636,130,4.892307692307693
1,17,105,0,0,0,5,5,1,0,0,0,0,0,1,0,2,0,7.0,429,79,5.430379746835443
1,1,104,0,1,0,1,5,1,1,1,1,2,0,3,0,2,0,3.0,194,38,5.105263157894737
0,24,144,0,0,1,0,0,1,1,0,0,0,0,1,0,4,0,5.0,385,74,5.202702702702703
0,1,144,0,0,1,0,0,1,0,1,1,1,0,1,0,12,0,1.0,308,53,5.811320754716981
1,1,103,82,0,0,6,0,0,1,1,1,1,0,1,30,7,0,4.0,221,39,5.666666666666667
1,3,103,0,1,0,5,5,1,2,1,1,1,0,1,100,2,0,2.0,76,10,7.6
0,11,144,0,1,6,0,0,1,2,2,2,2,0,1,0,2,0,1.0,52,8,6.5
1,12,105,0,0,3,0,0,1,0,1,0,0,0,1,0,2,0,4.0,677,133,5.090225563909774
0,255,144,0,0,1,6,0,1,1,2,2,2,0,1,0,4,0,3.0,73,14,5.214285714285714
1,1,105,0,0,1,3,3,1,0,1,1,1,0,1,0,1,0,4.0,370,62,5.967741935483871
0,49,144,114,0,1,0,0,1,0,0,0,0,0,2,0,2,0,3.0,224,38,5.894736842105263
0,48,144,0,0,1,3,0,2,0,2,1,1,0,1,1,2,0,0.0,42,8,5.25
0,12,155,0,1,2,6,0,0,1,0,0,1,0,1,0,3,0,3.0,748,137,5.45985401459854
0,4,144,0,0,1,0,0,2,1,0,0,1,0,1,0,3,0,5.0,378,69,5.478260869565218
1,2,105,0,0,0,2,5,2,0,1,1,1,0,3,0,12,0,5.0,573,100,5.73
1,1,120,0,0,0,0,0,1,0,1,1,1,0,1,0,2,0,1.0,214,34,6.294117647058823
0,60,41,0,1,6,0,0,0,1,0,0,2,0,1,1,7,0,1.0,238,45,5.288888888888889
0,3,144,0,0,0,0,0,1,1,2,2,2,0,1,0,2,2,1.0,357,73,4.890410958904109
0,8,144,114,0,0,0,0,1,0,0,0,1,0,2,100,2,0,2.0,1117,209,5.344497607655502
1,12,105,0,0,3,0,0,1,0,0,0,0,0,1,0,12,0,1.0,61,11,5.545454545454546
0,24,144,114,1,6,0,0,2,1,0,0,1,0,1,0,2,0,5.0,393,76,5.171052631578948
0,5,144,130,1,0,5,5,1,1,0,0,1,0,1,0,2,0,2.0,419,84,4.988095238095238
1,18,104,0,1,2,0,0,1,1,2,2,2,0,1,100,2,0,6.0,128,23,5.565217391304348
0,6,5,114,1,0,0,0,2,1,0,0,1,0,1,0,2,0,2.0,430,84,5.119047619047619
0,2,144,114,0,1,6,0,1,0,0,0,1,0,1,0,12,0,3.0,241,43,5.604651162790698
1,3,105,0,1,0,6,0,0,0,1,1,1,0,1,0,12,0,15.0,611,127,4.811023622047244
1,2,105,0,1,0,1,4,1,0,1,0,1,0,1,0,2,0,2.0,711,135,5.266666666666667
1,3,105,82,0,0,5,5,1,0,0,0,1,0,1,0,2,1,4.0,630,112,5.625
0,24,54,0,1,0,1,5,1,0,0,0,1,0,1,100,2,0,0.0,209,41,5.097560975609756
0,2,144,114,0,1,6,0,1,1,1,0,1,0,1,0,2,0,2.0,14,3,4.666666666666667
0,2,144,0,0,1,0,0,0,0,1,1,1,0,1,0,12,0,2.0,1322,271,4.878228782287823
1,2,105,0,1,0,3,5,0,0,1,0,1,0,1,0,2,4,13.0,1918,360,5.3277777777777775
1,3,105,0,0,1,0,0,0,0,1,0,1,0,1,0,3,0,2.0,94,14,6.714285714285714
1,36,105,101,1,5,6,0,0,0,2,2,2,0,1,0,2,0,2.0,984,179,5.4972067039106145
0,1,144,0,1,1,0,0,1,0,1,1,1,0,1,0,4,0,2.0,207,43,4.813953488372093
0,2,144,0,0,1,0,0,1,1,0,0,1,0,1,80,3,0,1.0,332,58,5.724137931034483
0,1,147,0,1,0,4,5,1,1,1,1,1,0,1,200,6,0,5.0,174,29,6.0
0,3,144,0,1,1,6,0,1,0,0,0,1,0,1,0,12,0,15.0,807,157,5.140127388535032
1,8,128,0,0,6,0,0,1,0,1,1,1,0,1,100,2,0,1.0,15,3,5.0
1,2,128,82,2,6,0,0,0,0,1,1,1,0,2,0,5,0,1.0,24,4,6.0
1,2,104,0,2,1,2,0,1,1,1,1,1,0,4,0,3,0,5.0,491,89,5.51685393258427
1,3,104,81,1,0,5,5,0,1,1,0,0,0,3,0,7,0,9.0,347,12,28.916666666666668
0,36,144,0,1,1,0,0,0,2,0,2,1,0,1,0,12,0,1.0,299,58,5.155172413793103
0,60,144,0,1,0,0,0,1,1,0,0,0,0,1,0,2,0,11.0,471,95,4.957894736842105
1,1,105,0,1,1,6,0,0,0,1,1,1,0,1,0,2,0,4.0,38,9,4.222222222222222
1,18,122,93,1,4,6,0,1,2,0,0,1,0,1,500,0,0,4.0,243,46,5.282608695652174
1,12,82,0,1,0,5,5,1,1,2,2,2,0,1,150,2,0,2.0,79,15,5.266666666666667
1,3,105,82,1,0,3,5,0,0,1,0,1,0,1,0,12,0,5.0,224,41,5.463414634146342
0,24,144,0,1,3,4,5,1,0,0,0,0,0,1,0,12,0,7.0,214,36,5.944444444444445
1,12,105,0,1,1,4,5,1,0,1,1,1,0,1,0,2,0,1.0,264,56,4.714285714285714
0,3,144,0,0,0,1,0,1,1,0,0,2,0,1,0,3,0,1.0,216,39,5.538461538461538
0,24,8,114,0,3,4,5,1,2,0,0,0,0,1,0,2,0,7.0,458,67,6.835820895522388
0,2,144,0,1,1,6,0,1,0,1,0,1,0,1,0,4,0,1.0,297,59,5.033898305084746
0,11,144,0,0,1,6,0,1,1,0,2,2,0,1,0,2,0,3.0,69,14,4.928571428571429
0,2,144,0,1,0,0,0,1,0,1,0,1,0,1,5,3,0,1.0,163,24,6.791666666666667
1,2,105,0,1,0,6,0,0,1,1,1,1,0,1,0,12,0,1.0,12,2,6.0
1,2,104,81,2,0,1,0,0,0,1,1,1,0,4,0,2,0,5.0,387,67,5.776119402985074
0,30,41,0,0,1,0,0,0,1,0,0,0,1,1,200,2,0,5.0,1376,255,5.396078431372549
0,8,144,0,1,1,6,0,1,1,0,0,1,0,1,0,2,0,2.0,129,23,5.608695652173913
1,15,122,81,0,1,4,5,2,1,0,0,0,0,1,0,2,0,1.0,554,107,5.177570093457944
0,84,54,0,1,0,1,5,1,0,0,0,0,0,1,100,3,0,1.0,19,3,6.333333333333333
1,4,105,0,0,0,6,0,1,0,1,1,1,0,1,0,8,1,5.0,300,54,5.555555555555555
0,32,41,0,1,1,0,0,0,0,0,0,0,0,1,500,2,0,3.0,61,10,6.1
1,12,105,0,2,0,1,5,1,0,2,2,2,0,2,0,12,0,2.0,13,3,4.333333333333333
1,10,109,101,1,1,0,0,1,0,1,1,1,0,1,0,2,0,2.0,333,67,4.970149253731344
0,2,144,114,0,1,6,0,1,1,0,0,1,0,1,0,2,0,1.0,27,6,4.5
0,84,37,0,2,0,2,0,0,1,0,0,0,0,2,0,2,0,1.0,235,44,5.340909090909091
0,60,152,114,0,4,5,5,2,0,0,0,0,0,1,0,2,0,5.0,370,71,5.211267605633803
0,91,60,0,1,1,6,0,0,1,0,0,0,0,1,0,12,0,1.0,262,50,5.24
1,1,105,0,1,3,6,0,0,0,1,1,1,1,1,1,2,0,16.0,1016,190,5.347368421052631
0,4,144,0,1,1,6,0,2,0,1,1,1,0,2,0,2,0,2.0,146,24,6.083333333333333
1,3,103,81,1,0,1,4,1,1,1,1,2,0,1,0,12,0,9.0,655,102,6.421568627450981
0,1,144,16,1,0,1,0,0,0,1,1,1,0,6,0,2,0,5.0,57,12,4.75
1,2,105,0,1,0,6,0,0,0,1,1,1,0,1,0,12,0,1.0,602,114,5.280701754385965
0,2,144,0,2,0,1,3,1,0,1,1,1,0,2,0,2,0,4.0,645,119,5.420168067226891
1,1,105,106,1,5,0,0,0,0,0,0,1,0,1,0,2,0,3.0,419,76,5.5131578947368425
0,12,144,0,0,1,6,0,1,0,0,0,1,0,1,0,2,0,3.0,179,37,4.837837837837838
0,1,144,0,0,6,0,0,1,0,2,2,1,0,1,0,2,0,2.0,86,16,5.375
1,4,143,113,0,0,6,0,2,0,0,0,1,0,1,0,12,0,5.0,623,114,5.464912280701754
0,27,144,0,1,1,6,0,1,0,0,0,0,0,1,0,12,0,6.0,450,79,5.69620253164557
1,2,105,0,2,0,6,0,0,0,1,1,1,0,3,0,7,0,0.0,70,12,5.833333333333333
1,4,104,0,1,2,3,0,1,1,1,1,1,0,1,0,12,0,4.0,128,27,4.7407407407407405
0,2,22,114,0,1,6,0,1,1,1,1,1,0,1,0,12,0,1.0,124,27,4.592592592592593
1,4,122,81,0,0,6,0,1,1,0,0,1,0,1,0,2,0,3.0,366,57,6.421052631578948
0,1,144,114,1,0,1,0,1,1,1,1,1,0,1,0,2,0,1.0,12,2,6.0
1,3,104,0,0,0,6,0,0,1,1,1,1,0,1,0,2,0,4.0,794,145,5.475862068965517
1,2,120,0,0,0,6,0,0,0,2,2,2,0,1,0,3,0,1.0,257,49,5.244897959183674
0,1,144,0,0,1,2,3,1,1,1,0,1,0,1,0,2,0,5.0,259,29,8.931034482758621
1,2,105,81,0,1,3,5,1,0,1,1,1,1,2,0,2,0,2.0,154,31,4.967741935483871
0,6,17,114,1,1,6,0,1,1,0,0,0,0,1,0,2,0,3.0,354,68,5.205882352941177
1,1,115,106,0,0,1,1,1,0,1,0,1,0,1,0,2,0,4.0,218,44,4.954545454545454
0,3,22,41,1,0,1,0,1,1,2,2,1,0,1,0,3,0,2.0,585,108,5.416666666666667
1,24,103,0,2,0,1,5,2,2,1,0,1,0,2,0,12,0,6.0,339,61,5.557377049180328
0,7,17,114,1,1,4,0,1,0,0,0,0,0,1,0,12,0,9.0,207,36,5.75
1,5,126,110,1,2,5,5,1,0,0,0,1,0,1,0,2,1,6.0,1564,275,5.6872727272727275
1,3,105,0,0,0,2,5,1,0,1,0,1,0,4,0,2,0,15.0,425,61,6.967213114754099
0,3,144,0,1,0,1,0,1,0,2,2,2,0,1,0,2,0,6.0,466,97,4.804123711340206
1,12,105,82,0,1,0,0,1,0,1,0,1,0,1,0,3,0,3.0,23,4,5.75
1,1,128,82,1,1,4,0,1,0,1,1,1,0,1,0,3,0,1.0,60,8,7.5
0,2,144,0,1,0,1,5,1,0,1,1,1,0,1,20,3,0,1.0,201,32,6.28125
0,1,144,0,0,0,1,0,1,0,1,0,1,0,1,0,3,0,4.0,277,48,5.770833333333333
1,2,135,82,1,0,5,0,0,0,0,0,1,0,1,0,3,1,5.0,936,175,5.348571428571429
0,1,144,0,1,0,1,5,0,1,1,1,1,0,1,0,2,0,15.0,65,13,5.0
1,1,105,113,2,0,6,0,1,0,1,0,1,0,2,0,12,0,4.0,15,2,7.5
1,5,104,0,2,3,5,5,1,1,1,1,1,0,2,0,2,0,7.0,276,53,5.2075471698113205
0,2,144,0,1,4,0,0,1,0,1,1,1,0,2,0,2,0,4.0,460,90,5.111111111111111
0,2,155,20,2,1,0,0,0,0,0,0,1,0,2,0,3,0,5.0,515,100,5.15
0,3,144,0,0,0,0,0,1,1,2,2,1,0,1,0,2,0,6.0,176,28,6.285714285714286
1,24,105,82,1,5,0,0,1,0,0,0,0,0,1,0,2,0,3.0,41,4,10.25
0,1,8,16,2,0,1,5,1,1,0,0,1,0,7,200,2,0,11.0,244,45,5.4222222222222225
1,4,128,82,2,3,4,4,1,1,0,0,1,0,2,0,3,0,4.0,841,150,5.6066666666666665
1,3,122,89,0,5,0,0,1,1,0,0,1,0,1,700,3,0,6.0,540,108,5.0
0,2,144,0,2,1,6,0,1,0,0,0,1,0,2,0,4,1,10.0,250,49,5.1020408163265305
1,4,105,82,0,5,0,0,1,0,1,0,1,0,1,0,2,0,5.0,527,110,4.790909090909091
0,1,144,0,1,0,0,0,1,1,1,1,1,0,1,0,3,0,1.0,133,22,6.045454545454546
0,36,144,0,0,1,0,0,2,0,1,1,1,2,1,0,2,0,2.0,881,175,5.034285714285715
1,2,105,0,1,0,1,5,1,0,0,0,1,0,1,80,12,0,2.0,629,115,5.469565217391304
1,0,84,63,1,0,4,5,0,0,1,1,1,0,1,0,2,0,4.0,2048,394,5.197969543147208
1,7,128,0,0,6,0,0,2,1,1,0,2,0,1,0,2,0,1.0,98,17,5.764705882352941
0,3,144,114,0,0,6,0,1,0,1,1,1,0,1,0,2,0,3.0,239,45,5.311111111111111
0,36,30,0,1,0,1,0,1,0,2,2,2,0,1,0,4,0,2.0,560,108,5.185185185185185
0,1,69,114,1,0,4,0,1,1,0,0,1,0,1,200,2,0,8.0,2982,558,5.344086021505376
0,3,14,33,0,0,6,0,1,2,1,0,1,0,1,300,12,0,4.0,94,21,4.476190476190476
1,24,135,0,1,1,0,0,0,0,0,0,0,0,1,0,9,0,1.0,557,102,5.46078431372549
1,5,140,0,1,1,3,5,1,0,0,0,0,0,3,0,2,0,5.0,224,40,5.6
0,15,41,0,0,6,0,0,1,1,0,0,0,0,1,500,2,0,0.0,194,35,5.542857142857143
1,2,105,0,1,2,3,3,0,0,1,1,1,0,1,50,2,0,0.0,243,48,5.0625
0,36,59,0,0,0,0,0,1,1,0,0,0,0,1,250,2,0,5.0,1146,247,4.6396761133603235
0,2,159,134,0,0,1,0,1,1,0,0,1,0,1,100,12,0,1.0,1164,205,5.678048780487805
0,2,144,0,1,1,0,0,1,1,1,0,1,0,1,0,2,0,4.0,414,70,5.914285714285715
1,24,105,82,2,0,6,0,2,1,0,0,0,0,2,0,4,0,5.0,829,122,6.795081967213115
0,2,144,114,1,6,0,0,1,1,0,0,1,0,1,0,2,0,1.0,12,2,6.0
0,4,166,114,1,0,4,0,1,0,0,0,0,0,1,0,2,0,6.0,1163,223,5.2152466367713
0,2,144,114,0,0,1,0,1,1,1,0,1,0,1,0,2,0,1.0,12,2,6.0
0,4,144,0,1,0,1,0,1,0,1,1,2,0,1,0,2,0,2.0,288,59,4.88135593220339
0,1,22,0,1,0,1,5,1,1,1,1,1,0,2,0,3,0,10.0,25,4,6.25
0,12,144,0,1,6,0,0,1,0,2,2,2,1,1,0,2,0,3.0,72,13,5.538461538461538
0,12,144,119,0,0,1,0,1,0,2,2,1,0,1,0,2,0,3.0,721,138,5.22463768115942
1,2,105,0,1,1,3,5,1,0,1,0,1,0,1,0,12,0,2.0,108,19,5.684210526315789
0,3,144,35,1,0,1,0,1,1,0,0,1,0,1,0,2,1,5.0,445,91,4.8901098901098905
0,24,144,114,1,1,2,5,1,1,0,0,0,0,1,0,2,1,12.0,238,40,5.95
0,24,152,0,2,1,0,0,2,0,2,2,2,0,2,0,12,0,2.0,245,45,5.444444444444445
1,4,105,0,0,1,2,5,1,0,0,0,1,0,1,0,2,0,24.0,386,80,4.825
1,4,105,0,0,0,5,5,1,0,0,0,1,0,1,10,2,0,6.0,761,136,5.595588235294118
0,3,144,0,1,1,6,0,1,0,0,0,1,0,1,0,2,0,3.0,338,63,5.365079365079365
0,4,144,0,1,0,1,5,1,0,0,0,0,0,1,0,12,0,13.0,77,13,5.923076923076923
1,6,105,0,1,0,1,3,1,0,1,1,1,0,1,0,2,0,1.0,62,10,6.2
0,3,165,114,0,0,6,0,1,0,0,0,2,0,1,0,2,0,3.0,19,5,3.8
0,2,171,114,1,1,6,0,1,0,2,2,1,0,1,0,2,0,3.0,122,21,5.809523809523809
1,2,105,0,2,3,6,0,0,0,1,0,1,0,2,0,2,0,5.0,238,45,5.288888888888889
1,7,105,0,1,1,4,0,1,1,0,0,1,0,2,0,2,0,3.0,105,16,6.5625
1,5,113,0,0,5,6,0,1,1,1,0,1,0,1,0,2,0,5.0,90,12,7.5
1,3,105,0,2,0,1,4,0,0,1,0,1,0,4,0,12,0,5.0,490,95,5.157894736842105
0,2,144,0,2,0,1,0,1,1,1,1,1,0,4,0,2,0,3.0,337,63,5.349206349206349
0,2,144,0,0,6,0,0,1,0,0,0,1,0,1,0,4,0,4.0,544,104,5.230769230769231
0,1,144,0,2,0,1,5,1,1,0,0,1,0,5,0,12,0,5.0,691,131,5.2748091603053435
0,36,60,47,0,1,4,0,0,2,0,0,0,0,2,0,3,0,3.0,171,34,5.029411764705882
0,2,144,4,1,0,1,5,1,1,0,0,0,0,1,10,2,0,2.0,63,10,6.3
0,18,144,114,1,0,4,0,1,1,1,1,0,0,2,0,2,0,2.0,442,79,5.594936708860759
1,5,128,81,0,1,4,0,1,1,1,1,1,0,1,50,2,0,5.0,270,49,5.510204081632653
0,1,144,0,1,1,0,0,1,0,0,0,0,0,1,0,2,0,1.0,292,50,5.84
0,2,144,114,2,0,3,5,1,0,1,0,1,0,2,0,3,0,2.0,141,29,4.862068965517241
1,4,105,0,0,0,1,0,1,0,1,1,1,0,1,0,2,0,2.0,210,39,5.384615384615385
1,3,104,0,1,2,3,0,0,1,0,0,0,0,1,0,2,0,5.0,132,22,6.0
1,8,135,0,1,2,0,0,0,1,1,1,1,0,1,150,2,0,5.0,426,84,5.071428571428571
0,1,144,0,2,1,4,5,1,1,1,1,1,0,8,0,2,0,1.0,214,40,5.35
1,2,104,0,0,3,0,0,2,1,1,0,2,0,1,40,2,0,4.0,689,109,6.321100917431193
0,84,13,0,0,0,5,5,2,1,0,0,1,0,1,0,12,0,1.0,353,65,5.430769230769231
1,12,104,0,1,0,5,5,1,1,0,0,0,0,1,0,2,0,1.0,557,106,5.254716981132075
1,24,105,0,1,0,1,0,1,0,0,0,1,0,1,0,2,0,2.0,191,37,5.162162162162162
0,9,144,0,1,1,0,0,0,0,1,1,1,0,2,0,4,0,0.0,159,31,5.129032258064516
1,8,85,107,1,0,1,5,1,0,1,1,0,0,1,0,2,0,6.0,397,82,4.841463414634147
1,1,104,0,0,0,6,0,0,1,1,1,1,0,1,0,12,0,4.0,125,20,6.25
1,2,105,0,1,4,6,0,0,0,1,0,1,0,1,0,12,0,1.0,695,132,5.265151515151516
1,2,104,82,1,5,0,0,0,1,1,1,0,0,1,0,2,0,1.0,355,72,4.930555555555555
1,7,104,0,1,0,3,5,1,1,0,0,1,0,1,0,2,0,3.0,155,23,6.739130434782608
1,4,103,0,0,1,0,0,0,2,0,0,1,0,1,0,12,0,1.0,741,138,5.369565217391305
0,48,165,0,0,0,6,0,1,0,0,0,0,1,1,0,2,0,4.0,439,75,5.8533333333333335
0,108,62,0,1,0,1,0,0,2,0,0,0,0,1,0,2,0,2.0,446,68,6.5588235294117645
0,2,144,0,2,0,1,1,0,1,1,1,1,0,12,0,2,0,5.0,86,17,5.0588235294117645
0,2,144,0,1,0,6,0,1,0,1,0,1,0,1,0,4,0,1.0,334,67,4.985074626865671
0,2,144,114,0,1,4,5,1,1,2,2,1,0,1,0,2,0,4.0,273,55,4.963636363636364
1,9,88,82,0,5,0,0,1,1,1,0,1,0,1,0,12,0,2.0,202,43,4.6976744186046515
0,2,144,0,0,0,1,0,1,1,0,0,1,0,1,50,2,0,1.0,67,12,5.583333333333333
0,3,166,114,1,0,1,0,1,0,0,0,0,0,1,0,2,0,1.0,124,21,5.904761904761905
0,2,69,114,1,0,6,0,1,1,1,0,1,0,1,0,2,0,3.0,450,84,5.357142857142857
1,10,122,81,0,0,6,0,2,2,2,0,1,0,1,0,12,0,5.0,107,22,4.863636363636363
0,1,144,0,0,1,0,0,1,1,0,0,1,0,1,0,2,0,3.0,18,3,6.0
1,3,104,0,0,2,0,0,1,1,0,0,2,0,1,0,2,0,3.0,285,53,5.377358490566038
0,36,144,0,1,2,0,0,1,0,0,0,1,0,1,50,12,0,1.0,154,29,5.310344827586207
0,6,144,0,1,0,1,1,0,1,2,2,2,0,1,0,12,1,5.0,278,53,5.245283018867925
1,2,128,72,0,1,4,5,0,0,1,1,1,0,1,0,12,0,3.0,266,51,5.215686274509804
1,18,122,0,0,6,0,0,2,2,0,0,0,0,1,400,2,0,1.0,116,18,6.444444444444445
0,2,79,114,1,0,1,0,1,0,2,2,1,0,1,0,2,0,3.0,134,25,5.36
1,2,105,0,1,2,4,5,1,1,0,0,1,0,1,0,2,0,7.0,1017,188,5.409574468085107
0,9,144,0,1,2,3,3,0,1,0,0,0,0,1,0,2,0,3.0,227,46,4.934782608695652
1,2,104,82,1,0,1,5,0,1,1,0,1,0,2,0,2,0,4.0,720,141,5.1063829787234045
1,4,128,94,0,4,6,0,1,1,1,0,1,0,1,50,4,0,2.0,84,14,6.0
0,3,22,53,0,1,0,0,1,0,2,2,2,0,1,0,3,0,2.0,629,121,5.198347107438017
0,3,144,16,0,0,1,1,2,0,1,0,1,0,1,0,2,0,18.0,240,42,5.714285714285714
0,2,144,0,1,0,1,0,1,0,1,0,1,0,1,0,2,0,3.0,185,33,5.606060606060606
0,2,144,0,1,0,0,0,1,0,1,1,1,0,1,0,2,0,2.0,351,69,5.086956521739131
0,2,144,114,1,1,6,0,1,1,1,0,1,0,1,0,2,0,1.0,12,2,6.0
0,16,144,0,2,1,3,5,1,0,2,2,2,0,5,0,3,0,0.0,607,118,5.1440677966101696
0,2,144,54,0,0,6,0,1,0,1,1,1,0,1,0,2,0,7.0,324,57,5.684210526315789
1,12,104,0,1,0,1,4,1,1,0,0,0,0,2,0,12,0,4.0,163,29,5.620689655172414
0,10,144,0,1,1,0,0,1,0,0,0,0,0,1,0,2,0,8.0,345,63,5.476190476190476
1,12,120,0,2,0,4,5,1,0,2,2,2,0,4,0,2,0,2.0,416,80,5.2
1,2,84,0,2,1,5,0,1,1,1,1,1,0,2,40,12,0,3.0,92,15,6.133333333333334
1,7,105,0,1,1,3,4,1,0,1,0,0,0,1,0,2,0,5.0,114,16,7.125
1,1,104,0,0,0,0,0,1,1,1,1,1,0,1,0,12,0,4.0,411,78,5.269230769230769
1,6,104,0,1,0,1,5,1,1,0,0,1,0,1,0,12,0,1.0,149,24,6.208333333333333
0,23,144,114,1,1,0,0,2,1,0,0,0,0,1,0,2,0,2.0,296,61,4.852459016393443
1,17,120,0,1,1,2,2,1,0,0,0,1,0,1,0,12,0,1.0,430,83,5.180722891566265
1,2,105,101,1,4,6,0,1,0,1,0,1,0,1,100,2,0,5.0,278,50,5.56
0,5,144,0,0,1,3,3,1,1,0,0,1,0,1,0,2,0,1.0,77,13,5.923076923076923
1,2,105,0,1,0,6,0,0,0,1,1,1,0,1,0,12,0,3.0,16,4,4.0
0,1,144,0,1,0,1,0,1,1,1,1,1,0,1,0,4,0,1.0,117,25,4.68
0,24,13,0,0,5,6,0,2,1,0,0,0,0,1,500,2,0,4.0,444,79,5.620253164556962
0,9,8,44,1,3,4,0,1,1,0,0,1,0,1,0,2,0,1.0,771,126,6.119047619047619
0,2,144,0,0,0,1,0,1,0,1,1,1,0,1,20,3,0,1.0,117,20,5.85
0,1,144,0,1,0,1,0,1,0,1,0,1,0,1,0,2,0,8.0,379,70,5.414285714285715
0,47,144,0,0,0,0,0,1,0,0,0,1,0,1,0,7,0,0.0,410,83,4.9397590361445785
0,2,144,0,0,0,1,0,0,1,1,1,1,0,2,0,2,0,5.0,598,116,5.155172413793103
1,24,84,0,1,0,1,5,2,1,2,2,2,0,1,0,12,0,4.0,398,70,5.685714285714286
0,2,144,0,1,0,2,3,1,0,2,2,2,0,6,0,3,0,1.0,320,57,5.614035087719298
0,12,144,0,1,1,4,5,1,0,2,2,2,0,1,0,3,0,5.0,345,61,5.655737704918033
0,36,41,0,0,2,0,0,0,1,0,0,0,0,1,0,12,0,2.0,259,49,5.285714285714286
1,2,105,0,2,0,6,0,1,0,1,1,1,0,5,0,5,0,4.0,366,70,5.228571428571429
0,1,144,0,2,0,1,3,1,1,1,1,1,0,8,0,2,0,17.0,1363,260,5.242307692307692
1,6,105,106,0,1,0,0,1,0,1,0,0,0,1,0,2,0,2.0,613,107,5.728971962616822
1,3,105,0,0,1,2,0,1,0,0,0,1,0,1,10,2,0,8.0,936,174,5.379310344827586
1,9,92,0,1,0,0,0,0,0,1,0,0,0,1,0,2,0,1.0,419,82,5.109756097560975
0,2,144,0,0,0,0,0,0,1,2,2,2,0,1,0,2,0,4.0,313,5,62.6
0,2,144,0,1,1,0,0,1,0,0,0,1,0,1,0,2,0,13.0,1518,282,5.382978723404255
0,10,144,114,0,0,2,5,1,1,0,0,1,0,3,0,2,1,12.0,456,94,4.851063829787234
0,5,144,114,0,6,0,0,1,0,1,1,1,0,1,0,2,0,2.0,147,4,36.75
0,36,144,0,1,0,1,3,1,0,1,0,0,0,1,0,2,0,3.0,792,153,5.176470588235294
0,12,36,114,1,0,1,1,0,1,2,0,0,0,1,0,2,0,1.0,69,12,5.75
0,36,22,0,0,1,2,0,2,0,0,0,1,0,1,0,2,0,3.0,283,55,5.1454545454545455
1,1,105,82,2,0,3,5,1,0,1,1,2,0,3,0,2,0,2.0,151,27,5.592592592592593
0,24,166,0,1,1,0,0,3,0,0,0,0,0,1,0,2,0,2.0,425,75,5.666666666666667
0,1,144,0,1,1,6,0,1,0,0,0,1,0,1,0,2,0,1.0,221,40,5.525
0,24,144,0,0,1,6,0,1,1,0,0,0,1,1,0,12,0,5.0,1034,11,94.0
1,8,104,0,1,4,5,5,1,1,2,2,2,0,1,0,2,0,1.0,69,13,5.3076923076923075
0,1,144,0,1,0,6,0,1,1,1,1,1,0,1,0,2,0,9.0,470,87,5.402298850574713
0,36,65,114,0,4,6,0,0,1,0,0,0,0,1,0,2,0,9.0,37,6,6.166666666666667
1,6,105,0,0,0,6,0,1,0,0,0,0,0,2,0,2,0,11.0,343,72,4.763888888888889
1,12,105,70,0,0,1,0,1,0,0,0,0,0,1,0,2,1,17.0,1858,294,6.319727891156463
1,4,105,82,0,2,0,0,1,0,0,0,1,0,1,0,3,0,4.0,560,104,5.384615384615385
0,36,144,0,1,1,4,0,2,0,1,1,0,0,1,0,2,0,2.0,148,28,5.285714285714286
0,14,144,0,1,1,0,0,1,0,1,1,0,0,1,0,2,0,4.0,659,126,5.23015873015873
1,36,93,80,0,0,1,5,2,1,0,0,0,0,4,0,12,0,4.0,547,100,5.47
1,1,105,0,2,1,6,0,1,0,1,0,1,0,3,0,12,0,7.0,461,85,5.423529411764706
0,3,144,0,0,6,0,0,1,1,1,0,1,0,1,0,1,0,2.0,57,12,4.75
0,3,69,0,0,0,0,0,2,2,0,0,1,0,1,0,12,0,1.0,39,7,5.571428571428571
0,24,144,114,0,6,0,0,1,0,1,1,2,1,2,0,2,0,3.0,587,108,5.435185185185185
1,2,104,0,1,3,6,0,1,1,1,1,1,1,1,0,2,0,4.0,470,97,4.845360824742268
0,108,144,114,2,1,6,0,2,0,0,0,0,0,2,0,2,3,5.0,331,49,6.755102040816326
0,1,144,0,1,0,0,0,2,0,1,0,1,0,1,0,12,0,3.0,381,81,4.703703703703703
0,2,144,114,1,1,0,0,1,1,1,0,1,0,1,0,2,0,7.0,12,2,6.0
0,1,144,114,2,6,0,0,1,1,1,1,1,0,16,0,2,0,1.0,64,12,5.333333333333333
1,2,104,0,1,6,0,0,1,1,1,1,1,0,1,0,2,0,1.0,431,85,5.070588235294117
1,3,135,0,1,5,0,0,1,1,1,0,1,0,1,0,2,0,1.0,174,35,4.9714285714285715
1,1,105,0,2,0,1,5,0,0,1,1,1,0,13,0,2,1,13.0,681,128,5.3203125
1,6,135,0,0,5,0,0,1,0,1,0,1,0,1,0,12,0,4.0,288,56,5.142857142857143
0,72,144,0,1,0,0,0,1,0,2,0,1,1,1,0,2,0,4.0,1193,237,5.033755274261603
0,7,144,0,1,1,6,0,1,0,0,0,0,0,1,110,2,0,5.0,134,22,6.090909090909091
1,2,105,101,2,0,1,5,1,1,1,0,1,0,3,0,4,0,11.0,324,60,5.4
0,48,40,0,0,2,0,0,0,1,0,0,1,0,1,0,12,0,1.0,98,18,5.444444444444445
0,2,144,114,0,1,0,0,1,1,0,0,1,0,1,0,2,0,4.0,12,2,6.0
0,10,165,114,1,0,6,0,1,0,0,0,0,0,1,100,2,0,8.0,1788,330,5.418181818181818
0,12,144,114,0,1,0,0,2,0,0,0,0,0,1,100,5,0,1.0,534,105,5.085714285714285
0,34,144,0,1,0,1,0,1,0,0,0,0,0,1,100,2,0,4.0,90,9,10.0
1,6,105,0,1,3,0,0,0,0,0,0,0,0,1,0,2,0,1.0,321,65,4.938461538461539
0,2,144,0,0,1,0,0,1,0,1,0,0,0,1,0,12,0,6.0,17,3,5.666666666666667
1,2,105,0,0,4,6,0,0,0,2,0,1,0,1,0,12,0,2.0,40,7,5.714285714285714
1,5,105,0,0,2,0,0,1,0,1,1,1,0,1,0,2,0,4.0,102,19,5.368421052631579
0,1,144,114,2,0,1,5,1,0,1,1,1,0,8,0,12,0,3.0,189,33,5.7272727272727275
0,2,144,0,2,0,1,0,1,1,2,2,2,0,3,0,2,0,3.0,159,31,5.129032258064516
0,8,166,114,1,0,1,0,1,0,0,2,0,0,1,0,2,0,3.0,269,55,4.890909090909091
0,2,22,114,0,1,2,0,2,1,0,0,1,0,1,0,2,0,5.0,60,10,6.0
1,12,105,0,0,6,0,0,1,0,0,0,1,0,1,0,12,0,2.0,348,72,4.833333333333333
1,1,103,96,2,0,6,0,1,1,1,1,1,0,4,0,12,0,9.0,19,3,6.333333333333333
1,2,105,0,0,3,0,0,1,0,1,0,1,0,1,0,12,0,9.0,404,81,4.987654320987654
0,2,144,0,1,0,1,5,1,1,0,0,1,0,1,0,2,0,5.0,284,49,5.795918367346939
1,36,105,0,1,0,1,5,0,0,0,0,1,0,3,0,2,0,1.0,255,48,5.3125
1,12,105,0,0,2,6,0,1,0,1,1,1,0,1,0,12,0,3.0,5,1,5.0
1,3,104,0,0,3,0,0,0,1,2,2,2,0,1,0,12,0,4.0,35,7,5.0
0,12,144,0,0,1,0,0,1,0,0,0,0,0,1,0,2,0,2.0,185,35,5.285714285714286
0,1,22,114,1,6,0,0,1,0,2,2,1,0,1,0,2,0,5.0,182,29,6.275862068965517
0,12,144,0,1,0,1,5,1,0,0,0,2,0,1,0,2,0,2.0,695,128,5.4296875
0,0,152,114,1,1,0,0,1,0,1,1,1,0,1,0,12,0,2.0,91,18,5.055555555555555
0,2,144,0,1,4,0,0,1,0,1,1,1,0,1,0,2,0,3.0,639,123,5.195121951219512
0,36,144,0,1,1,6,0,1,0,2,2,2,0,1,0,2,0,5.0,398,75,5.306666666666667
0,12,144,0,1,3,4,0,1,1,0,0,0,0,1,0,12,0,2.0,54,8,6.75
0,48,159,0,0,4,0,0,1,1,0,0,0,0,1,0,2,0,5.0,272,40,6.8
0,2,144,0,1,1,6,0,1,2,0,0,1,0,1,0,2,0,1.0,141,30,4.7
0,1,144,0,0,1,0,0,0,0,1,1,1,0,1,0,2,0,6.0,480,98,4.8979591836734695
1,16,94,0,1,2,6,0,2,1,0,0,0,0,1,0,2,0,2.0,707,128,5.5234375
0,72,5,0,1,0,1,0,2,1,1,0,0,0,1,0,12,0,4.0,388,67,5.791044776119403
0,48,22,114,2,4,0,0,1,1,2,2,0,0,2,0,3,0,3.0,430,76,5.657894736842105
1,3,104,0,1,2,6,0,0,1,1,1,1,0,1,0,2,0,5.0,96,14,6.857142857142857
1,3,105,0,0,0,1,3,0,0,1,1,1,0,1,0,2,0,12.0,282,55,5.127272727272727
0,2,144,114,0,1,0,0,1,1,0,0,1,0,1,0,2,0,1.0,12,2,6.0
1,1,105,0,1,0,1,5,1,0,1,1,1,0,3,0,2,0,3.0,607,114,5.324561403508772
1,12,105,0,1,2,0,0,1,0,2,2,2,0,1,0,12,0,2.0,632,121,5.223140495867769
0,6,144,0,1,1,0,0,1,0,0,0,0,0,1,0,2,0,1.0,161,32,5.03125
0,7,22,114,2,0,6,0,1,0,0,0,0,0,2,0,2,0,8.0,1636,265,6.173584905660378
0,18,144,0,0,1,3,0,1,0,2,2,2,0,1,0,2,0,2.0,768,137,5.605839416058394
1,36,122,0,1,1,0,0,1,2,1,1,1,0,1,100,2,0,1.0,120,22,5.454545454545454
1,8,105,106,1,1,0,0,1,0,0,0,0,0,1,0,12,0,1.0,440,82,5.365853658536586
0,48,144,0,1,2,4,0,1,1,1,0,0,0,1,0,1,0,1.0,348,68,5.117647058823529
1,31,103,0,1,0,3,5,1,2,0,0,0,0,1,0,12,0,2.0,168,35,4.8
1,3,105,0,1,1,2,3,0,0,1,1,1,0,1,0,2,0,0.0,36,5,7.2
0,9,144,0,0,1,2,0,1,1,0,2,1,0,1,0,2,0,3.0,633,115,5.504347826086956
0,2,144,0,2,0,1,0,1,0,1,1,1,0,2,0,4,0,2.0,315,62,5.080645161290323
0,180,144,0,0,5,0,0,1,1,0,0,0,0,1,0,3,0,1.0,160,25,6.4
0,24,166,114,1,1,6,0,2,0,0,0,0,0,1,0,12,0,5.0,2084,314,6.6369426751592355
0,1,28,114,1,4,0,0,1,0,1,1,1,0,1,0,6,0,3.0,112,18,6.222222222222222
1,3,135,0,1,0,5,0,0,0,1,0,1,0,1,0,4,0,3.0,423,89,4.752808988764045
1,22,105,0,1,0,0,0,1,0,0,0,0,0,1,90,2,0,2.0,4568,762,5.994750656167979
1,12,84,82,0,0,1,4,1,0,0,0,0,0,1,300,12,0,3.0,350,72,4.861111111111111
0,4,144,114,0,4,0,0,1,0,0,0,0,0,1,0,2,0,3.0,200,37,5.405405405405405
0,3,144,0,1,1,0,0,1,1,1,1,1,0,1,0,2,0,1.0,65,12,5.416666666666667
0,1,144,0,0,0,0,0,1,0,1,1,0,0,1,0,7,0,3.0,396,79,5.012658227848101
0,26,144,0,1,0,1,0,1,0,0,0,1,0,1,0,12,0,5.0,291,58,5.017241379310345
0,24,17,0,0,1,6,0,1,0,0,2,1,0,1,1,2,0,1.0,20,3,6.666666666666667
1,2,105,0,1,1,4,0,0,0,1,0,1,0,3,0,12,0,4.0,297,55,5.4
1,8,105,0,0,0,6,0,1,0,0,0,0,0,1,0,2,0,3.0,43,9,4.777777777777778
0,3,144,0,0,1,0,0,0,0,1,0,0,0,1,0,2,0,3.0,134,25,5.36
1,4,87,0,1,2,0,0,1,1,1,0,1,1,1,0,12,0,0.0,140,22,6.363636363636363
1,6,105,0,1,5,0,0,1,0,1,0,1,0,1,0,2,1,11.0,393,78,5.038461538461538
1,4,105,0,0,0,5,0,1,0,2,2,2,0,1,0,3,0,5.0,600,128,4.6875
0,1,144,0,0,1,6,0,1,1,1,1,1,0,1,0,12,0,12.0,167,30,5.566666666666666
0,2,144,114,1,0,1,5,1,1,1,0,1,0,1,0,2,0,4.0,12,2,6.0
1,2,104,0,2,6,0,0,1,1,0,0,1,0,6,0,2,0,7.0,198,34,5.823529411764706
0,3,144,0,1,1,0,0,1,0,0,0,1,0,1,0,2,0,10.0,760,138,5.507246376811594
1,5,105,0,0,0,0,0,1,0,0,0,1,0,1,0,12,0,5.0,298,60,4.966666666666667
1,36,104,0,1,0,6,0,2,1,0,0,0,0,2,50,2,0,4.0,425,68,6.25
1,4,105,0,0,1,2,0,1,1,1,1,1,0,1,0,2,0,4.0,414,89,4.651685393258427
0,48,144,0,1,1,6,0,0,1,0,0,0,0,1,0,2,0,2.0,568,108,5.2592592592592595
0,2,41,39,0,0,1,0,0,1,1,1,1,0,1,450,2,0,2.0,249,39,6.384615384615385
0,3,144,0,1,0,1,0,0,1,0,0,0,0,1,0,4,1,5.0,383,64,5.984375
0,15,51,39,1,0,0,0,0,0,0,0,1,0,1,0,4,0,0.0,57,10,5.7
0,2,144,0,2,0,1,5,1,0,1,0,1,0,3,0,3,0,3.0,56,9,6.222222222222222
1,2,105,0,0,0,6,0,1,1,1,0,1,0,1,0,2,0,5.0,62,8,7.75
1,0,82,0,2,0,2,5,0,1,1,2,2,0,3,0,2,0,1.0,192,38,5.052631578947368
0,12,144,0,2,1,0,0,1,1,2,2,2,0,4,0,12,0,7.0,2150,366,5.8743169398907105
1,1,105,0,2,0,1,4,1,0,1,1,2,0,5,0,12,0,5.0,536,100,5.36
1,2,103,0,1,0,0,0,2,2,1,0,2,0,1,0,2,0,4.0,518,90,5.7555555555555555
1,1,104,82,2,0,3,5,1,1,1,1,1,0,4,0,0,0,10.0,1416,225,6.293333333333333
0,5,144,0,0,3,4,0,1,0,0,0,0,0,1,0,12,0,10.0,313,60,5.216666666666667
1,2,105,0,1,1,5,5,0,0,1,1,1,0,1,0,2,0,1.0,50,11,4.545454545454546
0,36,144,0,0,4,0,0,1,1,0,0,1,0,1,0,4,0,4.0,242,47,5.148936170212766
0,2,144,114,0,0,1,0,1,0,1,1,1,0,1,0,2,0,2.0,187,37,5.054054054054054
1,2,104,106,2,0,4,5,1,1,1,0,1,0,3,0,2,0,5.0,1208,228,5.298245614035087
0,36,8,0,1,2,0,0,2,1,0,0,0,0,1,0,12,0,0.0,137,21,6.523809523809524
1,48,84,0,0,1,4,0,0,0,0,0,0,0,1,0,2,0,2.0,190,39,4.871794871794871
1,6,105,0,0,0,5,0,1,0,0,0,0,1,1,0,2,0,8.0,603,114,5.2894736842105265
1,3,105,0,1,0,1,1,1,0,0,0,1,0,1,0,2,0,17.0,906,176,5.1477272727272725
1,7,105,0,1,5,0,0,0,0,0,0,2,0,1,0,12,0,1.0,34,7,4.857142857142857
0,84,8,0,1,3,0,0,2,2,2,2,1,0,1,0,2,0,4.0,241,45,5.355555555555555
1,3,105,0,1,0,6,0,1,0,0,1,0,0,1,0,12,1,1.0,1264,247,5.117408906882591
0,2,144,0,0,0,1,0,1,1,1,1,1,0,1,0,3,0,3.0,155,25,6.2
0,12,144,0,1,0,1,0,0,0,1,1,1,0,1,0,2,0,3.0,311,57,5.456140350877193
1,2,143,0,1,0,6,0,1,0,0,0,1,0,1,0,2,5,17.0,459,84,5.464285714285714
1,3,104,82,2,0,4,0,2,1,0,0,1,0,2,0,2,1,7.0,432,79,5.468354430379747
0,1,144,0,0,0,1,0,0,0,2,2,2,0,1,0,2,0,0.0,408,79,5.1645569620253164
0,2,144,0,1,0,1,5,1,0,1,0,1,0,1,0,4,0,1.0,268,56,4.785714285714286
0,15,144,0,0,0,0,0,2,1,0,0,0,0,1,0,12,0,1.0,495,104,4.759615384615385
0,2,144,0,2,0,1,5,1,1,1,1,1,0,2,0,7,0,2.0,131,23,5.695652173913044
0,36,60,0,0,0,1,5,1,1,0,0,0,0,1,0,2,0,1.0,44,10,4.4
0,60,14,0,0,1,0,0,2,2,0,0,0,0,1,500,2,0,2.0,363,70,5.185714285714286
1,3,105,0,1,0,0,0,1,0,1,1,1,0,1,0,12,0,2.0,1215,230,5.282608695652174
1,3,103,0,2,0,3,5,1,2,1,1,1,0,4,0,12,0,1.0,378,69,5.478260869565218
1,4,105,0,1,0,0,0,1,0,1,1,1,0,1,0,2,0,4.0,356,64,5.5625
1,3,105,0,0,6,0,0,1,0,1,0,1,0,1,0,2,0,1.0,428,81,5.283950617283951
0,36,51,0,1,5,0,0,0,2,2,0,2,0,1,0,2,0,0.0,560,104,5.384615384615385
0,36,144,0,1,1,0,0,2,0,0,0,0,0,1,0,2,0,2.0,202,43,4.6976744186046515
0,4,144,114,0,0,1,5,1,1,0,0,1,0,1,0,2,0,2.0,12,2,6.0
1,1,105,0,1,0,3,5,1,0,1,1,1,0,1,0,2,0,3.0,178,32,5.5625
0,2,144,0,2,0,1,3,1,0,1,1,1,0,4,0,2,0,4.0,277,50,5.54
1,2,105,0,1,1,3,3,1,0,0,0,1,0,1,0,2,0,5.0,459,92,4.989130434782608
0,9,8,0,0,2,0,0,2,2,0,0,0,0,1,200,2,0,3.0,55,12,4.583333333333333
1,2,105,0,0,0,6,0,1,0,0,0,1,0,1,0,2,0,4.0,523,98,5.336734693877551
0,24,144,0,0,4,6,0,1,0,0,0,1,0,1,0,12,0,2.0,445,82,5.426829268292683
1,3,105,106,0,5,6,0,1,0,1,0,1,1,1,0,12,0,18.0,1592,284,5.605633802816901
0,1,144,0,1,0,1,0,1,0,0,0,1,0,1,0,2,0,1.0,221,40,5.525
0,6,144,0,1,0,0,0,1,0,0,0,0,0,1,0,2,0,15.0,320,65,4.923076923076923
1,60,94,0,0,1,0,0,1,2,0,0,0,0,1,0,12,0,1.0,424,81,5.234567901234568
0,10,149,130,1,1,6,0,1,0,0,0,0,0,1,0,3,0,2.0,328,62,5.290322580645161
0,1,17,13,2,0,1,5,0,1,1,2,2,0,3,0,12,0,2.0,232,40,5.8
0,1,144,114,0,1,6,0,1,1,1,1,1,0,1,0,3,0,6.0,167,29,5.758620689655173
0,2,146,114,0,0,2,0,1,0,1,0,1,0,1,0,2,0,3.0,280,52,5.384615384615385
1,3,105,0,0,0,6,0,1,1,0,0,0,0,1,0,12,0,3.0,463,93,4.978494623655914
0,7,144,0,0,0,1,5,1,1,0,0,1,0,1,0,7,0,1.0,529,101,5.237623762376238
0,53,41,0,0,1,4,0,0,1,0,0,2,0,1,0,4,0,2.0,186,33,5.636363636363637
0,48,54,41,1,0,1,5,1,0,0,0,0,0,1,0,2,0,2.0,184,35,5.257142857142857
1,4,105,0,0,2,6,0,1,0,1,0,1,0,1,30,2,0,3.0,453,80,5.6625
1,12,105,106,1,5,6,0,0,0,0,0,0,0,1,0,2,0,2.0,445,81,5.493827160493828
0,19,144,0,0,2,6,0,2,0,0,0,1,0,1,0,2,0,5.0,340,70,4.857142857142857
0,2,144,0,2,0,1,5,1,1,1,0,1,0,11,0,12,0,29.0,2901,546,5.313186813186813
0,2,144,0,2,0,1,0,1,1,1,0,1,0,4,0,6,0,3.0,376,67,5.611940298507463
0,32,144,0,1,1,6,0,1,1,2,0,2,0,1,0,4,0,2.0,179,33,5.424242424242424
1,1,104,0,1,0,2,5,0,1,1,1,1,0,1,0,12,0,6.0,225,40,5.625
1,3,143,82,1,0,6,0,0,0,0,0,1,0,1,0,2,0,4.0,18,3,6.0
1,1,105,0,0,0,6,0,1,0,2,2,2,0,1,0,2,0,4.0,124,22,5.636363636363637
1,24,105,106,1,0,3,0,1,0,1,0,0,0,1,0,2,0,5.0,681,128,5.3203125
0,2,144,0,0,1,0,0,1,1,0,0,1,0,1,0,2,0,3.0,239,39,6.128205128205129
0,1,144,0,0,1,0,0,0,0,1,1,1,0,1,0,2,0,0.0,89,18,4.944444444444445
0,48,8,0,0,2,0,0,2,1,0,0,1,0,1,250,2,0,1.0,62,12,5.166666666666667
1,4,105,0,1,0,1,1,1,0,1,1,1,0,1,0,2,0,2.0,335,66,5.075757575757576
1,4,105,0,0,1,5,0,1,1,0,0,1,0,1,0,7,0,12.0,1216,237,5.1308016877637135
1,6,96,0,1,0,3,5,1,0,1,1,1,0,3,0,2,0,2.0,69,15,4.6
0,2,144,0,0,0,1,0,1,0,1,0,1,0,1,0,2,0,1.0,461,85,5.423529411764706
0,2,144,114,1,1,0,0,1,0,1,1,1,0,2,0,2,0,5.0,214,42,5.095238095238095
0,2,144,114,0,1,4,0,1,0,1,1,1,0,1,0,2,0,4.0,262,50,5.24
0,89,165,122,1,0,6,0,2,0,0,0,0,0,1,0,2,0,1.0,28,6,4.666666666666667
0,2,144,114,1,1,2,0,1,1,2,0,0,0,1,0,2,0,1.0,71,12,5.916666666666667
0,12,144,0,0,0,1,0,1,1,2,2,2,0,1,0,2,0,2.0,546,101,5.405940594059406
0,1,161,114,0,0,1,0,1,0,1,1,1,0,1,0,2,0,8.0,1041,193,5.393782383419689
0,5,144,0,1,0,6,0,1,0,1,1,1,0,2,1,7,0,2.0,106,18,5.888888888888889
0,2,144,0,1,1,4,5,1,0,0,0,1,0,1,0,2,0,14.0,812,139,5.841726618705036
1,6,104,0,0,6,0,0,1,1,1,1,1,0,1,0,3,0,4.0,195,41,4.7560975609756095
1,12,128,82,1,1,4,0,1,1,0,0,0,0,2,0,12,0,4.0,697,132,5.28030303030303
0,12,22,0,0,1,0,0,2,0,2,2,2,0,1,0,2,0,1.0,103,24,4.291666666666667
1,6,104,0,0,1,0,0,1,1,0,0,2,0,1,0,12,0,2.0,25,4,6.25
0,24,144,114,1,0,1,3,1,0,0,0,0,0,2,0,2,8,30.0,1435,256,5.60546875
0,1,61,35,0,0,4,5,0,1,1,1,1,0,1,0,2,0,6.0,605,119,5.084033613445378
0,12,144,0,0,1,0,0,1,0,2,2,1,0,1,0,2,0,4.0,408,77,5.298701298701299
1,7,103,106,0,0,6,0,2,2,1,1,1,0,1,0,2,0,5.0,382,68,5.617647058823529
1,5,105,0,1,0,0,0,0,0,0,0,1,0,1,100,12,0,3.0,233,44,5.295454545454546
0,2,144,0,0,1,6,0,1,0,1,0,1,0,1,0,12,0,11.0,74,13,5.6923076923076925
0,1,144,0,1,1,0,0,1,0,2,2,1,0,1,0,2,0,4.0,98,15,6.533333333333333
1,8,104,81,2,0,3,5,1,1,1,1,1,0,3,0,2,0,0.0,49,8,6.125
1,4,105,106,1,0,1,5,1,1,0,0,0,0,2,100,2,0,2.0,224,46,4.869565217391305
0,3,144,114,2,0,1,5,1,1,1,1,1,0,6,0,2,0,4.0,22,3,7.333333333333333
1,2,105,0,2,0,3,5,1,0,1,1,1,0,3,0,7,0,1.0,293,50,5.86
1,1,105,81,1,2,3,3,1,0,1,1,1,0,1,0,2,0,8.0,409,75,5.453333333333333
0,2,144,114,2,0,1,5,1,0,1,1,1,0,4,0,2,0,4.0,150,28,5.357142857142857
0,1,144,0,1,0,1,0,1,0,1,0,1,0,1,0,12,0,9.0,127,22,5.7727272727272725
0,4,144,131,1,1,0,0,1,0,0,0,0,0,1,0,7,0,2.0,358,60,5.966666666666667
1,24,105,0,1,1,0,0,2,0,1,1,1,0,6,0,12,0,4.0,364,63,5.777777777777778
1,1,105,0,0,1,3,5,0,0,1,1,1,0,1,0,12,0,2.0,50,10,5.0
1,13,104,0,1,0,1,5,2,1,0,0,1,0,1,0,12,0,5.0,722,147,4.91156462585034
0,1,144,114,0,1,5,5,0,1,1,1,2,0,1,0,2,0,3.0,19,3,6.333333333333333
0,4,144,0,0,1,0,0,1,0,0,0,1,0,1,0,2,0,9.0,268,48,5.583333333333333
0,2,144,114,2,0,1,5,1,1,1,1,1,0,9,0,4,0,9.0,185,34,5.4411764705882355
0,2,144,0,0,4,6,0,1,0,1,1,1,0,1,5,3,0,4.0,125,13,9.615384615384615
1,8,105,0,1,0,3,5,0,0,0,0,2,0,1,0,2,0,2.0,205,37,5.54054054054054
0,3,144,114,2,0,1,5,1,0,1,1,1,0,6,0,7,0,1.0,641,122,5.254098360655738
1,0,104,83,2,0,5,5,1,1,1,1,1,0,4,100,2,0,2.0,296,54,5.481481481481482
0,3,144,0,2,1,4,5,0,0,1,1,1,0,3,0,12,0,4.0,289,59,4.898305084745763
1,8,143,113,1,0,6,0,1,1,1,0,1,0,1,0,12,0,7.0,117,17,6.882352941176471
0,2,69,114,2,0,1,1,1,0,1,0,1,0,5,0,2,0,6.0,301,52,5.788461538461538
0,2,144,6,0,1,2,0,1,0,1,0,1,0,4,0,2,4,24.0,1810,332,5.451807228915663
0,2,166,114,1,0,1,0,1,1,0,2,1,0,1,0,2,0,4.0,120,22,5.454545454545454
1,2,135,82,1,0,5,0,1,0,1,0,1,0,1,0,12,0,22.0,1859,334,5.565868263473054
1,5,105,0,1,1,2,5,1,0,0,0,0,0,1,0,2,0,5.0,1704,338,5.041420118343195
1,2,105,0,1,0,4,5,0,0,1,0,1,0,1,0,12,1,5.0,376,71,5.295774647887324
0,2,144,0,1,0,1,0,1,0,1,0,1,0,1,0,3,0,3.0,172,25,6.88
0,36,159,0,0,4,0,0,1,2,0,0,0,0,1,200,12,0,1.0,345,59,5.8474576271186445
1,1,84,0,1,0,6,0,0,0,1,1,1,0,1,0,12,0,1.0,23,4,5.75
0,3,144,0,0,0,0,0,1,1,1,1,1,0,1,0,7,0,1.0,150,26,5.769230769230769
0,30,144,0,0,4,0,0,1,1,2,2,1,0,1,0,2,0,1.0,798,153,5.215686274509804
0,5,144,114,0,0,0,0,1,1,0,0,1,0,1,0,2,0,3.0,258,52,4.961538461538462
0,2,57,114,0,1,4,0,2,0,1,1,1,0,1,0,2,0,11.0,967,182,5.313186813186813
1,12,103,0,1,0,5,5,1,2,2,2,2,0,1,0,4,0,7.0,1,1,1.0
0,24,144,0,1,1,0,0,1,0,0,0,0,0,1,250,2,0,2.0,232,46,5.043478260869565
1,2,105,0,1,4,5,5,0,1,1,1,2,0,4,1,2,0,1.0,45,6,7.5
0,36,164,0,0,0,1,0,1,0,0,0,2,0,1,0,2,0,2.0,725,132,5.492424242424242
1,1,103,0,2,0,6,0,0,2,1,1,1,0,2,0,2,0,5.0,187,39,4.794871794871795
0,2,69,114,1,0,1,0,0,0,1,0,1,0,1,0,2,0,10.0,171,28,6.107142857142857
1,36,105,0,1,1,5,5,1,1,1,0,0,0,1,0,2,0,10.0,523,104,5.028846153846154
0,48,144,0,0,0,0,0,1,1,2,2,1,0,1,0,6,0,4.0,563,108,5.212962962962963
1,20,140,0,1,0,1,5,0,0,0,0,0,0,1,0,2,0,1.0,351,66,5.318181818181818
0,4,144,0,1,0,1,0,2,1,0,0,1,0,1,0,2,0,4.0,310,60,5.166666666666667
1,3,104,0,0,2,0,0,1,1,1,1,1,0,1,0,12,0,3.0,220,43,5.116279069767442
1,2,105,0,0,0,5,5,1,0,0,0,1,0,1,0,2,0,2.0,36,7,5.142857142857143
0,24,144,0,1,1,0,0,2,0,1,1,0,0,2,0,2,0,1.0,3360,613,5.481239804241436
1,1,122,96,2,0,5,0,1,2,1,1,1,0,2,0,2,0,3.0,256,48,5.333333333333333
1,12,104,0,1,0,3,5,1,1,0,0,1,0,1,0,2,0,2.0,207,31,6.67741935483871
0,2,144,0,1,0,4,5,1,0,0,0,1,0,3,0,7,0,13.0,64,9,7.111111111111111
0,1,144,0,2,2,4,5,1,1,1,0,1,0,4,0,2,0,13.0,250,37,6.756756756756757
0,77,60,0,1,1,6,0,1,0,0,0,0,0,1,0,2,0,1.0,59,11,5.363636363636363
0,1,144,0,0,1,6,0,1,1,0,0,1,0,1,0,2,0,5.0,393,69,5.695652173913044
0,96,17,0,0,0,6,0,1,1,0,0,0,0,1,0,7,0,1.0,139,23,6.043478260869565
1,7,143,0,1,0,6,0,1,1,0,0,0,0,1,150,2,1,8.0,965,189,5.105820105820106
0,7,163,114,1,4,0,0,1,0,0,0,0,0,1,120,12,1,25.0,218,38,5.7368421052631575
1,5,105,0,0,0,0,0,1,0,1,0,1,0,1,0,12,0,7.0,49,7,7.0
0,9,69,114,1,0,1,4,1,1,0,0,0,0,1,0,12,0,2.0,221,43,5.1395348837209305
0,96,8,0,1,1,6,0,1,2,0,0,1,1,1,0,2,0,1.0,8,1,8.0
1,1,104,0,1,5,6,0,0,2,2,2,2,0,3,0,2,0,3.0,98,15,6.533333333333333
1,2,105,0,0,0,0,0,0,0,1,0,1,1,1,0,7,0,2.0,515,93,5.537634408602151
1,3,104,0,2,0,5,0,1,1,1,1,1,0,3,0,2,0,3.0,557,111,5.018018018018018
1,4,88,101,0,5,0,0,1,1,1,1,1,0,1,100,2,0,1.0,28,5,5.6
0,2,144,0,2,1,4,5,0,0,1,0,1,0,10,0,2,0,8.0,524,90,5.822222222222222
0,2,69,114,0,0,6,0,1,0,1,0,1,0,1,0,2,0,3.0,451,85,5.305882352941176
0,5,55,0,1,1,0,0,1,0,1,0,1,0,1,0,2,0,5.0,130,29,4.482758620689655
0,36,51,114,0,0,6,0,1,1,2,2,2,0,1,0,2,0,2.0,244,40,6.1
0,2,163,114,1,0,1,0,0,0,1,0,1,0,1,0,2,0,6.0,69,13,5.3076923076923075
0,2,144,114,1,1,0,0,1,1,1,0,1,0,1,0,2,0,11.0,12,2,6.0
1,12,105,0,1,2,0,0,0,0,0,0,0,0,1,0,2,0,2.0,950,170,5.588235294117647
0,28,36,0,0,4,0,0,0,2,0,0,2,0,1,50,2,0,1.0,249,47,5.297872340425532
0,2,144,114,0,0,1,5,1,0,1,1,1,0,4,0,2,0,4.0,392,73,5.36986301369863
0,3,144,0,1,4,0,0,1,0,0,0,0,0,1,0,2,0,4.0,153,28,5.464285714285714
0,33,22,0,1,1,0,0,1,0,0,2,1,0,1,0,1,0,4.0,71,14,5.071428571428571
1,2,105,0,1,0,3,5,1,0,1,1,1,0,2,0,2,0,3.0,325,68,4.779411764705882
1,20,135,0,0,0,5,5,1,0,0,0,0,0,1,0,3,0,3.0,398,80,4.975
1,7,105,0,0,5,6,0,1,0,2,2,1,0,1,0,10,0,1.0,352,66,5.333333333333333
0,36,40,0,1,1,0,0,0,2,2,2,0,0,1,0,2,0,1.0,178,35,5.085714285714285
0,2,144,0,0,0,1,0,1,0,1,1,1,0,1,0,12,0,4.0,73,13,5.615384615384615
0,1,144,0,2,0,6,0,1,1,1,1,1,0,6,0,3,0,1.0,79,13,6.076923076923077
1,13,128,0,0,1,3,5,1,0,2,2,2,0,1,0,12,0,1.0,393,79,4.974683544303797
0,2,144,0,1,0,0,0,1,0,1,0,1,0,1,0,12,0,3.0,88,19,4.631578947368421
1,1,105,82,2,0,3,5,0,0,1,1,1,0,3,0,2,0,1.0,347,69,5.028985507246377
1,3,122,93,1,6,0,0,0,2,1,1,1,0,1,200,0,0,4.0,266,49,5.428571428571429
0,2,144,0,1,1,3,0,1,1,1,0,2,0,3,0,7,0,4.0,14,4,3.5
1,2,105,0,0,0,5,5,0,1,1,0,2,0,1,0,12,0,2.0,7,1,7.0
0,60,20,0,0,1,0,0,1,0,2,2,2,0,1,0,12,1,2.0,100,20,5.0
0,3,144,131,1,0,1,0,1,1,0,0,1,0,1,0,2,0,4.0,176,30,5.866666666666666
1,2,105,0,0,2,4,0,1,0,0,0,1,0,1,50,2,0,5.0,735,134,5.485074626865671
1,3,119,94,0,1,3,5,0,1,1,2,1,0,2,0,7,0,2.0,524,95,5.515789473684211
1,24,104,0,1,0,1,5,1,1,1,0,1,0,3,0,2,0,2.0,262,47,5.574468085106383
0,3,144,0,0,1,5,0,0,0,1,1,1,0,1,0,12,0,3.0,369,78,4.730769230769231
1,1,104,0,1,0,6,0,1,1,1,0,1,0,1,0,2,0,1.0,533,108,4.935185185185185
1,1,105,0,0,0,3,5,1,0,1,0,1,0,2,100,2,0,14.0,932,182,5.1208791208791204
1,3,105,0,1,1,3,5,1,0,0,0,1,0,1,50,12,0,6.0,1203,229,5.253275109170306
1,4,105,113,2,0,6,0,0,0,1,1,1,0,4,0,2,0,5.0,658,123,5.349593495934959
0,1,144,0,0,0,0,0,1,0,1,0,1,0,1,0,2,0,3.0,796,168,4.738095238095238
1,3,104,0,1,1,4,4,0,1,1,1,1,0,3,0,2,0,9.0,745,138,5.398550724637682
0,3,22,114,1,1,0,0,1,0,0,0,1,0,1,0,2,0,6.0,331,63,5.253968253968254
1,1,105,0,2,0,1,5,0,0,1,1,1,0,2,0,3,0,2.0,527,104,5.0673076923076925
0,3,144,0,1,0,1,3,1,0,1,1,1,0,4,0,3,0,2.0,222,38,5.842105263157895
0,11,144,0,1,1,6,0,1,0,0,2,0,0,1,0,2,0,1.0,179,33,5.424242424242424
0,2,144,114,0,1,0,0,1,0,0,0,1,0,1,0,2,0,3.0,234,43,5.441860465116279
0,72,60,114,1,1,4,0,0,1,2,2,2,0,1,0,7,0,1.0,290,57,5.087719298245614
0,1,144,114,1,0,1,5,1,0,1,1,1,0,7,0,7,0,7.0,671,122,5.5
0,16,38,2,1,1,6,0,2,0,2,0,0,0,1,200,2,0,2.0,239,49,4.877551020408164
0,2,5,0,1,0,1,0,1,1,0,0,1,0,1,50,12,0,3.0,202,36,5.611111111111111
0,36,54,0,1,0,1,5,1,0,2,2,2,0,1,350,12,0,2.0,762,139,5.482014388489208
0,60,22,114,0,4,6,0,1,1,0,0,0,0,1,0,2,0,9.0,530,97,5.463917525773196
1,12,105,82,2,4,5,5,1,0,2,2,2,0,7,0,2,0,1.0,586,104,5.634615384615385
0,120,155,0,1,3,6,0,1,0,2,2,2,0,1,0,2,0,2.0,651,124,5.25
1,24,105,0,1,4,0,0,1,1,0,0,0,0,1,160,2,0,1.0,122,23,5.304347826086956
1,6,105,0,1,0,5,5,0,0,2,0,0,0,1,0,12,0,2.0,459,82,5.597560975609756
0,19,144,131,2,0,1,5,1,0,2,2,2,0,3,0,12,0,16.0,697,127,5.488188976377953
0,36,65,116,0,0,4,5,1,2,0,0,0,0,1,0,2,0,2.0,335,42,7.976190476190476
1,24,105,82,2,0,1,5,1,0,2,2,2,1,5,0,2,0,1.0,52,8,6.5
0,15,41,0,1,1,0,0,0,1,0,0,1,0,2,300,5,0,1.0,103,21,4.904761904761905
1,4,122,0,1,0,1,0,0,1,2,0,2,0,1,50,12,0,2.0,257,45,5.711111111111111
1,3,104,0,1,4,0,0,0,1,0,1,1,1,1,0,2,0,4.0,66,14,4.714285714285714
1,8,105,0,0,0,6,0,0,0,1,1,2,0,1,0,2,0,7.0,1162,184,6.315217391304348
1,4,105,0,1,5,0,0,1,0,1,1,1,0,1,0,2,0,4.0,118,19,6.2105263157894735
1,3,105,0,0,0,6,0,1,0,0,0,1,0,1,0,12,0,14.0,171,36,4.75
0,1,22,0,1,0,3,5,1,0,1,1,1,0,1,0,1,0,1.0,15,3,5.0
1,51,122,89,1,1,5,5,1,2,0,0,0,0,1,0,7,0,3.0,202,38,5.315789473684211
1,17,93,82,0,0,1,0,1,0,0,0,0,0,1,0,2,0,1.0,149,29,5.137931034482759
1,2,104,0,1,4,6,0,1,1,0,0,1,0,1,0,2,0,7.0,325,60,5.416666666666667
0,2,144,114,0,0,1,5,2,1,1,0,1,1,1,0,2,0,1.0,102,22,4.636363636363637
0,2,144,0,1,0,1,5,1,1,0,0,1,0,1,0,2,0,3.0,65,13,5.0
0,1,144,0,1,1,6,0,1,0,1,1,1,0,3,0,2,0,1.0,155,29,5.344827586206897
1,4,105,0,0,6,0,0,0,0,2,2,2,0,1,0,12,0,2.0,45,9,5.0
0,36,144,0,0,0,1,0,1,0,1,1,1,1,1,0,2,0,3.0,449,84,5.345238095238095
0,4,144,0,1,4,0,0,1,1,2,2,1,0,1,0,2,0,2.0,198,37,5.351351351351352
1,1,104,82,1,0,4,5,1,1,1,1,1,0,1,0,3,0,5.0,115,18,6.388888888888889
0,24,144,0,1,0,3,5,1,0,0,0,0,0,1,0,2,0,3.0,303,56,5.410714285714286
1,6,104,0,0,3,6,0,1,1,0,0,1,0,1,0,12,0,4.0,226,37,6.108108108108108
1,4,105,0,1,0,5,0,0,0,2,2,2,1,1,0,2,0,4.0,714,150,4.76
1,2,104,0,2,0,1,2,1,1,1,1,1,0,4,150,2,0,5.0,84,14,6.0
0,0,144,0,1,1,6,0,0,0,1,1,1,0,4,0,5,0,5.0,46,7,6.571428571428571
1,1,103,0,0,0,0,0,2,2,1,1,1,0,1,125,2,0,4.0,224,41,5.463414634146342
0,8,144,0,0,1,0,0,2,0,0,0,1,0,1,0,2,0,5.0,280,52,5.384615384615385
0,2,144,114,0,0,1,5,1,1,0,0,1,0,1,0,2,0,1.0,79,13,6.076923076923077
1,4,105,0,0,1,0,0,1,0,0,0,1,2,1,0,2,0,2.0,184,35,5.257142857142857
0,1,144,0,2,0,6,0,2,0,1,1,1,0,3,0,12,0,2.0,482,85,5.670588235294118
1,10,133,0,1,5,0,0,1,1,0,0,0,0,1,50,12,0,1.0,89,14,6.357142857142857
0,2,144,0,0,1,0,0,1,0,1,1,1,0,1,0,2,0,3.0,379,75,5.053333333333334
0,12,144,0,1,1,0,0,1,0,0,0,0,0,1,0,12,0,14.0,162,27,6.0
1,7,105,0,0,0,6,0,1,0,0,0,1,0,1,0,7,0,5.0,256,51,5.019607843137255
1,1,105,0,1,0,5,5,1,0,1,0,1,0,1,0,2,1,16.0,830,150,5.533333333333333
0,2,144,0,1,0,1,0,1,0,1,0,1,0,1,0,4,0,1.0,120,24,5.0
0,11,144,0,0,0,6,0,1,0,0,0,0,0,1,0,12,0,15.0,1758,306,5.745098039215686
1,1,105,0,0,6,0,0,1,1,1,0,1,0,1,0,2,0,7.0,527,105,5.019047619047619
0,12,144,16,0,1,0,0,1,0,2,2,2,0,1,0,7,0,2.0,211,36,5.861111111111111
1,4,103,0,0,0,0,0,1,2,1,1,1,0,1,150,2,1,2.0,216,46,4.695652173913044
0,2,144,0,1,4,0,0,1,1,0,0,1,0,1,0,2,0,8.0,199,38,5.2368421052631575
0,4,144,114,0,3,0,0,0,0,0,0,2,0,1,0,12,0,3.0,184,37,4.972972972972973
0,60,8,0,0,2,0,0,2,1,0,0,1,0,2,0,2,0,1.0,25,4,6.25
0,3,144,114,2,0,6,0,1,0,1,1,1,0,3,0,2,0,3.0,12,2,6.0
0,1,144,0,1,0,4,5,1,0,1,1,1,0,6,0,2,0,1.0,32,5,6.4
0,4,62,114,1,4,0,0,1,1,0,0,0,0,1,0,2,0,2.0,339,60,5.65
1,1,105,81,2,5,0,0,0,1,1,1,2,0,3,0,12,0,3.0,354,65,5.446153846153846
1,3,105,73,1,0,3,5,0,0,0,0,1,0,1,0,3,1,7.0,39,10,3.9
0,2,144,114,0,0,6,0,1,1,0,0,1,0,1,0,2,0,3.0,12,2,6.0
0,4,144,0,0,0,6,0,1,0,0,0,1,0,2,0,2,1,15.0,666,127,5.244094488188976
1,2,105,0,0,2,0,0,0,0,1,1,1,0,1,50,2,0,4.0,172,30,5.733333333333333
0,3,8,52,2,0,1,1,1,0,2,2,2,0,3,0,7,0,3.0,230,38,6.052631578947368
1,3,105,0,2,1,4,0,0,0,1,2,1,0,4,0,2,0,1.0,137,23,5.956521739130435
1,3,84,0,1,0,0,0,0,1,0,1,0,0,1,0,2,0,5.0,91,15,6.066666666666666
1,18,104,0,2,1,0,0,1,1,1,1,1,0,4,0,6,0,2.0,225,35,6.428571428571429
0,2,69,114,0,0,6,0,1,0,0,0,1,0,1,0,2,0,7.0,618,116,5.327586206896552
0,1,144,0,0,0,0,0,1,0,2,2,1,0,1,0,2,0,1.0,88,16,5.5
1,4,105,0,0,1,6,0,0,0,0,0,1,0,1,0,12,0,5.0,163,24,6.791666666666667
1,2,105,0,2,0,2,5,2,0,1,1,1,0,6,0,2,0,5.0,456,91,5.010989010989011
1,2,104,0,1,0,3,0,0,1,1,1,1,0,1,0,2,0,6.0,915,184,4.9728260869565215
1,5,105,82,0,0,0,0,1,0,0,0,0,0,1,0,2,0,4.0,232,45,5.155555555555556
0,12,144,0,1,1,6,0,1,0,0,0,2,0,1,0,12,0,1.0,77,14,5.5
1,4,105,0,0,0,0,0,1,0,1,1,1,0,1,0,2,0,1.0,80,16,5.0
1,18,105,0,1,5,6,0,0,0,1,0,0,0,4,0,3,1,2.0,45,7,6.428571428571429
0,2,144,114,0,0,1,5,1,0,0,0,1,0,1,0,2,1,3.0,333,64,5.203125
0,3,144,16,1,4,0,0,1,0,0,0,0,0,1,0,2,0,3.0,403,66,6.106060606060606
1,9,122,66,1,0,1,2,1,1,1,1,1,0,1,0,2,0,2.0,60,6,10.0
0,8,144,0,0,0,1,0,1,0,2,2,2,0,1,0,2,0,1.0,629,124,5.07258064516129
0,5,54,0,0,1,6,0,0,0,1,1,1,0,1,0,2,0,2.0,260,46,5.6521739130434785
0,85,22,16,0,4,0,0,1,0,0,0,1,0,1,0,2,0,8.0,355,72,4.930555555555555
0,0,152,114,1,1,0,0,1,0,1,1,1,0,1,0,12,0,3.0,115,24,4.791666666666667
0,7,144,0,1,0,0,0,1,0,0,0,0,0,1,0,2,0,3.0,247,51,4.8431372549019605
1,1,82,0,1,4,0,0,0,0,2,0,2,0,1,20,2,0,4.0,535,100,5.35
1,24,94,82,1,1,0,0,1,0,0,0,0,0,1,50,2,0,27.0,2097,400,5.2425
1,25,128,101,0,1,0,0,2,0,0,0,0,0,1,0,2,0,1.0,3,1,3.0
1,12,105,0,1,0,6,0,0,0,2,0,0,0,1,0,12,0,3.0,418,72,5.805555555555555
0,5,144,0,1,3,6,0,1,1,1,0,1,0,1,0,4,0,3.0,220,47,4.680851063829787
0,3,144,114,1,0,1,5,1,1,1,0,1,0,4,0,2,0,5.0,303,54,5.611111111111111
1,5,135,0,1,0,5,5,0,0,2,2,2,0,1,0,12,0,1.0,112,22,5.090909090909091
0,36,99,114,1,0,1,0,2,1,2,2,2,0,1,0,2,0,1.0,202,38,5.315789473684211
0,2,144,0,2,6,0,0,1,0,1,1,1,0,2,0,3,1,2.0,291,53,5.490566037735849
0,1,144,0,1,0,0,0,1,0,1,0,1,0,1,0,2,0,4.0,195,36,5.416666666666667
1,3,104,0,1,0,1,5,0,1,1,0,1,0,1,50,2,0,5.0,142,28,5.071428571428571
1,36,143,0,1,0,6,0,0,0,1,0,0,0,1,0,2,0,9.0,208,35,5.942857142857143
1,2,105,73,0,5,6,0,0,0,1,1,1,0,1,0,2,0,4.0,115,21,5.476190476190476
1,1,84,0,0,5,0,0,1,0,1,1,1,0,1,0,12,0,5.0,470,89,5.280898876404494
0,3,144,0,0,0,3,0,1,1,1,1,1,0,2,0,12,0,2.0,159,28,5.678571428571429
0,14,17,0,1,1,6,0,0,0,0,0,1,0,1,50,2,0,1.0,227,45,5.044444444444444
0,12,41,0,0,1,0,0,0,1,0,0,1,0,1,300,2,0,5.0,546,115,4.747826086956522
1,38,104,0,1,4,6,0,1,1,1,1,1,0,1,0,2,0,2.0,471,93,5.064516129032258
1,5,104,96,1,0,2,5,0,0,0,0,1,0,1,100,2,0,2.0,58,6,9.666666666666666
1,2,105,0,1,6,0,0,1,0,0,0,1,0,1,30,2,0,1.0,368,67,5.492537313432836
0,60,144,0,1,1,0,0,1,0,0,0,0,1,1,0,2,0,3.0,905,167,5.419161676646707
0,4,17,114,1,1,6,0,0,0,0,0,1,0,1,300,2,0,5.0,357,60,5.95
0,2,144,0,1,1,0,0,1,1,1,0,1,0,1,0,2,0,1.0,122,20,6.1
1,2,104,0,1,0,3,3,1,1,1,0,1,0,1,0,2,0,3.0,421,69,6.101449275362318
0,1,144,0,2,0,1,5,1,0,1,0,1,0,17,0,4,0,14.0,281,46,6.108695652173913
0,2,144,0,0,0,1,0,2,0,1,1,1,0,1,0,2,0,6.0,801,143,5.601398601398602
0,60,51,0,1,0,0,0,0,0,2,2,2,0,1,25,2,0,2.0,520,99,5.252525252525253
0,2,26,0,0,6,0,0,0,2,0,0,1,0,1,200,2,0,0.0,230,41,5.609756097560975
1,2,105,0,1,0,0,0,0,1,1,0,1,0,1,0,2,0,3.0,216,44,4.909090909090909
1,2,105,0,0,0,1,5,0,0,2,0,2,0,7,0,2,2,14.0,297,62,4.790322580645161
0,6,144,0,1,0,0,0,1,0,2,2,2,1,1,0,12,0,5.0,320,59,5.423728813559322
0,30,8,0,2,2,0,0,2,1,0,0,1,0,2,0,2,1,3.0,377,75,5.026666666666666
0,3,144,114,1,0,1,1,0,0,2,2,2,0,1,0,12,0,1.0,50,10,5.0
1,15,120,0,1,3,6,0,1,1,1,0,0,0,1,0,12,0,3.0,56,9,6.222222222222222
0,60,147,23,1,0,6,0,1,1,0,0,0,0,1,0,2,0,1.0,416,81,5.135802469135802
0,1,144,0,0,0,1,0,1,1,2,2,1,0,1,0,2,0,3.0,88,17,5.176470588235294
1,6,120,0,1,1,6,0,1,0,0,0,0,0,1,0,2,0,9.0,909,169,5.378698224852071
0,2,54,114,1,1,0,0,1,0,2,2,1,0,1,0,2,0,3.0,135,23,5.869565217391305
0,3,54,114,2,0,1,5,1,0,1,0,1,0,2,0,2,0,3.0,386,75,5.1466666666666665
0,12,165,130,0,0,6,0,1,0,1,1,1,0,2,100,2,1,5.0,919,169,5.437869822485207
0,2,144,0,2,1,0,0,1,0,1,1,1,0,2,0,7,0,5.0,313,57,5.491228070175438
0,4,54,114,1,1,0,0,1,0,0,0,2,0,1,120,12,0,8.0,13,3,4.333333333333333
1,2,114,80,1,0,6,0,1,2,1,0,1,0,1,0,2,0,6.0,2072,353,5.8696883852691215
0,1,144,114,0,0,1,5,1,0,1,0,1,0,3,0,12,0,4.0,679,122,5.565573770491803
1,5,105,0,2,0,1,0,1,0,1,0,1,0,7,0,2,0,9.0,526,105,5.0095238095238095
0,3,99,0,1,1,0,0,3,1,0,2,1,0,1,0,7,0,1.0,334,58,5.758620689655173
0,3,144,0,1,0,1,0,1,1,0,0,1,0,1,0,2,0,6.0,508,96,5.291666666666667
0,24,144,114,0,0,0,0,1,1,2,2,2,0,1,0,2,0,1.0,546,108,5.055555555555555
0,60,51,0,1,5,0,0,1,1,0,0,0,0,1,0,2,0,1.0,662,135,4.9037037037037035
1,12,105,0,0,0,6,0,2,0,0,0,0,0,1,0,12,0,2.0,339,59,5.745762711864407
0,2,144,0,0,0,1,5,1,0,1,0,1,1,1,0,7,0,2.0,712,138,5.159420289855072
0,3,144,0,1,1,0,0,1,0,1,0,1,0,1,0,4,0,1.0,314,62,5.064516129032258
1,3,105,0,1,0,2,5,0,0,1,1,2,1,1,0,2,0,0.0,623,133,4.684210526315789
1,3,104,0,1,0,0,0,1,1,1,0,1,0,1,0,2,0,2.0,193,30,6.433333333333334
0,36,5,114,0,0,1,0,2,1,0,0,0,0,1,0,4,0,1.0,409,80,5.1125
1,2,105,0,0,3,6,0,0,1,1,1,1,0,1,0,2,0,3.0,376,69,5.449275362318841
0,1,144,0,1,1,0,0,1,0,1,1,1,0,1,0,12,0,14.0,211,39,5.410256410256411
1,1,105,0,1,5,6,0,1,0,2,2,2,0,1,0,2,0,3.0,63,13,4.846153846153846
1,4,105,61,0,0,0,0,1,0,0,0,1,0,1,0,12,0,2.0,229,44,5.204545454545454
0,2,27,0,0,0,1,0,1,0,1,1,1,0,1,0,2,0,1.0,305,54,5.648148148148148
0,84,144,0,1,1,0,0,1,0,0,0,0,0,1,0,12,0,16.0,1398,256,5.4609375
1,2,135,107,2,1,6,0,1,0,1,1,1,0,5,0,12,0,5.0,878,171,5.1345029239766085
0,1,144,0,1,0,1,5,1,0,1,1,1,0,1,0,4,0,2.0,643,119,5.4033613445378155
0,2,144,16,0,3,4,5,1,0,2,2,2,0,4,0,12,0,1.0,583,113,5.15929203539823
0,108,69,0,1,1,4,0,0,1,0,0,0,0,1,200,12,0,1.0,310,58,5.344827586206897
0,72,5,0,1,0,1,0,2,1,1,0,2,1,1,0,2,0,2.0,681,126,5.404761904761905
0,2,144,0,1,0,1,3,1,0,1,0,1,0,1,0,2,0,1.0,512,95,5.389473684210526
1,3,93,80,0,0,6,0,1,1,1,1,1,0,1,250,2,0,7.0,93,18,5.166666666666667
0,2,144,0,1,0,1,5,1,0,1,1,1,0,1,0,12,0,1.0,45,8,5.625
1,2,104,0,2,0,5,5,0,1,1,1,1,0,7,0,3,0,3.0,581,113,5.1415929203539825
1,3,105,0,0,3,0,0,0,0,1,0,1,0,1,0,12,0,1.0,1317,260,5.065384615384615
1,3,105,0,1,3,5,5,0,0,1,1,1,0,3,0,3,0,3.0,448,86,5.209302325581396
1,1,105,0,2,0,3,5,0,0,1,1,1,0,4,0,2,0,5.0,95,16,5.9375
1,3,135,107,0,3,0,0,1,1,0,0,0,0,1,0,2,0,4.0,145,23,6.304347826086956
1,6,104,0,0,0,3,5,1,1,1,1,1,0,3,0,2,0,3.0,475,83,5.72289156626506
1,3,105,101,2,0,0,0,0,0,1,2,2,0,3,0,12,0,13.0,1096,166,6.602409638554217
0,12,60,0,0,0,6,0,1,1,0,0,1,0,1,0,2,0,1.0,60,12,5.0
1,2,105,0,0,0,6,0,1,1,1,0,1,0,1,0,12,1,5.0,957,182,5.258241758241758
1,1,135,0,2,1,4,5,1,0,1,1,2,0,3,0,2,0,4.0,114,21,5.428571428571429
0,1,144,114,2,0,1,3,0,0,1,1,1,0,4,0,2,0,4.0,391,72,5.430555555555555
0,24,41,114,0,6,0,0,1,0,0,0,2,0,1,0,2,0,5.0,297,58,5.120689655172414
0,2,144,0,0,0,1,0,1,0,0,0,1,0,1,0,2,0,4.0,443,83,5.337349397590361
0,24,51,114,0,0,0,0,1,1,0,0,1,0,1,0,2,0,2.0,72,12,6.0
1,60,105,0,1,6,0,0,2,0,0,0,0,1,1,0,2,0,5.0,20,4,5.0
0,36,165,0,0,0,6,0,2,0,0,0,1,0,1,0,2,0,1.0,21,3,7.0
1,8,84,0,0,6,0,0,1,0,2,2,2,0,1,0,12,0,1.0,439,90,4.877777777777778
1,24,103,0,0,0,0,0,1,2,0,0,0,0,1,0,12,0,2.0,444,83,5.349397590361446
0,1,144,0,0,1,0,0,0,1,1,0,1,0,1,0,2,0,10.0,189,35,5.4
0,2,144,0,1,1,0,0,1,1,0,0,0,0,1,0,3,0,1.0,88,14,6.285714285714286
0,3,144,0,1,6,0,0,1,1,1,1,1,0,1,0,2,0,5.0,303,56,5.410714285714286
0,30,5,114,1,0,1,0,1,1,1,1,1,0,1,0,7,0,3.0,162,30,5.4
1,2,105,0,1,0,3,5,1,0,1,0,1,0,1,0,2,0,2.0,83,15,5.533333333333333
0,2,144,0,1,0,1,0,1,0,0,0,1,0,1,0,2,0,1.0,206,42,4.904761904761905
1,1,104,0,0,5,0,0,0,1,1,0,1,0,1,0,12,0,5.0,108,21,5.142857142857143
1,6,128,81,1,4,6,0,1,1,1,0,1,0,1,0,2,0,5.0,89,16,5.5625
1,6,105,81,1,0,5,5,0,1,0,0,0,0,4,30,2,0,4.0,85,16,5.3125
0,16,144,0,1,1,4,0,1,0,0,0,0,0,1,0,2,0,6.0,632,123,5.138211382113822
0,2,144,0,1,6,0,0,0,1,1,1,1,0,1,0,12,0,2.0,240,41,5.853658536585366
1,0,105,0,2,0,1,5,1,0,1,1,1,0,5,0,12,0,1.0,136,29,4.689655172413793
1,3,104,0,0,5,0,0,0,1,1,1,1,0,1,0,12,0,1.0,383,66,5.803030303030303
1,12,104,0,0,2,6,0,1,1,0,0,0,0,1,0,12,0,5.0,69,11,6.2727272727272725
0,36,60,0,1,4,6,0,0,1,2,2,2,0,1,0,12,0,3.0,437,84,5.2023809523809526
0,2,144,16,2,1,4,5,1,1,1,1,1,0,4,0,2,0,8.0,168,31,5.419354838709677
1,4,104,0,1,0,1,0,1,1,1,0,1,0,1,0,12,0,2.0,68,11,6.181818181818182
0,1,144,0,1,0,6,0,1,0,1,0,1,0,1,0,12,0,1.0,84,18,4.666666666666667
0,1,144,0,1,0,6,0,1,1,0,0,1,0,1,0,2,0,1.0,46,7,6.571428571428571
0,5,144,0,1,1,2,0,1,0,0,1,0,0,1,0,3,1,26.0,428,75,5.706666666666667
0,1,144,0,1,1,4,0,1,0,1,0,1,0,1,1,3,0,3.0,167,25,6.68
0,3,144,0,1,0,4,0,2,0,1,0,1,0,1,0,12,0,5.0,594,123,4.829268292682927
1,3,105,0,1,0,6,0,1,0,2,2,2,0,1,0,3,0,3.0,313,59,5.305084745762712
1,30,105,0,1,0,6,0,0,0,0,0,0,0,1,50,12,0,1.0,138,20,6.9
1,1,104,0,1,0,0,0,0,0,1,1,2,0,1,0,12,0,2.0,154,31,4.967741935483871
1,12,105,0,0,3,4,5,2,0,1,1,1,0,1,0,12,0,4.0,276,52,5.3076923076923075
1,1,105,0,1,6,0,0,0,0,1,0,1,0,1,0,12,0,1.0,244,48,5.083333333333333
0,12,144,0,0,0,1,0,1,0,0,0,0,0,1,0,2,0,2.0,139,25,5.56
0,84,144,0,0,1,5,0,2,0,2,2,2,0,1,0,2,0,5.0,1124,221,5.085972850678733
1,1,128,0,1,1,4,4,1,0,1,1,1,0,4,0,12,0,2.0,248,46,5.391304347826087
0,2,144,0,1,1,0,0,1,1,0,0,1,0,1,0,2,0,1.0,169,35,4.828571428571428
1,3,105,0,1,0,3,5,0,1,1,1,1,0,1,0,2,0,1.0,48,8,6.0
0,2,144,0,1,0,3,5,1,2,0,0,1,0,1,0,2,0,5.0,161,25,6.44
0,3,144,0,1,0,1,0,1,0,1,1,1,0,1,0,2,0,3.0,338,68,4.970588235294118
0,3,69,0,0,0,6,0,1,2,1,0,0,0,1,200,12,0,7.0,65,11,5.909090909090909
0,1,47,114,0,0,1,0,1,1,1,1,1,0,1,0,2,0,5.0,35,6,5.833333333333333
1,3,105,0,1,0,6,0,0,0,1,1,1,0,1,0,12,0,0.0,49,10,4.9
0,3,144,0,1,6,0,0,1,0,1,1,1,0,1,20,3,0,1.0,122,21,5.809523809523809
0,1,144,114,0,1,0,0,0,0,2,2,1,0,1,0,6,0,3.0,1407,287,4.902439024390244
0,5,144,0,0,0,4,0,2,0,0,0,0,0,1,0,2,0,5.0,277,49,5.653061224489796
1,1,104,0,1,1,5,0,1,1,1,1,1,0,1,0,12,0,5.0,125,26,4.8076923076923075
0,3,144,0,1,1,5,0,1,0,1,0,1,0,1,0,2,0,1.0,51,8,6.375
1,2,105,0,1,0,1,0,1,0,0,0,1,0,1,0,2,0,5.0,238,43,5.534883720930233
1,3,105,0,1,1,6,0,1,0,0,0,1,0,1,50,12,0,6.0,1217,228,5.337719298245614
0,2,144,0,0,0,6,0,1,0,1,1,1,0,1,0,7,0,1.0,280,48,5.833333333333333
0,2,144,0,0,6,0,0,1,0,0,0,1,0,1,10,2,0,4.0,33,5,6.6
0,1,144,114,1,0,6,0,0,0,1,1,1,0,2,0,2,0,4.0,438,79,5.544303797468355
0,12,22,114,1,1,0,0,1,1,0,0,0,0,2,0,2,0,2.0,636,122,5.213114754098361
0,1,144,114,0,0,6,0,1,1,1,0,1,0,1,0,2,0,4.0,12,2,6.0
0,2,144,0,2,0,1,0,1,0,1,1,1,0,4,0,5,0,4.0,131,22,5.954545454545454
1,2,128,81,0,1,4,4,1,1,1,2,1,0,1,20,2,0,3.0,633,112,5.651785714285714
1,3,104,81,2,0,1,0,1,1,1,1,1,0,2,0,2,0,5.0,1553,300,5.176666666666667
0,7,144,114,0,0,1,2,1,0,0,0,2,0,1,0,7,0,0.0,140,29,4.827586206896552
1,3,104,0,2,1,4,4,1,1,1,1,1,0,4,0,12,0,2.0,296,49,6.040816326530612
0,2,144,0,1,2,0,0,1,1,1,0,1,0,1,0,2,0,2.0,268,51,5.254901960784314
1,2,128,82,1,4,0,0,1,0,0,0,1,0,1,0,12,0,3.0,436,79,5.518987341772152
1,2,105,0,1,0,6,0,1,0,1,1,1,0,1,0,2,0,8.0,245,44,5.568181818181818
1,5,105,96,2,0,1,0,0,0,0,0,0,0,2,0,12,0,1.0,151,28,5.392857142857143
0,1,144,0,0,1,0,0,2,0,1,1,1,0,1,0,3,0,4.0,51,9,5.666666666666667
1,5,105,0,0,0,6,0,1,1,1,1,1,0,1,0,12,0,5.0,535,107,5.0
0,2,144,0,2,0,1,2,1,0,1,1,1,0,20,0,2,0,2.0,890,158,5.632911392405063
0,1,144,114,1,4,0,0,1,1,1,1,1,0,1,0,12,0,2.0,160,31,5.161290322580645
0,4,144,0,1,0,6,0,1,0,0,0,0,0,1,0,2,0,1.0,118,22,5.363636363636363
1,1,105,0,1,0,1,5,0,0,1,1,1,0,1,0,12,0,1.0,231,42,5.5
0,36,144,0,1,1,2,2,1,0,2,2,2,1,1,0,12,0,2.0,205,45,4.555555555555555
1,60,128,81,0,0,4,0,2,1,0,0,0,0,1,160,2,0,4.0,89,17,5.235294117647059
0,60,60,47,1,1,6,0,0,0,0,0,1,0,1,300,2,0,1.0,12,2,6.0
0,24,54,114,0,1,6,0,1,0,2,2,1,0,1,0,2,0,4.0,433,81,5.345679012345679
0,46,8,0,0,2,3,3,2,1,0,0,1,0,1,0,12,0,1.0,362,59,6.135593220338983
0,84,48,0,1,1,6,0,1,0,0,0,0,0,1,0,5,0,21.0,973,178,5.466292134831461
0,7,22,114,1,6,0,0,1,0,0,0,0,0,1,0,2,1,6.0,2936,539,5.447124304267161
0,1,144,114,2,0,1,1,2,0,0,0,1,0,7,0,2,5,30.0,347,53,6.547169811320755
1,1,105,0,0,2,6,0,0,0,1,0,1,0,1,0,2,0,4.0,389,80,4.8625
1,30,139,82,1,1,2,3,1,0,0,0,0,0,1,10,12,0,4.0,339,61,5.557377049180328
0,120,30,0,0,0,1,0,0,0,0,0,1,0,1,0,2,0,3.0,565,107,5.280373831775701
0,12,144,0,0,1,4,0,1,1,2,2,2,0,1,0,12,0,2.0,1567,264,5.9356060606060606
1,1,104,82,1,2,6,0,0,1,1,1,1,0,1,0,2,0,4.0,521,103,5.058252427184466
1,1,105,0,2,0,2,4,0,0,1,1,1,0,4,0,12,0,1.0,22,3,7.333333333333333
1,1,135,0,1,5,0,0,1,0,1,0,1,0,1,0,2,0,5.0,66,11,6.0
0,1,144,0,1,0,1,4,1,1,1,1,1,0,2,0,3,0,5.0,437,68,6.426470588235294
0,12,13,0,0,3,6,0,1,0,0,0,0,0,1,0,2,0,2.0,152,25,6.08
0,2,144,0,0,0,1,0,1,0,1,1,1,0,1,0,2,0,2.0,215,37,5.8108108108108105
0,4,144,0,0,0,1,4,1,0,0,0,1,0,1,0,2,0,1.0,390,59,6.610169491525424
0,26,144,0,1,0,0,0,1,0,0,0,0,0,1,0,2,0,2.0,187,34,5.5
0,2,144,0,2,1,5,0,1,1,1,1,1,0,3,0,0,0,3.0,317,63,5.031746031746032
1,7,105,106,0,1,0,0,1,0,1,1,1,0,1,50,2,0,2.0,205,38,5.394736842105263
1,32,88,94,0,0,1,5,1,1,2,2,2,0,1,0,12,0,1.0,434,83,5.228915662650603
0,3,144,114,0,1,0,0,1,1,0,0,1,0,1,0,2,0,1.0,14,3,4.666666666666667
0,29,144,0,1,2,0,0,1,0,1,1,2,0,1,0,12,0,4.0,499,95,5.252631578947368
1,2,105,0,1,5,6,0,1,0,1,1,1,0,1,100,2,0,5.0,75,14,5.357142857142857
0,1,144,0,1,1,0,0,1,0,2,2,1,0,1,0,2,0,4.0,129,23,5.608695652173913
0,5,144,0,1,1,0,0,1,0,0,0,0,0,1,0,12,0,5.0,141,26,5.423076923076923
0,4,144,4,1,0,1,1,2,1,0,0,1,0,1,0,2,0,10.0,322,58,5.551724137931035
0,108,40,25,1,1,0,0,0,2,2,0,1,0,1,0,12,0,2.0,809,159,5.088050314465409
0,1,144,0,1,1,0,0,1,0,1,0,1,0,1,0,2,0,1.0,77,14,5.5
0,14,6,4,1,0,2,5,0,1,0,0,1,0,1,150,2,0,3.0,129,24,5.375
1,9,142,112,0,3,6,0,2,1,0,0,2,0,1,100,7,0,5.0,41,7,5.857142857142857
1,36,105,0,0,0,1,2,0,0,1,1,1,1,1,0,9,0,5.0,1342,256,5.2421875
0,5,41,0,0,1,0,0,0,1,0,0,0,0,1,0,2,0,2.0,433,77,5.623376623376624
1,4,105,0,0,2,0,0,1,0,0,0,0,0,1,100,2,0,2.0,194,28,6.928571428571429
0,10,144,0,0,0,1,0,1,1,1,1,0,0,1,0,2,0,1.0,688,144,4.777777777777778
1,3,122,82,0,0,1,5,1,0,1,0,1,0,3,0,2,0,5.0,158,25,6.32
1,5,104,0,1,1,3,5,1,1,0,0,1,0,1,0,2,0,3.0,329,51,6.450980392156863
0,1,144,0,1,0,1,5,1,0,0,0,0,0,3,150,12,0,29.0,370,69,5.36231884057971
1,2,104,82,1,5,6,0,1,1,0,0,1,0,1,0,2,0,2.0,93,18,5.166666666666667
0,2,144,114,1,2,0,0,1,1,1,0,1,0,1,0,12,0,5.0,406,75,5.413333333333333
1,4,105,0,1,1,0,0,1,0,1,1,1,0,1,0,2,0,1.0,300,58,5.172413793103448
1,6,128,0,0,5,0,0,1,0,0,0,1,0,1,0,2,0,2.0,133,27,4.925925925925926
0,39,144,114,1,1,0,0,1,0,0,0,0,0,1,0,2,0,3.0,146,4,36.5
1,24,120,94,1,6,0,0,1,0,0,0,1,1,1,1,2,0,2.0,66,12,5.5
0,2,23,17,1,0,1,3,1,0,1,0,2,0,1,0,12,0,1.0,135,32,4.21875
1,84,122,86,1,4,0,0,1,2,0,0,0,0,2,0,12,0,2.0,583,111,5.252252252252252
1,0,105,0,2,0,2,5,0,0,1,1,1,0,2,0,2,0,8.0,166,33,5.03030303030303
0,2,144,0,0,1,6,0,1,1,1,1,1,0,1,0,2,1,3.0,134,27,4.962962962962963
0,12,41,114,0,1,4,0,1,1,0,0,0,0,1,0,2,1,8.0,331,48,6.895833333333333
1,24,122,96,1,4,0,0,1,2,2,2,1,0,1,0,12,0,5.0,415,76,5.4605263157894735
1,2,105,0,1,4,5,5,1,0,0,0,1,0,2,0,2,0,12.0,1114,199,5.597989949748744
0,3,144,0,1,0,0,0,1,1,0,0,1,0,1,0,2,0,1.0,107,23,4.6521739130434785
1,29,105,0,0,0,6,0,0,0,0,0,1,0,1,0,2,0,4.0,388,79,4.9113924050632916
0,5,144,0,0,4,6,0,1,1,0,0,1,0,1,0,4,0,1.0,153,29,5.275862068965517
0,2,144,0,0,1,0,0,1,1,1,2,1,0,1,0,2,0,1.0,88,15,5.866666666666666
1,12,135,0,0,0,5,0,1,0,1,0,1,0,1,0,2,0,2.0,8,1,8.0
0,3,144,0,1,4,6,0,1,0,0,0,1,0,1,0,12,0,3.0,124,23,5.391304347826087
1,3,105,0,1,4,0,0,0,0,1,1,1,0,1,0,2,0,2.0,147,22,6.681818181818182
1,2,105,82,2,0,3,5,1,0,1,1,1,0,3,1,3,0,3.0,130,25,5.2
1,1,104,0,2,0,5,5,0,0,1,1,1,0,2,0,2,0,2.0,230,44,5.2272727272727275
1,36,105,0,1,5,6,0,1,0,0,0,1,0,1,0,12,0,4.0,641,117,5.478632478632479
0,84,155,0,0,1,0,0,0,0,0,0,1,0,1,0,12,1,6.0,476,92,5.173913043478261
0,3,144,0,1,6,0,0,1,0,0,0,2,0,1,100,3,0,1.0,86,18,4.777777777777778
1,4,105,0,0,0,6,0,0,0,0,0,1,0,1,0,12,0,5.0,423,82,5.158536585365853
1,23,105,0,0,0,6,0,2,0,0,0,1,0,1,200,2,0,3.0,4286,706,6.070821529745042
0,5,144,0,1,1,0,0,0,0,1,1,1,0,1,0,12,0,6.0,38,9,4.222222222222222
0,1,144,0,1,0,1,0,0,1,1,1,1,0,2,0,2,0,4.0,299,57,5.245614035087719
0,3,144,0,1,1,0,0,1,0,1,1,1,0,1,0,12,0,5.0,619,118,5.245762711864407
1,3,105,0,0,1,3,0,1,1,1,1,1,0,1,0,2,0,1.0,50,8,6.25
1,2,105,0,0,1,0,0,0,0,0,0,1,0,1,50,2,0,1.0,66,12,5.5
0,20,144,131,0,0,1,0,1,0,0,0,0,0,1,0,12,0,2.0,111,17,6.529411764705882
1,3,103,0,0,1,6,0,1,2,1,0,1,0,1,38,2,0,4.0,358,70,5.114285714285714
0,3,144,114,0,1,4,0,1,0,1,1,1,0,2,0,4,0,1.0,205,38,5.394736842105263
1,3,105,0,0,0,6,0,1,0,1,1,1,0,1,15,2,0,6.0,78,18,4.333333333333333
0,3,5,114,0,1,0,0,1,0,0,0,1,0,1,0,12,0,4.0,139,26,5.346153846153846
0,8,144,0,1,1,0,0,2,1,2,2,0,0,1,0,2,1,1.0,158,29,5.448275862068965
0,24,144,0,0,1,0,0,2,0,2,2,2,0,1,0,12,1,2.0,258,52,4.961538461538462
1,12,128,81,1,0,5,5,1,1,0,0,0,0,1,0,2,0,9.0,485,86,5.6395348837209305
0,29,65,16,1,4,6,0,1,1,0,0,0,0,1,0,2,0,7.0,294,52,5.653846153846154
0,12,144,0,1,6,0,0,1,2,2,2,2,0,1,0,2,0,2.0,144,31,4.645161290322581
1,1,105,112,1,0,4,5,1,0,1,0,1,0,1,30,2,0,5.0,1098,189,5.809523809523809
0,1,144,0,1,1,0,0,1,0,1,0,1,0,1,0,2,0,19.0,707,134,5.276119402985074
1,0,105,82,2,1,2,5,1,0,1,1,1,0,5,0,2,0,11.0,590,115,5.130434782608695
1,5,104,0,0,2,3,5,1,1,0,0,1,0,1,0,2,0,1.0,81,15,5.4
0,2,144,0,1,1,0,0,1,1,1,1,1,0,1,0,12,0,1.0,74,14,5.285714285714286
1,2,105,0,0,0,0,0,0,0,2,2,2,0,1,0,2,0,2.0,237,47,5.042553191489362
0,2,144,0,1,1,4,0,1,0,0,0,1,0,1,0,2,0,4.0,158,26,6.076923076923077
0,60,47,114,0,0,1,0,2,1,2,2,1,0,1,0,2,0,0.0,65,13,5.0
0,1,144,0,0,6,0,0,1,1,1,0,1,0,1,0,2,0,5.0,343,69,4.971014492753623
1,2,104,0,0,3,6,0,1,1,1,0,2,0,1,0,2,0,6.0,930,157,5.923566878980892
1,3,105,0,1,0,1,0,1,0,1,1,1,0,2,0,12,0,4.0,38,6,6.333333333333333
1,3,135,96,2,0,2,5,1,0,1,0,1,0,3,0,2,0,1.0,28,5,5.6
0,5,144,0,0,1,4,0,0,0,2,2,2,0,1,0,2,0,1.0,331,64,5.171875
1,12,84,0,0,0,6,0,1,1,1,1,1,1,1,50,12,0,5.0,299,56,5.339285714285714
1,4,104,0,0,6,0,0,1,1,2,2,2,0,2,0,2,0,5.0,113,22,5.136363636363637
0,3,144,0,1,1,4,0,1,1,1,1,1,0,1,0,2,2,3.0,370,74,5.0
1,3,105,0,1,4,0,0,1,0,0,0,1,0,2,0,2,0,3.0,917,176,5.2102272727272725
1,3,131,0,2,0,1,2,1,1,1,1,1,0,4,0,7,0,1.0,32,7,4.571428571428571
1,2,103,81,0,0,1,4,1,1,1,0,1,0,1,50,2,0,6.0,938,167,5.616766467065868
0,2,144,0,1,1,0,0,1,0,0,0,1,0,1,0,12,0,1.0,23,5,4.6
1,4,105,0,2,0,1,5,0,0,1,1,1,0,4,0,12,0,2.0,194,31,6.258064516129032
0,3,144,0,0,0,3,0,1,0,1,0,2,0,1,0,12,0,7.0,647,116,5.577586206896552
1,7,105,0,1,0,1,5,1,0,0,0,0,0,1,0,7,0,3.0,574,108,5.314814814814815
1,1,105,0,0,0,1,5,0,0,1,1,1,0,1,0,2,0,4.0,204,32,6.375
1,2,105,0,0,0,1,0,0,0,1,1,1,0,1,0,2,0,4.0,191,36,5.305555555555555
0,1,144,114,1,0,1,0,1,0,0,0,1,0,1,0,2,0,4.0,58,13,4.461538461538462
1,2,96,0,2,3,6,0,1,1,1,1,1,0,4,0,2,1,10.0,97,17,5.705882352941177
1,4,128,0,0,0,1,5,0,0,1,0,1,0,1,50,12,0,5.0,889,175,5.08
1,96,126,0,1,5,0,0,3,1,0,0,0,0,3,0,12,0,3.0,173,33,5.242424242424242
0,48,17,0,1,1,6,0,0,0,0,0,1,0,1,0,2,0,0.0,107,20,5.35
0,2,144,0,0,0,1,0,1,1,0,0,1,0,1,0,2,0,2.0,266,49,5.428571428571429
1,12,93,0,1,5,0,0,1,0,2,2,2,0,1,0,2,0,3.0,98,20,4.9
1,1,135,0,1,0,1,5,0,0,1,0,1,0,1,0,2,0,2.0,86,17,5.0588235294117645
0,48,144,0,0,0,6,0,1,0,0,0,2,0,1,0,2,0,2.0,71,15,4.733333333333333
0,7,144,0,1,6,0,0,1,0,1,1,0,0,1,0,2,0,5.0,185,33,5.606060606060606
1,9,114,0,1,3,6,0,2,1,0,0,1,0,1,200,2,0,2.0,234,44,5.318181818181818
1,8,105,0,0,1,6,0,1,0,0,0,0,0,1,0,2,0,5.0,268,55,4.872727272727273
0,12,144,0,0,0,0,0,1,0,2,2,2,0,2,0,12,0,3.0,16,3,5.333333333333333
1,3,104,0,1,0,6,0,1,1,1,1,1,0,2,0,12,0,8.0,1040,197,5.279187817258883
0,9,144,0,0,0,0,0,1,1,2,2,0,0,1,0,2,0,5.0,399,78,5.115384615384615
1,36,138,82,1,0,1,0,1,0,0,0,0,0,1,0,12,0,5.0,1479,291,5.082474226804123
1,3,104,0,0,4,6,0,0,1,1,1,1,0,1,0,6,0,2.0,80,16,5.0
1,6,105,0,0,1,3,5,0,0,1,1,1,0,3,0,12,0,4.0,385,76,5.065789473684211
1,1,105,0,2,3,6,0,1,0,1,0,1,0,2,0,2,0,4.0,394,76,5.184210526315789
0,20,47,0,0,0,0,0,2,1,0,0,0,0,1,300,2,0,5.0,266,49,5.428571428571429
0,2,144,0,0,1,2,0,1,1,0,0,1,0,1,50,2,0,2.0,31,7,4.428571428571429
0,3,147,34,0,0,6,0,1,0,0,0,1,0,2,0,2,0,6.0,454,91,4.989010989010989
1,5,122,81,1,0,1,5,2,1,1,1,1,0,1,0,12,0,4.0,618,118,5.237288135593221
0,2,144,0,1,1,0,0,1,0,0,0,1,0,1,0,2,0,1.0,105,21,5.0
0,2,144,0,1,0,0,0,1,0,1,0,1,0,1,0,12,0,6.0,139,27,5.148148148148148
0,2,144,0,1,1,6,0,1,0,1,1,1,0,1,0,2,1,8.0,280,57,4.912280701754386
0,1,144,114,1,0,1,0,1,1,1,0,1,0,1,0,2,0,1.0,14,3,4.666666666666667
1,5,105,110,1,0,2,3,1,0,1,0,1,0,1,0,12,0,15.0,78,11,7.090909090909091
0,7,12,114,1,0,1,0,1,0,0,0,0,0,1,0,2,0,4.0,448,86,5.209302325581396
0,4,144,0,1,1,6,0,1,0,0,0,0,0,1,0,2,0,2.0,434,85,5.105882352941176
0,2,144,0,0,2,4,0,1,0,1,0,1,0,1,0,2,0,4.0,261,48,5.4375
1,2,105,82,1,0,1,2,1,1,1,1,1,0,2,0,12,0,2.0,137,26,5.269230769230769
0,3,144,0,1,6,0,0,1,0,0,0,1,0,1,200,2,0,9.0,1201,228,5.267543859649122
0,3,144,0,0,1,6,0,1,1,0,0,1,0,1,0,7,0,3.0,545,93,5.860215053763441
1,1,104,0,1,0,5,5,1,1,1,1,1,0,1,0,2,0,1.0,154,30,5.133333333333334
0,6,144,0,0,0,0,0,1,0,0,0,1,0,1,0,2,0,2.0,153,30,5.1
0,72,74,0,0,6,0,0,1,1,0,0,0,0,1,0,2,0,1.0,293,58,5.051724137931035
0,8,65,53,1,1,4,5,0,1,1,1,0,0,1,50,2,0,4.0,111,17,6.529411764705882
0,2,144,0,1,1,6,0,0,0,2,2,2,0,1,0,12,0,3.0,270,53,5.09433962264151
0,8,144,0,1,4,0,0,0,1,2,2,2,0,1,0,2,0,6.0,696,154,4.51948051948052
1,34,120,0,2,0,4,5,1,1,1,1,1,0,4,0,3,0,5.0,28,6,4.666666666666667
1,5,103,81,2,2,0,0,1,1,1,0,1,0,2,0,12,0,3.0,329,57,5.771929824561403
1,2,104,0,2,0,3,5,1,1,2,2,2,0,4,0,12,0,4.0,603,103,5.854368932038835
0,15,144,0,0,0,1,5,1,0,0,0,0,0,1,0,2,0,1.0,59,14,4.214285714285714
1,0,105,0,0,0,0,0,0,0,1,1,1,0,1,0,2,0,1.0,657,136,4.830882352941177
0,2,144,0,1,0,0,0,0,0,1,0,2,0,1,0,2,0,4.0,174,31,5.612903225806452
0,2,144,0,1,0,1,5,1,0,1,1,1,0,1,0,2,0,7.0,389,71,5.47887323943662
1,3,105,0,1,5,6,0,0,0,1,1,1,0,1,0,7,0,5.0,61,12,5.083333333333333
0,12,144,0,0,0,0,0,1,0,1,1,1,0,1,0,2,0,1.0,91,18,5.055555555555555
1,2,104,0,1,0,5,5,1,1,1,0,1,1,1,0,2,0,3.0,482,96,5.020833333333333
1,12,140,110,1,1,3,3,0,1,0,0,1,0,1,0,2,0,1.0,191,34,5.617647058823529
1,2,96,0,2,0,3,5,1,1,1,1,1,0,2,0,2,0,5.0,155,29,5.344827586206897
0,3,144,0,2,0,0,0,1,0,1,1,1,0,2,0,7,0,3.0,226,43,5.255813953488372
1,1,144,0,0,0,6,0,0,0,1,1,2,0,1,0,2,0,2.0,513,102,5.029411764705882
0,12,41,0,0,1,0,0,0,1,0,0,1,0,1,0,2,1,4.0,1280,239,5.355648535564853
0,30,65,114,1,1,6,0,1,0,0,0,0,0,1,0,3,0,2.0,328,62,5.290322580645161
1,13,128,96,0,4,6,0,2,0,0,0,1,0,1,0,3,0,6.0,639,117,5.461538461538462
0,1,144,0,0,1,0,0,1,0,1,1,1,0,1,20,3,0,1.0,122,21,5.809523809523809
0,1,144,114,0,2,0,0,1,1,0,0,1,0,1,0,2,0,1.0,12,2,6.0
0,1,144,0,0,1,0,0,1,0,1,0,1,0,1,0,12,0,1.0,91,17,5.352941176470588
0,10,144,0,1,1,6,0,0,0,0,0,2,0,1,0,2,0,5.0,63,11,5.7272727272727275
0,24,144,0,0,4,0,0,1,1,2,2,0,0,20,0,5,0,1.0,95,18,5.277777777777778
1,36,105,0,0,0,6,0,2,1,2,0,0,0,1,0,12,0,5.0,682,128,5.328125
1,2,128,82,2,1,4,5,1,0,1,1,1,0,2,0,12,0,3.0,258,44,5.863636363636363
1,1,104,80,0,4,6,0,0,1,1,1,1,0,1,0,12,0,5.0,287,55,5.218181818181818
1,3,105,64,1,0,6,0,0,0,1,0,1,0,1,0,3,0,4.0,225,37,6.081081081081081
1,2,104,0,2,0,2,0,0,1,1,1,1,0,3,0,6,0,1.0,43,9,4.777777777777778
1,5,105,0,0,0,6,0,0,0,0,0,1,0,1,0,3,0,2.0,161,23,7.0
1,24,105,0,0,1,0,0,1,0,1,0,0,0,1,0,0,0,4.0,98,16,6.125
0,3,144,4,1,0,0,0,1,1,0,0,1,0,1,0,2,0,5.0,14,3,4.666666666666667
1,1,105,82,2,0,3,5,1,0,1,1,1,0,2,0,12,0,3.0,601,121,4.966942148760331
0,1,144,0,0,0,0,0,0,0,1,0,1,0,1,0,12,0,3.0,409,79,5.177215189873418
0,2,144,114,1,4,0,0,1,1,1,0,1,0,1,0,2,0,2.0,14,3,4.666666666666667
1,3,105,0,1,0,6,0,0,0,1,1,1,0,1,0,5,0,1.0,103,15,6.866666666666666
1,108,105,0,1,0,6,0,1,0,0,0,0,0,1,0,2,0,1.0,736,138,5.333333333333333
0,6,144,0,0,0,6,0,1,1,0,0,0,0,1,0,2,0,5.0,374,66,5.666666666666667
1,1,105,0,1,0,2,5,1,0,1,1,1,0,1,0,2,0,4.0,643,119,5.4033613445378155
1,3,105,0,2,1,3,5,0,0,2,2,1,0,5,0,2,0,5.0,449,77,5.8311688311688314
0,2,22,114,0,2,6,0,1,0,1,0,1,0,1,0,2,0,0.0,25,4,6.25
0,2,144,0,1,0,1,0,1,1,2,2,1,0,1,0,2,0,4.0,122,21,5.809523809523809
0,9,144,3,1,0,0,0,0,0,0,0,0,0,1,0,2,0,5.0,149,22,6.7727272727272725
1,12,104,80,1,3,6,0,2,2,1,0,0,0,1,100,12,0,11.0,285,57,5.0
0,36,41,0,0,1,0,0,0,0,0,0,0,0,1,0,12,0,3.0,340,62,5.483870967741935
0,2,144,6,1,1,0,0,1,1,0,0,1,0,2,0,3,0,0.0,41,6,6.833333333333333
0,3,144,0,2,0,1,0,1,1,0,0,2,0,4,0,0,0,1.0,76,14,5.428571428571429
0,8,164,114,1,0,0,0,1,0,2,2,0,0,1,0,2,0,1.0,179,33,5.424242424242424
1,1,104,81,0,3,4,5,1,1,1,0,1,0,2,0,12,0,15.0,256,44,5.818181818181818
0,21,144,0,0,1,6,0,1,0,0,0,0,0,1,200,2,0,3.0,231,43,5.372093023255814
0,2,144,0,1,1,0,0,1,1,1,1,1,0,1,0,4,0,7.0,286,55,5.2
0,4,144,0,2,2,0,0,1,0,0,0,1,0,3,0,2,0,2.0,576,111,5.1891891891891895
0,12,22,114,0,0,0,0,1,0,2,0,0,0,1,0,2,0,7.0,399,83,4.807228915662651
0,2,144,0,1,0,1,0,1,1,1,1,1,0,1,20,3,0,1.0,141,25,5.64
1,2,128,0,2,1,4,0,0,1,1,1,1,0,4,0,7,0,4.0,20,3,6.666666666666667
0,2,69,114,1,2,0,0,1,1,1,1,1,0,1,0,2,0,4.0,297,59,5.033898305084746
1,2,104,0,1,0,0,0,0,1,1,0,1,0,1,0,0,0,4.0,518,81,6.395061728395062
0,0,144,114,2,1,6,0,0,1,1,1,1,0,5,5,2,0,0.0,18,3,6.0
1,4,105,0,1,2,6,0,0,0,1,0,1,0,1,0,12,0,4.0,173,32,5.40625
1,6,114,0,0,0,0,0,1,1,1,1,1,0,1,50,2,0,2.0,147,24,6.125
1,3,96,0,1,0,1,5,0,1,1,1,1,0,1,0,2,0,2.0,158,27,5.851851851851852
