Type,Age,Breed1,Breed2,Gender,Color1,Color2,Color3,MaturitySize,FurLength,Vaccinated,Dewormed,Sterilized,Health,Quantity,Fee,State,VideoAmt,PhotoAmt,desc_length,desc_words,average_word_length
1,24,105,0,1,5,0,0,0,1,0,0,1,0,1,0,2,0,5.0,53,8,6.625
0,2,144,0,0,1,6,0,1,0,1,0,1,0,1,0,7,0,3.0,477,88,5.420454545454546
0,24,144,114,1,0,1,3,1,0,0,0,0,0,2,0,2,8,30.0,1435,256,5.60546875
0,2,144,0,2,0,1,2,1,1,1,0,1,0,6,0,3,0,7.0,132,24,5.5
0,1,144,0,1,0,1,0,1,1,1,1,1,0,1,0,3,0,1.0,120,20,6.0
0,9,8,0,0,2,0,0,2,2,0,0,0,0,1,200,2,0,3.0,55,12,4.583333333333333
1,1,105,81,0,2,6,0,1,0,1,1,1,0,1,50,2,0,6.0,601,110,5.463636363636364
1,3,105,0,0,5,6,0,1,0,1,0,1,0,1,0,6,0,6.0,286,44,6.5
1,2,105,0,1,1,3,3,0,0,2,0,1,0,1,0,2,0,8.0,529,105,5.038095238095238
1,14,105,0,1,2,6,0,1,0,1,1,1,0,2,0,0,0,4.0,259,41,6.317073170731708
1,2,105,0,0,3,6,0,0,0,1,0,1,0,1,0,12,0,5.0,396,79,5.012658227848101
0,5,144,0,1,0,0,0,1,0,0,1,0,0,1,0,2,1,1.0,203,36,5.638888888888889
0,1,144,0,1,0,1,0,1,0,0,0,1,0,1,0,2,0,5.0,88,15,5.866666666666666
1,5,105,0,0,2,6,0,0,0,1,1,1,0,1,0,2,0,3.0,219,41,5.341463414634147
0,29,4,114,0,0,1,0,1,0,0,0,2,0,1,0,3,0,2.0,99,21,4.714285714285714
0,4,61,4,1,0,1,0,2,1,0,0,1,0,1,600,2,0,2.0,243,45,5.4
0,60,65,114,1,0,0,0,1,1,0,0,2,0,1,0,2,3,4.0,246,46,5.3478260869565215
0,5,144,114,0,3,0,0,2,0,0,0,0,0,1,50,5,0,2.0,488,92,5.304347826086956
1,2,105,0,1,1,2,5,1,1,1,1,1,0,2,0,2,0,6.0,430,81,5.308641975308642
0,24,144,114,1,6,0,0,0,0,0,0,0,0,1,0,2,0,3.0,764,152,5.026315789473684
1,2,105,0,1,1,4,0,0,0,1,0,1,0,3,0,12,0,4.0,297,55,5.4
0,14,144,0,0,1,0,0,2,1,0,0,0,0,1,0,7,0,3.0,24,5,4.8
1,24,122,0,1,0,6,0,0,2,2,1,2,0,1,0,12,0,1.0,662,116,5.706896551724138
1,12,105,0,1,0,6,0,1,0,0,0,0,0,1,0,12,0,5.0,107,20,5.35
0,13,60,0,1,0,6,0,1,1,0,0,1,0,1,0,12,0,1.0,170,32,5.3125
0,2,144,0,0,0,0,0,1,0,1,0,1,0,1,0,2,0,5.0,869,166,5.234939759036145
0,11,159,0,0,4,0,0,1,2,0,0,1,0,1,200,2,0,3.0,25,4,6.25
0,2,144,0,0,0,1,0,1,1,1,0,1,0,1,5,2,0,2.0,215,40,5.375
1,2,105,0,0,0,0,0,0,0,1,1,1,0,1,0,12,0,6.0,431,89,4.842696629213483
1,16,135,0,0,0,6,0,1,0,1,1,1,0,10,0,3,0,4.0,474,96,4.9375
0,2,144,0,0,0,1,5,1,1,1,0,1,0,1,0,12,0,5.0,612,120,5.1
1,2,105,73,2,0,3,5,0,0,1,1,1,1,4,100,7,0,6.0,285,56,5.089285714285714
1,3,103,82,2,1,3,5,1,1,1,0,1,0,2,0,12,0,8.0,103,19,5.421052631578948
0,2,144,0,1,5,6,0,0,0,1,0,2,0,1,0,2,0,1.0,313,63,4.968253968253968
0,12,144,0,1,0,0,0,1,1,1,1,0,0,1,0,12,0,4.0,276,10,27.6
0,12,8,0,1,2,6,0,1,1,0,0,0,0,1,0,2,0,3.0,132,24,5.5
0,2,144,0,0,1,0,0,1,0,1,1,1,0,1,0,12,0,1.0,39,8,4.875
1,1,105,0,1,1,6,0,2,0,1,0,1,0,1,0,2,0,3.0,157,35,4.485714285714286
1,2,104,0,2,0,5,0,1,1,1,1,1,0,10,50,2,0,0.0,259,52,4.980769230769231
0,1,144,0,1,1,4,5,1,1,0,1,1,0,1,40,3,0,1.0,342,62,5.516129032258065
0,2,144,114,1,0,1,0,1,0,0,0,2,0,2,0,2,0,9.0,702,134,5.2388059701492535
1,11,105,82,0,0,1,1,2,0,0,2,2,0,1,0,2,0,0.0,70,12,5.833333333333333
0,1,144,0,2,0,1,5,1,1,1,1,2,0,5,0,3,0,8.0,116,23,5.043478260869565
0,1,144,0,2,0,0,0,1,0,1,0,1,0,6,0,2,0,3.0,256,45,5.688888888888889
1,2,105,0,1,5,6,0,1,0,1,0,1,0,1,50,2,0,2.0,767,138,5.557971014492754
0,3,144,0,0,1,0,0,1,0,0,0,1,0,1,0,2,0,5.0,413,79,5.227848101265823
1,3,135,0,1,0,5,5,1,0,0,0,1,0,1,0,2,0,2.0,57,9,6.333333333333333
1,8,104,0,1,3,4,5,1,1,1,0,1,0,1,20,12,0,4.0,453,94,4.819148936170213
1,1,103,0,0,0,6,0,0,2,1,1,1,0,1,0,12,0,4.0,505,89,5.674157303370786
1,6,105,0,1,0,1,5,1,0,1,0,1,0,1,0,12,0,10.0,545,99,5.505050505050505
0,60,41,0,0,1,0,0,1,1,0,1,1,0,1,0,2,0,2.0,188,32,5.875
1,18,82,82,1,1,2,0,1,0,1,0,0,0,1,0,12,0,2.0,476,93,5.118279569892473
1,11,104,0,1,1,5,0,1,1,0,0,0,0,1,0,12,1,4.0,630,126,5.0
0,2,144,0,2,0,1,1,1,1,0,0,1,0,6,0,2,0,5.0,247,40,6.175
1,6,105,0,0,0,6,0,1,0,0,0,0,0,2,0,2,0,11.0,343,72,4.763888888888889
1,0,84,63,1,0,4,5,0,0,1,1,1,0,1,0,2,0,4.0,2048,394,5.197969543147208
1,10,103,80,1,2,0,0,1,1,2,2,2,0,1,0,2,0,5.0,58,10,5.8
0,2,144,114,0,0,0,0,1,0,1,1,1,0,1,80,2,0,9.0,583,110,5.3
1,12,105,0,1,0,0,0,1,0,0,0,0,0,3,50,8,0,3.0,68,14,4.857142857142857
0,3,65,114,1,0,1,5,1,1,2,2,1,0,1,0,2,0,9.0,206,41,5.024390243902439
1,4,104,0,1,6,0,0,1,1,0,0,1,0,1,0,2,0,12.0,248,48,5.166666666666667
1,15,104,0,2,0,2,5,1,1,1,2,2,0,2,0,2,0,9.0,173,32,5.40625
0,8,144,0,0,1,0,0,1,0,0,0,0,0,1,0,2,0,9.0,179,28,6.392857142857143
0,36,152,114,0,2,0,0,2,0,0,0,0,0,1,0,2,0,2.0,430,90,4.777777777777778
1,4,105,82,0,2,0,0,1,1,1,1,1,0,1,0,2,0,0.0,19,3,6.333333333333333
1,4,104,0,0,0,5,0,1,1,2,0,2,0,1,0,12,0,2.0,173,32,5.40625
0,2,144,0,1,6,0,0,1,1,1,1,1,0,1,0,5,0,5.0,250,39,6.410256410256411
0,2,144,114,2,0,1,2,1,1,1,1,1,0,4,1,2,0,5.0,250,43,5.813953488372093
1,2,105,113,1,0,6,0,0,0,2,2,2,0,1,0,12,0,5.0,240,47,5.1063829787234045
0,2,144,0,1,1,0,0,0,0,1,1,1,0,1,0,12,0,1.0,34,8,4.25
0,36,144,0,0,4,0,0,1,1,0,0,0,0,5,0,2,0,1.0,226,43,5.255813953488372
1,12,103,0,1,0,5,5,1,2,2,2,2,0,1,0,4,0,7.0,1,1,1.0
1,4,105,0,1,0,1,1,1,0,1,0,1,1,1,0,2,0,2.0,339,62,5.467741935483871
0,180,144,0,0,5,0,0,1,1,0,0,0,0,1,0,3,0,1.0,160,25,6.4
1,6,104,0,1,2,6,0,1,2,0,0,1,0,1,0,1,0,2.0,348,57,6.105263157894737
0,1,144,0,0,1,0,0,0,1,1,0,1,0,1,0,2,0,10.0,189,35,5.4
0,24,144,0,0,1,6,0,1,0,0,0,0,0,1,0,2,0,5.0,369,69,5.3478260869565215
1,12,105,0,0,2,3,0,1,0,0,0,0,0,1,0,2,0,2.0,180,34,5.294117647058823
1,4,104,81,1,3,6,0,1,1,1,0,1,0,1,0,2,0,5.0,44,10,4.4
0,1,144,0,1,1,0,0,1,1,1,1,1,0,1,0,2,0,3.0,122,23,5.304347826086956
1,1,105,81,0,2,6,0,1,0,1,1,1,0,1,50,2,0,8.0,601,110,5.463636363636364
0,48,144,114,1,0,4,0,1,1,0,0,0,0,1,0,12,0,2.0,89,13,6.846153846153846
0,2,144,114,0,0,1,5,1,1,1,0,1,0,1,0,2,0,4.0,12,2,6.0
1,3,104,0,1,6,0,0,0,1,1,0,1,0,1,50,12,0,4.0,209,38,5.5
0,2,144,0,0,3,0,0,1,0,1,1,1,0,1,20,3,0,1.0,201,32,6.28125
0,36,8,6,1,1,4,0,2,2,2,0,2,0,1,0,2,0,5.0,442,86,5.1395348837209305
0,48,43,0,1,0,4,0,1,0,0,0,0,0,1,0,2,0,2.0,428,85,5.035294117647059
0,3,144,0,0,0,0,0,1,0,1,0,1,0,1,0,2,0,4.0,384,73,5.260273972602739
1,3,105,0,1,5,6,0,1,0,1,1,1,0,1,0,2,2,20.0,1964,398,4.934673366834171
0,36,144,16,1,0,0,0,1,0,1,1,1,0,1,0,2,0,2.0,261,49,5.326530612244898
0,48,144,0,1,6,0,0,1,1,0,0,0,0,1,0,7,0,0.0,17,3,5.666666666666667
1,29,105,0,1,0,6,0,1,0,2,2,0,1,1,0,8,0,1.0,39,9,4.333333333333333
0,1,144,0,0,0,0,0,1,0,1,1,1,0,1,0,7,0,2.0,125,27,4.62962962962963
0,3,144,0,1,0,0,0,1,0,2,2,2,0,1,0,2,0,3.0,442,85,5.2
0,2,47,114,1,0,0,0,1,0,1,1,1,0,1,0,12,0,1.0,58,9,6.444444444444445
0,9,144,114,1,1,0,0,1,0,0,0,0,0,1,0,2,0,3.0,525,102,5.147058823529412
0,3,144,16,0,0,1,1,2,0,1,0,1,0,1,0,2,0,18.0,240,42,5.714285714285714
0,3,59,114,1,1,0,0,1,0,0,0,1,0,1,0,2,0,3.0,148,28,5.285714285714286
1,5,103,0,0,0,6,0,1,1,1,0,1,1,5,10,3,0,4.0,101,19,5.315789473684211
0,60,48,0,1,0,1,5,1,0,0,0,0,0,1,300,2,0,3.0,300,57,5.2631578947368425
1,1,104,0,0,6,0,0,1,1,1,0,1,0,1,0,2,0,2.0,125,19,6.578947368421052
1,60,105,0,0,5,0,0,2,0,2,0,0,1,1,0,2,0,1.0,455,92,4.945652173913044
0,36,61,0,2,1,5,5,2,1,0,1,0,0,4,320,2,0,4.0,408,78,5.230769230769231
0,6,144,0,1,1,0,0,1,0,1,1,1,0,1,0,2,0,1.0,224,47,4.76595744680851
0,2,144,0,1,0,6,0,1,0,0,0,0,0,1,0,4,0,5.0,554,114,4.859649122807017
0,3,144,53,1,1,6,0,0,1,0,0,1,0,1,235,2,0,4.0,307,53,5.7924528301886795
0,12,144,0,0,0,0,0,1,0,1,1,1,0,1,0,7,0,4.0,236,44,5.363636363636363
0,1,144,0,1,1,0,0,1,0,1,0,1,0,1,0,2,0,19.0,707,134,5.276119402985074
1,1,104,0,1,0,1,1,2,1,1,0,1,0,1,0,2,0,12.0,804,156,5.153846153846154
0,5,144,0,0,0,4,0,2,0,0,0,0,0,1,0,2,0,5.0,277,49,5.653061224489796
0,2,99,114,0,0,1,0,2,0,0,0,1,0,1,0,2,0,4.0,105,20,5.25
0,1,144,114,2,1,4,5,1,1,0,0,1,0,4,0,2,0,11.0,334,50,6.68
1,12,105,82,1,0,6,0,1,0,0,0,1,0,1,180,12,0,2.0,463,92,5.032608695652174
1,15,122,81,0,1,4,5,2,1,0,0,0,0,1,0,2,0,1.0,554,107,5.177570093457944
0,3,144,0,2,0,0,0,1,0,1,1,1,0,2,0,7,0,3.0,226,43,5.255813953488372
1,2,105,0,1,0,1,0,1,0,0,0,1,0,1,0,2,0,5.0,238,43,5.534883720930233
0,84,26,54,0,6,0,0,0,1,0,0,1,0,1,0,7,0,3.0,558,114,4.894736842105263
0,72,54,0,1,1,3,5,1,1,0,0,2,0,1,0,12,0,0.0,417,77,5.415584415584416
0,3,144,0,0,0,1,0,1,0,0,0,1,0,1,0,12,0,2.0,56,9,6.222222222222222
1,1,105,0,1,2,3,0,1,0,1,1,1,0,1,5,12,0,1.0,199,40,4.975
1,1,104,0,0,0,6,0,1,1,1,1,1,0,1,0,2,0,3.0,298,53,5.622641509433962
1,14,103,0,1,0,2,5,1,2,2,0,1,0,1,100,2,0,4.0,686,107,6.411214953271028
0,18,69,114,0,4,6,0,1,1,0,0,1,1,1,0,2,0,3.0,256,44,5.818181818181818
0,4,144,114,2,1,2,5,0,0,2,2,2,0,5,0,2,0,8.0,112,22,5.090909090909091
0,2,144,0,1,1,6,0,1,1,1,0,1,0,1,0,3,0,3.0,193,28,6.892857142857143
0,2,144,35,0,0,0,0,1,1,0,0,1,0,1,150,12,0,4.0,346,62,5.580645161290323
1,0,105,0,2,0,4,5,1,1,1,1,1,0,4,0,2,0,3.0,295,58,5.086206896551724
1,6,105,0,1,0,5,5,0,0,0,0,0,0,1,0,12,0,4.0,795,154,5.162337662337662
1,12,105,0,1,0,1,1,0,0,1,0,0,0,1,0,2,0,10.0,250,45,5.555555555555555
1,3,114,110,1,0,1,2,1,2,1,1,1,0,1,100,2,0,1.0,372,71,5.23943661971831
0,3,144,0,1,0,1,5,1,0,0,0,1,0,1,0,12,0,2.0,56,9,6.222222222222222
1,20,135,0,0,0,5,5,1,0,0,0,0,0,1,0,3,0,3.0,398,80,4.975
1,4,105,0,1,0,2,5,1,0,1,1,1,0,1,0,2,0,7.0,368,63,5.841269841269841
0,7,78,54,0,4,0,0,1,1,0,0,0,0,1,250,2,0,3.0,160,28,5.714285714285714
0,2,144,0,0,0,1,5,1,1,1,1,1,0,5,0,3,0,1.0,57,9,6.333333333333333
0,2,144,114,2,1,6,0,0,0,1,1,1,0,2,0,12,0,3.0,156,28,5.571428571428571
1,0,105,0,2,0,2,0,0,0,2,2,2,0,2,0,2,0,4.0,699,129,5.4186046511627906
1,2,135,0,1,1,3,4,0,0,1,0,1,0,1,0,2,0,5.0,91,17,5.352941176470588
1,2,105,0,1,1,4,5,1,0,1,1,1,0,1,0,2,0,4.0,74,10,7.4
1,2,104,0,1,1,2,4,1,1,1,0,1,0,1,0,12,0,3.0,742,149,4.97986577181208
1,2,105,0,2,0,5,5,1,0,1,0,1,0,2,0,2,0,14.0,1095,185,5.918918918918919
0,12,144,10,2,1,4,5,1,1,0,0,0,0,2,0,4,0,4.0,55,12,4.583333333333333
0,1,144,0,1,1,0,0,1,0,1,0,1,0,1,0,5,0,2.0,582,115,5.060869565217391
1,12,105,0,0,3,0,0,2,0,0,0,0,0,1,100,2,0,4.0,190,42,4.523809523809524
1,1,128,0,2,0,2,5,0,0,1,1,1,0,10,0,2,0,3.0,111,23,4.826086956521739
1,5,105,0,1,1,3,0,1,1,0,0,0,0,2,50,12,0,2.0,134,28,4.785714285714286
1,12,104,0,1,0,1,0,0,1,0,0,0,0,1,200,12,0,1.0,86,13,6.615384615384615
0,1,144,0,1,0,1,3,1,0,1,0,1,0,1,0,2,0,3.0,221,37,5.972972972972973
1,36,105,0,1,0,3,3,1,0,1,1,1,0,1,0,12,0,5.0,477,101,4.7227722772277225
0,1,144,0,2,1,4,5,1,0,2,2,2,0,3,100,3,0,3.0,197,36,5.472222222222222
0,9,144,116,0,0,6,0,1,0,0,0,0,1,1,0,2,0,1.0,509,102,4.990196078431373
0,2,144,0,0,6,0,0,1,0,0,2,2,0,1,50,7,0,1.0,287,53,5.415094339622642
1,2,104,0,2,0,1,5,1,1,1,1,1,0,3,10,12,1,6.0,59,9,6.555555555555555
1,4,105,0,0,0,6,0,0,0,0,0,0,0,1,0,2,0,7.0,358,65,5.507692307692308
1,2,105,0,2,0,1,5,1,0,1,1,1,0,4,0,2,0,3.0,456,78,5.846153846153846
0,12,144,0,1,0,6,0,0,0,0,0,0,0,1,80,2,0,4.0,162,28,5.785714285714286
0,8,144,0,1,0,0,0,1,0,0,0,0,0,1,0,3,0,2.0,714,140,5.1
1,24,135,0,1,0,5,5,1,1,1,0,0,0,1,20,12,0,0.0,258,55,4.6909090909090905
0,36,144,0,1,6,0,0,1,0,0,0,0,0,1,0,2,0,1.0,297,54,5.5
0,4,69,114,1,0,1,5,1,1,0,0,0,0,1,0,12,0,8.0,164,31,5.290322580645161
1,10,105,0,0,1,0,0,1,0,0,0,0,0,1,100,12,0,1.0,49,9,5.444444444444445
1,84,103,0,1,4,5,5,1,2,2,2,2,1,1,0,12,0,2.0,322,60,5.366666666666666
0,2,144,0,1,1,0,0,1,0,1,1,1,0,2,0,2,0,2.0,251,43,5.837209302325581
0,4,144,0,1,0,6,0,1,0,0,0,0,0,1,0,4,0,11.0,317,45,7.044444444444444
0,0,144,0,2,0,5,0,0,1,1,1,1,0,6,0,7,0,1.0,484,92,5.260869565217392
1,4,105,0,1,0,6,0,0,1,0,0,1,0,1,0,12,0,5.0,493,104,4.740384615384615
0,24,60,0,0,5,6,0,0,2,2,2,2,0,1,0,2,0,2.0,415,80,5.1875
0,3,144,0,1,0,1,0,1,1,1,1,1,0,1,0,2,1,6.0,554,106,5.226415094339623
1,2,105,0,2,0,5,0,1,0,1,1,1,0,5,0,2,0,5.0,333,67,4.970149253731344
1,2,105,0,2,4,5,5,1,0,1,1,1,0,3,0,2,0,4.0,50,9,5.555555555555555
0,48,8,0,1,2,3,3,1,1,2,0,2,0,1,0,2,0,3.0,246,51,4.823529411764706
0,1,69,114,1,0,1,0,1,1,0,2,1,0,1,0,2,0,3.0,118,21,5.619047619047619
1,6,113,0,0,5,6,0,1,0,1,0,0,0,1,0,2,0,2.0,108,16,6.75
0,1,144,0,1,1,4,5,1,1,0,1,1,0,1,0,3,0,5.0,114,20,5.7
0,12,51,114,0,1,0,0,0,0,0,0,1,0,1,0,12,0,4.0,574,119,4.823529411764706
1,12,105,0,1,0,0,0,0,0,0,0,0,0,1,100,12,0,3.0,227,34,6.676470588235294
1,2,122,82,1,0,2,0,0,1,1,1,1,0,1,100,3,0,3.0,181,31,5.838709677419355
1,2,105,0,1,0,3,5,1,0,1,0,2,0,1,0,2,0,5.0,250,39,6.410256410256411
0,2,144,114,2,0,1,0,1,0,1,1,1,0,6,0,2,0,3.0,409,82,4.987804878048781
0,12,144,0,1,4,0,0,1,1,1,1,0,0,1,0,7,0,5.0,861,155,5.554838709677419
1,2,105,0,2,0,1,5,1,0,1,1,1,0,2,0,4,0,3.0,452,81,5.580246913580247
0,5,144,0,2,0,1,3,1,0,1,1,1,0,2,0,3,0,0.0,229,47,4.872340425531915
0,48,60,0,1,1,4,0,1,1,0,0,1,0,1,0,2,0,5.0,29,5,5.8
1,24,122,0,1,0,5,5,2,1,0,0,0,0,1,0,3,0,2.0,36,5,7.2
1,1,119,94,2,0,3,0,0,2,1,1,1,0,4,0,2,0,4.0,760,127,5.984251968503937
0,24,62,0,0,0,0,0,1,1,1,0,0,0,1,0,4,0,1.0,84,19,4.421052631578948
0,2,144,54,1,0,2,0,1,1,0,0,1,0,1,0,2,0,2.0,397,76,5.223684210526316
1,4,105,0,1,1,6,0,1,0,0,0,1,0,1,0,2,0,1.0,211,38,5.552631578947368
0,1,41,114,2,0,1,0,1,1,1,1,1,0,5,0,2,0,0.0,22,4,5.5
1,2,96,0,2,0,3,5,1,1,1,1,1,0,2,0,2,0,5.0,129,21,6.142857142857143
1,6,104,0,1,0,1,5,1,1,0,0,1,0,1,0,12,0,1.0,149,24,6.208333333333333
1,1,114,96,2,0,1,1,2,2,0,0,1,0,3,300,2,0,1.0,68,12,5.666666666666667
0,120,22,8,0,0,1,1,2,1,0,0,0,0,2,0,2,0,3.0,1022,190,5.378947368421053
0,18,37,54,1,4,0,0,0,1,2,0,2,0,1,100,2,0,4.0,1198,210,5.704761904761905
1,7,96,82,1,0,3,5,1,0,0,0,0,0,1,50,2,0,3.0,445,68,6.544117647058823
1,0,105,0,2,0,2,2,1,0,1,1,1,0,4,0,2,0,6.0,545,93,5.860215053763441
1,18,105,0,1,5,0,0,0,0,0,2,0,0,1,30,0,0,2.0,336,69,4.869565217391305
0,24,144,0,1,3,4,5,1,0,0,0,0,0,1,0,12,0,7.0,214,36,5.944444444444445
1,3,105,0,1,0,2,0,1,0,0,0,1,0,1,0,2,0,2.0,544,96,5.666666666666667
1,1,88,0,0,5,0,0,0,0,1,1,1,0,1,0,2,0,2.0,307,62,4.951612903225806
0,4,144,0,1,6,0,0,1,0,2,2,2,0,1,0,12,0,2.0,671,127,5.283464566929134
0,2,22,114,0,5,6,0,1,1,1,1,1,0,1,0,12,0,1.0,73,16,4.5625
0,2,144,0,2,0,1,0,1,1,2,2,2,0,3,0,2,0,3.0,159,31,5.129032258064516
1,6,128,0,1,1,5,5,0,0,1,2,2,0,1,0,2,0,2.0,129,20,6.45
0,22,54,0,1,0,1,5,1,0,0,0,1,0,1,0,2,0,3.0,1067,194,5.5
1,12,105,0,0,5,0,0,1,0,0,0,0,0,1,0,12,0,5.0,430,90,4.777777777777778
1,30,135,0,0,2,3,5,3,2,0,0,0,0,1,0,2,0,3.0,1811,361,5.016620498614959
0,8,144,0,1,0,0,0,1,0,0,0,0,0,1,0,12,0,2.0,377,73,5.164383561643835
1,2,105,0,2,3,5,5,1,0,1,1,1,0,5,0,2,0,3.0,246,51,4.823529411764706
1,12,105,0,1,5,6,0,0,0,0,0,0,0,1,0,12,0,6.0,1048,212,4.943396226415095
0,2,144,0,1,1,6,0,1,0,1,1,1,0,1,0,2,0,3.0,305,54,5.648148148148148
0,4,144,0,1,1,6,0,1,0,1,0,1,0,1,0,2,0,0.0,487,98,4.969387755102041
0,2,144,0,0,0,1,0,1,0,1,0,1,0,1,0,2,0,7.0,98,17,5.764705882352941
1,54,104,0,0,0,5,5,1,1,0,0,0,0,1,0,2,0,5.0,1010,209,4.832535885167464
0,1,144,0,0,1,6,0,1,1,1,1,1,0,1,0,12,0,10.0,109,22,4.954545454545454
0,8,144,0,1,1,6,0,1,1,0,0,1,0,1,0,2,0,2.0,129,23,5.608695652173913
0,12,144,0,1,0,0,0,1,0,0,0,0,0,1,0,2,0,7.0,462,88,5.25
0,2,144,0,1,4,0,0,1,0,1,1,1,0,2,0,2,0,4.0,460,90,5.111111111111111
1,8,104,0,1,0,1,5,1,1,1,1,1,0,5,0,2,0,4.0,22,4,5.5
1,4,135,0,1,0,1,0,1,0,2,2,0,0,5,0,7,0,1.0,130,23,5.6521739130434785
0,6,144,0,1,0,1,0,1,1,0,0,0,0,1,0,12,0,1.0,390,77,5.064935064935065
0,4,144,0,1,0,1,0,0,1,0,0,0,0,3,0,2,0,2.0,137,23,5.956521739130435
1,2,137,0,1,0,5,5,1,1,1,1,1,0,1,0,2,0,10.0,889,172,5.1686046511627906
0,1,144,0,1,0,1,0,1,1,1,1,1,0,1,0,4,1,5.0,700,133,5.2631578947368425
0,12,144,0,1,6,0,0,1,2,2,2,2,0,1,0,2,0,2.0,144,31,4.645161290322581
1,1,105,0,0,0,6,0,1,0,1,0,1,0,1,0,2,0,6.0,1274,240,5.308333333333334
0,24,22,114,1,1,2,0,2,0,1,1,1,0,1,0,2,0,1.0,405,78,5.1923076923076925
1,1,105,106,0,2,0,0,0,0,1,0,1,0,1,0,2,0,12.0,665,116,5.732758620689655
1,96,122,101,1,5,0,0,2,1,0,0,0,0,2,0,12,0,5.0,719,139,5.172661870503597
1,18,104,0,2,1,0,0,1,1,1,1,1,0,4,0,6,0,2.0,225,35,6.428571428571429
0,2,163,16,1,1,0,0,0,0,1,1,1,0,2,0,2,0,3.0,838,158,5.30379746835443
1,1,104,0,1,0,6,0,0,1,1,0,1,0,1,0,6,0,10.0,321,57,5.631578947368421
0,6,144,12,1,0,6,0,1,0,1,1,1,0,1,0,2,0,1.0,460,88,5.2272727272727275
1,12,88,0,0,6,0,0,1,1,0,0,0,0,2,100,12,0,3.0,156,29,5.379310344827586
1,2,105,0,1,6,0,0,1,0,1,1,1,0,1,0,12,0,2.0,114,19,6.0
1,1,105,0,1,0,5,0,0,0,1,1,1,0,1,0,2,1,3.0,154,30,5.133333333333334
0,6,144,0,0,5,0,0,1,0,2,2,2,0,1,0,2,0,0.0,208,41,5.073170731707317
1,2,105,0,1,0,0,0,1,1,1,0,1,0,1,0,12,0,25.0,89,16,5.5625
0,4,144,131,0,1,0,0,2,0,0,0,1,0,1,235,2,0,4.0,855,153,5.588235294117647
1,44,128,0,1,1,4,0,1,0,0,0,0,0,1,0,2,1,19.0,749,135,5.548148148148148
0,48,26,0,1,4,6,0,0,2,0,0,2,0,1,299,2,0,2.0,268,54,4.962962962962963
1,8,104,0,1,0,6,0,1,1,2,2,2,0,1,0,2,0,5.0,826,165,5.006060606060606
0,1,144,0,1,4,0,0,1,0,1,0,0,0,1,0,2,0,3.0,53,9,5.888888888888889
1,2,140,81,1,0,1,2,1,1,0,1,1,0,1,50,2,0,2.0,319,61,5.229508196721311
0,1,144,0,1,4,0,0,1,0,1,1,1,0,1,0,2,0,1.0,493,96,5.135416666666667
0,18,144,0,0,1,3,0,1,0,2,2,2,0,1,0,2,0,2.0,768,137,5.605839416058394
1,14,103,96,1,1,0,0,2,2,0,0,0,0,1,0,4,0,12.0,107,18,5.944444444444445
1,5,135,0,1,4,5,5,1,1,0,0,0,0,1,150,7,0,6.0,2634,497,5.2997987927565395
1,24,105,0,0,3,6,0,1,0,1,1,1,1,1,0,5,0,2.0,326,64,5.09375
1,2,104,0,1,0,3,5,1,1,1,1,1,0,1,0,12,0,2.0,195,37,5.27027027027027
1,84,105,0,0,2,0,0,2,0,0,0,0,0,1,0,12,0,5.0,3,1,3.0
0,0,150,0,2,0,1,2,0,1,1,1,1,0,8,0,2,0,5.0,1346,273,4.930402930402931
1,12,105,0,1,0,6,0,1,0,2,2,2,0,1,0,2,0,3.0,67,16,4.1875
0,4,144,0,0,6,0,0,1,1,0,0,1,0,1,0,2,0,3.0,643,125,5.144
1,1,96,82,2,0,3,5,1,0,1,1,1,0,4,30,2,0,15.0,285,55,5.181818181818182
1,3,105,0,2,1,4,4,1,0,0,0,1,0,4,0,2,0,1.0,178,29,6.137931034482759
0,3,144,0,1,1,4,5,1,1,2,2,2,0,1,0,12,0,2.0,485,67,7.2388059701492535
0,1,144,0,0,0,1,0,1,0,1,1,1,0,1,0,2,0,6.0,397,72,5.513888888888889
0,0,144,0,2,0,1,5,1,0,1,1,1,0,5,0,3,0,8.0,620,119,5.2100840336134455
0,1,144,0,0,1,4,5,1,1,1,0,1,0,5,0,3,2,23.0,550,99,5.555555555555555
1,4,104,0,0,2,3,0,0,1,1,1,1,0,2,0,12,0,4.0,192,36,5.333333333333333
0,2,144,0,0,0,1,5,1,0,2,2,1,0,1,0,2,0,6.0,141,30,4.7
1,2,126,94,0,5,0,0,0,1,1,0,1,0,1,0,4,0,2.0,49,9,5.444444444444445
1,12,105,0,1,6,0,0,1,0,0,0,1,0,7,0,2,0,2.0,227,40,5.675
0,4,144,0,1,1,0,0,1,2,0,0,1,0,1,0,4,0,4.0,223,40,5.575
1,0,105,0,2,0,1,2,0,0,1,1,1,0,3,0,2,0,6.0,794,145,5.475862068965517
0,36,41,0,1,4,0,0,0,2,2,2,1,0,1,0,2,0,0.0,225,51,4.411764705882353
0,4,144,0,1,0,1,0,1,0,1,1,2,0,1,0,2,0,2.0,288,59,4.88135593220339
0,9,144,0,0,1,0,0,1,1,0,0,0,0,1,0,3,0,5.0,446,86,5.186046511627907
0,5,144,0,0,0,1,0,2,0,1,1,1,0,1,0,2,0,0.0,424,79,5.367088607594937
0,2,144,0,1,1,2,5,1,0,0,0,1,0,1,0,2,0,2.0,293,56,5.232142857142857
0,48,144,114,1,0,6,0,1,0,0,0,0,0,1,0,2,0,3.0,147,4,36.75
0,1,144,0,1,0,0,0,1,0,1,1,1,0,1,0,3,0,1.0,144,21,6.857142857142857
0,1,144,0,0,4,0,0,0,0,0,0,0,0,1,0,12,0,1.0,202,36,5.611111111111111
0,12,30,114,0,0,0,0,1,0,1,0,0,0,1,0,12,0,2.0,333,64,5.203125
1,2,104,82,0,5,6,0,1,1,1,0,1,0,1,50,2,0,11.0,814,148,5.5
1,2,123,106,2,0,3,4,1,0,1,0,1,0,2,50,12,0,4.0,126,24,5.25
1,4,143,0,1,0,6,0,2,1,0,0,1,0,1,0,12,0,3.0,772,155,4.980645161290322
0,3,144,114,0,0,1,0,2,0,0,0,1,0,1,0,2,0,3.0,84,15,5.6
1,8,105,0,1,2,5,5,1,0,0,0,0,0,1,0,2,1,8.0,427,83,5.144578313253012
0,4,144,0,1,4,0,0,1,0,0,0,0,0,1,0,4,0,5.0,365,66,5.53030303030303
1,4,105,0,0,5,6,0,1,1,1,1,1,0,1,0,12,0,1.0,74,14,5.285714285714286
1,18,105,0,1,1,4,0,1,1,1,1,1,0,1,0,2,0,4.0,33,7,4.714285714285714
1,2,104,0,2,2,6,0,0,1,1,1,1,0,7,0,4,0,5.0,199,39,5.102564102564102
0,1,144,0,1,0,6,0,1,1,1,1,1,0,1,20,3,0,1.0,141,25,5.64
1,3,105,0,1,5,6,0,1,0,0,0,1,0,1,0,12,1,3.0,426,84,5.071428571428571
1,9,105,0,0,2,0,0,1,0,1,1,1,0,1,0,12,0,1.0,39,8,4.875
0,2,144,0,1,0,1,3,1,0,1,0,1,0,1,0,2,0,1.0,512,95,5.389473684210526
0,3,144,0,1,0,1,0,1,0,1,0,1,0,1,0,7,0,3.0,460,85,5.411764705882353
1,4,105,0,0,6,0,0,1,0,1,1,1,0,1,0,2,0,1.0,27,6,4.5
1,11,103,0,1,1,3,5,1,2,1,0,1,0,1,1,2,0,9.0,202,40,5.05
0,12,144,0,1,0,6,0,1,0,2,2,2,0,1,0,3,0,3.0,317,60,5.283333333333333
0,84,155,0,0,1,0,0,0,0,0,0,1,0,1,0,12,1,6.0,476,92,5.173913043478261
0,24,144,0,1,0,1,1,1,1,0,0,0,0,1,0,2,0,2.0,354,67,5.2835820895522385
0,4,144,0,2,3,4,0,1,1,0,0,1,0,2,0,7,0,3.0,248,47,5.276595744680851
0,7,8,0,1,2,0,0,2,2,2,0,1,1,1,0,2,0,3.0,26,7,3.7142857142857144
0,12,144,0,0,1,2,5,2,0,0,0,1,0,1,0,2,0,2.0,536,100,5.36
1,6,88,0,1,1,6,0,1,1,0,0,2,0,1,0,12,0,6.0,98,18,5.444444444444445
0,10,17,0,0,6,0,0,1,1,0,0,1,0,1,0,2,0,0.0,182,34,5.352941176470588
1,1,105,0,2,0,2,5,0,0,1,1,1,0,6,0,2,0,3.0,228,45,5.066666666666666
0,19,144,6,1,1,0,0,1,1,0,0,0,0,1,0,2,0,8.0,475,92,5.163043478260869
1,18,105,0,2,0,6,0,1,0,0,0,1,0,4,0,1,0,0.0,113,22,5.136363636363637
1,2,113,96,0,2,4,5,1,1,1,0,1,0,1,100,2,0,4.0,217,38,5.7105263157894735
0,12,144,0,1,6,0,0,1,1,0,0,1,0,1,0,2,0,5.0,474,87,5.448275862068965
0,2,144,0,0,0,1,5,1,0,0,0,1,0,1,0,2,0,1.0,105,21,5.0
1,2,104,0,1,0,6,0,0,1,1,1,1,0,1,0,2,0,3.0,118,25,4.72
0,2,144,0,1,0,1,5,1,1,1,1,1,0,1,0,3,0,2.0,180,26,6.923076923076923
0,12,144,0,0,4,0,0,1,1,0,0,1,0,1,0,2,0,1.0,102,16,6.375
1,6,105,0,1,5,0,0,1,0,1,1,1,0,1,0,2,0,3.0,277,46,6.021739130434782
1,1,105,0,2,0,1,1,0,0,1,1,1,0,4,0,12,0,3.0,236,42,5.619047619047619
0,12,60,0,0,1,4,5,0,1,0,0,0,0,1,0,12,0,11.0,2180,428,5.093457943925234
0,2,144,114,2,0,1,5,1,0,1,1,1,0,6,0,2,0,5.0,200,37,5.405405405405405
0,12,22,114,1,1,0,0,1,1,0,0,0,0,2,0,2,0,2.0,636,122,5.213114754098361
0,2,144,35,0,0,4,5,0,0,1,1,1,0,4,0,3,0,3.0,389,77,5.0519480519480515
0,8,144,0,0,0,1,5,1,0,0,0,0,0,1,0,12,0,11.0,360,66,5.454545454545454
1,2,105,0,0,0,6,0,1,0,1,2,1,0,1,0,12,0,3.0,141,24,5.875
1,2,105,0,0,0,5,5,1,0,0,0,1,0,2,100,2,0,30.0,1789,345,5.185507246376812
0,3,54,114,1,1,6,0,1,0,0,0,1,0,1,0,2,0,3.0,195,37,5.27027027027027
1,3,105,0,1,0,1,5,1,0,1,1,1,0,1,15,2,0,2.0,214,48,4.458333333333333
0,3,144,0,2,3,0,0,1,1,0,0,0,0,2,0,4,0,2.0,414,77,5.376623376623376
0,2,144,0,0,0,1,0,0,1,1,1,1,0,3,0,2,0,5.0,228,39,5.846153846153846
0,14,61,0,1,0,6,0,2,0,0,0,1,0,1,0,5,0,1.0,191,35,5.457142857142857
0,3,22,114,1,1,6,0,1,0,2,2,1,0,1,0,2,0,1.0,113,18,6.277777777777778
1,24,103,0,0,0,0,0,1,2,1,1,0,0,1,0,2,0,1.0,31,5,6.2
0,2,144,0,1,1,0,0,1,1,1,0,1,1,1,0,2,0,1.0,215,38,5.657894736842105
1,3,105,96,0,0,5,5,2,0,0,0,1,0,1,0,12,0,1.0,36,6,6.0
0,2,69,114,1,0,1,5,1,1,2,2,1,0,1,0,2,0,3.0,139,22,6.318181818181818
0,9,144,0,1,1,0,0,1,0,0,0,0,0,1,0,2,0,9.0,54,11,4.909090909090909
1,1,104,0,1,0,4,5,1,1,2,2,1,0,1,0,12,0,5.0,120,23,5.217391304347826
1,212,105,82,2,0,4,5,0,0,0,0,2,0,3,0,12,0,3.0,239,46,5.195652173913044
1,3,105,0,0,0,6,0,1,0,1,0,1,0,1,30,2,0,5.0,317,56,5.660714285714286
0,3,144,114,1,0,1,0,1,0,1,1,1,0,1,0,7,0,5.0,137,28,4.892857142857143
0,2,144,0,0,0,1,0,1,0,1,1,1,0,1,20,3,0,1.0,122,21,5.809523809523809
0,24,51,114,0,0,0,0,1,1,0,0,1,0,1,0,2,0,2.0,72,12,6.0
0,4,144,0,1,0,0,0,1,0,2,2,2,0,1,0,2,0,2.0,88,16,5.5
1,7,105,0,1,0,1,5,0,0,0,0,0,0,1,0,2,0,3.0,725,130,5.576923076923077
1,1,104,81,2,1,3,4,0,0,1,1,1,0,3,0,12,0,2.0,243,44,5.5227272727272725
1,12,105,0,2,0,1,4,1,1,1,1,1,0,3,0,12,0,1.0,602,119,5.0588235294117645
1,1,105,0,1,1,6,0,0,0,1,1,1,0,1,0,2,0,4.0,38,9,4.222222222222222
1,2,105,0,2,0,1,5,1,0,1,1,1,0,4,0,12,0,5.0,80,16,5.0
0,3,144,0,2,0,1,5,1,0,1,1,1,0,3,0,2,0,5.0,372,65,5.723076923076923
0,2,144,114,1,0,6,0,1,0,1,1,1,0,1,0,2,0,1.0,160,33,4.848484848484849
1,12,104,0,1,6,0,0,1,1,2,2,2,0,1,0,2,0,4.0,16,2,8.0
1,1,105,0,1,0,6,0,1,0,1,1,1,0,1,0,12,0,1.0,39,8,4.875
1,3,135,0,0,0,5,0,1,0,1,0,1,0,1,0,2,0,3.0,148,25,5.92
1,17,104,0,1,6,0,0,2,1,2,2,1,0,1,25,7,0,2.0,88,15,5.866666666666666
0,1,144,0,1,1,4,5,1,1,1,1,1,0,1,0,2,0,5.0,189,31,6.096774193548387
0,2,144,54,1,1,6,0,2,1,0,0,1,0,1,0,2,0,6.0,131,21,6.238095238095238
0,4,144,114,0,1,4,5,1,0,0,0,1,0,1,0,2,0,2.0,248,47,5.276595744680851
0,2,144,0,0,1,2,5,1,0,1,1,1,0,1,0,12,0,2.0,551,108,5.101851851851852
0,3,144,114,1,0,1,0,1,1,0,0,1,0,1,0,2,0,2.0,12,2,6.0
1,4,105,0,1,0,5,0,0,0,2,2,2,1,1,0,2,0,4.0,714,150,4.76
1,3,105,0,0,2,0,0,0,0,1,0,1,1,1,0,7,0,2.0,144,28,5.142857142857143
0,36,144,118,0,1,3,0,1,0,2,2,2,0,1,0,2,0,5.0,388,78,4.9743589743589745
0,2,144,0,1,0,0,0,1,0,1,1,1,0,1,0,2,0,6.0,271,53,5.113207547169812
0,7,164,114,1,0,1,0,1,0,0,0,1,0,1,0,2,0,5.0,173,29,5.9655172413793105
1,10,105,82,1,6,0,0,1,1,0,0,0,0,2,0,2,0,1.0,465,88,5.284090909090909
0,1,144,114,1,0,0,0,1,1,0,0,1,0,1,0,2,0,4.0,200,33,6.0606060606060606
0,1,69,0,1,0,1,3,1,0,1,1,1,0,2,0,2,0,1.0,127,24,5.291666666666667
1,2,105,0,1,5,6,0,0,0,2,2,2,0,1,0,2,0,5.0,775,145,5.344827586206897
1,12,122,80,1,0,4,5,1,2,0,0,0,0,1,0,2,0,4.0,222,44,5.045454545454546
1,3,84,0,1,0,2,5,0,1,0,0,0,0,1,0,5,0,5.0,254,37,6.864864864864865
0,4,144,0,0,1,6,0,1,1,0,0,1,1,1,0,3,0,8.0,1581,231,6.8441558441558445
1,7,135,106,2,0,3,5,1,1,0,0,0,0,2,0,2,0,2.0,282,57,4.947368421052632
0,0,152,114,0,0,6,0,1,0,1,1,1,0,1,0,12,0,6.0,117,26,4.5
1,9,104,0,1,6,0,0,1,1,0,0,0,0,2,0,2,0,1.0,32,7,4.571428571428571
0,12,144,114,0,1,0,0,2,0,0,0,0,0,1,100,5,0,1.0,534,105,5.085714285714285
0,2,144,0,1,0,1,0,1,0,0,0,1,0,2,0,12,0,11.0,252,47,5.361702127659575
0,24,144,0,0,3,6,0,1,1,2,2,1,0,1,0,2,0,5.0,1285,249,5.160642570281125
0,2,144,0,1,1,2,0,0,0,1,0,2,0,1,0,7,0,3.0,432,81,5.333333333333333
0,2,144,114,0,0,1,0,1,1,1,1,1,0,1,0,2,0,5.0,12,2,6.0
0,2,144,114,1,0,0,0,1,0,0,0,2,0,1,0,12,0,2.0,46,7,6.571428571428571
1,1,105,0,2,4,5,5,1,1,1,1,1,0,3,0,2,0,23.0,475,90,5.277777777777778
0,12,144,114,0,1,3,0,1,1,2,2,2,0,1,0,12,0,7.0,247,46,5.369565217391305
1,3,104,81,0,3,0,0,0,1,2,2,2,0,1,0,12,0,5.0,406,77,5.2727272727272725
1,30,105,0,2,0,5,5,1,1,0,0,0,0,2,2,2,0,1.0,156,28,5.571428571428571
0,1,144,114,1,0,1,0,1,0,1,1,1,0,1,0,5,0,1.0,67,12,5.583333333333333
0,2,144,0,1,1,0,0,1,0,0,2,1,0,1,0,2,0,4.0,125,21,5.9523809523809526
0,1,144,0,1,0,1,1,1,0,1,1,1,0,6,0,2,0,9.0,211,36,5.861111111111111
0,2,144,0,1,0,6,0,1,0,0,0,1,0,1,0,2,0,1.0,117,21,5.571428571428571
1,7,105,0,2,0,1,5,1,0,1,1,1,0,6,0,2,0,10.0,465,80,5.8125
1,10,105,0,1,0,6,0,1,1,1,1,2,0,2,0,12,0,2.0,18,4,4.5
0,8,144,0,1,1,0,0,1,1,0,0,1,1,1,0,12,0,2.0,107,19,5.631578947368421
0,48,166,0,1,1,0,0,2,0,0,0,0,0,1,100,2,0,2.0,521,103,5.058252427184466
0,36,144,0,1,1,6,0,1,0,2,2,2,0,1,0,2,0,5.0,398,75,5.306666666666667
1,2,105,0,2,2,6,0,1,0,1,1,1,0,2,30,2,0,2.0,340,59,5.762711864406779
1,32,88,94,0,0,1,5,1,1,2,2,2,0,1,0,12,0,1.0,434,83,5.228915662650603
1,18,105,0,1,5,6,0,0,0,1,0,0,0,4,0,3,1,2.0,45,7,6.428571428571429
0,36,144,0,1,1,6,0,1,1,0,1,0,0,1,0,2,0,1.0,229,41,5.585365853658536
1,4,105,0,0,2,0,0,1,0,1,0,1,0,1,0,2,0,5.0,27,5,5.4
0,1,144,76,1,4,6,0,2,1,0,0,1,0,1,0,2,0,3.0,279,47,5.9361702127659575
1,2,105,0,1,4,5,5,0,1,1,1,2,0,4,1,2,0,1.0,45,6,7.5
0,1,144,0,1,4,6,0,1,0,0,0,1,0,1,50,2,0,3.0,72,16,4.5
1,1,105,0,1,0,1,2,0,0,1,1,1,0,1,0,10,0,1.0,41,7,5.857142857142857
1,18,105,0,0,3,6,0,1,1,0,0,1,0,1,0,12,1,7.0,362,67,5.402985074626866
1,2,104,0,2,1,2,4,1,1,0,0,0,0,3,0,2,0,8.0,335,58,5.775862068965517
1,1,104,80,1,0,6,0,1,1,1,1,1,0,1,50,2,0,6.0,692,130,5.323076923076923
0,24,144,0,0,0,1,5,1,0,0,0,1,0,1,0,2,0,4.0,181,33,5.484848484848484
1,3,105,0,0,0,6,0,1,0,1,0,1,0,1,0,2,0,1.0,60,11,5.454545454545454
1,12,105,0,0,0,1,0,2,0,0,0,1,0,1,0,12,0,3.0,71,13,5.461538461538462
0,3,144,0,2,4,0,0,1,0,1,1,1,0,5,0,2,0,1.0,207,40,5.175
0,12,41,0,0,5,0,0,0,0,0,2,2,2,1,0,2,0,2.0,276,51,5.411764705882353
1,3,105,0,1,3,0,0,1,0,1,0,0,0,1,0,2,0,4.0,260,49,5.3061224489795915
1,4,105,0,0,3,6,0,1,0,0,0,1,0,1,0,12,0,17.0,300,58,5.172413793103448
1,1,105,82,2,0,6,0,1,0,0,0,1,0,2,1,12,0,3.0,309,57,5.421052631578948
0,3,144,0,0,0,3,0,0,0,2,2,0,0,1,1,2,0,3.0,32,6,5.333333333333333
1,2,105,0,0,0,5,5,0,0,2,2,2,0,1,0,12,0,2.0,154,31,4.967741935483871
1,17,105,0,2,5,0,0,1,0,0,0,0,0,2,0,2,0,3.0,77,14,5.5
0,0,152,114,0,1,0,0,1,0,1,1,1,0,1,0,12,0,4.0,90,17,5.294117647058823
1,24,103,68,1,2,4,5,1,2,1,1,0,0,1,0,12,0,5.0,21,4,5.25
0,30,144,0,1,0,4,5,1,1,0,0,0,0,1,0,2,0,1.0,1035,197,5.253807106598985
0,5,163,128,0,0,6,0,0,1,0,0,1,0,1,0,2,0,10.0,24,4,6.0
0,5,144,54,0,4,0,0,1,0,0,0,0,0,1,0,2,0,3.0,256,46,5.565217391304348
0,12,60,0,0,1,4,0,0,1,2,2,2,0,1,0,2,0,2.0,43,9,4.777777777777778
0,12,144,0,0,1,3,3,1,1,2,2,2,0,1,0,3,0,1.0,228,46,4.956521739130435
1,12,137,0,1,0,5,5,1,1,1,1,1,0,1,0,2,0,3.0,39,8,4.875
0,5,144,0,1,1,4,0,2,1,1,0,1,0,1,0,2,0,2.0,29,5,5.8
0,12,144,114,0,0,1,5,1,1,2,2,2,2,1,0,7,0,3.0,636,137,4.642335766423358
0,48,144,0,0,1,6,0,1,0,0,0,0,0,1,0,2,0,4.0,568,109,5.2110091743119265
0,2,144,0,1,1,0,0,1,1,1,1,1,0,1,0,12,0,5.0,46,9,5.111111111111111
0,3,144,0,0,1,0,0,1,1,1,1,1,0,1,0,2,0,4.0,271,49,5.530612244897959
1,3,128,89,1,0,1,0,0,2,1,1,1,0,1,0,7,0,4.0,197,36,5.472222222222222
0,6,144,0,1,1,0,0,1,0,2,0,2,0,1,0,2,0,5.0,434,85,5.105882352941176
0,4,144,0,1,0,1,0,1,0,0,0,1,0,1,35,12,0,5.0,130,26,5.0
1,14,103,82,1,0,3,5,2,2,0,0,0,0,1,0,2,0,2.0,165,35,4.714285714285714
1,2,105,0,2,6,0,0,0,0,1,1,1,0,3,0,12,0,3.0,133,25,5.32
0,84,50,0,0,6,0,0,2,2,0,0,2,1,1,280,12,0,2.0,183,29,6.310344827586207
0,2,144,0,0,1,5,0,1,0,0,0,2,0,2,0,2,0,5.0,229,40,5.725
1,0,105,0,1,0,0,0,0,0,1,1,1,0,1,0,7,0,0.0,186,35,5.314285714285714
0,96,13,0,1,1,0,0,2,1,0,0,0,0,1,350,12,0,2.0,90,18,5.0
0,72,164,0,1,2,0,0,0,2,0,0,0,0,1,500,12,0,2.0,528,112,4.714285714285714
1,1,105,0,1,1,5,5,1,0,1,1,1,0,1,80,12,0,3.0,464,95,4.88421052631579
1,4,105,0,0,0,2,0,0,0,1,0,1,0,2,0,12,0,1.0,367,65,5.6461538461538465
0,1,144,0,2,0,1,3,1,0,1,1,1,0,2,0,2,0,14.0,639,119,5.369747899159663
1,2,112,0,1,0,2,5,0,0,1,0,1,1,3,0,12,0,1.0,20,3,6.666666666666667
1,6,105,0,0,5,0,0,0,0,0,0,0,0,1,0,12,0,9.0,1012,169,5.988165680473373
0,3,144,0,1,6,0,0,1,0,0,0,2,0,1,100,3,0,1.0,86,18,4.777777777777778
0,15,163,0,0,1,6,0,0,0,0,0,1,0,1,0,2,0,3.0,115,21,5.476190476190476
0,24,144,0,1,0,0,0,1,1,0,0,1,0,1,0,12,0,2.0,52,10,5.2
0,2,41,39,1,1,0,0,0,1,1,0,1,0,1,500,2,0,0.0,261,45,5.8
0,2,144,0,1,4,6,0,2,1,2,2,2,0,1,0,2,0,5.0,181,35,5.171428571428572
0,48,60,0,2,1,5,5,0,2,0,0,1,1,2,300,7,0,5.0,849,153,5.549019607843137
0,12,144,31,1,0,6,0,2,0,0,0,0,0,1,100,2,0,6.0,207,37,5.594594594594595
1,2,105,0,1,0,6,0,0,0,1,1,1,0,1,0,12,0,1.0,142,22,6.454545454545454
0,2,144,0,2,0,1,3,1,0,0,0,0,0,2,200,2,0,7.0,1718,328,5.237804878048781
1,2,105,0,2,0,5,5,0,0,1,1,1,0,4,0,2,0,13.0,456,89,5.123595505617978
1,2,105,0,1,5,6,0,1,0,1,0,1,0,1,0,5,1,7.0,224,39,5.743589743589744
1,4,105,0,2,0,3,5,0,0,0,0,1,0,3,50,12,0,3.0,1116,205,5.443902439024391
0,2,22,114,1,0,6,0,2,0,1,1,1,0,1,0,1,0,16.0,207,40,5.175
1,2,105,0,1,0,6,0,0,0,1,1,1,0,1,0,12,0,3.0,16,4,4.0
0,11,144,0,1,1,4,0,0,0,2,0,1,0,1,0,12,0,6.0,130,24,5.416666666666667
1,9,105,0,0,2,6,0,1,0,0,0,0,0,1,0,2,0,3.0,487,88,5.534090909090909
1,4,103,0,0,0,1,0,0,2,1,0,1,0,1,0,2,0,4.0,368,69,5.333333333333333
0,16,144,0,1,0,1,5,1,0,0,0,0,0,1,0,12,0,7.0,55,8,6.875
0,2,144,0,1,1,0,0,1,0,2,0,1,0,1,0,12,0,5.0,132,21,6.285714285714286
0,2,144,0,1,5,0,0,1,0,1,1,1,0,1,0,2,0,2.0,645,122,5.286885245901639
0,36,30,0,1,0,1,1,0,0,0,0,1,0,1,0,2,0,1.0,178,31,5.741935483870968
0,84,60,0,0,4,6,0,0,1,2,2,2,1,1,0,3,0,2.0,405,77,5.259740259740259
0,2,144,114,2,0,1,1,1,0,1,1,1,0,5,0,2,0,5.0,343,56,6.125
0,255,144,0,0,1,6,0,1,1,2,2,2,0,1,0,4,0,1.0,73,14,5.214285714285714
1,7,104,82,1,1,4,5,1,1,1,1,1,0,2,0,12,0,5.0,265,48,5.520833333333333
0,1,65,114,2,1,4,5,1,1,1,1,1,0,7,0,2,0,5.0,1001,193,5.186528497409326
1,24,105,0,0,4,6,0,1,0,1,0,1,1,1,0,2,0,6.0,756,153,4.9411764705882355
1,48,95,0,1,1,4,5,2,1,0,2,1,0,1,0,2,0,10.0,1225,240,5.104166666666667
1,3,105,106,1,1,5,0,1,0,1,1,1,0,1,0,2,0,3.0,607,121,5.016528925619835
0,3,144,0,1,0,1,0,0,0,0,0,1,0,1,0,2,0,6.0,965,179,5.391061452513966
0,2,144,114,0,6,0,0,1,0,1,0,1,0,1,0,2,0,1.0,166,32,5.1875
1,7,97,0,1,5,0,0,1,0,2,2,2,0,1,0,5,0,2.0,234,45,5.2
0,2,144,0,1,1,0,0,0,0,0,2,1,0,1,0,3,0,3.0,200,40,5.0
1,1,105,0,1,0,6,0,1,0,1,0,1,0,1,0,12,0,2.0,59,9,6.555555555555555
1,4,96,82,1,0,2,5,1,0,1,1,1,0,1,0,2,0,1.0,98,15,6.533333333333333
0,5,41,0,0,1,0,0,0,1,0,0,0,0,1,0,2,0,2.0,433,77,5.623376623376624
0,24,41,0,1,1,0,0,0,0,0,0,0,0,1,0,2,0,1.0,1,1,1.0
1,7,103,96,1,0,5,0,1,2,2,2,2,0,1,250,2,0,1.0,279,53,5.264150943396227
0,84,144,0,1,0,0,0,1,1,0,0,0,0,1,0,2,0,1.0,38,8,4.75
0,1,144,114,0,0,0,0,1,1,1,0,1,0,1,0,2,0,3.0,12,2,6.0
1,4,105,0,0,0,0,0,1,0,0,0,0,1,1,0,2,0,5.0,332,55,6.036363636363636
0,2,99,114,2,0,1,1,1,1,1,1,1,0,8,0,2,0,15.0,145,24,6.041666666666667
1,12,104,0,0,1,6,0,2,1,0,0,1,0,2,0,2,0,6.0,242,50,4.84
0,11,144,0,1,4,6,0,1,1,2,0,2,0,1,200,2,0,3.0,109,19,5.7368421052631575
1,73,122,96,1,1,4,5,1,2,0,0,0,0,1,400,2,0,3.0,749,131,5.717557251908397
0,24,54,114,1,0,2,5,1,0,2,2,2,1,1,0,2,0,1.0,131,26,5.038461538461538
1,1,105,98,1,5,0,0,1,0,0,0,2,0,4,0,4,0,5.0,176,32,5.5
0,8,144,0,0,3,6,0,2,0,1,1,1,0,1,0,7,0,1.0,912,175,5.211428571428572
1,3,105,0,2,0,1,3,1,0,0,0,1,0,3,0,2,0,16.0,1379,258,5.344961240310077
0,18,144,0,0,1,0,0,1,0,0,0,1,0,1,0,12,0,6.0,390,66,5.909090909090909
1,2,104,0,2,0,5,5,0,1,1,1,1,0,7,0,3,0,3.0,581,113,5.1415929203539825
1,4,105,0,0,2,6,0,0,0,1,0,1,0,1,0,12,0,4.0,403,77,5.233766233766234
1,8,105,0,0,0,6,0,1,0,0,0,0,0,1,0,2,0,3.0,43,9,4.777777777777778
0,2,144,0,2,1,0,0,1,0,1,0,1,0,2,0,2,0,4.0,447,84,5.321428571428571
0,72,65,0,0,6,0,0,1,1,1,1,1,0,1,0,2,0,2.0,332,51,6.509803921568627
1,2,105,0,0,1,6,0,1,0,1,0,1,0,1,0,2,0,5.0,414,56,7.392857142857143
0,24,144,0,1,1,2,0,1,0,0,0,0,0,1,0,12,0,3.0,403,83,4.855421686746988
0,3,144,0,0,0,1,5,1,0,0,0,0,0,1,0,2,0,6.0,563,102,5.519607843137255
1,5,104,0,1,0,6,0,1,1,1,1,1,0,1,0,3,0,13.0,516,72,7.166666666666667
1,1,105,0,2,1,3,5,0,0,1,1,1,0,4,0,12,0,5.0,102,19,5.368421052631579
1,2,104,106,2,2,4,0,1,1,1,1,1,0,3,0,2,0,15.0,1321,244,5.413934426229508
0,3,144,0,1,2,6,0,1,0,0,0,2,0,1,0,2,2,6.0,358,67,5.343283582089552
0,1,144,0,1,0,1,5,1,1,1,1,1,0,1,0,3,0,1.0,105,15,7.0
0,1,144,0,1,1,2,3,1,0,1,1,1,0,2,0,2,1,2.0,1419,258,5.5
1,27,104,0,0,4,0,0,2,1,0,1,2,0,1,0,5,0,2.0,224,44,5.090909090909091
0,1,144,0,2,0,1,5,1,0,1,0,1,0,4,0,12,0,0.0,158,31,5.096774193548387
0,2,57,114,0,0,1,0,1,1,0,0,0,0,1,0,4,0,1.0,41,5,8.2
1,7,92,72,0,0,1,0,1,0,0,0,1,0,4,0,3,0,2.0,530,96,5.520833333333333
0,1,144,114,2,1,2,4,0,0,1,1,2,0,6,0,2,1,5.0,209,43,4.8604651162790695
0,1,144,0,1,0,1,0,1,0,2,2,1,0,1,0,2,0,5.0,98,15,6.533333333333333
1,12,105,0,0,2,0,0,2,0,0,0,1,0,1,0,12,0,3.0,361,74,4.878378378378378
0,2,144,0,0,0,1,0,2,0,2,2,1,0,1,0,2,0,2.0,88,17,5.176470588235294
0,24,144,0,1,4,0,0,1,2,2,2,2,0,1,0,7,0,1.0,154,30,5.133333333333334
0,1,144,0,1,0,1,0,1,0,2,2,1,0,1,0,2,0,2.0,127,22,5.7727272727272725
1,13,140,82,1,0,1,1,1,0,0,0,1,0,1,50,2,0,3.0,141,23,6.130434782608695
1,2,103,0,1,0,3,5,0,2,1,0,1,0,1,0,12,1,2.0,420,58,7.241379310344827
1,18,135,81,2,0,5,5,1,1,1,0,1,0,3,0,2,0,4.0,214,40,5.35
0,2,144,114,1,1,6,0,1,1,0,0,1,0,1,0,2,0,1.0,12,2,6.0
1,3,104,80,0,5,0,0,2,1,0,0,0,0,1,30,2,0,5.0,178,30,5.933333333333334
1,14,84,0,0,4,6,0,1,1,0,0,0,0,1,0,2,0,5.0,175,34,5.147058823529412
0,1,144,0,2,1,6,0,1,1,2,2,1,0,6,0,2,0,4.0,137,23,5.956521739130435
1,15,105,82,2,3,4,5,1,0,2,2,2,0,2,0,2,0,4.0,301,54,5.574074074074074
1,11,105,0,1,2,5,5,1,0,0,0,0,0,1,0,2,0,1.0,37,7,5.285714285714286
0,3,144,0,0,0,6,0,1,1,0,0,1,0,1,50,2,0,1.0,92,20,4.6
0,2,144,0,1,0,0,0,1,0,1,0,1,0,1,0,3,0,5.0,347,60,5.783333333333333
1,4,104,0,1,5,6,0,1,1,2,2,1,0,1,50,2,0,1.0,707,127,5.566929133858268
0,8,144,0,0,0,1,3,1,1,0,0,0,0,2,0,2,0,1.0,315,61,5.163934426229508
0,1,8,16,2,0,1,5,1,1,0,0,1,0,7,200,2,0,11.0,244,45,5.4222222222222225
1,2,135,0,2,0,5,0,1,0,0,0,1,0,2,0,2,0,4.0,17,3,5.666666666666667
1,3,105,0,0,0,5,5,1,0,0,0,1,0,2,0,2,0,11.0,801,152,5.269736842105263
0,1,144,0,0,1,6,0,1,1,1,1,1,0,1,0,3,0,1.0,103,15,6.866666666666666
0,3,144,0,1,1,0,0,2,1,1,1,0,0,1,0,2,0,1.0,327,60,5.45
1,11,105,0,1,1,5,5,1,0,0,0,0,0,1,0,2,0,3.0,270,47,5.74468085106383
1,1,105,0,1,0,3,5,1,0,1,1,1,0,1,0,2,0,3.0,178,32,5.5625
1,12,143,0,0,0,6,0,1,0,2,2,0,0,1,0,2,0,6.0,188,33,5.696969696969697
0,2,144,0,1,0,6,0,1,1,1,0,1,0,1,0,12,0,6.0,166,30,5.533333333333333
0,5,144,0,1,1,0,0,1,0,0,0,0,0,1,0,2,0,2.0,214,40,5.35
0,2,144,0,2,0,1,0,1,0,0,0,1,0,2,0,2,0,1.0,419,62,6.758064516129032
1,3,105,82,2,0,1,5,0,0,1,1,1,0,5,0,2,0,2.0,51,10,5.1
0,2,144,0,1,0,1,1,2,0,2,0,2,0,2,0,3,0,3.0,306,58,5.275862068965517
0,3,144,0,1,0,1,0,1,0,1,1,1,0,1,0,2,0,3.0,338,68,4.970588235294118
0,72,150,0,0,0,1,5,2,0,0,0,0,0,1,0,2,0,1.0,86,14,6.142857142857143
1,2,95,80,2,4,5,5,0,1,1,1,1,0,5,0,12,0,17.0,488,88,5.545454545454546
1,2,105,0,1,6,0,0,1,0,1,1,1,0,1,0,3,0,0.0,203,44,4.613636363636363
0,1,144,0,2,0,1,3,1,1,1,1,1,0,4,0,7,0,1.0,325,66,4.924242424242424
0,2,144,0,0,1,5,5,0,0,0,0,1,0,1,0,2,0,4.0,91,16,5.6875
1,3,105,0,0,1,2,0,0,0,1,0,1,0,1,0,2,0,2.0,611,114,5.359649122807017
0,2,144,0,1,1,0,0,1,1,0,0,1,0,1,0,2,0,1.0,188,35,5.371428571428571
0,3,144,0,1,0,1,0,1,1,1,1,1,0,1,0,7,0,2.0,31,6,5.166666666666667
0,48,144,0,0,0,0,0,1,1,2,2,1,0,1,0,6,0,4.0,563,108,5.212962962962963
0,2,144,0,0,1,6,0,1,0,1,1,1,0,1,0,2,0,1.0,168,31,5.419354838709677
1,8,105,0,1,0,2,5,1,0,1,1,1,0,1,10,10,0,4.0,377,61,6.180327868852459
0,96,60,0,1,4,6,0,0,1,0,0,2,0,1,0,2,0,2.0,549,107,5.130841121495327
1,7,105,0,1,2,3,5,1,0,2,2,2,0,1,0,12,0,1.0,379,77,4.922077922077922
1,12,105,82,0,0,6,0,1,0,0,0,1,0,1,0,12,0,1.0,29,3,9.666666666666666
1,1,105,0,1,5,6,0,1,0,2,2,2,0,1,0,2,0,3.0,63,13,4.846153846153846
1,5,105,0,2,0,5,5,0,0,1,1,1,0,4,0,2,0,6.0,45,7,6.428571428571429
0,1,144,0,1,0,1,5,1,0,2,2,2,0,1,0,12,0,2.0,272,54,5.037037037037037
0,2,144,0,1,1,0,0,0,0,1,1,1,1,1,0,12,0,2.0,213,42,5.071428571428571
1,3,105,0,0,3,4,0,1,0,1,1,1,0,1,0,2,0,3.0,184,32,5.75
1,7,104,0,1,5,6,0,1,1,0,0,0,0,1,0,2,0,3.0,679,117,5.803418803418803
0,2,71,114,1,1,0,0,1,0,0,0,1,0,1,0,2,0,4.0,123,23,5.3478260869565215
0,12,17,114,1,6,0,0,0,0,0,0,2,0,1,0,2,0,2.0,509,100,5.09
0,2,144,16,0,1,6,0,1,1,1,1,1,0,1,0,12,0,2.0,138,25,5.52
0,2,144,0,1,0,1,5,1,0,1,1,1,0,1,1,3,0,6.0,97,12,8.083333333333334
0,48,38,0,1,0,6,0,1,0,0,0,0,0,1,300,2,0,3.0,14,2,7.0
1,2,105,0,0,2,6,0,0,0,1,1,1,0,1,0,2,0,5.0,60,8,7.5
0,3,147,114,1,0,6,0,1,1,0,0,0,0,1,200,2,0,1.0,364,53,6.867924528301887
1,2,104,0,1,0,6,0,1,1,1,1,1,0,1,0,2,0,5.0,100,19,5.2631578947368425
0,3,144,131,1,0,1,0,2,0,0,0,0,0,1,300,2,0,3.0,455,79,5.7594936708860756
1,6,135,0,0,0,5,0,1,1,0,0,0,0,1,0,2,0,6.0,326,60,5.433333333333334
1,2,105,0,1,0,1,1,0,0,1,0,1,0,1,0,12,1,1.0,231,43,5.372093023255814
1,2,105,0,1,0,6,0,1,0,1,1,1,0,1,0,12,0,4.0,188,40,4.7
0,1,144,0,1,0,1,0,1,1,1,1,1,0,1,0,12,0,1.0,103,20,5.15
1,2,128,81,0,1,0,0,0,1,2,2,2,0,1,0,12,0,3.0,176,32,5.5
0,1,144,114,0,1,6,0,1,0,1,1,1,0,2,0,2,0,6.0,20,3,6.666666666666667
1,1,105,0,1,0,5,5,1,0,1,0,1,0,1,0,2,0,7.0,55,10,5.5
0,5,22,0,1,0,0,0,1,0,0,0,1,0,1,0,12,0,2.0,519,94,5.5212765957446805
0,6,144,0,1,0,0,0,1,1,1,0,1,0,1,0,2,1,4.0,535,100,5.35
0,2,144,0,2,0,1,5,0,0,1,1,1,0,8,0,3,0,2.0,47,7,6.714285714285714
0,4,144,0,1,1,0,0,1,0,0,0,1,0,1,0,2,0,5.0,344,51,6.745098039215686
0,2,79,114,0,1,0,0,1,0,2,2,1,0,1,0,2,0,2.0,88,16,5.5
0,1,144,0,0,0,1,5,1,0,1,1,1,0,1,0,2,0,4.0,268,53,5.056603773584905
1,8,128,0,1,5,6,0,1,1,0,0,0,0,1,250,3,0,3.0,339,52,6.519230769230769
1,6,105,0,1,0,6,0,1,0,0,0,0,0,1,0,12,3,3.0,608,107,5.682242990654205
0,2,144,0,0,0,1,0,1,0,1,0,1,0,1,0,2,0,2.0,380,73,5.205479452054795
0,2,144,0,1,0,1,0,1,1,0,0,1,0,1,0,2,0,7.0,166,28,5.928571428571429
1,6,128,82,1,0,1,0,0,0,0,0,0,0,1,0,12,0,7.0,373,69,5.405797101449275
0,12,144,0,0,1,6,0,0,0,2,2,2,0,1,0,3,0,1.0,155,31,5.0
0,2,144,114,1,0,1,3,1,1,1,1,1,0,3,0,2,0,3.0,227,39,5.82051282051282
0,2,144,0,1,1,0,0,1,1,1,0,1,0,1,0,3,0,2.0,483,90,5.366666666666666
1,2,105,0,0,0,5,0,0,0,1,1,1,0,1,0,2,0,2.0,471,97,4.855670103092783
0,3,144,0,0,0,0,0,1,1,1,0,1,0,1,0,7,0,1.0,134,29,4.620689655172414
0,2,144,0,1,0,1,0,1,1,0,0,1,0,1,0,2,0,2.0,200,40,5.0
0,3,144,0,0,0,1,1,2,0,1,1,1,0,1,0,2,0,2.0,136,21,6.476190476190476
1,3,105,0,0,2,6,0,1,0,0,0,0,0,1,0,2,1,16.0,194,35,5.542857142857143
0,2,144,0,2,0,1,2,0,0,1,0,1,0,4,0,2,0,5.0,254,47,5.404255319148936
0,20,61,53,1,0,3,3,1,1,0,0,0,0,1,0,2,0,4.0,97,21,4.619047619047619
1,2,105,82,1,0,2,5,0,0,1,1,1,0,1,0,12,0,7.0,363,63,5.761904761904762
0,4,8,0,0,2,4,0,1,1,0,0,1,0,2,300,2,0,2.0,209,33,6.333333333333333
1,3,104,0,1,2,6,0,0,1,1,1,1,0,1,0,2,0,5.0,96,14,6.857142857142857
0,1,22,114,2,0,1,3,1,0,1,0,1,0,5,0,2,0,5.0,211,42,5.023809523809524
1,2,105,82,0,0,6,0,0,0,1,1,1,0,1,0,12,0,3.0,587,113,5.1946902654867255
0,3,144,4,0,0,1,0,1,0,1,0,1,0,2,0,2,3,8.0,1982,372,5.327956989247312
1,2,105,0,2,0,1,5,1,0,1,1,1,0,2,0,2,0,3.0,59,11,5.363636363636363
1,5,128,0,1,6,0,0,1,1,1,0,1,0,1,0,2,0,1.0,159,29,5.482758620689655
0,1,144,0,0,0,6,0,1,1,1,1,1,0,1,0,2,0,4.0,552,107,5.158878504672897
0,12,144,0,0,0,2,5,1,0,2,2,2,0,1,0,3,0,3.0,265,48,5.520833333333333
0,64,144,30,1,0,1,5,1,1,1,0,1,0,1,0,12,0,3.0,600,120,5.0
1,36,128,109,1,0,1,2,1,0,1,0,1,0,2,0,2,0,5.0,185,34,5.4411764705882355
0,2,144,0,1,1,6,0,1,0,1,1,1,0,1,0,2,0,1.0,181,37,4.891891891891892
1,1,128,82,1,1,4,0,0,0,1,0,1,0,1,160,2,0,5.0,372,69,5.391304347826087
0,51,60,0,1,1,6,0,1,0,0,0,0,0,1,188,2,0,2.0,415,71,5.845070422535211
0,2,144,0,0,0,1,0,1,1,1,1,1,0,1,20,3,0,1.0,122,21,5.809523809523809
1,3,135,0,0,2,0,0,0,0,2,2,2,0,1,0,2,0,1.0,144,26,5.538461538461538
1,2,105,0,2,1,2,5,1,0,1,1,1,0,2,0,2,0,13.0,965,163,5.920245398773006
1,12,83,72,2,0,0,0,1,2,0,0,1,0,2,0,12,0,3.0,271,49,5.530612244897959
1,2,120,0,0,0,6,0,0,0,2,2,2,0,1,0,3,0,1.0,257,49,5.244897959183674
0,36,144,0,2,1,6,0,0,1,0,0,0,0,2,250,12,0,4.0,515,84,6.130952380952381
0,2,144,0,0,0,1,0,1,1,0,1,1,0,1,40,3,0,3.0,370,63,5.873015873015873
0,2,144,0,1,5,0,0,1,0,1,1,2,0,4,0,5,0,5.0,245,49,5.0
0,9,144,0,0,6,0,0,1,0,0,0,0,0,1,150,2,0,5.0,206,39,5.282051282051282
1,30,114,81,1,2,6,0,1,1,0,0,0,0,1,0,2,0,4.0,16,3,5.333333333333333
0,11,144,4,0,0,1,0,1,1,2,2,2,0,1,0,2,0,4.0,181,35,5.171428571428572
0,33,159,132,1,4,0,0,1,1,0,0,0,0,1,300,12,0,0.0,82,11,7.454545454545454
0,1,144,114,2,1,4,5,1,1,1,1,0,0,5,0,2,0,12.0,152,29,5.241379310344827
1,2,105,0,0,0,1,0,0,0,0,0,2,0,1,0,12,0,1.0,23,4,5.75
1,4,128,65,1,1,4,0,0,0,1,1,1,0,1,0,12,0,3.0,607,108,5.62037037037037
0,84,144,0,1,1,0,0,1,0,0,0,0,0,1,0,12,0,16.0,1398,256,5.4609375
0,12,144,0,0,2,3,0,1,0,0,0,0,0,1,200,2,1,10.0,231,41,5.634146341463414
1,1,105,0,0,3,6,0,1,0,1,1,1,0,1,0,12,0,3.0,139,23,6.043478260869565
1,1,104,0,1,0,1,5,1,1,2,2,2,0,1,0,12,0,4.0,168,32,5.25
1,2,104,0,2,0,1,0,0,1,1,1,1,0,4,0,2,0,1.0,252,53,4.754716981132075
1,3,135,80,0,2,0,0,1,1,1,0,1,0,1,100,12,0,5.0,534,95,5.621052631578947
0,1,144,0,1,0,1,0,1,1,1,1,1,0,1,0,3,0,1.0,268,50,5.36
0,1,144,0,1,0,0,0,1,0,1,1,1,0,1,0,5,0,1.0,401,77,5.207792207792208
1,36,113,80,1,0,6,0,1,1,0,0,1,0,1,0,12,0,3.0,536,106,5.056603773584905
1,16,105,0,1,5,6,0,1,0,1,0,0,0,1,0,2,0,10.0,431,78,5.5256410256410255
0,10,69,0,0,1,0,0,1,1,1,0,1,0,1,0,2,0,3.0,45,7,6.428571428571429
0,49,60,0,1,5,6,0,0,1,0,0,0,0,1,0,12,0,1.0,296,56,5.285714285714286
0,5,144,0,0,1,4,0,1,1,0,0,1,0,1,0,2,0,8.0,504,94,5.361702127659575
1,6,105,0,0,3,6,0,1,1,1,0,0,0,1,100,12,0,8.0,221,41,5.390243902439025
0,1,144,114,0,6,0,0,1,0,1,1,1,0,1,0,3,0,1.0,113,23,4.913043478260869
0,3,144,0,1,0,6,0,1,1,1,0,1,0,2,0,2,0,1.0,20,3,6.666666666666667
0,2,144,0,1,1,0,0,1,0,1,0,1,0,1,80,2,0,1.0,109,20,5.45
0,15,8,0,1,2,0,0,2,2,1,1,2,0,1,0,2,0,1.0,53,10,5.3
0,84,8,0,0,2,0,0,2,1,2,2,2,0,1,0,12,0,2.0,341,71,4.802816901408451
1,3,103,0,0,0,2,0,0,2,1,1,1,0,1,150,2,0,3.0,164,36,4.555555555555555
1,36,122,0,1,0,1,1,1,1,0,0,0,0,1,0,12,1,2.0,360,72,5.0
0,3,144,0,1,1,0,0,1,0,1,1,1,0,1,0,12,0,3.0,11,2,5.5
1,5,105,0,0,0,6,0,1,0,2,2,1,0,1,0,2,0,9.0,57,5,11.4
1,5,105,0,1,0,3,5,1,0,1,1,1,0,1,0,2,0,2.0,124,25,4.96
0,50,54,0,0,0,1,5,1,1,2,1,2,0,1,0,7,0,2.0,73,14,5.214285714285714
1,12,104,0,0,6,0,0,0,0,0,0,0,0,1,0,12,0,5.0,430,82,5.2439024390243905
0,24,144,114,1,1,0,0,1,1,1,0,1,0,1,0,3,0,3.0,112,19,5.894736842105263
0,2,144,0,0,1,0,0,1,1,0,0,1,0,1,50,2,0,1.0,35,6,5.833333333333333
1,1,104,0,2,0,5,5,0,1,1,1,1,0,2,0,12,0,4.0,43,7,6.142857142857143
1,1,135,0,2,1,4,5,0,0,1,1,1,1,4,0,2,0,1.0,729,142,5.133802816901408
0,3,144,0,1,0,0,0,1,0,0,0,1,0,1,0,2,0,6.0,371,72,5.152777777777778
1,5,104,0,1,4,5,0,1,0,1,1,1,0,2,0,12,0,2.0,40,7,5.714285714285714
1,5,105,0,0,0,6,0,0,0,0,0,1,0,1,0,3,0,2.0,161,23,7.0
0,36,166,0,1,0,1,0,2,1,2,2,2,1,1,0,12,0,4.0,284,59,4.813559322033898
1,2,104,0,1,0,0,0,1,1,1,0,1,0,1,50,2,0,5.0,1238,235,5.268085106382979
1,2,105,0,0,0,1,4,0,0,1,0,1,0,5,0,12,0,5.0,123,25,4.92
0,1,144,0,2,0,1,5,1,1,1,1,1,0,4,0,2,0,12.0,238,45,5.288888888888889
0,4,144,0,1,0,0,0,1,0,0,0,1,1,1,0,12,0,3.0,440,85,5.176470588235294
0,72,74,0,0,6,0,0,1,1,0,0,0,0,1,0,2,0,1.0,293,58,5.051724137931035
0,2,144,0,1,0,1,5,1,1,0,0,1,0,1,0,2,0,1.0,100,18,5.555555555555555
0,17,144,0,0,0,0,0,1,1,0,0,0,0,1,150,12,0,1.0,707,134,5.276119402985074
0,4,144,0,1,0,0,0,2,0,0,0,1,0,1,0,3,0,1.0,139,27,5.148148148148148
1,7,105,0,1,6,0,0,0,0,0,0,0,0,1,0,6,0,3.0,174,34,5.117647058823529
0,1,144,0,1,4,0,0,0,0,1,1,1,0,1,0,2,0,4.0,109,21,5.190476190476191
1,13,104,0,2,0,6,0,1,1,1,1,1,0,4,0,12,0,11.0,472,94,5.0212765957446805
1,19,104,101,1,1,6,0,1,1,2,2,1,0,1,0,2,0,6.0,1797,336,5.348214285714286
0,2,144,0,0,0,1,0,1,0,1,0,1,0,1,0,3,0,2.0,374,60,6.233333333333333
1,2,104,0,1,0,1,3,0,1,1,1,1,0,1,0,2,0,4.0,58,12,4.833333333333333
0,13,22,0,1,2,0,0,2,0,0,0,0,0,1,0,2,0,3.0,423,82,5.158536585365853
1,2,104,0,2,0,3,5,1,1,2,2,2,0,4,0,12,0,4.0,603,103,5.854368932038835
1,1,104,82,2,0,1,0,1,1,1,1,1,0,2,0,12,0,4.0,179,36,4.972222222222222
1,4,104,0,0,6,0,0,1,1,2,2,2,0,2,0,2,0,5.0,113,22,5.136363636363637
0,24,144,0,2,0,4,5,1,0,1,0,2,0,5,0,6,0,5.0,99,16,6.1875
1,0,104,0,0,0,6,0,1,1,1,1,1,1,1,0,12,0,4.0,348,74,4.702702702702703
1,4,105,0,1,0,6,0,0,0,1,1,1,0,1,0,2,0,3.0,54,9,6.0
1,2,104,0,1,2,5,5,1,1,0,0,1,0,1,0,12,0,5.0,347,57,6.087719298245614
1,2,105,0,2,0,0,0,1,0,1,1,1,0,2,0,12,0,3.0,99,18,5.5
0,3,144,0,1,1,0,0,1,1,2,2,2,0,1,0,12,0,2.0,29,6,4.833333333333333
1,3,105,0,0,0,6,0,1,0,0,0,1,0,1,120,2,0,4.0,178,33,5.393939393939394
0,3,144,0,2,0,1,5,1,0,1,2,2,0,4,0,3,0,3.0,274,53,5.169811320754717
0,2,144,114,1,0,6,0,1,0,2,0,2,0,1,0,2,0,1.0,99,16,6.1875
1,4,104,0,2,0,4,0,0,1,0,0,1,0,3,0,2,0,3.0,653,126,5.182539682539683
0,2,144,0,1,0,1,0,1,1,0,0,1,0,1,0,2,0,4.0,212,41,5.170731707317073
0,14,65,114,1,6,0,0,1,0,0,0,0,0,1,0,2,0,2.0,340,70,4.857142857142857
1,3,104,0,1,0,6,0,0,1,2,2,2,0,1,0,2,0,2.0,1099,230,4.778260869565218
1,3,122,80,0,2,6,0,2,1,2,2,2,0,1,0,1,0,2.0,23,4,5.75
0,2,144,114,1,0,1,5,1,1,1,0,1,0,1,0,2,0,2.0,12,2,6.0
0,2,165,0,0,0,6,0,2,0,0,0,1,0,1,300,7,0,4.0,234,49,4.775510204081633
0,6,8,35,1,0,0,0,1,0,0,0,2,0,1,100,2,0,1.0,203,41,4.951219512195122
1,23,104,0,1,1,0,0,1,1,0,0,1,0,1,0,12,0,2.0,14,3,4.666666666666667
1,1,105,0,0,2,4,0,1,0,1,0,1,0,1,50,2,0,5.0,666,120,5.55
0,24,144,48,1,0,1,5,1,1,2,2,2,0,1,0,12,0,5.0,2074,383,5.415143603133159
1,12,104,0,1,2,0,0,1,1,1,1,1,0,1,0,7,0,3.0,400,86,4.651162790697675
0,1,144,0,2,0,1,5,1,1,1,1,2,0,2,0,2,0,2.0,62,11,5.636363636363637
0,2,65,114,0,1,2,0,1,1,1,1,1,0,1,0,2,0,5.0,48,8,6.0
1,1,104,0,2,0,5,5,1,1,1,1,1,0,3,0,5,1,4.0,518,95,5.4526315789473685
1,4,105,0,1,0,5,0,0,0,1,0,1,0,1,0,12,0,2.0,849,157,5.407643312101911
1,3,122,93,1,6,0,0,0,2,1,1,1,0,1,200,0,0,4.0,266,49,5.428571428571429
1,2,105,0,0,5,0,0,1,0,0,0,1,0,1,0,12,0,12.0,356,63,5.650793650793651
0,1,144,0,1,0,1,0,1,0,0,0,1,0,1,0,2,0,1.0,221,40,5.525
0,48,41,0,0,6,0,0,0,0,0,0,1,0,1,0,12,0,1.0,41,7,5.857142857142857
1,6,104,0,0,3,6,0,1,1,0,0,1,0,1,0,12,0,4.0,226,37,6.108108108108108
0,1,144,0,0,1,6,0,1,0,1,1,1,0,1,0,2,0,2.0,943,175,5.388571428571429
1,4,122,81,0,6,0,0,2,2,1,0,1,0,1,150,2,0,4.0,630,116,5.431034482758621
1,1,104,112,2,3,5,5,1,2,2,2,2,0,4,0,5,0,6.0,412,73,5.6438356164383565
0,1,144,0,2,0,1,0,1,0,0,0,1,0,4,0,2,0,6.0,500,97,5.154639175257732
1,1,105,0,1,1,3,5,0,0,1,1,1,0,1,0,2,0,1.0,93,18,5.166666666666667
0,36,51,0,0,0,6,0,0,1,0,0,0,0,1,300,2,0,1.0,223,43,5.186046511627907
0,8,144,0,1,0,1,2,1,0,1,1,1,0,1,0,4,0,1.0,376,74,5.081081081081081
0,0,144,0,0,1,0,0,1,0,1,1,1,0,1,50,2,0,1.0,183,31,5.903225806451613
0,12,144,0,1,0,6,0,1,2,2,2,2,1,1,0,2,0,3.0,1380,256,5.390625
1,3,105,0,1,1,4,5,1,0,1,0,2,0,1,0,2,0,2.0,284,44,6.454545454545454
1,5,135,80,0,3,6,0,1,2,1,1,1,0,1,0,2,0,2.0,1016,197,5.157360406091371
0,3,144,114,0,0,1,0,1,0,1,0,1,0,1,150,2,0,3.0,68,16,4.25
1,4,105,0,1,1,2,4,0,0,1,1,1,0,1,0,2,0,4.0,148,24,6.166666666666667
1,6,82,89,1,0,5,0,0,2,2,2,2,1,1,0,2,0,3.0,207,40,5.175
1,1,104,0,0,0,6,0,0,1,1,1,1,0,1,0,2,0,1.0,304,54,5.62962962962963
1,1,105,0,0,3,6,0,1,0,1,1,1,0,1,0,2,0,7.0,595,96,6.197916666666667
1,3,105,0,1,0,6,0,0,0,1,1,1,0,1,0,12,0,1.0,241,45,5.355555555555555
1,147,128,0,1,1,4,0,2,1,0,0,0,0,1,0,2,0,1.0,100,16,6.25
1,2,105,0,0,0,6,0,1,1,1,0,1,0,1,0,12,1,5.0,957,182,5.258241758241758
0,2,144,0,1,1,0,0,2,1,0,0,1,0,1,0,2,0,11.0,439,88,4.988636363636363
1,2,122,80,1,0,1,3,1,2,1,0,1,0,1,100,2,0,5.0,710,129,5.503875968992248
1,1,104,0,2,1,4,5,0,1,1,1,1,0,4,0,2,0,2.0,432,82,5.2682926829268295
1,2,125,0,1,5,6,0,1,0,1,1,1,0,3,0,2,0,1.0,135,23,5.869565217391305
0,1,144,76,0,0,1,0,2,1,0,0,1,0,1,0,2,0,3.0,279,47,5.9361702127659575
0,6,144,0,1,0,1,3,1,0,0,0,0,0,1,0,2,0,3.0,391,68,5.75
1,3,105,0,1,1,2,5,1,0,1,0,1,0,1,0,2,0,6.0,314,57,5.508771929824562
0,2,144,0,2,0,1,3,1,0,1,1,1,0,4,0,2,0,4.0,277,50,5.54
0,2,144,0,0,1,6,0,1,0,0,0,1,0,1,0,2,0,2.0,261,50,5.22
0,19,159,0,0,2,0,0,1,1,0,0,1,0,1,390,2,0,3.0,425,73,5.821917808219178
1,11,105,106,0,3,6,0,1,0,0,0,0,0,1,0,2,0,11.0,1124,208,5.403846153846154
0,2,144,0,1,1,6,0,1,1,2,2,1,0,1,0,2,0,2.0,124,22,5.636363636363637
0,15,149,0,0,0,1,5,2,0,0,0,1,0,1,0,2,0,1.0,16,3,5.333333333333333
1,24,128,81,2,1,5,5,1,1,0,0,0,0,2,0,12,0,5.0,274,51,5.372549019607843
0,2,144,114,1,1,0,0,1,1,1,0,1,0,1,0,2,0,5.0,12,2,6.0
1,7,105,0,0,0,5,5,1,0,1,1,1,0,1,0,2,0,3.0,123,20,6.15
0,3,5,114,1,0,1,0,1,1,0,2,1,0,1,0,2,0,2.0,122,21,5.809523809523809
1,2,122,80,1,3,6,0,1,2,1,0,1,0,1,600,2,0,7.0,255,52,4.903846153846154
1,1,104,0,0,0,5,0,1,1,1,1,1,0,1,0,2,0,4.0,301,61,4.934426229508197
0,1,144,0,2,0,1,3,2,1,1,1,1,0,6,30,12,0,4.0,222,44,5.045454545454546
0,1,144,0,2,0,6,0,1,0,1,0,1,0,7,0,12,0,2.0,57,10,5.7
0,2,163,0,1,1,0,0,1,1,0,0,1,0,1,0,2,0,5.0,241,45,5.355555555555555
0,36,144,0,1,4,0,0,2,0,0,0,0,0,1,0,2,0,1.0,21,5,4.2
1,1,105,82,1,0,1,5,0,0,1,1,1,0,1,20,2,0,5.0,177,29,6.103448275862069
0,1,144,114,1,0,1,0,1,1,1,1,1,0,1,0,2,0,1.0,12,2,6.0
0,3,144,53,1,1,4,0,1,1,0,0,1,0,2,50,2,0,5.0,232,43,5.395348837209302
0,18,30,114,0,0,1,0,1,0,0,0,0,0,1,0,2,0,2.0,437,91,4.802197802197802
1,12,104,0,0,3,6,0,1,1,2,2,2,0,1,0,0,0,1.0,9,2,4.5
0,1,144,114,0,1,0,0,1,0,1,1,1,0,1,0,3,0,1.0,115,24,4.791666666666667
1,12,105,82,2,0,3,5,1,0,0,0,0,0,2,0,12,0,3.0,169,29,5.827586206896552
1,24,105,82,1,0,1,0,1,0,1,1,1,0,2,0,4,0,0.0,20,3,6.666666666666667
1,3,105,0,0,4,6,0,1,0,0,0,1,0,3,0,2,0,5.0,271,51,5.313725490196078
1,48,105,63,0,6,0,0,0,0,0,0,0,0,1,50,2,0,27.0,1309,246,5.321138211382114
0,2,144,0,0,0,0,0,1,0,1,0,1,0,1,0,2,0,4.0,236,42,5.619047619047619
0,72,60,0,0,1,4,0,0,1,0,0,0,0,1,0,2,0,4.0,107,17,6.294117647058823
0,30,41,0,1,4,6,0,1,0,0,0,1,0,1,0,12,0,2.0,423,84,5.035714285714286
1,1,96,73,2,0,1,5,0,1,1,1,1,0,5,0,12,0,20.0,303,60,5.05
0,1,144,114,2,0,1,4,2,0,2,2,2,0,6,0,2,0,1.0,212,36,5.888888888888889
0,2,144,0,2,0,1,0,1,0,1,1,1,0,8,0,2,0,5.0,285,52,5.480769230769231
1,9,122,66,1,0,1,2,1,1,1,1,1,0,1,0,2,0,2.0,60,6,10.0
0,6,144,0,1,0,1,2,1,1,1,0,1,0,1,0,4,0,3.0,197,41,4.804878048780488
1,5,105,0,0,0,6,0,1,0,1,0,1,0,1,0,12,0,2.0,1201,229,5.244541484716157
0,3,144,0,1,1,0,0,1,0,0,0,1,0,1,0,2,0,1.0,34,6,5.666666666666667
0,2,144,0,0,1,0,0,1,1,0,0,1,0,1,0,2,0,3.0,239,39,6.128205128205129
1,2,105,82,2,1,4,4,0,0,1,1,1,0,2,0,2,0,6.0,262,43,6.093023255813954
1,12,105,0,1,0,6,0,1,1,1,1,1,0,1,0,7,0,2.0,67,8,8.375
1,2,105,81,2,0,5,0,0,1,1,1,1,0,2,0,2,0,2.0,112,20,5.6
0,2,144,0,1,0,1,0,1,1,0,0,1,0,1,0,2,0,1.0,29,5,5.8
0,1,144,0,2,0,1,5,1,1,1,1,1,0,8,0,4,0,28.0,318,56,5.678571428571429
1,2,105,82,0,1,0,0,0,0,2,2,2,0,1,0,2,0,2.0,16,3,5.333333333333333
1,5,105,110,1,0,2,3,1,0,1,0,1,0,1,0,12,0,15.0,78,11,7.090909090909091
0,48,51,0,1,5,0,0,0,1,0,0,0,0,1,300,12,0,0.0,505,96,5.260416666666667
0,2,144,114,1,1,6,0,1,0,1,0,1,0,1,0,2,0,6.0,148,26,5.6923076923076925
0,1,144,114,1,1,5,5,1,0,1,0,1,0,6,15,2,1,29.0,1008,179,5.631284916201118
1,2,105,110,0,0,2,0,0,0,1,0,1,0,1,0,4,0,1.0,186,36,5.166666666666667
0,2,144,0,0,0,1,5,1,0,1,0,1,1,1,0,7,0,2.0,712,138,5.159420289855072
1,17,105,0,1,0,6,0,1,0,0,0,0,0,1,0,2,1,6.0,338,64,5.28125
1,3,105,0,0,5,6,0,0,0,0,0,0,0,1,50,2,0,8.0,455,85,5.352941176470588
0,4,51,30,1,6,0,0,0,0,0,0,1,0,1,400,2,0,5.0,164,31,5.290322580645161
1,2,105,0,2,0,1,5,1,0,1,1,1,0,5,0,2,0,4.0,302,57,5.298245614035087
0,72,144,0,1,0,6,0,0,1,0,0,0,0,1,0,2,0,2.0,580,113,5.132743362831858
0,2,144,0,0,0,1,5,1,0,1,0,1,0,4,0,2,0,4.0,365,68,5.367647058823529
0,2,144,114,1,0,4,0,1,0,0,0,1,0,1,0,2,0,4.0,267,52,5.134615384615385
0,3,144,0,1,1,6,0,1,0,0,0,0,0,1,0,2,0,3.0,89,16,5.5625
1,2,120,0,0,1,4,4,0,0,1,1,1,0,1,0,12,0,4.0,334,64,5.21875
0,2,22,114,0,1,6,0,1,1,1,1,1,0,1,0,12,0,1.0,57,12,4.75
1,4,105,0,0,5,6,0,1,0,1,0,1,0,1,0,2,0,6.0,118,20,5.9
1,3,105,0,0,0,6,0,1,0,1,0,1,0,1,0,12,2,14.0,1146,207,5.536231884057971
1,5,135,0,1,1,0,0,1,0,1,1,0,0,1,0,12,0,5.0,324,60,5.4
0,1,144,0,1,1,2,0,0,1,1,1,1,0,1,0,2,0,5.0,236,46,5.130434782608695
1,24,128,0,1,0,1,5,1,1,2,2,2,0,1,0,3,0,3.0,175,34,5.147058823529412
1,6,105,0,0,6,0,0,0,0,0,0,1,0,1,0,3,0,2.0,85,16,5.3125
0,2,166,114,1,0,1,0,1,0,0,0,1,0,4,0,2,0,6.0,108,17,6.352941176470588
0,1,28,114,2,0,6,0,1,0,1,1,1,0,2,0,6,0,3.0,522,98,5.326530612244898
1,10,84,0,0,6,0,0,1,1,0,0,0,0,1,0,2,0,3.0,660,136,4.852941176470588
1,12,143,81,1,0,6,0,1,1,2,2,2,0,1,200,12,0,5.0,493,103,4.786407766990291
1,2,105,0,1,3,6,0,0,0,1,0,1,0,2,0,6,0,2.0,147,28,5.25
0,24,54,128,1,0,1,5,1,1,0,0,0,0,1,0,2,0,11.0,309,57,5.421052631578948
1,4,104,0,1,2,6,0,1,1,0,0,1,0,2,0,2,0,5.0,312,60,5.2
0,3,38,129,1,6,0,0,1,0,1,1,1,0,1,0,12,1,4.0,241,41,5.878048780487805
1,4,135,106,2,0,0,0,1,1,1,1,1,0,3,0,12,0,11.0,449,82,5.475609756097561
0,1,144,0,2,0,1,5,1,0,1,1,1,0,7,0,2,0,2.0,397,77,5.1558441558441555
0,2,144,114,1,3,0,0,1,0,1,0,1,0,2,0,7,0,4.0,569,90,6.322222222222222
0,12,144,0,2,1,0,0,1,1,2,2,2,0,2,0,12,0,4.0,2150,366,5.8743169398907105
0,6,144,0,1,0,6,0,1,0,2,2,2,1,1,0,12,0,1.0,2150,366,5.8743169398907105
0,2,144,0,1,1,0,0,1,0,1,1,1,0,1,20,3,0,1.0,144,25,5.76
1,2,105,0,2,2,5,0,0,0,1,0,1,0,2,0,12,1,5.0,119,21,5.666666666666667
0,1,144,0,2,0,1,5,1,0,1,1,2,0,7,0,6,0,0.0,60,10,6.0
1,24,122,80,1,3,0,0,1,2,1,0,0,0,1,50,2,0,2.0,22,4,5.5
0,4,144,0,1,0,1,1,1,1,1,1,2,0,1,0,4,0,2.0,66,11,6.0
0,1,144,0,2,0,4,5,2,0,1,1,0,0,4,0,7,0,4.0,439,64,6.859375
1,2,104,0,1,0,1,2,1,0,1,0,2,0,1,0,2,0,5.0,1111,178,6.241573033707865
0,3,22,131,0,0,4,5,1,0,2,2,2,0,1,0,3,0,2.0,239,49,4.877551020408164
1,24,122,0,0,3,0,0,3,2,0,0,0,0,1,0,2,0,2.0,106,20,5.3
1,2,105,0,2,3,6,0,1,0,1,1,1,0,4,0,7,0,5.0,192,38,5.052631578947368
0,1,144,0,0,1,0,0,1,0,1,1,1,0,1,20,3,0,1.0,122,21,5.809523809523809
0,2,144,114,1,1,0,0,1,0,0,0,1,0,1,200,2,0,4.0,9,1,9.0
1,3,105,0,1,3,6,0,1,1,0,0,1,0,1,120,2,0,5.0,194,36,5.388888888888889
0,0,144,0,1,1,6,0,1,1,1,1,1,0,1,0,2,0,4.0,18,3,6.0
1,0,105,0,0,0,0,0,0,0,2,2,2,0,1,0,12,0,1.0,29,6,4.833333333333333
1,12,128,101,1,1,0,0,1,0,1,1,1,0,4,0,1,0,4.0,333,58,5.741379310344827
0,1,69,114,1,0,1,0,1,0,1,0,1,0,1,0,2,0,2.0,281,47,5.9787234042553195
1,0,128,0,2,0,4,5,1,1,1,1,1,0,5,0,2,0,5.0,377,78,4.833333333333333
0,2,144,0,1,0,0,0,1,0,1,1,1,0,1,0,2,0,2.0,351,69,5.086956521739131
0,2,144,0,0,0,1,0,0,0,1,1,1,0,1,0,12,0,5.0,509,99,5.141414141414141
0,12,144,0,1,0,1,5,0,1,0,0,1,0,1,20,3,0,3.0,222,37,6.0
0,60,41,0,1,4,0,0,1,1,0,0,0,0,1,0,3,0,2.0,89,17,5.235294117647059
0,0,144,114,2,0,1,5,0,0,1,1,1,0,8,0,2,0,2.0,92,16,5.75
0,2,152,114,2,0,1,2,1,0,1,1,1,0,6,0,3,0,2.0,79,13,6.076923076923077
1,3,104,96,1,0,3,5,1,1,1,0,1,0,1,50,2,0,4.0,156,26,6.0
0,2,144,0,1,0,1,3,1,0,0,0,1,0,1,0,2,0,5.0,156,26,6.0
1,1,104,0,2,0,5,5,1,1,1,1,1,0,3,0,2,0,6.0,303,55,5.509090909090909
1,3,107,0,1,1,3,4,1,1,1,1,1,0,1,0,1,0,2.0,90,15,6.0
1,1,104,0,0,0,5,5,1,1,1,1,1,0,1,0,2,0,3.0,84,16,5.25
1,2,128,82,1,1,6,0,0,1,2,2,1,0,1,0,2,0,3.0,102,17,6.0
1,2,105,0,0,6,0,0,1,0,1,0,1,0,1,0,2,2,6.0,979,186,5.263440860215054
0,48,47,0,1,0,1,1,2,1,0,0,1,0,1,0,4,0,1.0,456,85,5.364705882352941
0,1,144,54,0,0,1,5,1,1,1,1,1,0,1,0,2,0,4.0,277,52,5.326923076923077
1,1,105,0,0,1,2,5,1,0,1,1,1,0,1,0,2,0,26.0,864,163,5.300613496932515
0,7,144,114,1,1,0,0,1,1,1,1,0,0,1,0,2,0,1.0,322,56,5.75
1,12,104,0,1,6,0,0,1,1,2,2,2,0,1,0,2,0,2.0,160,30,5.333333333333333
0,2,144,0,0,0,1,0,1,0,2,2,1,0,1,0,2,0,1.0,82,13,6.3076923076923075
1,10,135,0,1,2,3,5,2,0,2,2,0,0,1,0,12,0,5.0,168,31,5.419354838709677
1,9,105,82,0,0,6,0,1,0,0,0,0,0,1,0,2,0,2.0,67,14,4.785714285714286
0,1,144,0,2,0,1,0,1,1,1,1,1,0,6,0,2,0,1.0,115,22,5.2272727272727275
1,29,135,0,0,0,5,5,1,0,0,0,0,0,1,0,12,0,3.0,211,39,5.410256410256411
1,12,105,0,0,0,2,4,2,0,0,2,0,0,1,30,2,0,5.0,1407,255,5.517647058823529
0,60,80,0,0,1,0,0,1,1,2,0,1,0,1,0,2,0,1.0,104,24,4.333333333333333
1,2,105,0,0,6,0,0,0,0,0,0,1,0,1,0,2,0,3.0,25,3,8.333333333333334
1,3,105,0,2,0,1,3,1,1,1,1,1,0,4,0,7,0,2.0,65,12,5.416666666666667
1,3,105,0,1,5,6,0,0,0,1,0,1,0,1,0,12,0,2.0,19,3,6.333333333333333
0,2,144,0,1,0,0,0,1,0,0,0,1,1,1,0,12,0,4.0,487,102,4.7745098039215685
1,20,103,80,1,4,5,0,2,2,1,0,1,0,1,0,5,0,3.0,551,106,5.19811320754717
0,1,144,0,2,6,0,0,1,0,1,1,1,0,5,0,7,0,4.0,192,35,5.485714285714286
1,1,104,0,2,0,6,0,1,1,1,1,1,0,2,0,2,0,1.0,133,26,5.115384615384615
0,4,22,10,1,4,0,0,1,0,0,0,1,0,1,0,2,0,3.0,699,133,5.2556390977443606
0,24,144,0,0,0,3,0,1,0,1,1,1,0,1,0,2,0,2.0,765,146,5.239726027397261
0,2,5,16,1,0,1,0,1,1,1,0,2,0,1,0,3,0,1.0,465,82,5.670731707317073
1,1,104,0,0,0,6,0,2,1,1,0,2,0,1,0,2,0,4.0,152,26,5.846153846153846
0,1,144,0,1,1,0,0,1,0,1,1,1,0,1,0,12,0,2.0,211,39,5.410256410256411
1,3,143,0,0,0,6,0,0,0,0,0,1,0,1,0,2,0,3.0,404,75,5.386666666666667
1,1,105,0,0,5,6,0,0,0,1,1,1,0,1,0,2,0,3.0,605,112,5.401785714285714
1,2,105,0,1,0,6,0,0,1,1,1,1,0,1,0,12,0,1.0,12,2,6.0
1,4,104,0,1,0,1,5,1,1,1,0,1,0,1,0,6,0,3.0,295,59,5.0
0,1,144,0,0,1,0,0,0,0,1,1,1,0,1,0,2,0,1.0,109,21,5.190476190476191
1,5,105,0,0,0,0,0,1,0,0,0,1,0,1,50,2,0,2.0,178,28,6.357142857142857
0,3,144,0,2,0,0,0,1,0,0,0,1,0,3,0,12,1,7.0,684,122,5.60655737704918
1,2,105,0,1,1,3,5,0,0,2,0,1,0,1,0,12,0,5.0,120,22,5.454545454545454
1,3,105,81,2,0,4,5,1,1,0,0,1,0,2,0,12,0,11.0,1706,283,6.028268551236749
0,1,144,0,1,0,1,0,1,0,1,0,1,0,1,0,2,0,8.0,379,70,5.414285714285715
0,12,166,114,0,0,1,0,1,0,2,2,2,0,2,0,2,0,3.0,339,60,5.65
0,1,17,13,2,0,1,5,0,1,1,2,2,0,3,0,12,0,2.0,232,40,5.8
0,1,69,114,0,1,0,0,1,0,1,0,1,0,1,0,2,0,2.0,273,46,5.934782608695652
1,4,105,0,1,2,6,0,0,0,1,0,1,0,1,0,12,0,4.0,173,32,5.40625
0,84,60,0,0,1,4,5,0,2,0,0,0,1,1,0,2,0,1.0,938,168,5.583333333333333
1,2,104,81,1,0,2,5,1,1,1,1,1,0,1,0,2,0,3.0,165,25,6.6
1,7,135,0,0,0,1,3,2,0,0,0,1,0,1,0,2,0,2.0,106,18,5.888888888888889
0,12,158,0,0,1,2,0,0,2,2,2,0,0,1,0,2,0,1.0,691,120,5.758333333333334
0,3,144,0,0,1,0,0,1,1,1,0,1,0,1,0,4,0,2.0,417,96,4.34375
0,8,144,114,1,6,0,0,1,0,0,0,0,0,1,0,2,1,1.0,248,48,5.166666666666667
1,4,105,0,1,5,0,0,1,0,1,1,1,0,1,50,2,0,6.0,211,43,4.906976744186046
0,2,144,0,1,1,6,0,1,1,0,0,2,0,1,0,0,0,1.0,90,16,5.625
1,1,135,81,2,0,2,5,0,1,1,0,1,0,2,30,2,0,3.0,360,64,5.625
0,3,144,0,0,1,0,0,1,0,1,0,1,0,1,0,2,0,3.0,568,110,5.163636363636364
0,11,144,0,0,4,0,0,1,0,0,0,0,0,1,0,2,0,2.0,365,69,5.2898550724637685
0,47,144,0,0,0,0,0,1,0,0,0,1,0,1,0,7,0,0.0,410,83,4.9397590361445785
1,6,105,0,0,0,6,0,1,0,1,0,1,0,1,30,2,0,5.0,488,92,5.304347826086956
0,2,144,0,1,0,1,0,1,0,0,0,1,0,1,0,2,0,4.0,237,39,6.076923076923077
1,4,104,81,1,6,0,0,1,0,0,0,1,0,1,100,12,0,8.0,852,154,5.532467532467533
0,4,144,0,0,6,0,0,1,0,2,0,1,0,1,0,2,0,1.0,343,65,5.276923076923077
0,12,144,114,0,1,6,0,1,0,2,2,2,0,1,0,2,0,4.0,697,150,4.6466666666666665
1,2,105,0,2,0,1,1,1,0,0,0,2,0,3,0,3,0,4.0,493,93,5.301075268817204
1,8,103,0,0,6,0,0,2,2,2,2,0,0,1,100,2,0,5.0,40,8,5.0
0,120,155,0,1,3,6,0,1,0,2,2,2,0,1,0,2,0,2.0,651,124,5.25
1,3,128,0,2,0,1,5,0,1,1,1,1,0,4,50,2,0,1.0,144,27,5.333333333333333
0,3,144,0,1,0,1,0,1,0,1,1,1,0,1,0,2,1,13.0,940,184,5.108695652173913
1,18,105,0,0,1,6,0,2,0,0,0,0,0,1,0,12,0,1.0,322,67,4.8059701492537314
1,2,135,82,1,0,1,4,1,0,1,0,1,0,1,0,12,0,6.0,513,96,5.34375
1,3,114,80,1,6,0,0,1,2,1,1,1,0,1,500,2,0,4.0,62,9,6.888888888888889
0,3,22,114,1,6,0,0,1,1,2,2,2,0,1,0,2,0,1.0,381,73,5.219178082191781
0,22,60,0,1,4,6,0,1,0,0,0,1,0,1,0,2,0,3.0,460,80,5.75
1,4,104,0,0,0,0,0,1,1,1,1,1,0,1,0,2,2,11.0,548,111,4.936936936936937
0,2,144,0,2,1,4,0,1,1,0,0,1,0,6,0,2,3,16.0,336,51,6.588235294117647
1,3,131,0,1,0,3,5,1,1,1,0,1,0,1,0,2,0,3.0,261,55,4.745454545454545
1,4,105,0,1,5,6,0,0,0,1,0,1,0,1,0,2,0,9.0,234,39,6.0
0,1,144,114,2,6,0,0,1,1,1,1,1,0,16,0,2,0,1.0,64,12,5.333333333333333
1,12,103,0,1,5,6,0,1,1,0,0,1,0,1,0,2,0,3.0,194,40,4.85
0,75,47,114,1,0,0,0,1,0,0,0,0,0,1,0,2,0,2.0,138,26,5.3076923076923075
0,1,144,0,1,0,1,0,1,0,1,0,1,0,1,0,3,0,3.0,248,39,6.358974358974359
0,2,144,0,1,1,6,0,1,0,0,0,1,0,1,0,2,0,4.0,244,52,4.6923076923076925
0,1,144,0,1,0,1,0,1,0,1,1,1,0,1,20,3,0,1.0,122,21,5.809523809523809
0,2,144,0,2,1,4,5,1,1,1,1,1,0,2,0,2,0,4.0,284,32,8.875
1,4,105,0,0,0,3,5,1,1,1,1,1,0,1,0,12,0,5.0,205,44,4.659090909090909
0,1,144,114,1,0,1,5,1,0,1,1,1,0,2,0,7,0,2.0,1124,221,5.085972850678733
0,2,144,114,0,0,1,5,1,1,0,0,1,0,1,0,2,0,4.0,12,2,6.0
1,6,105,0,2,0,0,0,1,0,1,1,2,0,6,0,2,0,5.0,37,7,5.285714285714286
0,2,22,114,1,1,3,3,1,1,1,0,1,0,1,0,2,0,8.0,419,63,6.650793650793651
1,12,143,0,0,0,6,0,0,0,2,2,2,1,1,0,12,0,1.0,352,76,4.631578947368421
1,24,84,63,2,1,6,0,1,1,1,0,2,0,4,0,12,0,4.0,238,50,4.76
0,3,144,0,0,1,0,0,1,0,2,2,1,0,2,0,2,0,1.0,34,6,5.666666666666667
1,3,104,82,1,0,1,2,1,1,1,0,1,0,2,0,3,0,4.0,237,46,5.1521739130434785
1,2,104,81,2,0,5,5,0,1,1,1,1,0,3,0,12,0,6.0,41,7,5.857142857142857
0,3,144,0,0,1,0,0,1,0,0,0,1,0,1,0,2,0,3.0,283,50,5.66
0,4,144,0,1,1,6,0,1,0,0,0,1,0,1,0,2,0,1.0,96,18,5.333333333333333
0,2,144,0,0,1,0,0,0,0,1,1,1,1,1,0,12,0,1.0,132,24,5.5
0,2,144,0,2,0,1,5,1,0,2,2,2,0,5,0,2,0,5.0,325,60,5.416666666666667
0,1,144,0,0,0,0,0,1,1,1,0,1,0,1,0,2,0,4.0,387,72,5.375
1,3,128,0,1,1,0,0,0,1,1,0,0,0,1,0,2,0,1.0,25,5,5.0
0,1,144,0,2,0,1,5,1,0,0,0,0,0,2,0,4,0,3.0,483,88,5.488636363636363
1,2,105,0,1,0,1,5,0,0,0,0,1,0,5,0,2,0,6.0,119,26,4.576923076923077
1,6,103,0,1,2,0,0,2,2,0,0,1,0,1,100,2,0,3.0,248,51,4.862745098039215
0,4,144,0,1,4,0,0,1,1,1,0,1,0,1,0,2,0,4.0,388,76,5.105263157894737
0,8,144,10,0,0,1,1,1,1,0,0,0,0,1,150,12,0,11.0,459,81,5.666666666666667
1,7,105,0,0,0,6,0,1,0,0,0,0,0,1,50,12,0,2.0,427,80,5.3375
0,36,144,0,0,1,2,0,2,0,2,2,1,0,1,0,12,0,2.0,99,17,5.823529411764706
0,2,144,0,2,0,2,3,1,1,0,1,2,0,8,10,2,0,7.0,75,13,5.769230769230769
0,2,144,0,1,1,0,0,1,0,0,0,1,0,2,0,2,0,5.0,196,36,5.444444444444445
1,12,105,0,2,0,6,0,1,0,1,1,1,0,2,0,12,0,2.0,502,94,5.340425531914893
1,1,105,0,0,2,4,5,1,0,1,0,1,0,1,0,2,0,4.0,871,159,5.477987421383648
1,6,84,82,0,0,1,5,0,1,2,0,1,0,1,0,2,0,1.0,62,9,6.888888888888889
1,24,128,0,1,1,4,0,1,1,1,1,1,0,1,100,2,0,5.0,692,124,5.580645161290323
0,2,144,0,0,4,0,0,1,1,2,2,1,0,1,0,2,0,2.0,89,16,5.5625
0,2,144,0,1,1,2,3,1,1,1,1,1,0,3,0,2,0,2.0,72,12,6.0
1,2,105,82,0,0,6,0,1,0,1,1,1,0,1,0,12,0,1.0,322,61,5.278688524590164
1,11,135,0,0,0,1,5,1,1,2,2,2,0,1,0,3,0,4.0,473,81,5.839506172839506
0,2,144,0,1,0,1,0,1,1,1,1,1,0,1,0,2,0,4.0,19,4,4.75
0,3,144,0,1,0,1,0,1,0,1,1,1,0,2,0,2,0,2.0,120,23,5.217391304347826
0,3,144,0,0,0,1,0,1,0,0,0,1,0,1,0,2,0,7.0,937,168,5.5773809523809526
0,60,8,0,0,2,4,5,2,2,0,0,0,0,1,500,2,0,1.0,1444,268,5.388059701492537
0,2,144,0,2,0,1,5,1,0,1,0,1,0,3,0,3,0,3.0,56,9,6.222222222222222
0,1,162,114,1,0,6,0,1,0,2,2,1,0,1,0,2,0,4.0,120,20,6.0
1,36,85,0,0,2,0,0,2,1,2,0,1,1,1,0,2,0,2.0,426,80,5.325
0,4,144,114,1,0,6,0,1,0,0,0,1,0,1,100,2,0,12.0,919,179,5.134078212290503
1,5,104,0,1,1,3,5,1,1,0,0,1,0,1,0,2,0,3.0,329,51,6.450980392156863
0,5,144,0,1,0,1,5,1,0,0,0,1,0,6,72,7,0,20.0,1380,255,5.411764705882353
1,7,105,0,0,2,6,0,0,0,0,0,0,0,1,0,12,0,1.0,7,1,7.0
0,4,5,114,2,0,1,3,1,0,1,0,1,0,2,0,2,0,5.0,280,54,5.185185185185185
0,12,144,0,0,0,6,0,1,1,2,2,2,1,1,0,12,0,3.0,373,72,5.180555555555555
1,84,105,0,1,6,0,0,1,0,0,0,0,0,1,0,2,0,4.0,163,35,4.6571428571428575
1,0,105,0,0,0,6,0,1,0,1,0,1,0,1,0,12,0,5.0,160,29,5.517241379310345
0,72,29,114,0,0,1,0,2,0,0,0,0,0,1,0,12,0,5.0,823,157,5.24203821656051
1,2,105,0,1,0,1,5,0,0,1,1,1,0,4,0,12,0,4.0,261,46,5.673913043478261
0,2,144,0,1,0,1,3,1,1,0,0,1,0,1,0,3,0,4.0,232,40,5.8
1,12,105,66,1,0,1,4,2,0,0,0,0,0,1,100,2,0,1.0,50,11,4.545454545454546
1,12,105,0,0,0,1,5,1,0,1,1,1,0,1,100,2,0,3.0,116,26,4.461538461538462
0,3,144,0,1,1,5,5,1,0,0,0,1,0,2,0,2,0,2.0,588,116,5.068965517241379
0,60,62,114,1,2,4,5,1,1,0,0,0,0,1,0,2,0,0.0,642,111,5.783783783783784
1,2,105,82,1,0,3,5,0,0,1,1,1,0,1,0,12,0,3.0,304,52,5.846153846153846
0,1,144,0,1,0,0,0,1,1,1,1,1,0,1,0,3,0,1.0,133,22,6.045454545454546
1,3,128,0,0,0,6,0,0,0,1,1,1,0,1,0,12,0,1.0,84,13,6.461538461538462
0,2,144,0,2,0,6,0,1,0,0,0,1,0,2,0,2,0,2.0,213,43,4.953488372093023
1,5,128,0,0,1,0,0,1,1,1,1,1,1,1,0,2,0,3.0,16,3,5.333333333333333
1,12,104,0,0,5,0,0,1,1,0,0,0,0,1,0,12,0,2.0,430,90,4.777777777777778
1,8,105,83,1,0,1,2,1,0,1,1,1,0,1,10,2,0,11.0,387,73,5.301369863013699
0,2,144,0,2,0,0,0,1,0,0,0,1,0,2,0,2,0,8.0,488,92,5.304347826086956
1,3,105,0,1,0,6,0,1,1,1,1,1,0,1,0,2,1,4.0,526,95,5.536842105263158
0,1,144,114,1,3,0,0,0,0,1,1,0,0,1,0,12,0,2.0,259,47,5.51063829787234
0,3,144,0,0,1,2,0,1,1,1,0,1,0,1,0,2,1,1.0,59,13,4.538461538461538
0,3,144,0,1,0,0,0,1,1,0,0,1,0,1,0,2,0,1.0,70,14,5.0
1,5,105,0,2,5,6,0,0,0,0,0,0,0,2,0,12,0,5.0,30,5,6.0
0,24,144,0,1,1,0,0,1,0,2,2,2,0,1,0,7,0,6.0,842,155,5.432258064516129
0,12,165,114,0,0,6,0,0,0,2,2,0,0,1,0,12,0,2.0,23,6,3.8333333333333335
0,1,144,0,1,1,0,0,0,0,1,1,1,0,1,0,2,0,1.0,202,39,5.17948717948718
0,36,51,0,1,5,6,0,1,1,0,0,0,0,3,350,9,0,5.0,257,47,5.468085106382978
1,3,105,0,0,2,4,0,1,0,1,0,1,0,2,0,12,0,3.0,314,53,5.9245283018867925
0,24,144,53,0,1,6,0,1,1,2,2,0,0,1,300,2,0,3.0,562,87,6.459770114942529
0,1,144,0,1,1,0,0,1,1,1,1,1,0,1,0,5,0,3.0,30,9,3.3333333333333335
1,7,105,0,1,0,6,0,1,0,2,2,1,0,1,0,2,0,3.0,33,5,6.6
1,18,105,0,1,0,2,5,1,0,2,2,1,0,1,0,2,0,1.0,657,121,5.429752066115703
1,48,135,88,2,5,0,0,1,0,0,0,0,0,2,0,2,0,5.0,1335,252,5.2976190476190474
1,12,105,0,0,1,0,0,1,0,0,0,0,0,1,350,2,0,3.0,423,78,5.423076923076923
1,5,105,0,1,4,6,0,1,0,2,2,1,0,1,0,2,0,2.0,235,39,6.0256410256410255
0,60,51,0,1,0,4,5,0,0,0,0,0,0,1,300,2,0,2.0,417,63,6.619047619047619
0,2,144,0,1,0,6,0,1,1,0,0,0,0,1,150,12,0,13.0,80,13,6.153846153846154
1,12,90,0,1,0,2,5,0,0,2,2,1,0,2,0,12,0,3.0,880,155,5.67741935483871
1,12,105,0,0,3,0,0,1,0,1,0,0,0,1,0,2,0,4.0,677,133,5.090225563909774
0,1,144,0,1,0,1,5,2,0,1,1,1,0,1,50,12,0,9.0,589,105,5.609523809523809
0,5,144,114,0,1,0,0,1,0,1,1,2,0,4,0,2,0,5.0,20,4,5.0
0,1,144,0,0,0,1,5,1,1,2,2,2,0,1,0,2,0,5.0,129,21,6.142857142857143
1,2,105,0,0,2,3,0,0,0,1,1,1,1,1,0,2,0,15.0,330,56,5.892857142857143
1,12,103,0,1,5,6,0,1,2,2,2,1,0,1,0,2,0,4.0,817,157,5.203821656050955
1,2,122,82,2,6,0,0,1,1,1,1,1,0,2,300,2,0,3.0,74,13,5.6923076923076925
0,36,62,0,0,1,4,5,1,1,2,2,2,0,1,0,2,0,3.0,165,30,5.5
0,2,144,0,1,1,0,0,1,0,1,1,1,0,1,0,2,0,1.0,168,33,5.090909090909091
1,12,105,96,2,0,1,0,1,2,1,1,1,0,4,0,12,0,4.0,203,41,4.951219512195122
1,6,105,0,1,2,0,0,1,0,1,1,1,1,1,0,12,0,3.0,385,68,5.661764705882353
1,21,96,81,1,0,1,5,1,1,0,0,0,0,1,0,2,1,1.0,415,79,5.253164556962025
0,2,144,0,2,0,1,5,1,1,1,0,1,0,11,0,12,0,29.0,2901,546,5.313186813186813
1,1,104,0,1,1,0,0,0,1,1,0,1,0,1,0,2,0,2.0,69,15,4.6
1,4,104,0,2,4,6,0,0,1,0,0,0,0,2,0,12,0,4.0,59,11,5.363636363636363
1,6,128,0,1,0,1,5,0,0,2,2,2,0,1,50,2,0,24.0,314,63,4.984126984126984
0,1,144,0,0,1,0,0,1,0,0,0,1,0,1,0,2,0,1.0,221,40,5.525
0,2,144,0,2,0,1,0,1,0,2,2,2,0,2,0,2,0,1.0,28,5,5.6
1,2,105,0,1,5,6,0,1,0,2,0,1,0,1,0,5,0,2.0,301,56,5.375
1,6,105,0,1,1,3,5,1,0,0,0,0,0,1,0,2,0,5.0,280,52,5.384615384615385
0,24,41,0,0,1,0,0,0,1,2,2,1,0,1,0,12,0,1.0,251,48,5.229166666666667
0,2,144,0,1,0,1,0,1,1,1,1,1,0,1,0,2,0,3.0,147,26,5.653846153846154
1,12,105,101,0,4,0,0,2,1,0,0,1,0,1,0,12,0,5.0,594,123,4.829268292682927
1,1,105,0,1,1,4,5,0,0,1,1,1,0,1,0,7,0,4.0,88,16,5.5
1,2,105,0,0,1,3,0,1,1,1,1,1,0,1,0,2,0,3.0,219,38,5.7631578947368425
1,0,105,0,2,4,6,0,0,0,1,1,1,0,5,0,12,0,7.0,814,149,5.4630872483221475
1,5,105,81,1,1,6,0,0,0,1,1,1,0,1,0,12,0,3.0,541,112,4.830357142857143
0,1,144,54,0,0,4,0,1,0,1,0,1,0,1,0,2,0,2.0,282,47,6.0
0,84,173,0,1,1,0,0,2,1,0,0,0,1,1,0,2,0,1.0,589,117,5.034188034188034
0,0,144,114,1,1,4,5,1,0,1,1,1,0,1,0,7,0,1.0,55,9,6.111111111111111
0,2,144,0,0,1,6,0,0,0,1,1,1,0,1,0,12,0,2.0,48,8,6.0
1,3,105,73,1,0,3,5,0,0,0,0,1,0,1,0,3,1,7.0,39,10,3.9
1,5,105,0,1,0,1,5,0,0,1,1,1,0,1,0,12,0,15.0,835,160,5.21875
1,2,135,82,0,0,5,0,0,0,1,1,1,1,1,0,2,0,17.0,630,123,5.121951219512195
0,12,30,0,1,1,0,0,0,0,0,0,1,0,1,250,2,0,1.0,220,39,5.641025641025641
1,3,105,0,1,1,0,0,0,0,1,0,1,0,1,0,12,0,2.0,201,37,5.4324324324324325
0,8,47,0,1,0,0,0,2,2,0,0,1,0,1,1000,2,0,1.0,151,29,5.206896551724138
0,2,144,0,0,0,1,3,1,1,0,0,1,0,1,80,2,0,2.0,131,23,5.695652173913044
1,36,122,0,1,0,1,2,1,2,1,1,0,0,1,200,2,0,2.0,121,21,5.761904761904762
1,12,105,63,2,0,3,5,1,0,0,0,0,0,2,0,7,0,4.0,419,80,5.2375
1,4,105,0,0,2,0,0,1,0,0,0,1,0,1,0,12,0,2.0,501,96,5.21875
1,1,105,0,2,0,1,0,0,0,1,1,1,0,2,0,12,0,4.0,670,123,5.4471544715447155
0,3,144,0,1,0,1,0,1,1,0,0,1,0,1,0,12,0,2.0,293,58,5.051724137931035
1,2,104,80,0,0,1,5,1,1,2,0,1,0,2,0,3,0,1.0,74,12,6.166666666666667
1,6,105,0,1,0,5,0,1,0,0,0,0,0,1,50,12,1,10.0,1595,307,5.195439739413681
0,2,144,0,1,1,4,5,1,2,0,0,1,0,1,0,12,0,5.0,213,39,5.461538461538462
0,2,144,114,2,1,0,0,1,0,2,2,2,0,2,0,3,0,2.0,116,22,5.2727272727272725
0,0,144,0,2,0,5,5,1,0,1,1,1,0,5,0,2,0,5.0,112,21,5.333333333333333
1,5,105,0,0,0,0,0,1,0,2,2,1,0,1,0,2,0,1.0,116,18,6.444444444444445
0,48,47,0,0,0,1,0,2,0,0,0,2,0,1,0,2,0,6.0,338,64,5.28125
0,5,144,0,0,0,6,0,1,1,0,1,1,0,1,0,2,0,1.0,39,7,5.571428571428571
1,6,104,81,2,1,4,4,1,1,0,0,0,0,3,135,2,0,14.0,514,88,5.840909090909091
1,2,105,0,0,0,1,0,0,0,1,1,1,0,1,0,3,0,5.0,597,130,4.592307692307692
1,1,105,0,2,0,6,0,1,1,1,1,1,0,3,0,12,0,4.0,125,25,5.0
0,2,65,114,0,1,2,0,1,1,1,1,1,0,1,0,2,0,9.0,76,16,4.75
0,1,144,0,1,0,1,5,1,0,0,2,2,0,2,45,2,0,3.0,405,78,5.1923076923076925
0,3,144,28,0,0,1,5,2,0,0,0,1,0,2,0,2,0,12.0,520,96,5.416666666666667
0,7,144,0,1,0,2,0,1,0,2,2,0,0,1,0,2,0,1.0,524,100,5.24
0,8,144,0,1,1,4,0,1,0,0,0,0,0,1,0,2,0,3.0,8,1,8.0
0,1,144,114,2,0,1,5,1,0,1,1,1,0,8,0,12,0,3.0,189,33,5.7272727272727275
1,3,105,0,1,0,6,0,1,0,1,0,0,0,1,0,2,0,5.0,329,57,5.771929824561403
1,3,105,81,2,4,5,0,0,1,1,1,1,0,5,0,12,0,1.0,122,22,5.545454545454546
0,50,60,0,0,5,6,0,0,0,0,0,0,0,1,0,2,0,4.0,711,145,4.903448275862069
0,42,28,0,1,0,1,0,1,1,0,2,2,0,1,0,2,0,1.0,71,14,5.071428571428571
1,3,105,0,1,0,1,1,1,0,1,0,1,0,1,0,12,0,4.0,819,143,5.7272727272727275
1,4,103,0,2,0,0,0,0,2,1,1,1,0,2,50,2,0,4.0,179,29,6.172413793103448
1,17,104,0,0,0,1,0,2,1,0,0,0,0,1,200,5,0,3.0,211,40,5.275
0,2,144,0,0,6,0,0,1,0,0,0,1,0,1,0,2,0,1.0,279,51,5.470588235294118
0,3,144,0,1,1,6,0,1,1,1,1,1,0,1,0,3,0,3.0,187,38,4.921052631578948
0,20,144,0,0,1,0,0,1,0,0,0,0,0,1,0,3,0,2.0,220,43,5.116279069767442
0,2,145,114,1,0,1,0,1,0,2,2,1,0,1,0,2,0,3.0,98,18,5.444444444444445
0,3,144,0,1,0,4,5,1,1,1,1,1,0,2,0,2,0,4.0,83,18,4.611111111111111
1,12,105,0,1,0,1,5,1,0,0,0,0,2,1,0,7,0,10.0,1479,280,5.2821428571428575
1,1,105,0,1,1,4,5,0,0,1,0,2,0,1,100,2,0,3.0,392,61,6.426229508196721
0,2,147,114,1,0,6,0,1,2,0,0,0,0,1,0,4,0,1.0,24,4,6.0
0,2,144,114,1,0,1,5,1,1,1,0,1,0,1,0,2,0,4.0,12,2,6.0
0,6,144,0,0,1,4,5,1,0,0,0,0,0,1,0,2,0,6.0,247,47,5.25531914893617
0,2,144,0,0,6,0,0,1,0,0,0,1,0,1,10,2,0,4.0,33,5,6.6
1,1,103,82,0,0,1,5,1,2,1,1,1,0,3,0,2,0,5.0,88,19,4.631578947368421
0,24,41,0,0,6,0,0,0,0,0,0,0,0,1,0,12,0,1.0,790,151,5.231788079470198
1,1,120,0,0,2,6,0,0,0,1,1,1,0,1,0,12,0,1.0,692,130,5.323076923076923
0,4,144,0,1,1,6,0,1,1,2,0,2,0,1,0,2,0,3.0,487,101,4.821782178217822
1,24,84,82,2,0,3,5,1,1,2,2,2,0,3,0,12,0,1.0,34,7,4.857142857142857
1,3,135,81,0,2,6,0,0,1,1,0,1,0,1,0,4,0,3.0,241,45,5.355555555555555
0,1,22,114,1,6,0,0,1,0,2,2,1,0,1,0,2,0,5.0,182,29,6.275862068965517
0,212,144,0,1,6,0,0,1,0,2,2,1,0,1,0,12,0,1.0,367,78,4.705128205128205
0,4,12,114,1,1,0,0,1,0,0,0,1,0,1,0,2,0,4.0,442,91,4.857142857142857
1,11,105,82,1,0,3,5,1,0,0,0,0,0,1,0,2,0,5.0,96,3,32.0
0,2,144,0,1,1,6,0,1,0,1,1,1,0,1,20,3,0,1.0,176,31,5.67741935483871
0,4,144,0,1,1,0,0,1,0,1,0,1,0,1,80,2,0,1.0,72,14,5.142857142857143
0,4,5,0,2,0,1,0,2,1,0,0,2,0,2,3000,1,0,5.0,503,87,5.781609195402299
1,8,105,0,0,6,0,0,1,0,0,0,2,0,1,0,12,0,3.0,247,48,5.145833333333333
0,2,144,0,2,6,0,0,1,0,1,1,1,0,2,0,3,1,2.0,291,53,5.490566037735849
1,2,105,0,1,0,6,0,1,0,1,2,1,0,1,0,12,0,1.0,119,23,5.173913043478261
0,4,144,114,2,1,6,0,1,1,0,0,1,0,2,0,2,0,12.0,334,50,6.68
0,2,144,0,2,1,3,5,1,1,1,1,2,0,4,0,12,0,5.0,338,65,5.2
0,4,144,114,0,0,0,0,1,0,0,0,1,0,1,150,2,0,1.0,82,15,5.466666666666667
1,4,105,0,1,0,6,0,1,0,0,0,1,0,1,0,2,0,3.0,346,69,5.0144927536231885
1,10,105,101,1,5,6,0,1,0,0,0,0,0,1,200,2,0,2.0,3809,630,6.046031746031746
1,6,105,0,1,2,5,5,0,0,0,0,0,0,1,0,12,0,1.0,355,69,5.144927536231884
1,1,105,0,1,0,1,0,0,0,1,1,1,0,1,0,2,0,4.0,191,35,5.457142857142857
1,3,105,81,1,0,3,5,1,0,1,0,1,0,4,0,2,0,5.0,644,128,5.03125
0,2,144,0,1,0,0,0,1,0,0,0,1,0,1,0,2,0,4.0,341,64,5.328125
0,5,17,114,0,6,0,0,1,0,0,0,0,0,1,0,12,0,6.0,245,44,5.568181818181818
1,2,105,0,2,0,3,5,0,0,1,1,1,0,3,0,12,0,9.0,659,119,5.53781512605042
1,8,122,72,1,1,6,0,1,1,0,0,1,0,1,0,2,0,4.0,55,8,6.875
1,2,105,0,1,2,0,0,1,0,1,0,1,0,2,0,2,0,1.0,46,8,5.75
0,72,69,18,1,1,4,0,1,1,0,0,0,0,1,0,2,0,3.0,770,157,4.904458598726115
1,6,104,0,0,5,6,0,1,1,0,0,0,0,1,120,2,1,5.0,698,128,5.453125
0,12,69,114,0,1,4,0,1,0,0,0,0,0,1,0,2,0,4.0,192,36,5.333333333333333
1,12,122,0,1,3,5,5,1,2,1,1,1,0,1,0,2,0,2.0,82,15,5.466666666666667
1,5,104,88,0,0,6,0,1,1,1,0,1,0,1,0,2,0,2.0,51,7,7.285714285714286
1,2,128,72,0,1,4,0,0,0,1,1,1,0,1,0,12,0,1.0,262,50,5.24
0,24,144,0,1,0,1,0,1,1,0,0,0,0,1,0,2,0,3.0,302,55,5.490909090909091
0,36,41,49,1,4,0,0,1,1,0,2,0,0,1,0,0,0,2.0,193,33,5.848484848484849
1,24,105,0,1,1,2,5,1,0,0,0,0,0,1,0,2,0,7.0,291,54,5.388888888888889
1,21,103,101,0,4,5,5,2,2,0,0,1,1,1,0,2,0,1.0,331,60,5.516666666666667
1,1,105,0,0,2,3,5,1,0,1,1,1,0,1,0,12,0,5.0,396,72,5.5
1,6,96,0,1,0,3,5,1,0,1,1,1,0,3,0,2,0,2.0,69,15,4.6
0,3,144,0,0,1,0,0,1,1,0,0,2,0,1,0,0,0,1.0,67,11,6.090909090909091
1,2,140,81,0,0,1,2,0,1,1,1,1,0,1,0,2,0,5.0,630,123,5.121951219512195
1,2,105,0,1,2,0,0,1,0,1,0,1,0,1,0,5,1,3.0,90,13,6.923076923076923
0,3,144,0,1,4,6,0,1,0,0,0,1,0,1,0,12,0,3.0,124,23,5.391304347826087
1,4,128,0,0,0,1,5,0,0,1,0,1,0,1,50,12,0,5.0,889,175,5.08
1,4,105,0,1,0,1,4,2,0,1,1,1,0,1,0,12,0,8.0,11,3,3.6666666666666665
0,24,144,0,0,0,0,0,1,0,0,0,0,0,1,0,12,0,2.0,368,77,4.779220779220779
1,5,105,106,1,1,2,0,0,0,0,0,1,0,1,0,2,0,3.0,208,43,4.837209302325581
1,6,104,0,1,0,2,5,1,1,2,2,2,0,1,0,2,0,5.0,254,55,4.618181818181818
1,1,128,0,1,5,6,0,0,0,2,2,1,0,1,0,2,0,3.0,350,63,5.555555555555555
1,24,105,0,1,1,3,5,1,0,1,1,0,0,1,0,2,0,1.0,27,4,6.75
0,36,47,0,1,0,1,0,1,0,1,0,0,0,1,0,12,0,2.0,182,34,5.352941176470588
1,2,104,0,1,1,0,0,0,1,1,1,1,0,1,0,2,0,3.0,209,36,5.805555555555555
1,9,105,0,1,5,0,0,1,0,1,0,1,0,1,0,7,0,1.0,18,3,6.0
1,4,104,0,1,0,5,5,1,1,1,1,1,0,1,0,12,0,1.0,519,100,5.19
1,36,105,0,0,0,6,0,1,0,1,1,0,0,1,0,2,0,1.0,473,87,5.436781609195402
1,9,116,0,1,0,0,0,1,2,0,0,1,0,1,10,2,0,3.0,133,26,5.115384615384615
0,24,174,114,0,1,6,0,0,2,2,2,2,0,1,0,0,0,2.0,990,191,5.183246073298429
1,4,105,0,0,0,1,0,1,0,1,1,1,0,1,0,2,0,2.0,210,39,5.384615384615385
1,2,135,0,1,1,4,0,1,1,1,1,1,0,1,100,2,0,2.0,176,32,5.5
0,84,154,0,0,1,2,5,1,2,0,0,0,0,1,0,12,0,14.0,503,101,4.98019801980198
1,1,105,0,2,2,5,5,0,0,2,2,1,0,3,0,2,0,4.0,382,73,5.232876712328767
0,5,144,114,1,1,0,0,1,1,0,0,1,0,1,0,2,0,3.0,14,3,4.666666666666667
0,36,144,30,1,1,0,0,0,1,0,0,2,0,1,0,12,0,4.0,269,53,5.0754716981132075
1,3,135,0,1,1,5,5,0,0,2,0,1,0,1,0,2,0,4.0,86,17,5.0588235294117645
1,14,104,81,1,3,5,5,1,1,1,0,1,0,1,0,12,0,4.0,701,134,5.231343283582089
0,2,144,0,0,0,1,0,1,0,1,1,1,0,1,1,7,0,3.0,450,89,5.056179775280899
1,24,131,0,0,2,0,0,1,1,0,0,1,0,1,0,12,0,4.0,251,51,4.921568627450981
0,24,74,0,0,6,0,0,0,2,2,0,2,0,1,0,12,0,1.0,114,23,4.956521739130435
0,3,144,0,0,1,0,0,1,1,0,0,1,0,1,50,2,0,2.0,78,16,4.875
0,12,144,0,0,4,0,0,1,0,2,2,2,0,1,0,2,0,5.0,1297,274,4.733576642335766
0,3,18,114,1,0,6,0,0,1,2,0,1,0,1,0,2,0,1.0,285,54,5.277777777777778
0,41,5,0,1,0,1,0,1,1,0,0,0,0,1,0,2,0,1.0,16,3,5.333333333333333
0,4,22,0,1,0,6,0,1,0,1,0,1,0,4,0,2,0,2.0,561,104,5.394230769230769
1,11,104,0,0,1,3,5,1,1,1,0,1,0,1,0,12,0,2.0,118,25,4.72
1,1,135,82,0,0,1,4,1,0,1,0,1,0,1,50,2,0,5.0,774,143,5.4125874125874125
1,0,105,0,2,0,5,5,0,0,2,2,2,0,4,0,12,0,5.0,359,65,5.523076923076923
1,1,135,0,0,0,6,0,0,1,1,1,1,0,1,0,2,0,5.0,382,64,5.96875
1,5,105,82,1,0,3,5,0,0,1,1,1,0,1,0,12,0,3.0,261,47,5.553191489361702
1,2,105,0,0,0,6,0,0,0,2,2,2,0,1,0,2,0,5.0,101,20,5.05
1,1,105,0,0,5,0,0,1,0,0,0,1,0,2,0,2,0,1.0,123,23,5.3478260869565215
1,3,128,0,0,0,1,0,0,1,1,1,1,0,1,300,2,0,9.0,60,11,5.454545454545454
0,7,144,133,1,1,0,0,1,1,0,0,1,0,1,0,2,0,4.0,116,19,6.105263157894737
0,2,144,114,0,1,4,5,1,0,0,0,1,0,1,0,2,0,8.0,227,38,5.973684210526316
0,1,144,0,1,0,1,0,1,1,1,1,1,0,1,20,2,0,12.0,410,75,5.466666666666667
1,2,88,66,1,0,2,2,1,0,1,0,1,0,1,0,2,0,1.0,91,15,6.066666666666666
0,29,144,0,1,2,0,0,1,0,1,1,2,0,1,0,12,0,4.0,499,95,5.252631578947368
0,3,144,0,1,0,0,0,0,1,1,1,1,0,1,0,2,0,2.0,325,65,5.0
0,36,61,0,0,1,4,5,2,1,2,2,0,0,1,750,2,0,9.0,2021,384,5.263020833333333
0,0,144,114,0,0,6,0,1,0,1,1,1,0,1,0,2,0,3.0,199,40,4.975
0,2,144,114,1,1,0,0,1,1,0,0,1,0,3,0,2,0,5.0,336,51,6.588235294117647
0,1,144,0,1,6,0,0,1,1,1,1,1,0,1,0,3,0,5.0,99,17,5.823529411764706
0,72,0,114,0,0,1,0,1,1,1,1,1,0,1,0,2,0,5.0,432,85,5.08235294117647
0,1,144,0,2,0,1,0,1,0,1,1,1,0,6,0,2,0,1.0,232,38,6.105263157894737
0,1,144,0,1,0,1,0,0,1,1,1,1,0,2,0,2,0,4.0,299,57,5.245614035087719
0,2,145,35,0,0,1,0,1,0,1,1,1,0,1,0,2,0,1.0,146,29,5.0344827586206895
1,2,105,0,0,5,6,0,0,0,1,1,1,0,1,0,2,0,1.0,469,100,4.69
1,5,105,0,1,1,0,0,1,0,1,1,1,0,1,0,0,0,1.0,38,7,5.428571428571429
1,3,105,0,0,0,0,0,1,0,1,1,1,0,1,0,12,0,3.0,39,8,4.875
0,24,144,0,1,0,6,0,1,0,1,0,2,0,1,0,3,0,4.0,387,67,5.776119402985074
0,2,144,0,1,0,1,0,1,0,1,1,1,0,1,0,12,0,4.0,273,51,5.352941176470588
1,18,105,0,2,0,2,5,1,1,1,1,1,1,4,0,2,0,3.0,605,99,6.111111111111111
0,1,144,114,1,0,1,0,1,0,0,0,1,0,1,0,2,0,4.0,58,13,4.461538461538462
0,1,144,0,0,0,1,0,1,1,1,0,1,0,1,0,12,0,7.0,101,18,5.611111111111111
0,72,47,35,1,0,1,0,2,1,0,0,0,0,1,0,2,0,7.0,12,2,6.0
1,5,135,0,0,1,0,0,1,0,0,0,0,0,1,0,2,0,2.0,124,22,5.636363636363637
1,2,105,0,0,2,3,5,0,0,1,1,1,0,1,0,2,0,3.0,408,67,6.08955223880597
0,8,144,0,1,1,6,0,1,0,1,1,1,1,1,0,0,0,1.0,96,19,5.052631578947368
0,36,60,54,1,0,5,5,0,2,0,0,1,0,1,0,7,0,2.0,537,98,5.479591836734694
0,2,144,114,0,0,1,0,1,1,0,0,1,0,1,0,12,0,2.0,108,21,5.142857142857143
0,3,144,0,0,1,0,0,0,0,1,0,0,0,1,0,2,0,3.0,134,25,5.36
1,5,105,0,1,0,6,0,1,0,0,0,1,0,1,0,2,0,5.0,124,22,5.636363636363637
0,1,144,0,1,0,1,0,1,1,1,1,1,0,1,0,4,0,1.0,117,25,4.68
1,1,105,0,1,0,0,0,0,0,1,1,1,0,1,0,2,0,2.0,160,32,5.0
1,8,103,113,0,0,6,0,1,2,0,0,0,0,1,0,2,0,4.0,1995,369,5.40650406504065
0,2,144,0,0,4,0,0,1,1,0,0,1,0,1,0,2,0,1.0,246,48,5.125
0,2,65,114,1,0,6,0,0,1,1,1,1,0,3,0,6,0,5.0,210,38,5.526315789473684
0,2,144,114,2,1,6,0,1,0,1,1,1,0,9,0,3,0,3.0,166,31,5.354838709677419
0,12,144,0,1,4,0,0,2,1,0,1,0,0,1,0,2,0,2.0,184,32,5.75
0,12,144,0,1,0,0,0,1,1,0,0,0,0,1,0,12,0,1.0,164,33,4.96969696969697
0,5,144,0,0,1,6,0,1,1,0,0,1,0,1,0,3,0,3.0,229,47,4.872340425531915
0,2,144,114,2,0,1,4,1,0,1,0,1,0,2,80,7,0,4.0,1190,228,5.219298245614035
0,12,144,0,0,1,0,0,1,1,0,0,0,0,1,0,12,0,1.0,63,14,4.5
0,6,144,0,1,3,4,0,1,0,0,0,0,0,1,0,12,0,10.0,140,27,5.185185185185185
1,8,105,81,2,1,3,5,1,0,1,0,1,0,3,0,3,0,2.0,268,47,5.702127659574468
1,4,104,0,2,0,1,2,1,1,2,2,2,0,2,0,2,0,3.0,21,4,5.25
0,2,144,0,1,0,1,0,1,1,0,0,1,0,1,80,3,0,1.0,255,42,6.071428571428571
1,2,105,0,2,3,5,5,1,1,1,0,1,0,2,0,2,0,4.0,932,175,5.325714285714286
1,12,92,82,0,0,0,0,0,0,0,0,0,0,1,120,2,0,0.0,93,16,5.8125
0,8,144,114,1,0,6,0,1,0,0,0,1,0,1,0,2,0,1.0,161,30,5.366666666666666
1,5,84,82,1,2,0,0,1,0,0,0,2,0,1,0,3,0,5.0,364,74,4.918918918918919
1,60,95,0,1,1,2,4,1,2,0,0,1,0,1,0,7,0,11.0,476,91,5.230769230769231
1,3,105,0,2,0,5,5,1,0,1,1,1,0,3,0,2,0,0.0,134,25,5.36
0,1,47,114,2,0,1,0,1,1,2,0,1,0,2,0,12,0,4.0,758,141,5.375886524822695
1,2,104,0,2,0,6,0,1,1,0,0,1,0,3,0,2,0,3.0,190,32,5.9375
0,11,144,0,1,6,0,0,1,2,2,2,2,0,1,0,2,0,1.0,52,8,6.5
1,5,135,0,0,0,1,1,1,1,0,0,1,0,1,30,2,0,1.0,144,26,5.538461538461538
1,2,104,0,0,5,0,0,1,1,1,0,0,0,1,30,2,0,2.0,277,56,4.946428571428571
0,2,144,0,0,0,0,0,1,0,0,0,1,0,1,0,2,0,4.0,173,30,5.766666666666667
1,1,103,0,1,0,6,0,2,2,1,0,2,0,1,0,2,0,2.0,528,88,6.0
1,4,104,66,2,0,2,5,1,1,1,1,1,0,5,0,12,0,5.0,956,178,5.370786516853933
0,2,8,114,1,0,1,3,1,1,0,0,1,0,4,0,12,0,15.0,110,22,5.0
0,36,144,0,2,0,2,0,2,2,2,2,2,0,4,0,2,0,3.0,22,4,5.5
1,4,125,96,1,0,6,0,0,2,1,1,2,0,1,250,2,0,3.0,200,38,5.2631578947368425
1,5,103,0,0,3,6,0,2,2,1,1,1,0,1,250,10,0,5.0,286,49,5.836734693877551
0,2,144,114,1,0,1,5,1,0,1,1,1,0,3,0,2,0,5.0,499,100,4.99
1,4,105,82,0,3,6,0,0,0,1,0,1,0,1,0,12,0,4.0,640,121,5.289256198347108
0,24,144,0,1,0,0,0,1,0,1,1,0,0,1,0,2,0,1.0,301,61,4.934426229508197
1,1,104,0,1,0,1,0,1,1,1,1,1,0,2,20,2,0,1.0,467,76,6.144736842105263
1,36,104,0,2,2,6,0,1,2,1,1,1,0,4,0,2,0,2.0,222,40,5.55
1,5,105,0,2,6,0,0,1,0,1,0,1,0,2,0,2,0,4.0,282,47,6.0
1,2,105,0,2,0,6,0,1,0,1,1,1,0,3,0,2,0,1.0,101,14,7.214285714285714
1,4,105,0,1,0,3,4,1,0,0,0,1,0,1,0,2,2,9.0,828,158,5.2405063291139244
0,2,144,4,1,0,1,0,1,0,0,0,1,0,1,0,2,0,13.0,275,39,7.051282051282051
0,2,144,0,0,2,4,0,1,0,1,0,1,0,1,0,2,0,4.0,261,48,5.4375
0,2,144,0,0,6,0,0,1,0,1,0,1,0,1,0,2,0,9.0,435,80,5.4375
1,24,103,0,0,6,0,0,2,2,1,1,1,0,1,0,2,0,2.0,124,22,5.636363636363637
1,4,105,0,0,0,6,0,1,0,1,1,1,0,1,0,12,0,15.0,1997,364,5.486263736263736
1,120,105,0,1,5,6,0,1,0,0,0,0,0,1,50,2,0,17.0,1482,281,5.274021352313167
0,2,69,0,2,0,1,5,1,0,1,1,1,0,2,0,2,0,3.0,154,29,5.310344827586207
1,120,103,82,1,0,1,5,2,2,2,2,2,0,2,50,12,0,1.0,198,30,6.6
0,1,144,114,1,4,0,0,1,1,1,1,1,0,1,0,3,0,4.0,183,30,6.1
0,2,144,0,0,0,1,0,1,0,1,0,1,0,1,0,2,0,1.0,37,7,5.285714285714286
1,2,110,101,2,0,4,4,0,0,1,0,1,0,3,0,12,0,11.0,64,9,7.111111111111111
0,12,144,53,2,0,1,3,1,1,0,0,2,0,3,0,12,0,2.0,1702,289,5.889273356401384
1,3,135,0,1,1,4,5,1,0,1,0,1,0,2,0,2,0,6.0,161,30,5.366666666666666
0,4,144,0,1,0,1,0,1,0,0,0,1,0,1,0,2,0,2.0,371,65,5.707692307692308
1,7,105,104,1,3,0,0,1,0,0,0,0,0,1,0,12,0,9.0,1884,369,5.105691056910569
0,12,60,0,0,0,6,0,1,1,0,0,1,0,1,0,2,0,1.0,60,12,5.0
1,5,104,0,1,1,6,0,1,1,0,0,1,0,1,0,2,0,5.0,430,82,5.2439024390243905
0,4,144,0,0,1,3,0,2,0,0,0,1,0,1,0,2,0,1.0,335,70,4.785714285714286
1,12,105,0,0,0,6,0,1,0,1,0,0,0,1,0,2,0,3.0,599,107,5.598130841121495
1,15,103,96,1,6,0,0,2,2,0,0,1,0,1,100,2,0,4.0,284,52,5.461538461538462
1,1,105,0,2,0,3,4,1,0,1,0,1,0,5,0,12,0,11.0,1718,309,5.559870550161812
0,2,144,4,1,0,1,0,1,1,0,0,1,0,1,0,2,0,3.0,200,40,5.0
1,2,105,0,0,0,0,0,1,0,0,0,1,0,1,0,2,0,9.0,709,126,5.626984126984127
1,2,104,0,1,0,5,5,1,1,0,0,1,0,1,0,2,0,4.0,43,7,6.142857142857143
0,3,144,0,1,1,0,0,1,0,1,1,1,0,1,0,0,0,5.0,28,5,5.6
0,0,144,0,1,3,6,0,0,1,1,1,1,0,1,0,2,0,1.0,221,46,4.804347826086956
0,2,144,0,2,0,1,5,1,0,2,2,2,0,8,0,12,0,5.0,169,29,5.827586206896552
1,6,105,80,0,3,4,0,1,1,2,0,2,0,1,30,2,0,5.0,68,12,5.666666666666667
1,2,105,0,1,0,5,5,0,0,1,1,1,0,1,0,4,0,5.0,1024,181,5.657458563535911
0,60,41,0,1,1,0,0,0,1,0,0,0,0,1,200,2,2,7.0,278,56,4.964285714285714
0,2,22,114,1,0,2,5,2,0,1,1,1,0,1,0,1,0,5.0,148,27,5.481481481481482
1,14,135,0,2,0,1,0,1,0,1,1,1,0,5,0,12,0,3.0,96,19,5.052631578947368
0,84,8,0,1,3,0,0,2,2,2,2,1,0,1,0,2,0,4.0,241,45,5.355555555555555
1,24,105,0,0,3,0,0,1,0,1,1,1,1,1,0,12,0,2.0,732,132,5.545454545454546
1,2,121,0,0,2,4,0,1,1,0,0,1,0,1,0,2,0,17.0,417,75,5.56
0,2,144,0,1,2,0,0,1,0,2,0,1,0,1,0,12,0,2.0,167,23,7.260869565217392
1,3,104,0,0,2,0,0,1,1,1,1,1,0,1,0,12,0,3.0,220,43,5.116279069767442
0,4,144,0,1,0,1,5,1,0,0,0,1,0,1,0,2,0,4.0,660,138,4.782608695652174
0,12,144,114,1,1,6,0,1,1,0,1,0,1,1,0,12,0,2.0,85,15,5.666666666666667
1,1,105,82,2,0,5,5,1,0,1,0,2,0,5,0,2,0,1.0,867,143,6.062937062937063
1,2,105,0,0,0,1,5,0,0,1,1,1,1,1,0,7,0,3.0,622,117,5.316239316239316
1,6,105,0,0,0,0,0,1,0,0,0,1,0,1,0,2,0,1.0,83,15,5.533333333333333
1,24,105,0,0,1,3,5,2,0,0,0,1,0,1,0,2,0,2.0,908,187,4.855614973262032
0,2,144,0,1,1,0,0,1,0,0,0,1,0,1,0,12,0,1.0,38,6,6.333333333333333
0,2,144,114,0,1,0,0,1,1,0,0,1,0,1,0,2,0,1.0,12,2,6.0
1,1,105,0,1,5,0,0,0,0,1,1,1,0,1,0,10,0,1.0,37,6,6.166666666666667
1,3,103,82,2,2,6,0,1,2,1,1,1,0,4,0,2,0,5.0,659,104,6.336538461538462
0,3,22,114,1,0,0,0,2,0,1,1,1,0,1,0,2,0,1.0,397,69,5.753623188405797
1,2,84,0,1,6,0,0,0,0,1,1,0,0,1,100,7,0,4.0,250,51,4.901960784313726
1,2,105,0,2,0,1,5,1,0,1,1,1,0,2,0,12,0,4.0,152,27,5.62962962962963
0,2,144,114,2,0,1,5,1,1,1,1,1,0,6,0,7,0,1.0,115,21,5.476190476190476
1,3,105,0,1,0,3,5,1,1,1,1,1,0,1,0,12,3,10.0,1108,199,5.567839195979899
1,2,105,0,1,1,3,5,1,1,2,2,2,0,1,0,2,0,5.0,420,82,5.121951219512195
0,24,168,0,0,0,0,0,1,1,0,0,1,0,1,0,12,0,1.0,243,46,5.282608695652174
0,5,144,0,0,6,0,0,1,0,0,0,0,0,1,0,7,0,0.0,28,4,7.0
1,2,103,82,2,0,5,0,0,1,1,1,1,0,3,0,2,0,3.0,266,48,5.541666666666667
1,8,105,0,1,6,0,0,0,0,1,1,1,0,1,0,12,1,13.0,262,49,5.346938775510204
0,22,8,0,1,1,6,0,1,0,0,0,1,0,1,0,2,0,2.0,285,62,4.596774193548387
0,74,60,0,0,1,6,0,1,1,2,0,2,0,1,0,2,0,2.0,331,71,4.661971830985915
0,3,144,0,0,0,1,5,1,0,1,0,2,0,3,0,2,0,3.0,165,30,5.5
1,19,104,0,1,0,1,5,1,1,0,0,0,0,1,0,0,0,3.0,129,24,5.375
1,6,105,0,0,0,6,0,0,1,2,2,1,0,1,1,2,0,3.0,23,1,23.0
1,3,104,0,1,1,4,0,1,1,0,0,1,0,1,300,2,0,5.0,916,176,5.204545454545454
0,2,144,0,1,0,0,0,1,0,0,0,1,0,1,0,2,0,5.0,90,17,5.294117647058823
0,4,144,0,1,0,0,0,1,0,2,2,0,0,1,0,2,0,1.0,127,24,5.291666666666667
1,36,105,0,1,5,6,0,1,0,0,0,1,0,1,0,12,0,4.0,641,117,5.478632478632479
0,3,144,16,0,1,4,5,1,1,0,0,0,0,1,0,4,0,4.0,661,116,5.698275862068965
0,60,36,47,1,1,2,5,0,1,0,0,1,0,1,0,2,0,5.0,769,145,5.303448275862069
0,4,144,114,1,1,6,0,1,0,1,1,1,0,1,0,12,0,3.0,118,21,5.619047619047619
0,2,27,0,0,0,1,0,1,0,1,1,1,0,1,0,2,0,1.0,305,54,5.648148148148148
1,5,104,66,0,0,1,0,1,1,1,1,1,0,1,150,2,0,3.0,341,55,6.2
0,2,44,0,1,6,0,0,1,1,0,1,0,0,1,0,12,0,6.0,94,20,4.7
0,3,144,0,0,4,0,0,1,0,2,0,1,0,1,0,12,0,9.0,225,38,5.921052631578948
0,36,37,0,0,0,2,4,0,1,2,0,1,0,1,0,12,0,2.0,854,166,5.144578313253012
0,2,144,114,0,0,1,0,1,1,0,0,1,0,1,0,2,0,1.0,12,2,6.0
0,60,51,0,0,5,0,0,1,1,0,0,0,0,1,0,12,0,3.0,242,44,5.5
1,3,105,0,0,3,6,0,0,0,2,2,2,0,1,0,12,0,2.0,27,4,6.75
0,3,144,0,1,1,4,0,1,0,0,0,1,0,1,0,3,0,4.0,197,30,6.566666666666666
0,3,144,0,0,1,0,0,1,0,1,1,1,0,1,0,2,1,4.0,671,127,5.283464566929134
1,2,105,0,0,5,6,0,1,0,1,0,1,0,1,50,2,1,6.0,747,139,5.374100719424461
1,2,105,0,1,0,3,5,0,0,1,1,1,0,1,20,2,1,4.0,359,74,4.851351351351352
0,4,144,0,1,0,6,0,1,0,0,0,1,0,1,0,12,0,3.0,174,28,6.214285714285714
0,24,144,0,0,0,1,0,2,1,0,0,1,0,1,0,12,1,1.0,1054,216,4.87962962962963
1,9,103,0,0,0,6,0,1,2,1,0,1,1,1,0,12,0,2.0,1613,303,5.323432343234323
1,1,105,0,0,0,6,0,0,0,1,1,1,1,1,0,2,0,1.0,334,66,5.0606060606060606
0,2,144,0,1,1,6,0,1,0,1,0,1,0,1,0,2,0,5.0,469,99,4.737373737373737
1,1,104,0,0,6,0,0,0,1,1,1,1,1,1,0,2,0,2.0,138,25,5.52
0,2,144,0,0,0,1,0,0,1,1,1,1,0,2,0,2,0,5.0,598,116,5.155172413793103
0,3,144,0,1,1,0,0,1,1,0,0,1,0,1,0,2,0,7.0,209,35,5.9714285714285715
1,5,122,66,1,0,1,5,1,0,1,1,1,0,1,0,12,0,1.0,91,17,5.352941176470588
0,2,51,30,0,0,1,0,0,1,1,0,1,0,1,450,2,0,3.0,258,44,5.863636363636363
1,2,104,0,0,2,6,0,1,1,1,0,1,0,1,50,2,1,9.0,746,138,5.405797101449275
0,3,144,0,0,4,0,0,1,0,1,0,1,0,1,0,2,3,30.0,552,108,5.111111111111111
0,63,8,114,1,0,0,0,1,0,0,0,0,0,1,50,2,0,5.0,1485,299,4.966555183946488
1,4,143,113,0,0,6,0,2,0,0,0,1,0,1,0,12,0,5.0,623,114,5.464912280701754
1,4,105,0,0,2,6,0,1,0,0,0,1,0,1,0,12,6,7.0,1099,205,5.360975609756098
0,84,81,0,0,2,5,0,0,2,0,0,0,0,1,200,2,0,1.0,110,19,5.7894736842105265
0,2,144,0,1,0,0,0,1,0,0,0,1,0,1,0,2,0,3.0,76,12,6.333333333333333
1,2,104,0,0,0,6,0,0,1,0,0,1,0,1,0,3,0,1.0,68,13,5.230769230769231
0,4,144,114,2,1,0,0,1,0,0,0,1,0,2,50,2,0,3.0,434,93,4.666666666666667
1,1,105,81,1,5,0,0,1,1,0,0,1,0,1,0,2,0,4.0,158,32,4.9375
1,1,105,0,1,0,2,5,1,0,1,1,1,0,1,0,2,0,2.0,58,12,4.833333333333333
0,2,144,0,0,0,1,1,1,1,1,1,1,0,2,0,3,0,18.0,83,12,6.916666666666667
0,2,144,0,1,0,0,0,0,0,0,0,1,0,1,0,12,0,2.0,307,57,5.385964912280702
1,25,105,0,0,0,2,5,1,0,0,0,0,0,2,50,12,0,6.0,289,54,5.351851851851852
1,5,104,0,0,3,6,0,1,1,0,0,1,0,1,0,2,0,2.0,301,61,4.934426229508197
0,3,144,114,1,1,0,0,3,0,0,0,1,0,6,0,2,0,11.0,345,52,6.634615384615385
0,2,144,0,1,1,0,0,1,0,1,1,1,0,1,0,2,0,5.0,633,122,5.188524590163935
0,2,144,41,0,0,1,5,1,0,1,0,1,0,1,0,2,0,1.0,247,44,5.613636363636363
0,3,144,0,1,1,0,0,1,1,0,0,1,0,1,0,2,0,2.0,209,44,4.75
0,36,144,0,0,2,0,0,1,1,2,2,1,0,1,0,2,0,3.0,1439,271,5.3099630996309966
1,12,105,0,1,6,0,0,0,0,2,2,2,0,1,0,2,0,1.0,469,93,5.043010752688172
1,0,105,0,1,2,0,0,1,1,1,1,2,0,1,0,2,0,5.0,80,14,5.714285714285714
1,9,105,0,0,0,5,5,1,0,0,0,0,0,2,0,2,0,0.0,794,135,5.881481481481481
0,24,41,54,0,1,0,0,0,1,0,0,1,0,1,50,2,0,5.0,364,73,4.986301369863014
1,6,105,106,0,2,6,0,0,0,0,0,1,0,1,100,12,0,6.0,2989,513,5.826510721247564
1,1,104,0,2,0,3,4,1,1,1,1,1,0,3,0,12,0,5.0,1513,289,5.235294117647059
0,15,144,0,1,6,0,0,1,0,0,0,0,0,1,0,2,0,6.0,926,182,5.087912087912088
1,5,104,0,1,0,6,0,1,1,1,1,1,0,1,0,2,0,1.0,29,6,4.833333333333333
0,2,144,116,1,0,3,5,1,0,1,0,1,0,1,0,12,0,3.0,454,81,5.604938271604938
0,1,144,0,2,0,1,5,1,1,1,1,1,0,9,0,2,0,8.0,83,15,5.533333333333333
0,2,165,130,2,0,1,5,0,1,0,2,2,0,5,0,2,0,1.0,63,12,5.25
1,3,88,63,0,3,6,0,0,1,2,2,2,0,1,200,12,0,4.0,159,27,5.888888888888889
0,36,144,0,0,1,2,0,1,0,1,1,2,0,1,0,2,0,0.0,179,37,4.837837837837838
1,8,128,82,0,1,4,0,1,0,0,0,1,0,1,50,2,0,8.0,214,40,5.35
0,1,61,35,0,0,4,0,0,1,1,1,1,0,1,0,2,0,1.0,250,49,5.1020408163265305
1,7,104,0,1,5,0,0,1,1,1,1,1,0,1,0,3,0,1.0,200,39,5.128205128205129
1,1,104,0,0,0,1,0,0,1,1,1,1,0,1,0,2,1,1.0,171,31,5.516129032258065
1,26,105,89,0,2,4,0,2,1,0,0,0,0,1,100,2,0,4.0,313,44,7.113636363636363
0,9,69,114,1,0,1,4,1,1,0,0,0,0,1,0,12,0,2.0,221,43,5.1395348837209305
1,2,105,0,2,0,2,5,1,0,0,0,1,0,2,0,2,0,3.0,271,44,6.159090909090909
0,3,144,0,1,1,0,0,1,0,0,0,1,0,1,0,12,0,5.0,31,5,6.2
1,12,105,0,1,0,3,5,1,0,1,1,1,0,1,0,12,0,1.0,241,49,4.918367346938775
1,18,105,0,1,2,6,0,0,0,0,0,0,0,1,0,2,0,1.0,162,28,5.785714285714286
1,5,105,0,2,0,1,5,0,0,2,2,2,0,3,0,12,0,1.0,325,62,5.241935483870968
1,31,96,81,1,0,2,5,1,1,0,0,1,0,2,0,2,0,23.0,2991,553,5.4086799276672695
1,5,103,81,1,3,0,0,2,2,1,1,1,0,1,0,12,0,5.0,14,3,4.666666666666667
1,5,105,0,0,4,0,0,1,0,0,0,0,0,1,0,2,0,11.0,347,70,4.957142857142857
1,2,105,94,1,0,1,5,0,0,1,0,1,0,1,100,2,0,10.0,1022,191,5.350785340314136
0,4,144,114,0,1,0,0,1,0,0,0,1,0,1,0,2,0,4.0,256,43,5.953488372093023
0,14,144,0,0,0,0,0,1,0,0,0,1,0,1,0,2,0,3.0,160,31,5.161290322580645
1,36,105,101,2,5,6,0,1,1,0,0,0,0,3,0,12,0,3.0,307,56,5.482142857142857
0,7,43,0,1,1,4,0,1,0,0,0,0,0,1,1,12,0,2.0,192,38,5.052631578947368
0,12,144,0,1,1,6,0,1,0,0,0,0,0,1,250,2,0,4.0,89,18,4.944444444444445
1,2,105,0,2,0,3,5,1,0,0,0,1,0,2,0,12,0,20.0,464,82,5.658536585365853
0,2,144,0,1,1,0,0,1,0,0,0,1,0,1,0,12,0,5.0,137,27,5.074074074074074
0,2,144,0,0,6,0,0,0,0,0,0,1,0,1,0,2,0,3.0,91,16,5.6875
0,7,144,0,1,0,6,0,1,0,0,0,1,0,1,110,2,0,4.0,255,44,5.795454545454546
0,13,51,114,1,0,5,5,1,1,0,0,0,0,1,0,2,0,3.0,232,45,5.155555555555556
1,5,135,80,1,3,0,0,2,2,1,0,1,0,1,0,2,0,1.0,188,36,5.222222222222222
1,3,105,0,1,0,6,0,0,0,0,0,1,0,1,0,12,0,3.0,11,2,5.5
0,7,144,114,0,0,6,0,1,0,0,0,0,0,1,0,12,0,1.0,30,5,6.0
1,8,105,0,1,5,6,0,1,0,2,2,2,0,1,0,12,0,5.0,725,146,4.965753424657534
1,5,105,0,2,0,6,0,1,0,1,1,1,0,5,50,12,0,3.0,63,12,5.25
0,24,144,54,2,1,3,3,1,0,1,1,0,0,4,8,2,0,4.0,784,141,5.560283687943262
1,4,105,0,1,0,2,5,1,1,1,0,1,0,2,0,2,0,12.0,480,89,5.393258426966292
0,3,144,0,1,6,0,0,1,0,1,1,1,0,1,0,2,0,1.0,325,68,4.779411764705882
1,2,88,81,0,2,6,0,0,0,1,1,1,0,1,0,12,0,3.0,676,135,5.007407407407407
0,1,144,0,2,0,4,5,1,0,2,2,2,1,4,0,12,0,1.0,2178,373,5.839142091152815
1,2,135,0,1,1,6,0,1,0,1,0,1,0,1,0,4,0,3.0,92,18,5.111111111111111
1,8,105,0,1,0,1,5,0,0,1,1,1,0,1,0,2,0,5.0,154,27,5.703703703703703
0,3,144,0,2,0,1,5,1,0,1,1,1,0,3,0,2,0,7.0,715,140,5.107142857142857
1,10,105,0,1,5,6,0,0,0,1,0,0,0,1,0,2,0,1.0,398,68,5.852941176470588
1,2,104,0,2,2,6,0,0,1,1,0,1,0,5,0,2,0,6.0,344,65,5.292307692307692
1,9,135,0,1,0,1,1,1,1,0,0,0,0,1,0,2,0,5.0,632,115,5.495652173913044
0,1,144,114,1,0,1,5,1,0,1,1,1,0,7,0,7,0,7.0,671,122,5.5
0,2,144,0,2,1,3,5,1,0,1,1,2,0,5,0,2,0,7.0,44,7,6.285714285714286
1,4,105,0,0,1,5,0,1,1,0,0,1,0,1,0,7,0,12.0,1216,237,5.1308016877637135
0,1,144,0,0,1,6,0,1,1,1,1,1,0,1,0,3,0,2.0,103,17,6.0588235294117645
0,84,8,16,1,0,0,0,1,1,0,0,1,0,1,0,2,0,1.0,469,88,5.329545454545454
1,3,105,82,0,0,0,0,1,0,1,1,1,0,1,0,5,0,3.0,307,46,6.673913043478261
0,24,69,114,1,0,1,5,1,0,0,0,0,0,1,0,2,0,7.0,330,65,5.076923076923077
0,6,155,0,1,1,6,0,0,0,0,0,1,0,1,0,3,0,6.0,755,139,5.431654676258993
0,2,22,114,0,1,0,0,1,1,1,1,1,0,1,0,3,0,5.0,325,58,5.603448275862069
1,3,105,0,0,0,5,0,0,0,0,0,2,0,1,0,12,0,8.0,130,20,6.5
0,8,144,0,1,1,0,0,1,1,0,0,0,0,1,0,7,0,1.0,143,27,5.296296296296297
1,1,105,0,0,0,5,0,0,0,1,1,1,0,1,30,7,0,8.0,281,49,5.73469387755102
0,36,8,6,1,2,0,0,2,2,1,0,1,1,1,0,12,0,5.0,1005,185,5.4324324324324325
0,2,144,0,1,0,3,0,1,0,0,0,1,0,1,0,2,0,3.0,202,34,5.9411764705882355
1,12,104,0,2,0,3,5,1,1,1,1,1,0,3,0,2,0,4.0,101,13,7.769230769230769
0,2,144,0,1,1,0,0,1,0,1,1,2,0,1,5,3,0,2.0,15,3,5.0
0,1,144,0,1,0,1,1,1,0,1,0,1,0,1,0,2,0,4.0,56,10,5.6
1,2,105,0,1,2,3,5,1,0,1,1,1,0,1,0,2,0,3.0,98,19,5.157894736842105
1,1,105,73,1,0,3,5,1,0,1,0,1,0,1,0,2,0,3.0,531,87,6.103448275862069
1,2,135,82,0,2,0,0,2,1,1,0,1,0,1,0,2,0,7.0,889,159,5.591194968553459
0,3,144,0,1,0,1,5,1,0,1,1,1,0,1,0,2,0,4.0,31,6,5.166666666666667
0,84,22,0,0,4,0,0,2,1,2,2,2,0,1,0,12,0,2.0,319,66,4.833333333333333
0,12,144,0,1,0,6,0,0,0,1,1,1,0,1,0,12,0,5.0,525,91,5.769230769230769
0,3,144,0,1,1,0,0,1,1,0,0,1,0,1,0,2,0,2.0,162,30,5.4
1,3,105,0,2,1,6,0,0,1,2,2,2,0,6,0,12,0,5.0,261,52,5.019230769230769
0,84,144,0,1,0,1,0,1,1,0,0,0,0,1,0,2,0,2.0,534,104,5.134615384615385
1,0,105,82,1,0,1,5,0,0,1,1,1,0,6,0,12,0,0.0,337,63,5.349206349206349
0,5,144,0,1,1,6,0,1,1,0,0,0,0,1,0,4,0,1.0,193,35,5.514285714285714
1,2,104,0,0,0,6,0,1,1,0,0,1,0,1,0,2,0,8.0,310,61,5.081967213114754
0,12,43,0,1,4,0,0,0,0,0,0,1,0,1,350,2,0,1.0,193,40,4.825
0,2,144,0,0,6,0,0,1,0,1,1,1,0,1,20,3,0,1.0,117,20,5.85
1,1,104,0,0,4,5,5,1,1,0,0,1,0,1,0,12,0,2.0,112,18,6.222222222222222
0,6,144,0,0,5,0,0,1,0,2,2,2,0,1,0,4,0,0.0,199,38,5.2368421052631575
1,2,104,0,0,5,0,0,0,1,1,1,1,0,1,0,2,0,3.0,268,51,5.254901960784314
1,2,105,0,0,0,6,0,0,0,1,1,2,0,1,0,12,0,2.0,105,19,5.526315789473684
1,2,135,0,0,2,6,0,1,0,1,0,1,0,1,0,2,0,2.0,298,55,5.418181818181818
1,2,104,0,1,0,3,5,0,1,1,0,1,0,1,0,2,0,3.0,115,17,6.764705882352941
0,24,144,0,1,6,0,0,1,0,0,0,0,0,1,0,4,0,4.0,118,20,5.9
1,2,105,0,0,2,5,0,0,0,1,0,1,0,2,0,12,0,3.0,533,100,5.33
0,7,144,114,1,0,0,0,1,0,0,0,0,0,1,0,2,0,3.0,405,79,5.1265822784810124
0,36,60,0,1,1,6,0,0,2,0,0,1,0,1,250,12,0,3.0,197,33,5.96969696969697
1,3,94,90,0,0,6,0,1,1,0,1,1,0,1,15,2,0,3.0,215,41,5.2439024390243905
1,3,105,81,2,2,6,0,0,1,1,1,1,0,2,0,2,0,3.0,461,95,4.852631578947369
0,1,144,0,2,0,1,5,1,0,2,2,2,0,11,0,7,0,1.0,46,10,4.6
1,2,105,0,2,0,3,5,0,0,1,1,1,0,3,0,12,0,7.0,2943,514,5.72568093385214
0,1,144,0,0,6,0,0,1,1,1,1,2,0,8,0,2,0,2.0,51,9,5.666666666666667
1,36,105,0,1,2,5,5,1,1,2,2,0,0,1,0,2,0,5.0,577,107,5.392523364485982
1,6,103,82,1,0,3,5,1,1,2,0,1,0,1,30,2,0,4.0,247,40,6.175
1,2,105,82,2,1,2,5,0,0,1,1,1,0,3,0,12,3,4.0,716,131,5.465648854961832
1,3,105,0,1,0,3,4,1,0,1,1,1,0,1,50,12,0,4.0,134,26,5.153846153846154
0,3,144,0,1,2,0,0,1,1,0,1,1,0,1,0,2,0,1.0,643,110,5.845454545454546
0,60,41,0,0,4,0,0,0,1,2,2,2,0,1,0,2,0,5.0,151,30,5.033333333333333
0,1,144,0,0,3,4,5,1,0,1,0,1,0,1,0,2,0,2.0,88,17,5.176470588235294
0,12,17,0,0,6,0,0,0,0,0,0,0,0,1,0,2,0,1.0,159,31,5.129032258064516
0,2,144,0,1,0,1,1,1,1,2,2,2,0,1,0,2,0,7.0,618,123,5.024390243902439
1,8,135,0,0,0,1,0,0,0,0,0,0,0,1,0,2,0,2.0,173,33,5.242424242424242
0,3,159,114,0,0,0,0,1,0,1,0,1,0,1,0,2,0,6.0,527,94,5.6063829787234045
0,0,144,0,1,0,1,5,1,0,1,1,1,0,6,0,2,0,9.0,109,20,5.45
1,12,105,0,0,1,0,0,0,0,0,0,0,0,1,0,2,0,4.0,177,32,5.53125
0,9,144,0,0,0,6,0,1,0,0,0,0,0,1,0,2,0,2.0,272,54,5.037037037037037
1,2,104,0,0,0,6,0,0,1,1,1,1,0,1,0,2,0,5.0,31,10,3.1
1,2,105,0,2,4,5,5,0,0,1,1,1,0,5,0,5,0,3.0,407,76,5.355263157894737
1,48,122,0,1,5,0,0,1,2,0,0,2,0,1,300,12,0,2.0,293,60,4.883333333333334
0,2,144,0,0,1,0,0,1,0,1,0,1,0,1,0,2,0,1.0,107,18,5.944444444444445
1,1,82,112,1,0,6,0,0,0,0,0,1,0,1,0,2,0,2.0,535,110,4.863636363636363
1,1,104,81,1,0,3,5,1,1,1,1,1,0,1,0,12,0,8.0,297,48,6.1875
0,12,5,114,1,0,1,0,2,1,1,1,2,0,1,100,12,0,1.0,92,20,4.6
1,3,104,0,2,0,1,5,1,1,1,1,1,0,2,0,2,0,3.0,846,151,5.602649006622516
0,4,144,114,0,0,1,5,1,1,0,0,1,0,1,0,2,0,2.0,12,2,6.0
0,2,144,114,0,0,1,0,1,1,0,0,1,0,1,0,2,0,5.0,12,2,6.0
0,2,144,114,1,1,0,0,1,1,1,0,1,0,1,0,2,0,9.0,12,2,6.0
1,4,84,82,1,1,5,5,0,0,1,0,1,0,1,0,12,0,1.0,48,7,6.857142857142857
1,2,105,0,0,5,0,0,1,0,1,1,1,0,1,0,12,0,1.0,401,73,5.493150684931507
1,4,105,0,1,2,6,0,0,0,0,0,1,0,1,0,2,0,1.0,208,39,5.333333333333333
1,1,105,0,0,1,0,0,1,0,1,1,1,0,1,100,12,0,6.0,205,39,5.256410256410256
0,6,144,0,1,0,1,0,1,1,1,1,1,0,2,0,12,0,2.0,501,103,4.864077669902913
1,24,105,0,1,0,3,5,1,0,0,0,0,0,1,50,2,0,5.0,132,25,5.28
1,13,122,81,1,0,5,0,1,1,0,0,1,0,1,0,2,0,3.0,570,103,5.533980582524272
0,3,22,114,1,6,0,0,1,0,0,0,1,0,1,150,12,0,3.0,92,13,7.076923076923077
1,4,104,0,0,0,1,5,1,1,2,2,2,0,2,0,2,0,3.0,123,21,5.857142857142857
0,48,144,0,0,1,3,0,2,0,2,1,1,0,1,1,2,0,0.0,42,8,5.25
0,1,144,0,2,0,1,5,1,1,1,0,1,0,2,0,12,0,8.0,200,35,5.714285714285714
0,1,144,0,2,0,1,5,1,0,1,1,1,0,8,0,2,0,3.0,738,157,4.7006369426751595
1,2,105,80,1,1,4,5,1,1,1,1,1,0,1,20,2,0,4.0,515,111,4.63963963963964
1,3,105,0,0,0,6,0,1,0,0,0,0,0,1,0,2,0,15.0,368,68,5.411764705882353
1,2,104,0,1,1,3,5,0,1,1,1,1,0,1,0,2,0,4.0,87,15,5.8
0,3,144,0,0,1,4,5,1,1,0,2,2,0,1,0,2,0,0.0,275,55,5.0
1,2,104,89,2,1,5,5,2,1,0,0,1,0,3,0,12,0,6.0,878,168,5.226190476190476
0,1,144,0,1,0,0,0,1,0,1,1,1,0,1,0,12,0,1.0,134,25,5.36
0,3,144,0,1,2,0,0,1,0,1,1,1,0,2,0,12,0,5.0,761,139,5.474820143884892
0,48,144,0,0,1,6,0,1,1,0,0,0,1,1,0,12,0,2.0,568,108,5.2592592592592595
0,3,144,0,1,0,6,0,1,0,0,0,1,0,1,0,2,0,0.0,102,16,6.375
1,16,122,82,0,4,0,0,2,2,1,1,0,0,1,0,1,0,4.0,766,151,5.072847682119205
0,6,144,0,1,1,0,0,1,0,1,0,1,0,1,0,3,0,6.0,349,60,5.816666666666666
1,84,103,80,2,0,6,0,1,1,0,0,0,0,2,50,2,0,3.0,488,83,5.879518072289157
1,10,143,73,2,0,2,5,1,0,0,0,0,0,2,100,4,0,5.0,342,67,5.104477611940299
1,12,105,107,1,0,1,0,1,0,1,2,0,0,1,0,2,0,1.0,40,8,5.0
0,9,30,114,0,0,6,0,0,0,2,0,1,0,1,0,1,0,3.0,121,23,5.260869565217392
1,3,105,0,1,0,0,0,0,0,1,1,1,0,1,0,5,0,1.0,103,15,6.866666666666666
0,38,99,0,0,0,1,1,1,0,0,0,0,0,1,0,2,0,13.0,396,77,5.142857142857143
0,2,144,0,0,4,0,0,1,1,1,1,1,0,1,0,2,0,4.0,578,111,5.207207207207207
1,2,105,101,1,0,6,0,1,0,1,1,1,0,1,0,1,0,1.0,42,10,4.2
0,5,144,0,1,6,0,0,1,0,0,0,1,0,1,0,2,0,6.0,170,30,5.666666666666667
