Type,Age,Breed1,Breed2,Gender,Color1,Color2,Color3,MaturitySize,FurLength,Vaccinated,Dewormed,Sterilized,Health,Quantity,Fee,State,VideoAmt,PhotoAmt,desc_length,desc_words,average_word_length
1,3,105,0,1,0,0,0,1,0,1,0,1,0,1,0,2,0,5.0,372,66,5.636363636363637
0,1,144,0,1,1,6,0,1,1,1,1,1,0,1,0,2,0,7.0,197,38,5.184210526315789
0,48,144,0,1,2,4,0,1,1,1,0,0,0,1,0,1,0,1.0,348,68,5.117647058823529
1,1,105,0,1,3,5,5,1,1,1,1,1,0,1,0,2,0,5.0,894,153,5.8431372549019605
0,22,144,0,1,3,6,0,1,0,0,0,0,0,2,0,12,0,0.0,84,15,5.6
0,36,166,0,1,0,1,0,2,0,0,0,0,0,1,0,2,0,1.0,16,3,5.333333333333333
1,4,96,0,1,0,2,0,1,0,0,0,1,0,1,0,2,0,4.0,763,128,5.9609375
1,1,104,0,0,0,5,0,0,1,1,1,1,0,1,0,2,0,2.0,150,27,5.555555555555555
1,9,114,0,1,3,6,0,2,1,0,0,1,0,1,200,2,0,2.0,234,44,5.318181818181818
0,1,144,114,1,3,0,0,0,0,1,1,0,0,1,0,12,0,2.0,259,47,5.51063829787234
0,12,144,0,1,1,0,0,1,0,1,1,0,0,1,0,0,0,4.0,371,74,5.013513513513513
0,2,144,114,1,1,6,0,1,0,0,0,2,0,1,50,2,0,3.0,195,38,5.131578947368421
0,18,144,0,0,0,1,0,1,0,0,0,0,0,1,300,2,0,1.0,497,74,6.716216216216216
0,4,144,114,1,0,6,0,1,0,0,0,1,0,1,100,2,0,8.0,12,3,4.0
1,3,105,101,2,0,0,0,0,0,1,2,2,0,3,0,12,0,13.0,1096,166,6.602409638554217
0,36,144,0,1,1,6,0,1,1,0,1,0,0,1,0,2,0,1.0,229,41,5.585365853658536
0,2,144,0,2,0,1,0,1,1,2,2,2,0,6,0,12,0,4.0,239,47,5.085106382978723
0,3,144,0,0,0,6,0,1,0,0,0,0,0,1,0,2,0,3.0,316,62,5.096774193548387
1,1,105,0,0,0,1,5,1,0,0,0,1,0,1,0,2,0,5.0,112,21,5.333333333333333
0,1,144,35,2,0,5,0,1,0,2,2,1,0,2,0,2,0,3.0,252,46,5.478260869565218
0,2,144,0,1,1,5,5,2,0,0,0,1,0,1,0,2,3,8.0,340,50,6.8
0,2,144,114,0,1,0,0,1,0,0,1,1,0,2,0,2,0,0.0,220,40,5.5
1,2,105,82,2,0,2,5,1,0,1,1,1,0,5,0,2,0,5.0,391,70,5.585714285714285
0,42,144,0,1,1,6,0,2,1,0,2,2,0,1,0,2,0,2.0,297,57,5.2105263157894735
1,1,84,0,0,5,0,0,1,0,1,1,1,0,1,0,12,0,5.0,470,89,5.280898876404494
1,13,128,96,0,4,6,0,2,0,0,0,1,0,1,0,3,0,6.0,639,117,5.461538461538462
0,1,144,0,2,0,1,5,1,0,1,1,1,0,9,0,2,0,28.0,393,68,5.779411764705882
0,24,60,0,1,1,6,0,0,1,0,0,0,0,1,0,2,0,1.0,16,3,5.333333333333333
0,1,144,0,0,0,4,0,0,1,1,1,1,0,1,0,12,0,3.0,123,21,5.857142857142857
0,3,144,35,1,0,1,0,1,1,0,0,1,0,1,0,2,1,5.0,445,91,4.8901098901098905
0,24,69,114,0,1,4,0,1,1,0,0,0,0,1,0,2,2,8.0,370,69,5.36231884057971
1,8,104,0,0,5,6,0,1,1,1,1,1,0,1,0,2,0,3.0,289,58,4.982758620689655
1,1,105,0,1,0,1,0,0,0,1,1,1,0,1,0,1,0,1.0,228,38,6.0
1,5,105,0,0,0,0,0,0,1,0,0,1,0,1,0,12,0,3.0,268,48,5.583333333333333
0,3,144,0,1,0,3,0,2,0,2,0,2,0,2,0,2,0,1.0,122,21,5.809523809523809
0,36,65,114,1,0,1,2,1,1,2,2,2,0,1,0,12,0,4.0,616,112,5.5
0,24,144,0,0,0,6,0,1,0,1,1,1,1,1,0,2,0,3.0,662,127,5.21259842519685
1,24,104,80,1,0,3,5,1,2,2,2,2,0,6,0,2,0,4.0,20,5,4.0
1,2,105,0,2,0,1,5,1,0,1,1,1,0,5,0,12,0,7.0,207,37,5.594594594594595
0,1,144,0,0,1,0,0,1,0,1,1,1,0,1,0,12,0,1.0,308,53,5.811320754716981
1,4,84,0,1,6,0,0,1,0,1,1,0,0,1,0,2,0,6.0,80,15,5.333333333333333
1,5,105,0,0,0,0,0,1,0,1,0,1,0,1,0,2,1,12.0,260,47,5.531914893617022
1,2,104,0,2,0,1,2,1,1,1,1,1,0,4,150,2,0,5.0,84,14,6.0
1,1,104,0,1,0,6,0,1,1,1,1,1,0,1,0,12,0,1.0,178,38,4.684210526315789
0,24,54,114,1,0,2,5,1,0,2,2,2,1,1,0,2,0,1.0,131,26,5.038461538461538
0,7,166,114,1,0,1,0,2,0,2,2,0,0,1,0,2,0,9.0,644,114,5.649122807017544
0,8,30,0,0,1,0,0,0,0,0,0,0,0,1,0,12,0,3.0,180,32,5.625
0,1,144,114,0,0,1,5,1,1,1,0,1,0,1,0,2,0,4.0,12,2,6.0
1,2,128,106,1,1,4,5,0,0,1,0,1,0,1,0,12,0,4.0,106,21,5.0476190476190474
1,12,105,82,2,0,3,5,1,0,0,0,0,0,2,0,12,0,3.0,169,29,5.827586206896552
1,3,96,73,1,1,6,0,0,0,1,1,2,0,2,0,2,0,4.0,3,1,3.0
1,3,105,0,2,3,6,0,1,0,1,1,1,0,3,0,12,0,4.0,543,100,5.43
0,4,144,54,1,2,6,0,0,0,0,0,2,0,1,0,12,0,4.0,549,105,5.228571428571429
1,31,96,81,1,0,2,5,1,1,0,0,1,0,2,0,2,0,23.0,2991,553,5.4086799276672695
1,3,105,0,0,2,6,0,1,0,0,0,0,0,1,0,2,1,16.0,194,35,5.542857142857143
0,11,144,54,1,2,0,0,1,0,0,0,0,0,1,0,2,0,9.0,377,69,5.463768115942029
0,2,144,0,2,0,1,5,1,0,1,1,1,0,5,0,2,2,10.0,566,104,5.4423076923076925
0,1,144,114,0,0,1,1,0,0,1,1,2,0,1,0,2,0,4.0,177,29,6.103448275862069
1,2,105,0,1,0,0,0,1,0,1,1,1,0,1,0,2,0,4.0,230,44,5.2272727272727275
1,12,88,0,0,1,0,0,1,1,0,0,1,0,1,350,2,0,4.0,363,67,5.417910447761194
1,3,105,0,0,1,2,3,1,0,1,1,1,0,1,0,2,0,1.0,18,5,3.6
0,1,144,0,0,3,4,5,1,0,1,0,1,0,1,0,2,0,2.0,88,17,5.176470588235294
0,3,144,114,1,1,0,0,2,0,1,0,1,0,1,0,4,0,5.0,265,47,5.638297872340425
0,48,159,126,1,2,4,0,0,1,0,0,0,0,1,200,2,0,8.0,381,65,5.861538461538461
0,2,144,0,1,1,0,0,1,1,0,0,1,0,1,80,3,0,1.0,255,42,6.071428571428571
0,15,166,114,0,0,1,0,1,0,0,0,0,0,1,0,12,0,1.0,739,147,5.0272108843537415
1,4,105,0,0,5,6,0,0,0,1,0,1,0,1,0,12,0,4.0,1111,219,5.073059360730594
0,4,62,25,1,1,0,0,0,2,2,0,0,0,1,0,12,0,3.0,193,33,5.848484848484849
1,24,104,81,1,2,3,0,2,1,1,1,2,0,1,0,12,0,4.0,5,1,5.0
1,3,105,0,1,2,3,5,0,0,1,1,1,0,1,0,12,0,6.0,878,166,5.289156626506024
1,9,105,0,1,2,0,0,0,0,2,2,1,0,1,1,2,0,2.0,23,1,23.0
1,18,103,0,0,5,6,0,1,2,0,0,0,0,1,500,4,0,0.0,1332,246,5.414634146341464
0,1,144,0,0,0,0,0,1,0,1,1,1,0,1,0,2,0,1.0,18,3,6.0
0,0,144,0,0,0,1,3,1,1,0,0,1,0,2,0,2,0,4.0,220,43,5.116279069767442
1,36,105,0,1,0,1,5,0,0,0,0,1,0,2,0,2,0,2.0,304,57,5.333333333333333
0,6,46,0,1,2,0,0,1,0,0,0,0,0,1,0,12,0,6.0,610,116,5.258620689655173
0,3,144,0,2,1,4,5,1,1,1,0,1,0,2,0,2,0,11.0,111,20,5.55
0,120,30,0,0,0,1,0,0,0,0,0,1,0,1,0,2,0,3.0,565,107,5.280373831775701
0,36,99,114,1,0,1,0,2,1,2,2,2,0,1,0,2,0,1.0,202,38,5.315789473684211
0,1,144,114,1,0,1,0,1,1,1,1,1,0,1,0,2,0,1.0,12,2,6.0
0,60,20,0,1,0,0,0,1,0,2,2,2,0,1,0,12,0,2.0,65,13,5.0
1,12,103,81,0,0,5,5,2,2,0,0,0,0,1,0,2,0,2.0,141,29,4.862068965517241
0,17,51,0,1,5,0,0,0,1,2,0,0,0,1,0,2,0,4.0,371,68,5.455882352941177
1,4,105,0,1,6,0,0,0,0,1,0,1,1,1,0,12,0,4.0,758,130,5.8307692307692305
1,12,122,0,1,3,5,5,1,2,1,1,1,0,1,0,2,0,2.0,82,15,5.466666666666667
1,0,104,0,2,0,1,5,0,1,1,1,1,0,3,0,2,0,7.0,275,51,5.392156862745098
1,2,122,80,1,0,3,5,1,2,1,0,1,0,1,550,2,0,5.0,115,21,5.476190476190476
0,36,159,0,1,0,6,0,0,1,0,0,0,0,1,0,2,0,5.0,521,100,5.21
0,1,144,0,0,0,1,0,1,1,1,1,2,0,8,0,2,0,2.0,22,5,4.4
0,12,144,0,2,1,0,0,1,1,2,2,2,0,4,0,12,0,5.0,2150,366,5.8743169398907105
0,2,144,0,1,0,3,0,1,0,0,0,1,0,1,0,2,0,4.0,201,33,6.090909090909091
0,108,47,0,1,0,0,0,2,1,2,2,2,1,1,0,12,0,1.0,355,74,4.797297297297297
0,1,144,0,1,0,1,1,0,1,1,1,1,0,1,0,2,0,4.0,40,7,5.714285714285714
1,2,105,0,0,0,2,3,1,0,1,1,1,0,5,0,12,0,3.0,232,37,6.27027027027027
1,2,105,0,1,0,4,5,0,0,1,1,1,0,1,0,2,2,5.0,313,59,5.305084745762712
0,2,144,0,0,1,0,0,1,0,1,1,1,0,1,1,7,0,3.0,18,3,6.0
1,5,105,0,1,0,4,5,1,0,1,0,1,0,3,0,12,0,5.0,246,44,5.590909090909091
1,3,105,0,1,0,1,5,0,0,1,0,1,0,1,0,2,0,3.0,70,11,6.363636363636363
1,2,105,0,2,0,1,5,0,0,1,1,1,0,4,0,11,0,1.0,221,41,5.390243902439025
0,96,60,0,1,1,3,3,0,2,0,0,0,0,1,150,12,0,4.0,509,93,5.473118279569892
0,2,144,0,1,3,0,0,1,0,0,0,1,0,1,0,12,0,1.0,23,5,4.6
1,2,105,0,0,1,0,0,1,0,1,0,1,0,1,0,7,0,3.0,838,146,5.739726027397261
1,12,128,81,1,0,5,5,1,1,0,0,0,0,1,0,2,0,9.0,485,86,5.6395348837209305
1,10,105,72,0,0,6,0,1,0,1,1,1,0,1,100,2,0,2.0,534,108,4.944444444444445
0,3,144,0,1,1,3,0,1,0,0,0,1,0,1,0,12,1,30.0,189,35,5.4
0,1,144,0,0,0,1,0,1,0,2,2,2,0,1,0,2,0,4.0,86,16,5.375
0,16,144,0,2,1,3,5,1,0,2,2,2,0,5,0,3,0,5.0,607,118,5.1440677966101696
0,1,144,0,0,0,1,0,1,0,1,1,1,0,2,0,12,0,4.0,72,15,4.8
1,3,128,82,1,1,4,5,1,0,1,0,1,0,1,0,2,0,6.0,604,116,5.206896551724138
1,8,105,0,2,2,0,0,1,0,2,2,2,0,2,0,7,0,5.0,85,15,5.666666666666667
1,6,88,0,1,1,6,0,1,1,0,0,2,0,1,0,12,0,6.0,98,18,5.444444444444445
0,1,144,114,1,1,6,0,1,0,1,2,1,0,1,0,2,0,1.0,20,4,5.0
0,1,144,0,0,1,0,0,0,1,0,0,1,0,1,0,5,0,1.0,283,53,5.339622641509434
0,60,69,0,1,1,6,0,0,1,0,0,2,0,1,0,2,0,4.0,358,62,5.774193548387097
0,10,144,0,1,1,0,0,1,0,0,0,0,0,1,0,2,0,8.0,345,63,5.476190476190476
0,4,166,114,0,0,1,0,1,1,0,0,1,0,1,0,2,0,3.0,85,16,5.3125
0,2,144,0,1,0,1,0,1,0,1,1,1,0,1,20,3,0,1.0,141,25,5.64
0,2,144,0,0,4,0,0,1,1,0,0,1,0,1,0,2,0,3.0,282,54,5.222222222222222
0,3,166,114,2,0,1,0,2,0,0,0,1,0,3,0,2,0,4.0,223,42,5.309523809523809
0,2,144,114,1,1,3,5,1,0,0,1,1,0,1,0,12,0,1.0,266,52,5.115384615384615
1,3,105,0,1,0,1,5,0,0,1,0,1,0,1,0,12,0,2.0,390,78,5.0
0,24,155,30,2,1,6,0,0,1,0,0,0,1,4,385,2,0,5.0,472,86,5.488372093023256
0,2,144,0,1,1,0,0,1,1,1,1,1,0,1,0,2,0,5.0,381,75,5.08
0,72,144,0,1,0,1,5,1,0,0,0,0,0,1,0,3,0,1.0,96,18,5.333333333333333
0,4,144,0,0,3,6,0,1,0,0,0,1,0,2,0,2,0,6.0,52,9,5.777777777777778
1,0,104,0,0,0,6,0,1,1,1,1,1,1,1,0,12,0,4.0,348,74,4.702702702702703
0,2,144,35,0,0,1,2,1,0,1,1,1,0,2,0,4,0,2.0,135,24,5.625
0,2,144,0,0,0,0,0,1,0,1,1,1,2,2,0,12,0,2.0,225,42,5.357142857142857
1,5,104,0,1,0,6,0,1,1,1,1,1,0,1,0,3,0,13.0,516,72,7.166666666666667
0,1,144,114,2,0,1,5,1,1,1,1,1,0,3,0,12,0,1.0,83,12,6.916666666666667
0,72,60,18,1,0,6,0,0,2,0,0,0,0,1,0,2,0,9.0,300,59,5.084745762711864
0,6,51,54,0,4,5,0,1,1,0,0,1,0,1,200,3,0,2.0,116,17,6.823529411764706
0,3,144,0,1,6,0,0,1,1,1,1,1,0,1,0,2,0,5.0,303,56,5.410714285714286
0,2,144,114,0,4,0,0,1,1,0,0,1,0,1,0,2,0,1.0,12,2,6.0
0,1,144,0,1,0,1,0,1,0,1,1,1,0,1,0,2,0,2.0,1158,220,5.263636363636364
0,24,47,0,0,0,1,0,2,0,1,0,0,0,1,800,2,0,7.0,490,95,5.157894736842105
0,2,144,114,1,1,0,0,1,1,1,0,1,0,1,0,2,0,3.0,14,3,4.666666666666667
0,84,3,0,0,2,6,0,1,0,0,0,1,0,1,100,3,0,7.0,591,112,5.276785714285714
1,3,103,82,2,3,4,5,1,1,1,1,1,0,4,0,12,0,5.0,130,22,5.909090909090909
1,5,104,96,1,0,2,5,0,0,0,0,1,0,1,100,2,0,2.0,58,6,9.666666666666666
1,12,105,0,1,2,6,0,1,1,1,1,1,0,1,0,12,0,1.0,469,86,5.453488372093023
0,31,54,0,0,1,6,0,1,0,0,0,1,0,1,400,2,0,1.0,353,67,5.268656716417911
0,3,144,0,1,1,0,0,1,0,0,0,0,0,1,0,2,0,20.0,369,64,5.765625
0,4,144,0,1,0,6,0,1,0,1,0,1,0,1,0,12,0,5.0,91,15,6.066666666666666
0,42,144,0,1,0,0,0,0,0,0,0,0,0,1,0,2,0,2.0,599,115,5.208695652173913
0,2,144,0,0,6,0,0,1,0,1,1,1,0,1,0,12,0,4.0,206,39,5.282051282051282
1,4,104,0,1,0,1,5,1,1,1,0,1,0,1,0,6,0,3.0,295,59,5.0
1,1,104,0,1,0,6,0,0,1,1,0,1,0,1,0,6,0,10.0,321,57,5.631578947368421
0,12,144,114,0,0,4,0,1,0,0,0,0,0,1,0,2,0,3.0,100,20,5.0
1,1,105,0,0,1,6,0,1,0,1,1,1,0,1,0,12,0,2.0,129,22,5.863636363636363
0,2,22,114,0,1,0,0,1,0,0,2,1,0,1,0,2,0,6.0,94,20,4.7
0,6,22,114,1,0,0,0,1,0,0,0,0,0,1,0,2,0,5.0,352,58,6.068965517241379
0,2,144,0,0,0,1,0,2,0,2,2,1,0,1,0,2,0,3.0,91,15,6.066666666666666
1,3,104,0,1,4,0,0,0,1,0,1,1,1,1,0,2,0,4.0,66,14,4.714285714285714
0,2,144,0,1,0,1,0,1,0,1,1,2,0,3,0,5,0,3.0,195,36,5.416666666666667
0,60,8,0,0,2,0,0,2,1,0,0,0,0,1,0,2,0,6.0,447,91,4.912087912087912
0,12,144,0,1,3,4,0,1,1,0,0,0,0,1,0,12,0,2.0,54,8,6.75
1,7,128,0,0,2,0,0,1,0,0,0,2,0,1,0,12,0,0.0,356,78,4.564102564102564
1,1,105,0,1,0,3,5,1,0,1,1,1,0,1,0,2,0,3.0,178,32,5.5625
0,1,144,0,0,1,0,0,1,0,1,0,1,0,1,0,12,0,5.0,458,90,5.088888888888889
0,10,144,0,1,6,0,0,1,0,1,0,0,0,1,0,12,0,2.0,65,11,5.909090909090909
0,2,5,114,0,0,1,0,1,1,2,2,1,0,1,0,2,0,1.0,80,13,6.153846153846154
1,2,105,0,1,0,5,0,0,0,1,0,1,0,1,0,12,0,2.0,117,22,5.318181818181818
1,7,105,82,1,5,6,0,1,0,0,0,0,0,1,0,2,0,9.0,39,3,13.0
1,12,105,0,0,0,1,0,1,0,1,1,1,0,1,0,12,0,1.0,71,13,5.461538461538462
0,2,144,0,2,0,1,5,1,0,1,1,1,0,7,0,2,0,12.0,250,49,5.1020408163265305
0,2,44,0,0,0,6,0,1,1,1,1,1,0,1,0,2,0,4.0,24,3,8.0
1,1,125,82,2,6,0,0,2,1,1,1,1,1,2,30,12,0,5.0,64,12,5.333333333333333
0,8,144,0,0,1,0,0,1,0,0,0,1,0,1,0,0,0,4.0,141,23,6.130434782608695
0,6,41,0,0,1,0,0,1,1,0,0,1,1,1,0,4,0,2.0,251,43,5.837209302325581
0,4,144,0,1,0,1,0,0,0,2,2,2,0,1,0,2,0,2.0,256,54,4.7407407407407405
1,2,104,0,2,0,1,4,0,1,1,1,1,0,2,0,12,0,3.0,20,3,6.666666666666667
0,36,62,124,0,1,0,0,0,2,0,0,1,0,1,0,2,0,5.0,112,23,4.869565217391305
1,4,105,0,0,2,0,0,1,0,0,0,0,0,1,100,2,0,2.0,196,28,7.0
1,2,104,0,1,5,0,0,0,1,1,1,1,0,1,0,7,0,2.0,121,20,6.05
1,3,105,0,0,0,6,0,0,0,1,0,1,0,1,0,2,0,9.0,199,36,5.527777777777778
1,2,128,0,1,1,6,0,0,0,2,2,2,0,1,0,12,0,4.0,276,53,5.2075471698113205
1,2,105,82,0,1,0,0,0,0,1,1,1,0,1,0,2,0,5.0,12,2,6.0
0,24,144,0,0,0,3,0,1,1,0,0,0,0,1,0,2,0,5.0,277,52,5.326923076923077
0,3,144,0,1,1,0,0,1,0,0,0,1,0,1,50,2,0,14.0,271,53,5.113207547169812
0,8,144,0,1,1,0,0,1,0,0,0,0,0,1,0,12,0,1.0,531,106,5.009433962264151
0,24,147,0,1,0,1,5,1,1,0,0,2,0,4,0,12,0,5.0,157,29,5.413793103448276
1,36,96,0,1,0,3,5,1,1,0,0,0,0,1,0,12,0,10.0,452,82,5.512195121951219
1,12,105,81,2,1,2,5,1,0,1,0,0,0,2,0,7,0,5.0,246,47,5.23404255319149
0,3,144,10,0,4,6,0,1,1,1,1,1,0,1,0,3,0,4.0,491,90,5.455555555555556
0,4,22,0,1,4,0,0,2,1,0,0,1,0,1,0,13,0,1.0,195,39,5.0
0,96,60,0,1,1,6,0,0,2,0,0,0,0,1,0,3,0,5.0,409,78,5.243589743589744
0,120,30,0,1,0,0,0,0,0,0,0,1,1,1,0,2,0,3.0,195,37,5.27027027027027
1,4,105,0,1,0,0,0,1,0,1,1,1,0,1,5,2,0,1.0,355,68,5.220588235294118
1,2,105,0,0,0,6,0,1,0,0,0,1,0,1,0,2,0,4.0,523,98,5.336734693877551
0,2,144,0,1,0,3,0,2,1,2,2,1,0,1,0,2,0,2.0,70,12,5.833333333333333
0,12,69,0,1,4,0,0,0,2,0,0,0,0,1,300,2,0,1.0,1338,229,5.842794759825328
1,2,105,0,0,0,6,0,1,0,1,0,1,0,1,0,12,0,3.0,414,72,5.75
0,3,144,131,1,0,1,0,1,0,0,0,1,0,1,200,2,0,5.0,668,119,5.61344537815126
1,36,104,66,0,1,5,5,1,1,2,0,0,0,1,0,2,0,4.0,147,26,5.653846153846154
0,2,144,0,1,6,0,0,1,0,1,1,1,0,7,0,4,0,5.0,372,75,4.96
1,12,135,0,0,0,5,0,1,0,1,0,1,0,1,0,2,0,2.0,8,1,8.0
1,1,104,0,1,0,6,0,0,0,1,1,1,0,1,0,2,0,3.0,305,57,5.350877192982456
1,2,105,0,2,0,2,2,0,0,1,1,1,0,2,0,2,0,5.0,93,16,5.8125
0,22,144,0,0,1,2,0,1,0,0,0,2,0,1,0,2,0,5.0,559,119,4.697478991596639
1,2,105,82,2,1,2,5,0,0,1,1,1,0,3,0,12,3,4.0,716,131,5.465648854961832
0,24,144,0,1,1,0,0,1,0,1,1,0,0,1,0,3,0,1.0,1242,170,7.305882352941176
1,3,105,0,0,0,0,0,1,0,1,0,1,0,1,0,12,0,20.0,84,12,7.0
0,4,41,30,0,0,0,0,1,1,1,1,1,0,1,0,12,0,2.0,28,4,7.0
0,2,144,0,0,0,6,0,0,0,1,1,1,0,1,0,4,0,2.0,222,38,5.842105263157895
1,1,96,0,1,0,2,5,0,1,1,0,1,0,1,20,2,0,2.0,382,81,4.716049382716049
1,5,105,0,1,5,6,0,0,0,2,0,0,0,6,0,2,0,3.0,341,66,5.166666666666667
1,1,104,0,1,0,5,5,1,1,1,1,1,0,1,0,2,0,1.0,154,30,5.133333333333334
0,1,144,114,1,1,6,0,1,0,1,1,1,0,1,50,2,0,5.0,820,157,5.222929936305732
1,72,122,0,1,1,0,0,1,2,0,0,0,0,1,0,2,0,4.0,16,3,5.333333333333333
0,4,144,114,0,1,6,0,1,1,2,2,2,0,1,0,2,0,1.0,292,59,4.9491525423728815
0,17,144,0,0,0,0,0,1,1,0,0,0,0,1,150,12,0,1.0,707,134,5.276119402985074
0,60,60,0,0,4,0,0,0,2,2,2,1,0,1,0,12,0,2.0,173,34,5.088235294117647
1,2,104,81,2,0,3,0,1,1,1,1,1,0,4,0,12,0,1.0,290,62,4.67741935483871
0,1,144,0,1,0,6,0,1,0,2,2,1,0,1,0,2,0,1.0,123,21,5.857142857142857
0,1,144,0,0,0,1,0,1,0,1,1,1,0,1,0,12,0,3.0,118,22,5.363636363636363
0,11,144,0,0,4,0,0,2,0,0,0,1,0,1,0,4,0,4.0,445,86,5.174418604651163
1,2,105,0,2,1,3,5,0,0,1,0,1,0,2,0,2,0,5.0,507,88,5.761363636363637
0,1,144,0,0,0,1,0,1,1,1,1,1,0,1,0,3,0,1.0,118,20,5.9
1,3,105,0,1,0,0,0,1,0,2,2,2,0,1,0,12,0,1.0,126,22,5.7272727272727275
0,72,8,0,1,2,4,0,2,2,0,0,0,0,1,0,2,0,0.0,234,32,7.3125
1,2,105,0,2,0,1,4,0,0,1,2,1,0,3,0,2,0,3.0,308,56,5.5
1,4,104,0,0,0,5,0,1,1,2,0,2,0,1,0,12,0,2.0,173,32,5.40625
0,2,69,129,1,1,0,0,1,1,0,0,1,0,1,250,12,0,4.0,402,65,6.184615384615385
0,8,144,0,0,0,0,0,1,0,1,1,1,0,1,0,3,0,1.0,34,7,4.857142857142857
1,2,104,0,0,3,6,0,2,1,1,0,2,0,1,40,2,0,3.0,674,108,6.2407407407407405
0,2,144,0,1,0,0,0,1,1,1,1,1,0,1,0,2,0,1.0,257,45,5.711111111111111
0,24,144,0,1,0,6,0,2,1,0,0,0,0,1,0,2,0,1.0,454,89,5.101123595505618
0,4,42,114,1,1,6,0,1,0,2,2,1,0,1,0,2,0,4.0,141,24,5.875
0,2,144,0,2,0,1,4,0,0,1,1,1,0,4,0,5,0,3.0,65,9,7.222222222222222
0,36,144,0,1,0,1,0,1,0,1,1,0,0,1,0,2,0,3.0,3,1,3.0
0,6,144,0,0,1,6,0,1,0,0,0,2,0,1,0,3,0,1.0,279,56,4.982142857142857
1,36,105,0,1,5,6,0,1,0,0,2,1,0,1,0,2,0,1.0,225,43,5.232558139534884
0,2,144,0,1,1,6,0,1,0,1,0,1,0,1,5,3,0,1.0,163,24,6.791666666666667
0,2,144,0,0,0,1,0,1,1,0,0,1,0,1,0,2,0,5.0,140,25,5.6
1,7,105,0,1,6,0,0,0,0,0,0,0,0,1,0,6,0,3.0,174,34,5.117647058823529
1,17,104,0,1,6,0,0,1,1,0,0,1,0,2,0,2,0,4.0,402,81,4.962962962962963
0,5,51,49,1,5,6,0,0,0,1,0,1,0,1,0,12,0,3.0,271,50,5.42
0,24,144,114,2,1,6,0,1,0,2,2,2,0,2,0,3,0,3.0,522,96,5.4375
0,2,144,0,1,0,0,0,1,1,1,0,1,0,1,0,2,0,2.0,257,52,4.9423076923076925
1,17,103,0,1,0,0,0,1,2,0,0,1,0,1,0,12,0,5.0,22,4,5.5
1,12,104,0,1,0,3,0,1,1,0,0,0,0,1,0,2,0,1.0,88,17,5.176470588235294
1,24,104,0,1,0,6,0,1,1,0,0,0,0,1,0,12,0,3.0,434,77,5.636363636363637
1,2,105,0,2,0,2,5,1,0,1,0,1,0,3,50,12,0,12.0,560,107,5.233644859813084
0,24,8,16,1,2,6,0,1,0,2,2,2,0,1,0,12,0,3.0,31,5,6.2
0,1,149,0,1,0,1,5,2,0,2,1,2,0,2,450,2,0,5.0,93,17,5.470588235294118
1,3,105,0,0,3,0,0,1,0,2,0,1,0,1,0,12,0,3.0,354,61,5.80327868852459
0,48,65,114,1,0,1,3,1,1,0,0,2,0,1,0,2,0,3.0,352,64,5.5
1,1,105,0,2,0,6,0,1,0,1,1,1,0,4,0,12,0,1.0,113,24,4.708333333333333
1,1,105,0,1,1,4,5,1,0,1,0,2,0,1,0,2,0,4.0,342,55,6.218181818181818
1,3,105,61,0,0,5,0,1,0,0,0,1,0,1,1,2,0,4.0,24,3,8.0
1,12,143,0,1,0,6,0,1,0,0,0,0,0,1,0,12,0,2.0,221,43,5.1395348837209305
0,24,144,0,0,1,0,0,1,0,0,0,0,0,1,0,2,0,5.0,19,3,6.333333333333333
1,1,103,0,1,2,0,0,0,2,2,2,2,0,1,0,2,0,5.0,467,78,5.987179487179487
1,4,105,82,0,0,6,0,1,1,0,0,1,0,1,0,0,0,1.0,187,31,6.032258064516129
1,24,105,0,1,0,3,5,1,0,0,0,0,0,1,100,2,0,11.0,313,54,5.796296296296297
1,12,135,0,0,0,5,5,1,0,1,0,1,0,1,0,2,0,1.0,8,1,8.0
0,24,43,0,0,4,0,0,1,0,1,0,0,0,1,100,2,0,2.0,54,8,6.75
0,2,144,0,1,0,1,5,1,1,1,1,1,0,1,0,2,0,2.0,150,28,5.357142857142857
0,2,144,0,1,0,1,5,1,1,1,0,1,0,1,0,3,0,1.0,1026,181,5.668508287292818
0,24,22,0,1,0,0,0,2,0,2,0,0,0,1,0,12,0,2.0,327,61,5.360655737704918
0,76,54,0,1,0,1,5,1,1,0,0,1,0,1,0,2,0,2.0,130,23,5.6521739130434785
0,1,144,0,1,1,6,0,1,0,0,0,1,0,1,0,2,0,1.0,221,40,5.525
1,12,120,0,1,3,6,0,1,1,2,1,2,0,1,1,12,0,3.0,68,14,4.857142857142857
0,2,144,0,2,0,6,0,1,0,0,0,1,0,2,0,2,0,2.0,213,43,4.953488372093023
1,2,96,0,1,0,3,5,1,0,1,0,1,0,1,0,2,0,12.0,908,171,5.309941520467836
0,2,144,0,2,1,4,5,1,0,2,0,1,0,9,0,12,0,1.0,35,5,7.0
0,1,144,0,0,0,1,5,1,0,1,1,1,0,1,0,2,0,4.0,268,53,5.056603773584905
0,5,144,0,1,0,1,5,1,0,1,0,1,0,1,0,7,1,2.0,458,91,5.032967032967033
0,1,144,0,2,0,4,0,2,0,1,1,1,0,5,0,3,0,10.0,126,23,5.478260869565218
1,54,105,0,0,2,3,5,1,0,0,0,0,0,1,0,12,0,2.0,362,62,5.838709677419355
1,3,128,0,0,1,0,0,1,0,0,0,1,0,1,0,2,0,5.0,331,66,5.015151515151516
0,4,65,114,1,0,1,5,1,0,2,0,2,0,4,0,12,0,5.0,337,65,5.184615384615385
0,2,26,114,2,1,4,0,0,1,2,2,2,0,2,100,3,0,2.0,163,32,5.09375
1,2,105,0,0,1,0,0,0,0,0,0,1,0,1,50,2,0,1.0,66,12,5.5
1,12,105,0,0,0,6,0,2,1,0,0,1,0,1,0,2,0,1.0,67,8,8.375
0,7,22,114,1,6,0,0,1,0,0,0,0,0,1,0,2,1,6.0,2936,539,5.447124304267161
1,9,104,0,0,0,5,0,1,1,1,1,1,0,1,0,2,0,1.0,275,46,5.978260869565218
0,3,144,0,1,1,4,5,1,1,0,0,1,0,1,0,2,0,22.0,347,53,6.547169811320755
1,1,105,0,0,3,6,0,0,0,1,0,1,0,1,0,2,0,4.0,76,12,6.333333333333333
0,24,41,0,0,6,0,0,1,1,0,0,1,0,1,250,12,0,2.0,540,110,4.909090909090909
1,12,143,0,0,0,6,0,0,0,2,2,2,1,1,0,12,0,1.0,352,76,4.631578947368421
1,5,105,0,1,1,5,0,1,0,1,0,1,0,1,0,2,0,5.0,1165,221,5.271493212669683
1,1,105,0,2,0,6,0,1,1,1,1,1,0,2,0,2,0,4.0,149,27,5.518518518518518
1,12,105,0,1,0,6,0,1,0,1,1,1,0,1,0,12,0,1.0,271,44,6.159090909090909
0,41,144,0,1,1,2,5,1,0,0,0,0,0,1,80,2,0,4.0,254,38,6.684210526315789
0,84,8,16,1,0,0,0,1,1,0,0,1,0,1,0,2,0,1.0,469,88,5.329545454545454
1,10,105,0,1,5,6,0,0,0,1,0,1,0,1,0,4,0,4.0,909,196,4.637755102040816
1,2,105,0,0,0,6,0,1,1,0,0,1,0,2,0,6,0,9.0,616,123,5.008130081300813
1,24,104,0,1,1,3,0,0,1,0,0,0,0,1,0,2,0,1.0,397,73,5.438356164383562
0,60,41,0,0,0,5,0,0,0,0,1,1,0,1,300,2,0,1.0,1144,201,5.691542288557214
1,2,104,0,0,0,5,0,1,1,1,1,1,0,1,0,2,0,1.0,13,3,4.333333333333333
1,11,143,0,0,0,6,0,1,0,0,0,0,0,1,0,2,0,7.0,425,77,5.51948051948052
1,1,120,0,2,1,6,0,0,0,2,2,2,0,4,0,3,0,7.0,357,63,5.666666666666667
1,3,105,66,1,5,6,0,0,0,1,1,1,0,1,0,7,0,2.0,438,87,5.0344827586206895
1,2,128,80,1,0,3,0,0,1,1,2,1,0,1,0,5,0,3.0,110,22,5.0
0,1,144,114,1,0,1,0,0,0,1,1,2,0,1,0,2,0,1.0,381,71,5.366197183098592
1,2,104,0,1,1,0,0,2,1,1,0,2,0,1,0,2,0,2.0,286,47,6.085106382978723
0,2,144,0,0,0,0,0,1,0,1,0,1,0,1,0,12,0,1.0,109,22,4.954545454545454
1,1,105,0,2,3,6,0,1,0,1,1,1,0,6,0,7,0,5.0,94,16,5.875
0,24,144,30,1,0,0,0,0,0,2,0,2,1,1,0,7,0,1.0,440,80,5.5
1,4,105,0,0,0,6,0,1,0,1,0,1,0,1,0,12,0,2.0,36,5,7.2
0,2,144,0,2,0,1,5,1,0,0,0,1,0,4,0,2,0,6.0,586,111,5.2792792792792795
0,2,144,0,1,0,6,0,1,0,1,0,1,0,1,5,3,0,1.0,163,24,6.791666666666667
1,12,128,0,0,1,4,5,1,0,0,0,1,0,1,50,2,0,5.0,127,22,5.7727272727272725
0,2,55,114,1,1,0,0,1,0,2,2,1,0,1,0,2,0,4.0,118,21,5.619047619047619
1,24,105,0,1,6,0,0,1,1,0,0,0,0,1,0,2,0,0.0,206,43,4.790697674418604
0,3,144,0,1,0,1,0,1,1,1,1,1,0,1,0,2,0,0.0,216,35,6.171428571428572
1,6,120,0,1,0,6,0,0,0,1,1,1,0,1,30,2,0,1.0,398,84,4.738095238095238
0,9,48,12,1,1,4,5,1,0,0,0,1,0,1,0,2,0,4.0,413,78,5.294871794871795
0,1,144,0,0,1,6,0,1,1,2,2,1,0,1,0,2,0,4.0,93,18,5.166666666666667
0,36,8,0,1,2,0,0,2,1,0,0,1,0,1,0,2,0,1.0,628,120,5.233333333333333
0,84,54,0,1,0,1,5,1,0,0,0,0,0,1,100,3,0,1.0,19,3,6.333333333333333
0,7,22,114,1,1,0,0,1,0,0,0,0,0,1,0,2,0,3.0,136,23,5.913043478260869
0,2,144,114,1,0,4,0,1,0,0,0,1,0,1,0,2,0,4.0,267,52,5.134615384615385
1,5,105,0,1,1,0,0,1,0,1,1,1,0,1,0,0,0,1.0,241,48,5.020833333333333
1,3,105,0,1,1,6,0,0,0,1,0,1,0,1,0,2,0,2.0,68,12,5.666666666666667
0,2,144,0,1,0,1,0,0,0,1,0,1,0,1,0,12,0,6.0,405,72,5.625
1,2,105,0,0,0,3,5,1,0,1,1,1,0,1,50,2,0,4.0,279,47,5.9361702127659575
0,2,155,0,2,0,2,0,1,0,0,0,1,0,2,0,2,0,4.0,297,58,5.120689655172414
0,48,47,0,0,0,1,0,2,0,0,0,1,0,1,0,2,0,2.0,457,91,5.021978021978022
0,2,144,0,0,0,0,0,1,1,0,0,2,0,1,0,0,0,1.0,107,19,5.631578947368421
1,36,122,0,0,2,3,4,1,1,2,2,2,0,1,0,12,0,4.0,255,56,4.553571428571429
1,1,120,0,0,0,5,5,1,0,1,1,1,0,4,0,2,0,8.0,259,43,6.023255813953488
0,3,144,0,0,6,0,0,1,1,1,1,1,0,1,0,12,0,1.0,33,6,5.5
1,24,105,101,2,0,4,5,1,0,0,0,0,0,5,0,2,0,8.0,548,106,5.169811320754717
1,30,114,81,1,2,6,0,1,1,0,0,0,0,1,0,2,0,4.0,16,3,5.333333333333333
1,1,105,0,2,0,5,5,1,1,1,1,1,0,6,0,2,0,5.0,344,63,5.4603174603174605
1,4,104,0,1,0,5,5,1,1,1,1,1,0,1,0,12,0,1.0,519,100,5.19
0,12,144,9,0,0,5,5,1,1,0,0,2,0,1,0,12,0,2.0,257,53,4.849056603773585
1,2,105,0,1,0,1,1,0,0,1,0,1,0,1,0,12,1,1.0,231,43,5.372093023255814
1,2,105,0,1,2,6,0,1,0,1,1,1,0,1,0,2,0,2.0,145,23,6.304347826086956
0,3,144,0,0,0,1,0,1,0,0,0,1,0,1,0,12,0,2.0,56,9,6.222222222222222
0,12,144,0,1,6,0,0,1,0,1,1,1,0,1,0,12,0,4.0,983,188,5.2287234042553195
0,48,144,114,1,1,0,0,1,0,2,2,0,1,1,0,2,0,3.0,397,80,4.9625
1,1,104,0,0,0,6,0,0,1,1,1,1,0,1,0,12,0,4.0,125,20,6.25
1,1,135,82,2,0,6,0,1,0,1,1,1,0,4,0,2,0,19.0,244,46,5.304347826086956
0,11,144,114,0,1,5,0,1,1,1,1,1,0,1,0,2,1,3.0,103,6,17.166666666666668
1,2,104,0,0,3,0,0,2,1,1,0,2,0,1,40,2,0,4.0,689,109,6.321100917431193
1,2,105,0,1,0,0,0,0,0,1,1,1,0,2,0,2,0,3.0,294,59,4.983050847457627
0,12,144,0,0,1,0,0,1,1,2,2,2,0,1,0,2,0,2.0,576,110,5.236363636363636
0,2,144,0,1,0,0,0,0,0,0,0,1,0,1,0,12,0,2.0,307,57,5.385964912280702
1,8,114,97,1,0,1,4,1,2,1,1,1,0,1,100,2,0,4.0,204,41,4.975609756097561
0,2,144,114,1,1,0,0,1,1,0,0,1,0,1,0,2,0,1.0,12,2,6.0
1,18,104,0,1,4,6,0,1,0,1,1,1,0,1,0,12,0,3.0,102,15,6.8
1,1,105,0,1,0,3,5,1,0,1,0,1,0,1,0,12,0,3.0,282,52,5.423076923076923
1,12,135,0,0,3,4,5,1,0,1,1,0,0,1,200,2,0,1.0,549,109,5.036697247706422
1,4,105,0,0,0,6,0,0,0,1,0,1,0,1,0,3,0,4.0,473,82,5.7682926829268295
0,15,144,0,0,0,1,5,1,0,0,0,0,0,1,0,2,0,1.0,59,14,4.214285714285714
0,2,144,0,0,0,1,0,1,0,2,2,2,0,1,0,2,0,4.0,117,19,6.157894736842105
1,2,105,81,1,5,6,0,1,0,1,1,1,0,1,50,2,0,4.0,678,124,5.467741935483871
1,7,137,0,1,0,2,3,0,1,1,1,1,0,1,0,4,0,3.0,299,59,5.067796610169491
1,1,104,0,0,0,6,0,0,1,1,1,1,0,1,0,2,1,1.0,171,31,5.516129032258065
0,4,144,0,1,4,0,0,0,0,1,1,1,0,1,0,2,0,0.0,33,6,5.5
1,4,104,0,0,0,2,4,1,1,1,1,1,0,1,0,12,0,3.0,859,155,5.541935483870968
0,2,144,0,1,1,0,0,1,0,0,2,1,0,1,0,2,0,4.0,125,21,5.9523809523809526
0,1,5,20,0,5,0,0,1,1,1,0,1,0,1,0,12,0,6.0,21,5,4.2
1,24,105,0,2,3,0,0,0,0,1,0,1,0,3,0,6,0,11.0,332,51,6.509803921568627
1,60,103,80,2,0,5,5,2,2,0,0,0,0,2,0,2,0,2.0,1219,245,4.975510204081632
0,1,144,0,1,1,6,0,1,0,2,2,2,0,1,0,2,0,3.0,102,18,5.666666666666667
1,54,104,0,0,0,5,5,1,1,0,0,0,0,1,0,2,0,5.0,1010,209,4.832535885167464
1,1,105,0,1,5,0,0,0,0,1,1,1,0,1,0,2,0,7.0,335,63,5.317460317460317
1,1,105,0,1,0,3,5,0,0,1,1,1,0,1,0,2,0,4.0,161,24,6.708333333333333
1,12,90,0,1,0,1,4,1,0,1,0,1,0,1,0,2,0,3.0,437,84,5.2023809523809526
0,3,144,0,0,0,6,0,1,0,0,0,1,0,1,0,2,2,15.0,345,52,6.634615384615385
1,2,104,81,0,3,6,0,1,1,1,1,1,0,2,0,2,0,6.0,117,25,4.68
1,8,105,0,0,5,0,0,1,0,1,1,1,0,1,50,3,0,6.0,688,132,5.212121212121212
0,2,144,0,0,0,6,0,2,1,0,0,1,0,1,0,12,0,1.0,321,59,5.440677966101695
1,4,104,81,1,3,6,0,1,1,1,0,1,0,1,0,2,0,5.0,44,10,4.4
1,6,105,0,1,1,0,0,1,0,0,0,0,0,1,0,2,0,3.0,467,95,4.91578947368421
1,2,140,80,1,0,2,5,2,2,1,1,1,0,1,0,2,0,1.0,522,92,5.673913043478261
0,12,144,0,2,0,1,3,1,1,2,2,2,0,4,0,12,0,1.0,1567,264,5.9356060606060606
1,3,143,0,1,0,0,0,0,0,1,1,1,0,4,0,2,0,4.0,91,18,5.055555555555555
1,1,105,0,1,0,6,0,1,0,1,0,1,0,1,0,12,0,2.0,112,19,5.894736842105263
0,3,144,0,1,0,1,5,1,1,1,0,1,0,3,0,12,0,8.0,701,133,5.2706766917293235
0,2,144,0,1,3,0,0,0,0,1,0,1,0,1,0,2,0,2.0,86,16,5.375
1,2,105,0,0,0,0,0,0,0,1,1,1,0,1,0,2,0,4.0,487,90,5.411111111111111
0,3,144,0,0,0,6,0,1,0,0,0,1,0,1,0,2,0,1.0,817,168,4.863095238095238
1,2,105,82,2,0,6,0,1,0,1,1,1,0,2,0,2,0,3.0,232,41,5.658536585365853
0,6,65,47,1,0,1,5,1,1,0,0,1,0,2,1,2,0,7.0,47,8,5.875
0,3,144,0,2,1,5,0,1,0,0,0,1,0,2,0,2,0,3.0,181,33,5.484848484848484
1,3,105,0,1,0,2,5,0,0,0,0,1,0,1,0,3,0,3.0,88,16,5.5
0,2,99,114,0,0,1,0,2,0,0,0,1,0,1,0,2,0,3.0,109,21,5.190476190476191
0,1,144,0,0,0,0,0,1,1,0,0,1,0,1,0,12,0,1.0,168,36,4.666666666666667
0,2,144,114,1,1,2,0,1,1,2,0,0,0,1,0,2,0,1.0,71,12,5.916666666666667
0,24,22,114,0,0,1,0,1,1,2,2,2,0,1,0,2,0,1.0,135,21,6.428571428571429
0,36,164,0,0,0,1,0,1,0,0,0,2,0,1,0,2,0,2.0,725,132,5.492424242424242
0,3,144,0,1,0,1,0,1,0,0,0,1,0,1,200,12,0,2.0,236,41,5.7560975609756095
0,3,144,114,1,0,0,0,1,0,1,1,2,0,2,0,12,0,5.0,32,6,5.333333333333333
0,1,144,0,1,0,1,5,2,2,1,0,1,0,1,0,2,0,4.0,757,150,5.046666666666667
1,2,105,0,0,2,0,0,1,0,1,1,1,0,1,0,2,0,2.0,24,6,4.0
0,60,168,0,1,1,6,0,1,0,2,0,1,0,1,350,2,0,4.0,365,62,5.887096774193548
0,6,144,0,0,0,1,3,1,0,0,0,0,0,1,0,2,0,1.0,503,90,5.588888888888889
1,0,105,0,2,0,3,5,0,0,1,1,1,0,4,100,2,0,0.0,190,34,5.588235294117647
0,8,17,114,1,1,6,0,1,0,0,0,0,0,1,0,12,0,8.0,63,11,5.7272727272727275
0,156,144,0,1,0,1,0,1,1,0,0,2,0,1,0,2,0,1.0,328,62,5.290322580645161
0,2,144,0,1,0,0,0,1,0,0,0,1,1,1,0,12,0,4.0,487,102,4.7745098039215685
0,2,144,0,2,0,1,5,1,0,1,0,1,0,3,0,12,0,4.0,584,112,5.214285714285714
1,3,105,0,0,2,4,0,1,0,0,0,1,0,1,0,2,0,5.0,247,47,5.25531914893617
1,5,135,0,2,4,5,0,0,0,1,0,1,0,2,0,12,0,2.0,144,23,6.260869565217392
0,1,144,0,2,0,4,5,1,0,2,2,2,1,4,0,12,0,1.0,2178,373,5.839142091152815
1,3,103,82,2,1,3,5,1,1,1,0,1,0,2,0,12,0,8.0,103,19,5.421052631578948
0,2,144,114,1,0,1,0,1,0,2,0,2,0,1,200,12,0,3.0,63,10,6.3
1,3,105,0,1,0,3,5,1,0,1,1,1,0,3,0,2,0,6.0,585,110,5.318181818181818
1,1,105,0,1,0,1,4,1,0,2,2,2,0,2,0,12,0,3.0,308,60,5.133333333333334
0,3,144,0,1,1,6,0,1,0,0,0,1,0,1,0,2,0,9.0,258,44,5.863636363636363
1,12,105,0,0,3,4,5,2,1,1,0,1,0,1,0,12,0,8.0,130,26,5.0
0,1,144,0,0,0,6,0,1,0,1,1,1,0,1,20,3,0,1.0,141,25,5.64
0,60,8,0,0,2,4,5,2,2,0,0,0,0,1,500,2,0,1.0,1444,268,5.388059701492537
0,2,144,0,0,6,0,0,1,0,0,0,1,0,1,0,2,0,1.0,279,51,5.470588235294118
0,36,69,114,1,0,5,5,0,2,0,0,0,0,1,0,2,0,2.0,312,59,5.288135593220339
0,1,144,114,1,0,6,0,1,0,1,2,1,0,1,0,2,0,1.0,38,8,4.75
0,8,144,0,1,0,6,0,1,0,0,0,0,0,1,0,12,0,2.0,512,100,5.12
0,2,144,0,1,5,0,0,1,0,1,1,1,0,1,0,2,0,2.0,645,122,5.286885245901639
0,1,144,0,1,1,0,0,1,0,2,2,1,0,1,0,4,0,5.0,107,22,4.863636363636363
0,3,144,114,0,1,0,0,1,0,1,1,1,0,1,0,2,0,3.0,235,44,5.340909090909091
0,5,144,53,1,0,1,0,1,2,0,0,0,0,1,0,2,0,5.0,497,90,5.522222222222222
1,2,104,0,2,0,3,4,1,1,1,1,1,0,5,0,2,0,4.0,35,6,5.833333333333333
0,2,144,0,1,6,0,0,1,1,0,0,1,0,1,0,2,0,1.0,79,14,5.642857142857143
0,2,144,0,1,1,6,0,1,0,2,2,1,0,1,0,2,0,1.0,76,13,5.846153846153846
1,5,104,0,1,2,6,0,1,1,1,0,1,0,1,150,3,0,5.0,788,140,5.628571428571429
0,3,144,0,1,1,0,0,1,0,0,0,1,0,1,0,2,0,1.0,34,6,5.666666666666667
0,9,165,0,1,0,6,0,2,0,2,2,0,0,1,0,7,0,8.0,398,69,5.768115942028985
0,8,144,0,1,0,0,0,1,0,0,0,1,0,1,0,4,1,9.0,644,118,5.4576271186440675
1,2,93,84,0,0,0,0,0,1,1,1,1,0,1,0,12,0,0.0,45,7,6.428571428571429
0,1,144,0,1,1,0,0,1,0,0,0,0,0,1,0,2,0,1.0,206,42,4.904761904761905
0,12,144,0,1,1,0,0,1,0,1,0,0,0,1,0,7,0,4.0,369,71,5.197183098591549
1,9,128,82,0,4,0,0,1,0,0,0,0,0,2,0,2,0,4.0,223,44,5.068181818181818
0,12,144,0,0,0,1,0,2,1,1,0,1,0,1,0,12,0,6.0,675,143,4.72027972027972
0,17,144,0,1,3,4,0,1,0,0,0,2,0,1,100,3,0,1.0,218,45,4.844444444444444
1,4,104,0,1,1,5,5,0,1,1,1,1,0,1,0,2,0,2.0,160,32,5.0
0,28,61,0,0,0,6,0,2,1,0,0,2,0,1,50,2,0,2.0,304,64,4.75
1,60,96,0,1,0,2,5,1,1,0,0,0,0,1,0,12,0,1.0,446,85,5.247058823529412
1,6,105,0,1,5,0,0,1,0,1,1,1,0,1,0,2,0,3.0,277,46,6.021739130434782
0,2,144,0,1,0,0,0,1,0,1,1,1,0,1,0,2,0,3.0,148,29,5.103448275862069
0,2,144,0,1,0,4,0,1,0,0,0,1,0,1,0,2,0,2.0,107,20,5.35
0,2,5,114,0,1,0,0,1,0,0,0,0,0,1,0,7,0,0.0,248,50,4.96
0,8,144,114,1,1,2,0,1,1,1,0,1,0,1,0,4,0,2.0,209,42,4.976190476190476
0,24,65,47,0,1,6,0,1,2,2,2,2,0,1,0,2,0,6.0,160,32,5.0
1,1,105,0,2,0,5,5,0,0,1,0,1,1,3,0,2,0,7.0,286,53,5.39622641509434
1,3,105,0,1,3,6,0,1,0,1,0,1,0,1,0,2,0,3.0,78,13,6.0
1,3,135,0,0,0,0,0,1,0,2,2,2,0,1,0,7,0,2.0,42,10,4.2
0,1,144,0,1,0,0,0,1,0,1,1,1,0,1,0,3,0,1.0,144,21,6.857142857142857
0,27,144,114,1,1,6,0,1,1,1,1,1,0,1,0,2,0,3.0,182,31,5.870967741935484
1,10,105,0,0,1,6,0,1,0,1,0,0,0,1,5,2,0,3.0,274,55,4.9818181818181815
0,72,65,4,1,0,0,0,1,1,2,2,0,0,1,0,2,0,2.0,229,44,5.204545454545454
1,2,103,81,0,0,6,0,0,1,0,0,1,0,1,0,2,0,5.0,210,44,4.7727272727272725
1,1,105,81,2,0,5,5,0,1,1,1,1,0,5,0,2,0,7.0,115,15,7.666666666666667
1,1,104,0,1,0,0,0,0,0,1,1,2,0,1,0,12,0,2.0,154,31,4.967741935483871
1,6,135,0,0,5,0,0,1,0,1,0,1,0,1,0,12,0,4.0,288,56,5.142857142857143
0,30,69,114,0,1,6,0,1,1,0,0,0,0,1,0,2,0,4.0,348,61,5.704918032786885
1,7,104,0,0,0,6,0,1,1,0,0,0,0,1,0,2,0,5.0,175,32,5.46875
0,4,144,0,1,1,0,0,0,0,1,1,1,0,1,20,3,0,1.0,113,19,5.947368421052632
0,2,144,0,0,0,0,0,1,0,0,0,2,0,1,0,12,0,2.0,321,61,5.262295081967213
0,2,144,0,1,0,1,5,1,0,1,1,1,0,1,1,3,0,6.0,97,12,8.083333333333334
1,2,105,74,1,0,0,0,2,0,1,1,1,0,1,0,2,0,5.0,437,72,6.069444444444445
1,4,105,82,1,0,6,0,0,0,0,0,1,0,2,50,2,0,2.0,119,23,5.173913043478261
0,2,144,0,0,0,1,0,1,1,1,1,1,0,1,0,2,0,2.0,41,8,5.125
1,18,104,0,0,4,6,0,1,1,1,1,1,2,1,0,2,0,1.0,58,12,4.833333333333333
0,2,144,54,1,0,2,0,1,1,0,0,1,0,1,0,2,0,2.0,397,76,5.223684210526316
0,1,47,114,2,0,1,0,1,0,0,0,1,0,8,150,2,0,6.0,162,30,5.4
1,1,105,0,2,0,6,0,0,0,1,1,1,0,3,0,2,0,5.0,116,22,5.2727272727272725
1,30,105,0,0,5,6,0,1,0,0,0,0,0,1,0,2,2,19.0,1140,230,4.956521739130435
1,5,104,81,2,0,1,5,1,1,0,0,1,0,2,0,2,0,5.0,342,63,5.428571428571429
0,4,144,0,1,0,1,0,1,0,0,0,0,0,1,50,2,0,2.0,237,48,4.9375
1,3,135,0,2,1,2,5,1,1,1,0,1,0,2,60,2,0,4.0,1120,204,5.490196078431373
1,2,105,0,1,0,0,0,0,0,1,0,1,0,1,0,2,0,4.0,254,49,5.183673469387755
0,0,144,0,1,1,0,0,1,0,1,1,0,0,1,0,2,0,5.0,113,25,4.52
1,18,104,0,1,4,0,0,1,1,0,0,1,0,1,0,2,0,4.0,228,43,5.3023255813953485
0,24,144,0,1,0,0,0,0,0,0,0,0,1,1,0,2,0,4.0,205,36,5.694444444444445
1,2,105,0,1,0,6,0,0,0,1,1,1,0,1,0,12,0,3.0,16,4,4.0
0,36,60,39,0,0,1,4,0,1,0,0,1,0,1,0,7,0,0.0,49,7,7.0
1,3,104,0,0,3,0,0,0,1,2,2,2,0,1,0,12,0,4.0,35,7,5.0
1,24,128,0,0,1,0,0,1,0,0,0,0,0,1,0,2,0,4.0,92,18,5.111111111111111
1,12,104,0,1,0,3,5,1,1,0,0,0,0,1,0,12,0,2.0,287,54,5.314814814814815
0,0,144,0,0,1,6,0,1,0,1,0,1,0,1,0,2,0,4.0,263,51,5.1568627450980395
0,1,144,0,0,0,3,0,1,0,1,0,1,0,1,0,2,0,4.0,24,4,6.0
0,14,144,128,1,0,1,0,1,1,2,2,0,0,1,200,12,0,5.0,615,99,6.212121212121212
1,2,104,0,1,0,3,5,1,1,1,1,1,0,1,0,12,0,2.0,195,37,5.27027027027027
0,8,144,0,1,0,0,0,1,0,0,0,0,0,1,0,3,0,2.0,714,140,5.1
1,2,135,0,0,0,4,4,0,0,1,1,1,0,1,0,2,0,4.0,81,15,5.4
1,1,84,0,1,0,1,3,1,0,1,1,1,0,1,0,12,0,7.0,527,97,5.43298969072165
1,17,103,0,1,6,0,0,1,2,0,0,0,0,1,380,2,0,2.0,280,53,5.283018867924528
0,52,13,0,0,0,4,4,1,1,0,0,1,0,1,100,12,0,5.0,199,36,5.527777777777778
0,24,30,0,1,1,0,0,0,0,2,2,2,0,1,0,2,0,8.0,330,61,5.409836065573771
0,24,144,12,1,4,6,0,1,1,0,0,0,0,1,350,12,0,4.0,251,42,5.976190476190476
1,5,135,0,1,0,5,5,0,2,0,0,2,0,1,0,2,0,4.0,118,21,5.619047619047619
0,2,144,0,2,1,4,5,1,0,2,0,1,0,5,0,12,0,1.0,43,6,7.166666666666667
0,24,144,114,1,1,6,0,1,1,0,0,0,0,1,0,2,0,1.0,12,2,6.0
0,4,144,0,1,1,0,0,0,0,1,1,0,0,1,30,2,0,1.0,102,19,5.368421052631579
0,2,144,0,1,1,6,0,1,0,1,1,1,0,1,0,2,2,6.0,681,135,5.044444444444444
1,3,105,0,2,0,0,0,1,0,1,1,1,0,5,0,12,0,5.0,104,18,5.777777777777778
0,3,144,0,1,1,0,0,1,1,1,1,1,0,1,0,2,0,5.0,485,88,5.511363636363637
0,2,79,114,1,1,0,0,1,0,2,2,1,0,1,0,2,0,3.0,124,22,5.636363636363637
0,24,144,6,1,2,0,0,1,1,0,0,0,0,1,0,4,0,7.0,511,95,5.378947368421053
1,6,103,0,1,4,5,5,1,2,0,0,0,0,1,0,2,1,7.0,1432,219,6.538812785388128
1,60,135,0,2,0,1,4,1,1,0,0,0,0,3,30,12,0,3.0,170,30,5.666666666666667
0,3,144,0,1,0,0,0,1,0,1,1,1,0,2,0,2,0,11.0,1120,198,5.656565656565657
0,2,144,114,1,6,0,0,1,1,0,0,1,0,1,0,2,0,1.0,12,2,6.0
1,2,105,0,0,4,6,0,1,0,1,0,1,0,1,0,5,2,4.0,642,118,5.440677966101695
0,2,144,0,1,5,0,0,1,1,0,0,1,0,1,0,12,0,4.0,143,27,5.296296296296297
0,64,60,0,1,1,0,0,1,1,2,2,2,0,1,250,2,0,0.0,472,96,4.916666666666667
0,2,144,0,0,0,1,5,1,1,1,1,1,0,1,0,2,0,4.0,648,125,5.184
1,3,105,0,0,0,5,5,0,0,1,1,1,0,1,0,12,1,8.0,266,58,4.586206896551724
0,3,144,0,0,0,1,0,1,0,0,0,1,0,1,0,2,0,8.0,120,23,5.217391304347826
1,1,105,0,2,5,0,0,0,0,1,0,1,0,2,0,4,0,5.0,110,23,4.782608695652174
0,4,144,0,2,2,0,0,1,0,0,0,1,0,3,0,2,0,2.0,576,111,5.1891891891891895
0,7,144,114,0,0,1,2,1,0,0,0,2,0,1,0,7,0,0.0,140,29,4.827586206896552
0,3,144,0,0,0,0,0,1,0,0,0,1,0,1,0,2,0,3.0,817,168,4.863095238095238
1,3,105,0,1,0,5,5,1,0,1,0,1,0,1,0,2,0,4.0,231,43,5.372093023255814
0,12,144,0,1,0,6,0,1,1,2,2,0,0,1,0,3,0,1.0,229,46,4.978260869565218
0,1,144,114,2,0,1,5,0,0,1,2,2,0,4,50,7,0,3.0,12,3,4.0
1,12,104,0,1,0,1,0,0,1,0,0,0,0,1,200,12,0,1.0,86,13,6.615384615384615
0,60,51,0,0,5,0,0,1,1,0,0,0,0,1,0,12,0,3.0,242,44,5.5
0,1,144,0,0,0,2,0,1,0,1,2,2,0,1,0,3,0,1.0,101,20,5.05
1,1,105,0,2,3,5,5,1,0,1,1,1,0,3,0,2,0,5.0,1147,217,5.285714285714286
1,2,105,0,1,3,4,5,0,0,2,2,2,0,1,0,12,0,2.0,154,31,4.967741935483871
0,14,144,0,1,1,4,0,0,0,0,0,0,0,1,80,2,0,3.0,262,45,5.822222222222222
0,2,144,0,1,1,0,0,2,0,1,0,1,0,1,0,3,0,1.0,645,122,5.286885245901639
1,36,105,110,1,0,1,5,1,0,0,0,0,0,1,0,2,0,4.0,1233,222,5.554054054054054
1,3,105,0,1,0,3,5,1,0,1,0,0,0,1,0,12,0,1.0,44,5,8.8
1,2,105,0,1,0,1,4,1,0,1,0,1,0,1,50,2,1,6.0,841,159,5.289308176100629
0,42,144,0,0,0,6,0,1,1,0,0,1,0,1,0,12,0,2.0,143,24,5.958333333333333
1,3,105,0,2,0,3,4,0,0,0,0,1,0,3,0,2,0,3.0,257,51,5.03921568627451
1,3,104,81,2,0,4,0,1,1,1,1,1,0,3,0,2,0,0.0,213,36,5.916666666666667
0,2,5,16,1,0,1,0,1,1,1,0,2,0,1,0,3,0,1.0,465,82,5.670731707317073
1,8,105,0,0,1,2,5,1,0,2,1,1,0,1,0,12,0,3.0,116,19,6.105263157894737
0,2,22,0,0,0,1,5,1,1,2,0,2,1,1,150,12,0,4.0,732,107,6.841121495327103
0,36,144,30,1,1,0,0,0,1,0,0,2,0,1,0,12,0,4.0,269,53,5.0754716981132075
1,7,92,72,0,0,1,0,1,0,0,0,1,0,4,0,3,0,2.0,530,96,5.520833333333333
0,120,60,0,2,1,6,0,0,1,0,0,0,0,2,0,12,0,1.0,372,70,5.314285714285714
0,1,28,114,1,0,6,0,1,0,1,1,1,0,1,0,6,0,3.0,179,35,5.114285714285714
0,6,144,0,1,0,1,0,1,0,0,0,1,0,1,0,2,0,4.0,1085,215,5.046511627906977
1,1,104,0,0,2,3,0,2,1,1,1,1,0,1,0,2,0,3.0,28,6,4.666666666666667
0,9,61,48,0,6,0,0,2,2,0,0,1,0,1,600,12,0,3.0,872,173,5.040462427745664
1,12,104,0,2,0,6,0,0,1,1,1,1,0,2,0,2,0,3.0,373,78,4.782051282051282
1,5,96,81,1,2,5,5,1,1,1,1,1,0,1,0,12,0,1.0,137,24,5.708333333333333
0,3,144,0,1,1,6,0,1,0,1,0,1,0,1,0,2,0,2.0,133,23,5.782608695652174
0,2,144,0,1,0,0,0,1,1,0,0,1,0,1,0,2,0,5.0,242,39,6.205128205128205
1,2,104,0,2,0,5,0,1,1,1,1,1,0,4,0,2,0,3.0,396,78,5.076923076923077
0,2,144,0,1,1,6,0,1,1,2,2,1,0,1,0,2,0,2.0,124,22,5.636363636363637
0,2,144,0,0,0,1,5,1,1,1,1,1,0,2,0,3,0,3.0,39,7,5.571428571428571
1,4,96,0,1,0,1,5,1,1,1,0,1,0,1,50,12,0,3.0,1269,238,5.331932773109243
0,3,144,0,1,0,1,5,1,0,1,1,1,0,4,0,12,0,4.0,578,97,5.958762886597938
0,2,144,0,1,1,0,0,1,0,0,0,1,0,1,0,2,0,3.0,244,52,4.6923076923076925
1,2,96,63,2,2,6,0,1,1,1,0,1,0,2,0,12,0,3.0,416,78,5.333333333333333
1,2,105,0,0,3,6,0,1,0,1,0,1,0,1,0,12,0,2.0,86,13,6.615384615384615
1,3,105,0,1,0,1,5,1,0,0,0,1,0,1,0,12,0,8.0,994,186,5.344086021505376
0,6,144,0,1,0,2,5,1,1,0,0,0,0,1,0,2,0,4.0,354,68,5.205882352941177
0,3,144,0,0,0,1,0,1,0,0,0,1,0,1,0,2,0,2.0,45,10,4.5
0,1,144,0,1,0,1,5,0,1,0,0,1,0,1,0,4,0,5.0,188,40,4.7
1,1,120,0,0,4,5,5,1,1,1,1,1,0,1,0,2,0,3.0,19,3,6.333333333333333
1,24,104,89,1,5,0,0,1,1,1,1,1,0,1,0,12,0,2.0,455,89,5.112359550561798
0,9,144,0,0,1,0,0,1,0,0,0,0,0,1,0,2,0,2.0,45,8,5.625
1,5,105,0,1,0,1,4,0,0,0,0,2,0,1,0,7,0,2.0,136,27,5.037037037037037
1,2,104,0,0,0,4,5,1,1,1,1,1,0,1,0,12,0,5.0,256,47,5.446808510638298
0,48,144,0,0,0,1,5,1,0,0,0,2,0,1,0,2,0,3.0,71,15,4.733333333333333
0,24,69,54,0,6,0,0,1,2,0,0,0,0,1,0,2,1,4.0,292,53,5.509433962264151
0,8,17,0,0,0,1,5,0,0,0,0,0,0,1,0,12,0,6.0,213,32,6.65625
0,36,59,0,0,0,0,0,1,1,0,0,0,0,1,250,2,0,5.0,1146,247,4.6396761133603235
0,2,144,0,1,1,6,0,1,0,1,0,1,0,1,0,2,0,3.0,303,55,5.509090909090909
0,1,61,35,0,0,4,0,0,1,1,1,1,0,1,0,2,0,1.0,250,49,5.1020408163265305
1,2,143,0,1,0,6,0,1,0,0,0,1,0,1,0,2,5,17.0,459,84,5.464285714285714
0,120,41,0,1,4,0,0,0,2,0,0,1,0,1,180,2,0,3.0,88,16,5.5
0,15,144,0,1,0,1,5,1,0,1,0,0,0,1,0,0,0,1.0,249,42,5.928571428571429
0,7,144,0,1,0,0,0,0,0,0,0,0,0,1,0,12,0,25.0,434,84,5.166666666666667
0,6,60,0,2,5,6,0,0,2,1,1,1,0,2,0,3,0,1.0,643,126,5.103174603174603
1,3,105,0,0,5,6,0,1,0,1,1,1,0,1,0,2,0,3.0,193,33,5.848484848484849
1,12,104,0,1,0,1,1,1,1,2,2,2,0,1,75,2,0,2.0,213,44,4.840909090909091
0,8,47,0,1,0,0,0,2,2,0,0,1,0,1,1000,2,0,1.0,151,29,5.206896551724138
0,7,144,0,0,1,0,0,0,0,0,1,0,0,4,0,2,0,14.0,572,106,5.39622641509434
0,14,60,0,1,2,6,0,0,1,0,0,2,0,1,300,12,0,6.0,213,39,5.461538461538462
1,4,143,113,0,0,6,0,2,0,0,0,1,0,1,0,12,0,5.0,623,114,5.464912280701754
1,2,142,0,1,0,6,0,1,1,1,0,1,0,1,0,2,0,1.0,38,6,6.333333333333333
0,24,22,114,1,1,2,0,2,0,1,1,1,0,1,0,2,0,1.0,405,78,5.1923076923076925
1,2,88,0,2,0,2,5,0,1,1,0,1,0,2,0,2,0,3.0,66,13,5.076923076923077
1,3,105,0,2,1,3,4,1,0,0,0,2,0,5,1,3,0,4.0,168,29,5.793103448275862
1,3,84,0,1,1,2,2,1,1,1,0,1,0,2,0,12,0,0.0,212,43,4.930232558139535
0,2,144,114,1,1,0,0,1,1,1,0,1,0,1,0,2,0,3.0,14,3,4.666666666666667
1,8,105,0,0,0,0,0,1,0,0,0,1,0,1,0,2,1,1.0,153,33,4.636363636363637
1,4,128,82,1,0,4,4,0,0,1,0,1,0,1,0,12,0,1.0,69,13,5.3076923076923075
1,26,122,101,1,1,4,0,1,1,1,0,1,0,1,0,2,0,2.0,55,10,5.5
1,2,105,101,2,0,1,5,1,1,1,0,1,0,3,0,4,0,11.0,324,60,5.4
0,24,144,0,1,0,1,0,1,1,0,0,0,0,1,0,2,0,3.0,302,55,5.490909090909091
1,1,128,101,0,4,6,0,0,0,1,1,2,0,2,0,12,0,1.0,204,36,5.666666666666667
0,2,70,114,1,0,1,0,1,0,1,1,1,0,1,0,12,0,4.0,93,18,5.166666666666667
0,3,17,114,1,0,1,5,1,1,0,0,1,0,1,0,2,2,8.0,1835,343,5.349854227405248
0,1,144,114,0,1,0,0,1,0,1,1,0,0,1,0,2,0,2.0,76,13,5.846153846153846
0,36,8,6,1,1,4,0,2,2,2,0,2,0,1,0,2,0,5.0,442,86,5.1395348837209305
1,2,105,0,1,0,6,0,0,0,1,1,1,0,4,0,2,0,3.0,163,31,5.258064516129032
0,1,144,0,1,0,1,0,1,1,2,2,1,0,1,0,2,0,1.0,119,21,5.666666666666667
0,2,144,0,1,1,0,0,1,1,1,1,1,0,1,0,12,0,1.0,65,11,5.909090909090909
1,2,105,0,0,0,1,4,0,0,1,1,1,0,1,0,3,0,11.0,274,51,5.372549019607843
0,2,144,114,1,0,3,0,1,0,1,0,1,0,2,0,3,0,3.0,129,24,5.375
0,24,22,114,0,1,4,5,2,0,1,1,1,0,3,0,7,1,5.0,907,167,5.431137724550898
0,24,13,114,1,0,5,5,1,1,2,2,0,0,1,0,2,0,2.0,448,84,5.333333333333333
0,1,144,114,1,0,1,0,1,0,1,1,1,0,1,0,5,0,1.0,67,12,5.583333333333333
0,1,144,114,2,0,1,3,1,1,1,0,2,0,5,0,0,0,5.0,121,21,5.761904761904762
0,10,144,0,0,2,0,0,1,1,0,1,0,0,1,0,7,0,1.0,154,25,6.16
0,24,144,0,0,0,1,0,1,0,0,0,0,0,1,0,2,0,4.0,379,70,5.414285714285715
0,2,144,131,1,0,1,0,1,0,0,0,0,0,1,0,2,0,13.0,339,65,5.2153846153846155
0,8,5,114,0,0,1,0,1,0,0,2,2,0,1,0,2,0,3.0,74,13,5.6923076923076925
1,1,105,0,1,3,6,0,1,0,1,0,1,0,1,0,12,0,3.0,49,8,6.125
0,63,8,114,1,0,0,0,1,0,0,0,0,0,1,50,2,0,5.0,1485,299,4.966555183946488
1,2,105,0,1,0,4,0,1,0,1,0,1,0,1,0,2,0,3.0,58,10,5.8
0,4,144,114,1,1,6,0,1,0,1,1,1,0,2,0,2,0,4.0,145,25,5.8
0,36,155,0,1,0,2,5,0,1,0,0,0,0,1,400,3,0,9.0,992,178,5.573033707865169
1,2,105,80,1,6,0,0,0,0,1,1,1,0,1,0,12,0,4.0,156,32,4.875
0,12,54,0,1,0,1,5,0,0,0,0,0,0,1,300,7,0,1.0,86,16,5.375
1,6,90,0,1,3,6,0,1,0,1,1,1,0,1,0,12,0,1.0,126,24,5.25
0,5,8,16,1,2,3,0,1,1,2,0,0,0,1,0,3,0,5.0,178,33,5.393939393939394
0,0,144,0,2,1,4,0,1,0,1,1,1,0,7,0,2,0,9.0,730,137,5.328467153284672
1,4,104,0,2,0,1,5,1,1,1,1,1,0,2,100,12,0,8.0,145,25,5.8
1,10,103,0,1,1,6,0,0,2,0,0,0,0,1,0,2,0,3.0,395,78,5.064102564102564
0,1,144,0,2,0,1,5,1,0,1,1,1,0,6,0,12,0,13.0,1044,202,5.1683168316831685
1,4,105,61,0,0,0,0,1,0,0,0,1,0,1,0,12,0,0.0,229,44,5.204545454545454
1,12,105,106,1,0,1,0,0,0,0,0,0,0,1,0,2,0,5.0,1199,243,4.934156378600823
1,1,105,0,1,3,0,0,1,0,1,1,1,0,1,0,1,0,4.0,370,62,5.967741935483871
1,36,105,101,1,5,6,0,0,0,2,2,2,0,1,0,2,0,2.0,984,179,5.4972067039106145
1,3,122,80,2,1,3,4,0,1,1,1,1,0,4,30,12,0,5.0,410,81,5.061728395061729
0,1,144,0,2,0,1,0,1,1,1,1,1,1,2,0,4,0,6.0,128,21,6.095238095238095
0,2,144,0,0,4,0,0,1,1,0,0,1,0,1,0,2,0,1.0,246,48,5.125
1,5,105,0,0,0,6,0,1,0,0,0,1,0,2,0,3,0,2.0,144,28,5.142857142857143
0,8,144,0,0,2,0,0,2,0,0,0,2,0,1,0,7,0,2.0,10,2,5.0
1,1,105,0,2,1,4,5,0,0,1,1,1,0,3,0,2,0,3.0,143,25,5.72
0,2,144,45,1,0,1,5,1,1,1,0,1,0,1,50,2,0,4.0,233,43,5.4186046511627906
0,2,144,0,1,1,6,0,1,0,1,1,1,0,1,0,2,0,1.0,168,31,5.419354838709677
0,1,144,0,0,1,4,5,1,1,1,1,1,0,1,0,3,0,5.0,231,43,5.372093023255814
1,1,104,82,1,0,1,5,0,0,1,1,1,0,1,0,12,0,5.0,452,79,5.7215189873417724
0,1,144,0,1,1,0,0,1,1,0,1,1,0,1,0,2,0,2.0,89,16,5.5625
0,2,144,0,0,1,0,0,1,0,1,0,1,0,1,0,2,0,3.0,193,38,5.078947368421052
0,2,144,0,2,0,1,3,1,1,0,0,1,0,5,0,12,0,5.0,38,6,6.333333333333333
1,2,105,82,1,5,6,0,1,0,0,0,0,0,1,0,12,0,5.0,638,130,4.907692307692308
0,3,144,0,1,1,0,0,1,1,0,0,1,0,1,0,2,0,5.0,53,11,4.818181818181818
0,2,144,114,1,4,0,0,1,1,1,0,1,0,1,0,2,0,2.0,14,3,4.666666666666667
0,3,144,0,1,0,1,5,1,1,1,1,1,0,1,0,1,0,2.0,48,9,5.333333333333333
0,18,22,0,1,1,2,0,2,0,0,0,0,0,1,0,2,0,0.0,115,21,5.476190476190476
0,2,144,114,0,0,1,0,1,1,0,0,1,0,1,0,12,0,3.0,327,61,5.360655737704918
0,3,69,114,1,0,1,5,2,1,0,0,1,0,1,0,2,0,9.0,244,41,5.951219512195122
0,2,144,0,2,0,1,2,0,0,1,0,1,0,4,0,2,0,5.0,254,47,5.404255319148936
1,3,105,0,1,0,1,2,0,0,0,0,1,0,1,0,6,0,5.0,712,155,4.593548387096774
1,1,104,0,0,0,6,0,2,1,1,1,1,0,1,0,2,0,4.0,240,48,5.0
1,4,122,82,0,5,0,0,2,1,1,1,1,0,1,120,2,0,5.0,1450,274,5.291970802919708
0,1,144,0,1,1,0,0,1,1,1,0,1,0,4,0,2,0,12.0,358,59,6.067796610169491
1,8,128,82,0,0,6,0,1,1,0,0,0,0,1,0,12,0,4.0,1466,297,4.936026936026936
0,1,144,0,1,6,0,0,1,1,1,1,1,0,1,0,4,0,1.0,37,6,6.166666666666667
0,1,144,114,0,0,6,0,1,0,1,0,1,0,1,0,2,0,2.0,159,28,5.678571428571429
0,29,65,16,1,4,6,0,1,1,0,0,0,0,1,0,2,0,7.0,294,52,5.653846153846154
0,4,144,0,1,1,6,0,2,0,1,1,1,0,2,0,2,0,2.0,146,24,6.083333333333333
1,2,105,0,0,2,6,0,1,0,1,0,1,1,2,0,12,0,6.0,280,51,5.490196078431373
0,24,144,0,0,0,1,0,1,1,2,2,2,0,1,0,12,0,3.0,577,101,5.712871287128713
1,4,104,92,0,0,0,0,1,1,0,0,1,0,1,100,2,0,4.0,213,33,6.454545454545454
0,2,144,114,0,1,6,0,1,1,0,0,1,0,1,0,2,0,4.0,12,2,6.0
0,1,149,54,2,1,0,0,0,0,1,1,1,0,2,150,2,0,1.0,144,19,7.578947368421052
0,4,144,0,1,0,1,5,1,0,0,0,1,0,1,0,2,0,4.0,660,138,4.782608695652174
1,3,104,0,1,2,6,0,1,1,1,1,1,0,1,0,12,0,3.0,19,3,6.333333333333333
1,2,103,0,0,4,0,0,1,1,1,0,1,0,2,0,2,0,3.0,182,32,5.6875
0,36,13,10,0,0,6,0,2,2,0,0,1,0,1,0,2,0,1.0,12,2,6.0
1,3,104,0,2,0,5,5,1,1,1,1,1,0,6,0,2,0,3.0,118,21,5.619047619047619
1,2,105,0,2,0,1,0,0,1,1,0,1,0,2,0,12,0,9.0,423,79,5.3544303797468356
0,72,144,0,0,0,0,0,1,1,0,2,2,0,1,0,2,0,0.0,281,55,5.109090909090909
1,7,105,0,1,0,6,0,0,0,0,0,0,0,1,0,12,0,4.0,39,9,4.333333333333333
0,1,144,114,0,1,6,0,1,0,1,1,1,0,2,0,2,0,6.0,20,3,6.666666666666667
0,2,144,0,1,0,1,3,1,0,1,0,1,0,1,0,2,0,1.0,512,95,5.389473684210526
1,11,104,0,1,1,5,0,1,1,0,0,0,0,1,0,12,1,4.0,630,126,5.0
0,2,144,0,1,0,6,0,1,0,1,0,1,0,1,0,4,0,1.0,334,67,4.985074626865671
0,11,159,0,0,4,0,0,1,2,0,0,1,0,1,200,2,0,3.0,25,4,6.25
0,72,22,0,0,4,0,0,2,0,0,0,1,0,1,0,2,0,3.0,203,40,5.075
0,36,144,0,0,1,0,0,1,0,0,0,0,0,1,0,2,0,3.0,19,3,6.333333333333333
0,2,144,0,2,1,3,0,0,0,1,1,1,0,2,0,2,0,1.0,252,46,5.478260869565218
0,2,144,114,0,1,0,0,1,1,0,0,1,0,1,0,2,0,1.0,12,2,6.0
0,1,144,114,0,1,0,0,1,1,1,0,1,0,1,0,2,0,1.0,14,3,4.666666666666667
1,5,105,0,1,0,6,0,0,0,0,0,2,0,1,0,7,0,2.0,113,20,5.65
1,2,105,0,1,1,3,0,0,0,2,2,2,0,1,0,2,0,1.0,39,7,5.571428571428571
1,1,105,0,1,6,0,0,0,0,2,0,1,0,1,0,2,0,2.0,337,60,5.616666666666666
1,24,135,0,1,0,5,0,0,0,0,0,0,0,1,0,4,0,4.0,432,87,4.9655172413793105
1,60,104,73,1,1,2,5,1,1,0,0,0,0,1,0,12,0,2.0,186,39,4.769230769230769
1,6,105,0,1,0,5,5,0,0,2,0,0,0,1,0,12,0,2.0,459,82,5.597560975609756
0,1,144,0,0,2,0,0,1,0,1,1,1,0,1,0,2,0,1.0,75,11,6.818181818181818
0,48,17,0,0,1,6,0,0,0,1,1,1,0,1,0,2,0,3.0,520,97,5.360824742268041
0,36,30,0,1,0,1,1,0,0,0,0,1,0,1,0,2,0,1.0,178,31,5.741935483870968
0,1,144,114,0,0,0,0,1,1,1,0,1,0,1,0,2,0,3.0,12,2,6.0
1,2,105,0,1,0,1,5,0,0,1,1,1,0,2,0,2,0,2.0,188,36,5.222222222222222
1,8,120,0,1,0,1,5,1,1,1,1,1,0,1,0,12,0,8.0,465,82,5.670731707317073
0,2,144,0,0,0,1,0,1,0,2,2,1,0,1,0,2,0,2.0,79,13,6.076923076923077
1,3,135,0,1,1,5,5,0,0,2,0,1,0,1,0,2,0,4.0,86,17,5.0588235294117645
1,2,103,0,2,1,2,0,1,2,1,1,1,0,2,0,2,0,17.0,536,109,4.91743119266055
1,12,105,0,0,6,0,0,2,0,0,0,0,0,1,0,2,0,2.0,988,188,5.25531914893617
1,3,105,0,1,0,1,0,0,0,1,1,1,0,1,0,5,0,9.0,345,67,5.149253731343284
0,2,144,0,1,0,6,0,1,0,0,0,1,0,1,0,2,0,1.0,117,21,5.571428571428571
0,2,144,114,0,1,0,0,1,1,0,0,1,0,1,0,2,0,4.0,12,2,6.0
0,1,144,114,2,0,1,5,1,0,1,1,1,0,8,0,12,0,3.0,189,33,5.7272727272727275
0,4,144,0,1,1,4,5,1,0,1,1,1,0,3,0,7,0,4.0,330,66,5.0
1,3,105,73,1,0,3,5,0,0,0,0,1,0,1,0,3,1,7.0,39,10,3.9
1,12,105,0,1,1,4,5,1,0,1,1,1,0,1,0,2,0,1.0,264,56,4.714285714285714
1,5,135,0,1,6,0,0,1,0,0,0,1,0,1,0,2,0,5.0,135,23,5.869565217391305
1,12,104,0,1,6,0,0,1,1,1,2,2,0,1,0,0,0,1.0,10,2,5.0
1,3,105,0,0,2,3,5,0,0,0,0,1,0,1,0,12,0,4.0,1006,192,5.239583333333333
1,12,105,0,1,0,1,5,1,0,0,0,1,0,4,0,2,0,5.0,134,24,5.583333333333333
1,2,105,0,1,0,3,0,1,0,1,1,1,0,1,0,12,0,2.0,1567,285,5.4982456140350875
1,5,103,0,0,0,6,0,1,1,1,0,1,1,5,10,3,0,4.0,101,19,5.315789473684211
1,2,105,0,0,3,6,0,1,0,0,0,1,0,1,0,7,0,2.0,726,149,4.87248322147651
1,2,104,0,1,0,5,5,1,1,1,1,1,0,1,0,3,0,2.0,43,6,7.166666666666667
0,8,144,0,0,3,6,0,2,0,1,1,1,0,1,0,7,0,1.0,912,175,5.211428571428572
0,24,144,0,1,0,0,0,1,0,0,0,0,0,1,0,2,0,1.0,85,17,5.0
0,10,155,0,0,1,6,0,0,0,0,0,0,0,1,500,12,0,9.0,240,39,6.153846153846154
0,2,144,0,1,0,1,0,1,0,0,0,1,0,1,0,12,0,2.0,154,28,5.5
0,1,144,0,1,0,1,0,1,0,1,1,1,0,1,0,2,0,3.0,1193,229,5.209606986899563
0,2,144,0,2,0,1,5,1,0,1,1,1,0,4,0,12,0,1.0,39,8,4.875
0,5,144,0,2,0,0,0,1,0,0,0,0,0,3,0,4,0,5.0,818,154,5.311688311688312
1,3,96,81,1,0,1,5,0,1,1,0,1,0,1,0,12,0,3.0,1200,226,5.3097345132743365
1,3,105,0,2,0,1,3,1,0,0,0,1,0,3,0,2,0,16.0,1379,258,5.344961240310077
0,36,60,0,0,4,0,0,1,0,0,0,2,0,1,80,4,0,3.0,64,11,5.818181818181818
1,18,104,0,2,1,0,0,1,1,1,1,1,0,4,0,6,0,2.0,225,35,6.428571428571429
0,4,144,0,1,1,6,0,1,1,0,0,1,0,1,0,2,0,2.0,94,19,4.947368421052632
1,3,105,0,1,5,6,0,1,0,1,1,1,0,1,0,2,0,6.0,883,155,5.696774193548387
0,2,144,0,0,0,1,0,1,1,1,1,1,0,1,0,3,0,3.0,155,25,6.2
1,2,103,0,1,5,6,0,0,2,2,2,2,0,1,0,12,2,4.0,726,103,7.048543689320389
0,2,144,0,1,2,0,0,1,0,1,1,1,0,1,20,3,0,1.0,144,25,5.76
0,60,47,0,0,0,0,0,2,0,0,0,1,0,1,0,2,0,0.0,238,42,5.666666666666667
0,2,144,0,0,0,3,5,1,1,1,0,1,0,1,0,12,0,6.0,428,75,5.706666666666667
0,2,144,114,0,1,6,0,1,1,0,0,1,0,1,0,2,0,1.0,27,6,4.5
0,2,144,114,1,4,0,0,1,1,1,0,1,0,1,0,2,0,2.0,14,3,4.666666666666667
0,2,144,0,1,1,0,0,1,0,0,0,1,0,1,0,2,0,1.0,105,21,5.0
1,2,105,0,1,0,1,2,0,0,1,1,1,0,1,0,2,0,13.0,313,55,5.6909090909090905
0,1,144,0,2,0,1,5,1,1,1,1,1,0,7,0,2,0,16.0,372,52,7.153846153846154
1,3,107,0,1,1,3,4,1,1,1,1,1,0,1,0,1,0,2.0,90,15,6.0
0,1,144,31,0,0,1,0,1,0,1,0,1,0,2,0,2,0,3.0,20,3,6.666666666666667
0,2,144,0,0,1,0,0,1,0,2,2,1,0,1,0,2,0,5.0,213,34,6.264705882352941
1,4,105,0,1,2,5,5,0,0,0,0,1,0,1,0,12,0,4.0,502,99,5.070707070707071
0,9,57,114,1,0,0,0,2,1,0,0,0,0,1,0,2,0,1.0,148,28,5.285714285714286
0,2,144,0,0,6,0,0,1,0,0,0,1,0,1,0,4,0,4.0,544,104,5.230769230769231
0,2,144,114,1,1,0,0,0,0,2,2,2,0,1,0,2,0,2.0,20,3,6.666666666666667
0,24,144,20,1,0,1,0,1,0,0,0,0,0,1,0,3,0,2.0,305,57,5.350877192982456
0,72,60,0,0,0,6,0,0,2,2,2,2,0,1,0,2,0,3.0,75,14,5.357142857142857
0,1,144,0,1,0,1,5,1,1,1,0,1,0,1,0,2,0,2.0,162,32,5.0625
0,1,47,114,0,0,1,0,1,1,1,1,1,0,1,0,2,0,5.0,35,6,5.833333333333333
1,2,105,0,0,2,6,0,0,1,1,0,1,0,1,0,2,0,3.0,450,78,5.769230769230769
0,36,41,49,1,4,0,0,1,1,0,2,0,0,1,0,0,0,2.0,193,33,5.848484848484849
0,60,144,114,0,0,1,5,1,1,0,0,1,0,1,0,7,0,2.0,228,42,5.428571428571429
1,4,105,0,1,0,1,5,0,0,1,0,1,0,1,0,3,0,4.0,127,28,4.535714285714286
0,12,144,0,1,4,0,0,0,2,0,0,2,0,1,0,4,1,3.0,430,85,5.0588235294117645
1,2,105,0,2,6,0,0,0,0,1,1,1,0,3,0,12,0,3.0,133,25,5.32
1,4,105,0,0,5,0,0,1,0,0,1,1,0,1,0,2,0,15.0,858,161,5.329192546583851
1,1,105,82,2,0,6,0,1,0,1,1,1,0,4,0,12,0,21.0,1108,221,5.013574660633484
0,2,144,0,0,0,1,0,1,0,1,1,1,1,1,0,2,0,2.0,269,44,6.113636363636363
0,2,144,0,1,0,0,0,1,0,1,1,1,0,1,0,2,0,1.0,375,75,5.0
1,3,104,0,2,0,5,5,1,1,0,0,0,0,3,0,2,0,3.0,120,26,4.615384615384615
0,6,41,0,0,0,0,0,1,0,2,2,2,0,1,150,4,0,3.0,1373,270,5.0851851851851855
0,20,144,0,1,0,1,0,1,1,1,1,1,0,1,0,9,0,1.0,170,28,6.071428571428571
0,2,144,0,1,1,0,0,1,0,1,1,1,0,1,0,2,0,1.0,295,55,5.363636363636363
0,2,144,0,2,0,1,3,1,0,1,0,1,0,4,0,2,0,1.0,283,56,5.053571428571429
1,8,105,82,1,6,0,0,1,0,1,1,1,0,2,0,12,0,2.0,195,35,5.571428571428571
0,120,144,0,1,2,4,0,1,0,0,0,0,0,1,0,3,0,3.0,288,49,5.877551020408164
1,3,105,0,0,0,6,0,1,0,2,0,1,0,1,0,12,0,5.0,511,107,4.775700934579439
1,55,105,0,0,3,6,0,2,0,0,0,0,0,3,0,2,0,6.0,227,36,6.305555555555555
0,4,12,114,1,1,0,0,1,0,0,0,1,0,1,0,2,0,4.0,442,91,4.857142857142857
0,50,144,114,1,4,6,0,1,1,1,1,1,0,1,0,2,0,4.0,182,31,5.870967741935484
0,36,41,0,0,0,5,5,0,0,0,0,0,0,1,300,2,1,8.0,1131,209,5.411483253588517
0,18,47,0,1,0,1,0,3,1,0,0,0,0,1,0,2,0,4.0,343,61,5.622950819672131
1,1,105,0,0,0,6,0,1,0,1,0,1,0,1,0,12,0,2.0,295,55,5.363636363636363
0,1,47,114,1,0,1,0,2,0,2,2,2,0,1,0,7,0,3.0,48,9,5.333333333333333
1,23,104,0,1,0,6,0,1,1,1,2,2,0,1,0,0,0,1.0,70,14,5.0
1,12,105,0,1,0,0,0,1,1,1,1,1,0,1,0,12,0,1.0,249,40,6.225
1,2,104,0,2,4,5,5,1,1,2,2,2,0,2,0,2,0,4.0,257,46,5.586956521739131
1,16,105,0,1,0,5,0,1,1,0,0,0,0,1,0,12,0,3.0,351,68,5.161764705882353
0,2,144,0,0,4,6,0,2,0,0,0,1,0,1,0,2,0,4.0,271,56,4.839285714285714
1,1,105,0,0,1,5,5,1,0,1,0,1,0,1,0,2,1,4.0,958,173,5.53757225433526
1,7,114,101,0,0,6,0,2,1,1,0,1,0,1,70,2,0,5.0,425,75,5.666666666666667
0,1,144,114,0,6,0,0,1,1,0,0,1,0,1,0,2,0,2.0,12,2,6.0
0,7,149,114,1,1,4,5,1,1,0,0,0,0,1,0,12,0,4.0,24,5,4.8
1,24,105,0,0,3,6,0,1,0,1,1,1,1,1,0,5,0,2.0,326,64,5.09375
0,1,144,114,1,0,1,5,1,1,0,0,1,0,1,0,2,0,1.0,12,2,6.0
0,36,144,0,1,1,2,2,1,0,2,2,2,1,1,0,12,0,2.0,205,45,4.555555555555555
0,1,144,0,0,4,0,0,0,0,0,0,0,0,1,0,12,0,1.0,202,36,5.611111111111111
1,7,105,0,1,0,6,0,1,0,0,0,0,0,1,0,2,0,5.0,269,52,5.173076923076923
0,2,144,0,0,1,0,0,1,0,1,1,1,0,1,20,3,0,1.0,122,21,5.809523809523809
0,36,144,0,0,0,0,0,1,1,1,1,2,1,1,0,4,0,3.0,235,48,4.895833333333333
0,2,144,0,0,1,6,0,1,0,1,0,1,0,1,0,12,0,11.0,74,13,5.6923076923076925
1,2,105,82,0,1,6,0,0,0,2,2,0,0,1,0,12,0,3.0,192,35,5.485714285714286
0,2,144,0,1,0,0,0,1,1,1,1,1,0,1,0,2,0,20.0,360,67,5.373134328358209
1,2,122,80,2,0,3,5,0,2,1,1,1,0,4,300,2,0,5.0,118,21,5.619047619047619
1,2,105,0,0,0,1,5,0,0,2,0,2,0,7,0,2,2,14.0,297,62,4.790322580645161
1,24,104,0,1,3,6,0,1,1,1,0,1,0,1,0,2,0,2.0,140,28,5.0
0,13,144,114,1,6,0,0,0,0,1,1,0,0,1,0,2,0,1.0,165,30,5.5
0,36,144,0,0,0,1,0,1,0,0,0,2,0,1,0,12,0,8.0,152,30,5.066666666666666
1,1,135,0,2,0,1,4,0,0,1,1,1,0,2,0,2,0,8.0,551,100,5.51
1,2,103,0,1,0,1,4,0,2,1,1,1,0,1,0,2,0,5.0,31,10,3.1
1,25,104,0,1,1,5,5,1,1,0,0,2,0,1,0,2,0,2.0,93,15,6.2
1,1,105,0,2,0,1,5,0,0,1,1,1,0,2,0,2,0,3.0,57,11,5.181818181818182
0,2,144,0,1,1,0,0,1,0,1,0,1,0,1,5,3,0,1.0,163,24,6.791666666666667
1,24,105,0,1,4,5,0,0,0,2,2,2,0,1,0,3,0,2.0,1107,213,5.197183098591549
1,5,105,0,0,4,6,0,1,1,1,0,1,0,1,0,3,0,3.0,73,13,5.615384615384615
1,2,105,0,0,5,0,0,0,0,1,1,1,0,1,100,12,0,3.0,53,10,5.3
0,6,144,0,1,1,6,0,1,1,0,0,1,0,1,0,12,0,14.0,370,72,5.138888888888889
0,24,147,114,1,0,6,0,1,2,0,0,0,0,1,0,2,0,2.0,201,38,5.2894736842105265
0,15,163,0,0,1,6,0,0,0,0,0,1,0,1,0,2,0,3.0,115,21,5.476190476190476
1,3,120,0,2,1,3,4,0,0,1,0,1,0,6,0,5,0,2.0,435,83,5.240963855421687
1,1,122,0,2,6,0,0,0,1,1,1,1,0,5,100,2,0,11.0,70,13,5.384615384615385
0,4,144,0,1,0,1,0,0,1,0,0,1,0,1,0,2,0,2.0,88,14,6.285714285714286
1,1,105,0,0,0,2,5,0,0,1,1,1,0,2,0,12,0,3.0,217,34,6.382352941176471
0,3,144,0,2,0,1,5,1,0,1,1,1,0,3,0,2,0,7.0,715,140,5.107142857142857
0,2,144,0,1,0,1,0,1,0,1,0,1,0,1,0,2,0,2.0,528,95,5.557894736842106
0,18,144,0,1,1,6,0,0,0,0,0,1,0,1,0,2,0,5.0,250,46,5.434782608695652
0,3,144,0,1,0,1,0,2,0,2,2,1,0,1,0,2,0,2.0,119,21,5.666666666666667
1,11,105,0,1,1,2,4,0,0,0,0,0,0,1,0,2,0,5.0,350,69,5.072463768115942
0,1,144,0,1,0,1,0,1,0,1,1,2,0,9,0,2,0,6.0,36,8,4.5
0,60,30,0,0,1,0,0,0,0,0,0,1,0,1,0,12,0,2.0,796,149,5.342281879194631
1,1,105,0,0,1,5,5,1,0,1,1,1,0,1,0,2,0,2.0,185,38,4.868421052631579
1,12,93,78,1,5,0,0,1,1,0,0,1,0,1,160,2,0,3.0,371,64,5.796875
0,1,144,114,0,1,0,0,1,1,1,1,1,0,1,0,5,0,1.0,104,19,5.473684210526316
0,2,144,114,1,4,0,0,1,0,0,0,1,0,1,0,3,0,6.0,458,97,4.721649484536083
0,4,144,0,1,0,1,5,1,0,1,0,2,0,1,0,2,0,2.0,167,32,5.21875
0,12,144,76,0,1,0,0,1,0,0,0,0,0,1,0,2,1,5.0,389,74,5.256756756756757
0,4,144,0,0,4,6,0,1,0,1,1,1,0,2,0,2,1,5.0,1451,257,5.64591439688716
0,24,51,30,1,5,6,0,0,1,0,0,1,0,1,150,12,0,4.0,614,111,5.531531531531532
1,4,105,0,0,4,6,0,1,1,2,0,2,0,1,0,12,0,1.0,54,9,6.0
1,24,105,0,2,0,3,5,1,0,1,1,1,0,4,0,2,0,4.0,108,18,6.0
0,1,144,0,1,0,0,0,0,0,1,1,1,0,1,0,2,0,1.0,109,21,5.190476190476191
0,3,147,114,1,0,4,5,1,1,1,0,1,0,1,0,2,0,9.0,507,94,5.3936170212765955
0,36,51,0,2,0,5,5,0,1,0,0,1,0,3,0,2,0,2.0,206,33,6.242424242424242
1,1,105,0,0,0,5,0,1,0,1,1,1,0,1,0,2,0,2.0,99,20,4.95
0,12,144,0,0,2,4,0,1,1,2,1,1,0,1,0,4,0,2.0,523,111,4.711711711711712
1,12,105,0,1,0,1,2,0,1,2,2,2,0,1,0,12,0,2.0,123,18,6.833333333333333
0,1,144,114,1,1,6,0,1,1,1,0,1,0,1,0,2,0,3.0,12,2,6.0
1,3,84,0,1,6,0,0,1,0,1,0,2,0,3,0,2,0,5.0,141,27,5.222222222222222
1,2,105,0,1,2,0,0,0,0,1,1,1,0,1,0,12,0,5.0,98,19,5.157894736842105
1,1,105,101,1,1,4,0,1,0,1,0,1,0,1,0,12,0,2.0,627,111,5.648648648648648
1,4,104,0,1,5,6,0,1,1,2,2,1,0,1,50,2,0,1.0,707,127,5.566929133858268
0,3,5,114,1,0,5,0,2,1,1,1,1,0,1,0,1,0,2.0,221,44,5.0227272727272725
0,4,144,0,0,0,3,0,1,0,0,0,0,0,1,0,4,0,2.0,469,86,5.453488372093023
1,6,130,0,0,0,5,5,0,0,0,0,0,0,1,0,2,0,3.0,219,43,5.093023255813954
1,3,105,0,1,1,3,0,1,0,1,0,1,0,1,0,2,0,4.0,471,84,5.607142857142857
0,2,144,0,0,1,0,0,1,1,1,2,1,0,1,0,2,0,1.0,88,15,5.866666666666666
1,15,105,0,0,0,6,0,1,0,0,0,0,0,1,0,2,0,1.0,75,15,5.0
0,96,10,0,1,0,1,3,2,0,2,2,2,0,1,0,7,0,2.0,100,17,5.882352941176471
1,2,105,0,0,0,1,5,0,0,1,1,1,0,3,0,2,0,3.0,247,43,5.744186046511628
1,2,128,0,1,4,0,0,1,0,1,1,1,0,1,0,2,0,2.0,16,3,5.333333333333333
0,1,144,0,1,0,0,0,2,0,0,0,1,0,2,0,12,0,1.0,149,23,6.478260869565218
1,1,105,0,0,0,6,0,0,0,2,2,2,0,1,0,3,0,1.0,74,14,5.285714285714286
1,4,105,0,1,0,0,0,1,0,0,0,1,0,1,0,2,0,5.0,321,61,5.262295081967213
0,3,5,114,0,0,1,0,2,1,1,0,1,1,1,300,2,0,3.0,58,12,4.833333333333333
0,12,144,0,0,0,0,0,1,0,1,0,0,0,1,0,2,0,9.0,338,66,5.121212121212121
0,3,144,0,1,0,1,5,0,0,1,1,1,0,1,0,12,0,2.0,88,15,5.866666666666666
0,56,60,0,1,4,6,0,0,2,0,0,1,0,1,0,2,0,0.0,355,71,5.0
0,2,144,0,1,0,1,5,1,0,0,0,1,0,4,0,2,0,7.0,252,48,5.25
0,12,144,0,1,0,1,5,1,0,0,0,2,0,1,0,2,0,2.0,695,128,5.4296875
0,36,8,0,0,2,0,0,2,2,0,0,1,0,1,0,7,0,2.0,188,38,4.947368421052632
0,3,144,0,1,1,0,0,1,0,1,1,1,0,1,0,2,0,3.0,140,26,5.384615384615385
1,6,143,82,1,0,6,0,1,0,0,0,1,0,1,0,3,0,7.0,697,112,6.223214285714286
1,2,105,0,0,0,1,3,0,0,0,0,1,0,2,0,2,0,2.0,273,52,5.25
1,2,105,106,1,0,5,0,1,0,1,0,1,0,1,0,12,0,11.0,1398,250,5.592
1,9,105,0,0,0,0,0,1,1,0,0,1,0,1,0,12,0,5.0,289,54,5.351851851851852
0,1,144,0,1,0,1,0,1,0,0,0,2,0,1,0,2,0,4.0,95,19,5.0
1,1,105,0,2,0,5,5,0,0,1,2,1,0,4,0,12,0,3.0,286,51,5.607843137254902
1,4,105,0,0,0,0,0,0,0,1,1,1,0,3,0,2,0,0.0,421,83,5.072289156626506
0,3,144,0,1,0,1,0,1,0,0,0,1,0,1,0,2,0,7.0,216,36,6.0
1,6,105,0,0,0,1,5,0,0,0,0,0,0,1,100,2,0,3.0,323,66,4.893939393939394
0,5,144,130,1,0,5,5,1,1,0,0,1,0,1,0,2,0,2.0,419,84,4.988095238095238
1,1,105,0,2,0,3,5,1,0,1,0,1,0,4,0,6,0,4.0,215,36,5.972222222222222
1,2,105,0,1,0,6,0,0,0,1,1,1,0,1,0,12,0,1.0,142,22,6.454545454545454
0,3,144,0,1,1,0,0,1,0,1,1,1,0,1,0,12,0,3.0,11,2,5.5
1,7,105,0,1,0,1,5,1,0,0,0,0,0,1,0,7,0,3.0,574,108,5.314814814814815
0,0,152,114,0,0,6,0,1,0,1,1,1,0,1,0,12,0,6.0,117,26,4.5
1,28,128,0,0,1,0,0,2,1,1,1,2,2,1,0,4,0,0.0,278,45,6.177777777777778
1,3,105,0,1,3,0,0,1,0,1,0,0,0,1,0,2,0,4.0,260,49,5.3061224489795915
1,12,135,0,1,1,2,0,0,0,0,0,0,0,1,0,3,0,1.0,450,83,5.421686746987952
1,5,105,0,2,3,4,5,0,0,1,1,2,0,4,0,2,0,1.0,256,53,4.830188679245283
1,2,105,0,1,0,1,5,1,0,1,1,1,0,2,0,2,0,3.0,297,57,5.2105263157894735
0,2,144,0,1,1,4,5,1,1,0,0,1,0,1,100,2,0,2.0,40,6,6.666666666666667
0,1,147,16,2,0,1,5,1,1,2,2,2,0,6,0,12,0,7.0,237,46,5.1521739130434785
0,1,144,0,2,0,1,5,1,0,1,1,1,0,8,0,2,0,3.0,738,157,4.7006369426751595
1,1,105,106,0,0,5,5,1,0,1,0,1,0,1,30,2,0,6.0,1112,200,5.56
1,1,105,0,0,0,5,5,0,0,1,0,1,0,1,0,12,0,3.0,466,76,6.131578947368421
1,12,105,0,2,0,4,5,1,1,0,0,0,0,4,0,2,0,4.0,220,40,5.5
1,2,105,0,1,2,0,0,1,0,1,1,1,0,1,0,2,0,3.0,56,10,5.6
1,1,114,68,0,0,6,0,3,1,1,0,1,0,1,0,12,2,3.0,428,87,4.919540229885057
1,12,122,0,1,5,6,0,2,1,2,0,1,0,8,0,2,0,2.0,387,78,4.961538461538462
0,6,144,114,1,1,6,0,1,0,0,0,1,0,1,0,3,0,1.0,117,23,5.086956521739131
1,2,105,0,2,0,2,4,0,0,1,1,1,0,5,0,2,0,5.0,57,11,5.181818181818182
1,3,105,0,1,0,6,0,1,0,2,2,2,0,1,0,3,0,2.0,58,11,5.2727272727272725
0,12,144,0,1,0,1,5,1,1,0,0,0,0,1,0,2,0,5.0,319,62,5.145161290322581
0,18,8,0,0,2,0,0,2,0,0,0,1,0,1,200,2,0,3.0,521,103,5.058252427184466
0,14,6,4,1,0,2,5,0,1,0,0,1,0,1,150,2,0,3.0,129,24,5.375
1,12,104,0,1,0,6,0,1,1,0,0,0,0,1,150,2,0,1.0,109,19,5.7368421052631575
1,4,105,0,1,0,1,4,1,0,1,0,1,0,1,0,2,0,2.0,12,2,6.0
0,2,144,0,1,4,5,5,1,0,0,0,1,0,1,0,2,0,1.0,58,10,5.8
1,6,105,0,1,1,3,5,1,0,0,0,0,0,1,0,2,0,5.0,280,52,5.384615384615385
0,2,144,114,1,1,0,0,1,1,1,0,1,0,1,0,2,0,4.0,12,2,6.0
1,4,128,0,1,1,6,0,0,0,1,1,1,0,1,0,12,0,2.0,252,49,5.142857142857143
1,2,105,82,2,0,1,5,1,0,1,1,1,0,2,0,2,0,1.0,128,21,6.095238095238095
0,1,144,0,2,1,0,0,1,0,1,1,1,0,7,0,3,0,2.0,118,16,7.375
0,12,144,114,0,1,6,0,1,1,2,2,2,0,1,0,12,0,3.0,16,3,5.333333333333333
1,2,105,0,0,0,0,0,1,0,0,0,1,0,1,0,2,0,9.0,709,126,5.626984126984127
1,6,122,0,0,2,0,0,1,1,2,2,2,0,1,500,2,0,2.0,11,3,3.6666666666666665
1,3,135,0,1,5,0,0,1,1,1,0,1,0,1,0,2,0,1.0,174,35,4.9714285714285715
1,0,105,0,1,6,0,0,1,0,1,1,1,0,1,0,2,0,1.0,69,10,6.9
0,2,144,0,1,0,1,3,1,0,0,0,1,0,1,0,2,0,2.0,85,17,5.0
1,3,105,0,1,0,6,0,0,0,1,1,1,0,1,0,2,0,3.0,355,66,5.378787878787879
1,5,105,82,1,2,3,5,0,0,0,0,1,0,2,10,12,0,12.0,191,33,5.787878787878788
0,9,144,0,1,0,1,5,2,0,0,0,0,0,1,200,2,0,3.0,281,53,5.30188679245283
0,36,65,114,0,4,6,0,0,1,0,0,0,0,1,0,2,0,9.0,37,6,6.166666666666667
0,2,144,0,0,1,2,0,1,1,0,0,1,0,1,0,2,0,2.0,314,58,5.413793103448276
1,12,104,0,1,0,2,5,1,1,1,1,1,0,1,0,2,0,6.0,283,49,5.775510204081633
0,12,144,0,1,3,0,0,1,0,0,0,0,0,1,0,2,0,11.0,159,29,5.482758620689655
0,4,144,0,0,0,1,0,1,0,0,0,1,0,1,0,5,0,3.0,542,109,4.972477064220183
1,2,105,0,2,1,3,4,0,0,1,1,1,0,4,0,7,0,4.0,196,36,5.444444444444445
0,10,65,0,0,6,0,0,0,1,0,0,1,0,1,0,12,0,0.0,60,10,6.0
1,1,105,0,2,0,1,5,1,0,1,1,1,0,8,0,2,0,1.0,674,131,5.145038167938932
0,19,22,0,0,1,0,0,2,0,0,0,0,0,1,0,2,0,3.0,311,52,5.980769230769231
1,12,104,0,0,2,6,0,1,1,1,1,1,0,1,0,2,0,5.0,611,110,5.554545454545455
1,8,105,0,2,0,1,0,1,0,1,1,1,0,3,50,2,0,14.0,242,52,4.653846153846154
0,2,144,0,0,1,6,0,1,1,0,0,1,0,1,0,2,0,3.0,233,46,5.065217391304348
1,1,105,110,1,0,1,0,2,0,1,0,1,0,1,0,2,0,1.0,392,69,5.681159420289855
0,3,144,0,1,0,6,0,1,0,0,0,1,0,1,0,12,0,9.0,179,33,5.424242424242424
0,3,144,0,1,1,0,0,1,0,0,0,1,0,1,0,2,0,10.0,760,138,5.507246376811594
1,2,105,0,2,1,5,0,0,0,1,1,1,0,3,0,6,0,3.0,212,36,5.888888888888889
0,24,147,0,0,0,6,0,1,2,1,0,0,0,1,0,2,0,2.0,399,76,5.25
0,4,144,114,0,3,0,0,0,0,0,0,2,0,1,0,12,0,2.0,184,37,4.972972972972973
1,12,103,0,0,0,0,0,0,2,0,0,0,0,1,0,12,0,3.0,314,51,6.1568627450980395
0,4,144,0,0,0,1,0,1,2,2,2,1,0,1,0,2,2,8.0,954,189,5.0476190476190474
0,96,48,42,0,1,2,2,1,0,0,0,0,0,1,0,12,0,2.0,171,35,4.885714285714286
0,4,144,0,1,0,6,0,1,0,0,0,0,0,1,0,2,0,1.0,118,22,5.363636363636363
1,12,105,0,0,0,1,3,1,0,0,0,0,0,1,0,2,0,3.0,229,37,6.1891891891891895
1,4,105,0,1,0,5,0,0,0,1,0,1,0,1,0,12,0,2.0,849,157,5.407643312101911
1,1,135,0,0,0,2,4,0,1,0,0,0,0,5,0,12,0,4.0,179,38,4.7105263157894735
1,4,105,0,1,6,0,0,1,0,1,1,1,0,1,0,12,0,2.0,274,54,5.074074074074074
1,5,104,0,0,1,3,5,1,1,2,2,2,0,3,0,7,0,2.0,324,47,6.8936170212765955
1,3,103,81,0,0,1,4,1,1,0,0,1,0,2,150,2,0,20.0,391,79,4.949367088607595
1,12,105,0,1,1,4,5,1,0,0,0,1,0,1,0,6,0,3.0,217,37,5.864864864864865
1,3,105,0,0,0,6,0,1,0,1,0,1,0,1,0,12,0,30.0,77,11,7.0
1,2,105,0,2,4,5,5,0,0,1,1,1,0,5,0,5,0,3.0,407,76,5.355263157894737
1,2,88,82,0,0,6,0,2,0,1,0,1,0,1,90,2,0,5.0,91,14,6.5
0,2,144,0,2,0,1,0,1,0,2,2,2,1,2,0,12,0,2.0,2150,366,5.8743169398907105
0,2,144,0,1,0,1,5,1,0,0,0,1,0,1,0,7,0,1.0,325,66,4.924242424242424
1,1,135,82,2,3,4,5,1,0,1,1,1,0,2,0,12,0,2.0,317,62,5.112903225806452
1,1,84,63,2,5,6,0,1,1,1,1,1,0,2,0,2,0,4.0,576,112,5.142857142857143
0,2,144,0,1,0,6,0,1,0,1,0,1,0,1,0,2,0,1.0,390,69,5.6521739130434785
0,2,144,0,0,1,0,0,1,1,0,0,1,0,1,0,2,0,2.0,323,64,5.046875
1,0,82,0,2,0,2,5,0,1,1,2,2,0,3,0,2,0,1.0,192,38,5.052631578947368
0,2,144,0,0,1,6,0,0,0,0,0,1,0,1,0,2,0,6.0,285,56,5.089285714285714
1,4,128,94,1,4,6,0,1,1,1,0,1,0,1,50,4,0,2.0,44,7,6.285714285714286
0,1,144,0,2,0,6,0,1,0,1,0,1,0,5,0,2,0,3.0,9,1,9.0
0,24,144,0,1,1,0,0,1,1,0,0,1,0,1,0,2,0,2.0,379,73,5.191780821917808
1,5,105,0,0,1,2,2,2,1,1,1,1,0,1,0,2,0,5.0,736,139,5.294964028776978
0,36,144,0,0,1,0,0,0,2,2,2,1,0,1,0,2,0,3.0,293,57,5.140350877192983
0,3,144,0,1,1,6,0,1,0,0,0,1,0,1,0,2,0,3.0,637,129,4.937984496124031
1,1,105,0,2,0,1,3,1,1,1,1,1,0,2,0,2,0,30.0,363,58,6.258620689655173
0,2,144,0,1,0,1,0,1,0,1,1,1,0,1,0,12,0,2.0,120,23,5.217391304347826
0,12,144,0,1,6,0,0,2,0,0,0,0,0,1,0,12,0,0.0,430,83,5.180722891566265
0,9,144,116,1,1,6,0,2,1,0,0,0,0,1,200,2,0,5.0,175,31,5.645161290322581
1,2,105,0,0,2,5,0,0,0,1,0,1,0,2,0,12,0,3.0,533,100,5.33
0,2,144,0,1,0,1,0,1,0,1,0,1,0,1,0,2,0,3.0,185,33,5.606060606060606
0,2,174,114,0,1,6,0,1,0,2,2,1,0,1,0,2,0,2.0,88,16,5.5
0,1,144,0,2,0,4,5,0,0,1,1,1,0,6,0,12,0,2.0,245,48,5.104166666666667
0,36,54,0,0,0,1,5,1,0,2,2,0,0,1,0,5,0,3.0,601,118,5.093220338983051
0,1,42,114,0,0,0,0,1,1,1,0,1,0,1,0,2,0,3.0,12,2,6.0
1,6,105,0,1,0,1,5,1,0,1,0,1,0,1,0,12,0,2.0,174,33,5.2727272727272725
0,36,65,54,1,6,0,0,1,1,0,0,0,0,1,0,12,0,2.0,43,9,4.777777777777778
0,2,144,0,0,0,1,5,1,0,1,1,1,0,2,0,12,0,2.0,448,86,5.209302325581396
0,2,144,0,1,4,6,0,1,0,1,1,1,0,1,0,3,0,2.0,222,47,4.723404255319149
1,14,128,0,1,1,4,0,1,1,1,0,1,0,2,0,4,0,2.0,188,36,5.222222222222222
1,24,135,0,1,1,0,0,0,0,0,0,0,0,1,0,9,0,1.0,557,102,5.46078431372549
0,2,144,0,0,0,1,0,1,0,1,0,1,0,1,0,3,0,2.0,374,60,6.233333333333333
0,1,144,0,2,0,1,5,2,0,1,1,1,0,4,0,12,0,3.0,420,78,5.384615384615385
0,1,144,0,0,1,0,0,1,1,0,0,1,0,1,0,2,0,3.0,18,3,6.0
0,5,8,114,1,4,6,0,1,1,0,0,1,0,1,0,2,0,11.0,279,47,5.9361702127659575
0,3,144,0,0,0,1,5,0,0,1,1,1,1,9,0,2,0,9.0,812,160,5.075
1,3,105,0,1,0,6,0,0,0,0,1,1,0,1,1,3,0,5.0,20,3,6.666666666666667
1,3,105,0,0,2,3,0,0,0,2,2,2,0,1,0,12,0,4.0,34,6,5.666666666666667
1,1,105,82,2,0,5,5,1,0,1,0,2,0,5,0,2,0,1.0,867,143,6.062937062937063
0,2,144,0,1,0,1,5,1,0,1,0,1,0,1,0,4,0,1.0,268,56,4.785714285714286
0,3,144,0,1,1,0,0,1,0,0,0,1,0,1,0,2,0,4.0,229,38,6.026315789473684
0,2,144,114,0,0,1,5,2,1,1,0,1,1,1,0,2,0,1.0,102,22,4.636363636363637
0,2,144,0,1,4,0,0,1,0,0,1,1,0,1,0,2,0,2.0,971,171,5.678362573099415
0,5,144,0,1,0,0,0,1,0,0,0,0,0,1,250,2,1,4.0,814,151,5.3907284768211925
0,18,144,0,0,0,0,0,1,0,0,0,1,0,1,100,2,0,1.0,162,33,4.909090909090909
0,24,8,114,1,1,0,0,2,1,0,0,0,0,1,0,2,0,5.0,446,79,5.6455696202531644
0,4,144,0,0,0,6,0,1,0,0,0,0,0,1,0,2,0,4.0,462,87,5.310344827586207
0,3,144,114,1,1,6,0,1,0,0,0,1,0,1,0,3,0,4.0,232,41,5.658536585365853
1,3,93,73,2,0,1,1,1,1,1,0,1,0,2,100,2,0,2.0,139,24,5.791666666666667
1,24,128,0,1,3,5,5,2,0,0,0,0,0,1,0,12,0,2.0,44,7,6.285714285714286
1,3,105,0,1,0,2,0,1,0,0,0,1,0,1,0,2,0,2.0,544,96,5.666666666666667
0,12,144,0,0,0,1,4,0,1,2,2,2,0,1,0,2,0,5.0,192,37,5.1891891891891895
0,10,144,0,1,0,1,0,1,1,0,0,0,0,1,0,2,0,3.0,220,41,5.365853658536586
1,1,135,0,1,5,0,0,1,0,1,0,1,0,1,0,2,0,5.0,66,11,6.0
0,4,54,6,1,4,6,0,1,0,0,0,0,0,1,0,2,0,3.0,268,55,4.872727272727273
0,2,144,0,1,0,1,0,1,0,0,0,1,0,1,0,2,0,3.0,104,21,4.9523809523809526
0,1,144,114,1,4,0,0,1,0,1,1,1,0,1,0,3,0,1.0,115,23,5.0
0,2,144,0,0,0,6,0,1,0,1,1,1,0,1,0,2,0,3.0,137,27,5.074074074074074
0,1,144,0,1,1,0,0,1,1,1,1,1,0,1,0,3,0,1.0,105,15,7.0
0,36,144,0,0,4,0,0,1,1,0,0,0,0,5,0,2,0,1.0,226,43,5.255813953488372
1,2,103,81,2,0,1,4,0,1,1,0,1,0,2,0,12,1,5.0,262,47,5.574468085106383
1,0,105,0,2,1,4,5,1,1,1,1,2,0,3,0,12,0,2.0,419,82,5.109756097560975
1,6,105,0,1,0,1,5,1,1,0,0,0,0,1,0,7,0,7.0,103,19,5.421052631578948
1,48,104,0,1,5,6,0,1,1,0,0,0,0,1,0,2,0,4.0,430,78,5.512820512820513
0,36,144,114,0,5,0,0,0,1,2,2,0,0,2,0,2,0,6.0,221,40,5.525
0,72,54,0,0,0,1,5,1,1,1,1,1,0,1,0,2,0,1.0,18,2,9.0
0,1,144,0,1,0,1,5,1,0,1,1,1,0,1,0,12,0,1.0,167,35,4.771428571428571
1,1,105,0,0,5,6,0,0,0,1,1,1,0,1,0,2,0,3.0,309,58,5.327586206896552
0,39,144,0,0,0,6,0,1,0,0,0,1,0,1,0,2,0,5.0,124,24,5.166666666666667
0,3,144,0,2,1,0,0,1,0,1,1,1,0,2,0,2,0,4.0,355,67,5.298507462686567
0,2,144,0,0,0,1,0,1,0,1,1,1,0,1,0,2,0,1.0,359,63,5.698412698412699
0,3,144,0,1,0,6,0,0,0,2,2,2,0,1,688,12,0,5.0,102,5,20.4
0,2,144,0,0,0,1,5,1,0,1,1,1,0,1,0,2,0,2.0,375,75,5.0
1,5,135,0,1,0,6,0,0,0,0,0,1,0,1,0,12,0,3.0,973,187,5.2032085561497325
1,10,103,96,1,0,5,5,2,2,1,1,1,0,1,0,2,0,3.0,195,37,5.27027027027027
0,1,144,114,1,4,0,0,1,1,1,1,1,0,1,0,12,0,2.0,160,31,5.161290322580645
1,1,104,82,2,0,1,4,0,1,1,1,0,0,2,0,12,0,5.0,507,96,5.28125
1,3,105,106,0,0,1,0,0,0,1,1,0,0,1,0,2,0,3.0,15,2,7.5
0,2,144,0,2,1,4,5,2,0,0,0,1,0,6,0,2,0,1.0,326,44,7.409090909090909
1,4,105,0,1,6,0,0,0,0,1,1,0,0,1,0,12,0,3.0,167,30,5.566666666666666
1,5,105,0,1,4,0,0,1,0,0,0,0,0,1,0,2,0,3.0,299,53,5.6415094339622645
0,6,144,0,0,1,0,0,1,0,1,1,1,0,1,0,2,0,2.0,97,16,6.0625
0,60,144,0,0,1,0,0,1,1,2,2,2,0,1,0,12,0,4.0,574,102,5.627450980392157
0,2,144,114,0,1,0,0,1,0,0,0,1,0,1,0,2,0,3.0,234,43,5.441860465116279
0,36,149,114,0,0,1,5,2,0,0,0,0,0,1,0,2,0,10.0,433,79,5.481012658227848
0,51,144,0,1,1,6,0,1,1,0,0,0,0,1,80,2,0,5.0,166,30,5.533333333333333
1,3,128,106,1,1,4,0,1,0,0,0,1,0,1,60,2,0,2.0,121,22,5.5
1,2,105,0,0,0,5,0,0,0,1,1,1,0,1,0,12,0,3.0,233,43,5.4186046511627906
1,18,105,0,0,1,0,0,0,0,2,0,2,0,1,0,12,0,6.0,22,5,4.4
0,2,144,0,1,0,1,0,1,0,1,1,1,0,1,20,3,0,1.0,201,32,6.28125
1,3,104,0,1,2,6,0,0,1,1,1,1,0,1,0,2,0,5.0,96,14,6.857142857142857
0,72,5,0,1,0,1,0,2,1,1,0,0,0,1,0,12,0,4.0,388,67,5.791044776119403
1,2,105,0,1,5,6,0,1,0,0,0,1,0,1,0,12,0,2.0,108,16,6.75
1,15,135,0,0,3,6,0,1,0,0,0,1,0,1,0,12,0,3.0,113,23,4.913043478260869
1,4,88,82,0,0,0,0,1,0,0,0,1,0,1,0,2,0,2.0,95,15,6.333333333333333
1,3,104,0,0,2,0,0,1,1,1,1,1,0,1,0,12,0,2.0,85,17,5.0
0,3,144,114,1,6,0,0,1,0,1,1,1,0,1,0,12,0,3.0,382,73,5.232876712328767
1,2,83,0,0,4,6,0,2,2,2,2,2,0,1,350,2,0,2.0,202,42,4.809523809523809
1,3,105,81,2,2,6,0,0,1,1,1,1,0,2,0,2,0,3.0,461,95,4.852631578947369
0,38,144,0,1,0,0,0,0,1,0,0,0,0,1,80,2,0,5.0,235,47,5.0
1,1,104,0,0,0,6,0,1,1,1,1,1,0,2,0,2,0,3.0,26,4,6.5
0,17,60,0,0,6,0,0,1,0,0,0,1,0,1,155,12,0,0.0,78,15,5.2
0,12,144,0,2,0,6,0,2,0,1,0,1,0,2,0,2,0,5.0,174,30,5.8
1,3,135,0,2,3,5,5,1,0,2,2,2,0,4,0,7,0,5.0,51,11,4.636363636363637
1,6,104,0,0,0,5,5,1,1,0,0,1,0,1,0,2,0,4.0,16,3,5.333333333333333
0,3,99,0,1,1,0,0,3,1,0,2,1,0,1,0,7,0,1.0,334,58,5.758620689655173
1,2,105,0,0,5,0,0,0,0,1,0,1,0,1,0,12,0,1.0,408,79,5.1645569620253164
0,2,30,114,1,4,0,0,1,0,1,0,1,0,1,0,2,0,8.0,167,27,6.185185185185185
0,2,144,0,1,0,0,0,1,1,1,1,1,0,1,0,2,0,5.0,319,59,5.406779661016949
1,2,105,0,0,0,6,0,1,0,1,0,1,0,1,0,2,0,14.0,213,37,5.756756756756757
1,5,105,0,0,0,6,0,0,0,0,0,1,0,1,0,2,0,11.0,262,56,4.678571428571429
1,4,105,0,1,1,2,5,1,0,1,1,1,0,1,0,12,0,3.0,263,48,5.479166666666667
0,3,144,0,1,1,6,0,0,0,2,2,2,1,1,0,2,0,0.0,254,52,4.884615384615385
0,7,144,0,1,0,0,0,1,0,0,0,0,0,1,0,2,0,3.0,247,51,4.8431372549019605
1,8,103,0,1,1,6,0,1,2,1,1,1,0,1,0,2,0,2.0,221,44,5.0227272727272725
0,24,144,114,1,0,1,5,1,1,2,0,2,0,1,0,7,0,1.0,436,80,5.45
1,4,105,0,1,0,5,0,1,0,1,1,1,0,1,10,2,0,4.0,97,21,4.619047619047619
1,6,135,0,1,5,0,0,0,0,1,0,1,0,1,0,12,0,6.0,409,78,5.243589743589744
1,12,135,0,2,0,2,5,1,0,2,2,1,0,4,0,2,0,1.0,873,177,4.932203389830509
1,1,84,0,0,0,6,0,0,0,1,1,1,0,1,0,12,0,2.0,11,3,3.6666666666666665
0,2,144,0,2,0,1,0,0,1,1,1,1,0,9,0,4,0,6.0,312,56,5.571428571428571
1,12,105,0,2,0,1,4,1,1,1,1,1,0,3,0,12,0,1.0,602,119,5.0588235294117645
0,3,144,0,0,1,4,5,1,1,1,1,1,0,1,0,3,0,4.0,81,15,5.4
1,1,105,0,0,0,6,0,0,1,1,0,1,0,1,0,3,2,8.0,420,83,5.0602409638554215
0,4,144,0,1,3,0,0,1,0,2,0,2,0,1,0,5,0,1.0,102,20,5.1
1,1,105,0,2,0,1,4,1,0,1,0,1,0,4,0,12,0,3.0,448,87,5.149425287356322
0,1,144,0,1,1,4,5,1,1,1,1,1,0,1,0,3,0,0.0,265,47,5.638297872340425
1,5,125,82,0,0,5,5,1,0,1,0,1,0,1,0,12,0,1.0,449,90,4.988888888888889
0,3,144,0,1,4,0,0,1,2,1,0,1,0,1,200,7,0,11.0,2100,392,5.357142857142857
0,5,144,114,2,0,4,5,1,0,0,0,1,0,2,0,2,0,5.0,440,85,5.176470588235294
1,12,105,0,1,3,0,0,1,0,1,1,1,0,4,0,12,1,2.0,151,23,6.565217391304348
0,1,144,76,0,0,1,0,2,1,0,0,1,0,1,0,2,0,4.0,279,47,5.9361702127659575
0,5,144,0,0,0,1,2,1,0,0,0,1,0,1,0,4,0,3.0,465,90,5.166666666666667
0,3,144,127,1,0,1,0,2,1,0,0,1,0,1,0,2,0,5.0,174,30,5.8
0,1,144,114,0,1,6,0,1,0,2,2,1,0,5,0,12,0,2.0,42,9,4.666666666666667
1,3,137,0,1,6,0,0,1,1,1,1,1,0,1,0,3,0,1.0,131,24,5.458333333333333
1,3,105,80,2,0,5,5,2,1,0,0,1,0,4,0,3,0,9.0,335,66,5.075757575757576
0,7,144,114,0,0,1,2,1,0,0,0,2,0,1,0,7,0,2.0,140,29,4.827586206896552
1,2,105,0,1,1,4,5,1,0,1,0,1,0,1,20,2,0,3.0,563,108,5.212962962962963
0,1,47,0,0,0,0,0,2,0,0,0,1,0,1,350,7,0,3.0,65,12,5.416666666666667
0,2,144,0,1,1,6,0,1,0,1,0,1,0,1,0,2,0,5.0,469,99,4.737373737373737
0,18,144,54,0,1,6,0,1,1,0,0,0,0,1,50,2,0,5.0,503,102,4.931372549019608
1,3,104,0,0,0,6,0,0,1,1,1,1,0,1,80,8,0,3.0,805,147,5.476190476190476
1,2,105,107,2,0,1,0,0,0,1,1,0,0,3,0,12,0,5.0,2957,517,5.71953578336557
0,1,144,16,0,4,0,0,1,0,0,0,1,0,1,0,1,0,1.0,703,137,5.131386861313868
1,12,96,73,1,0,1,2,1,1,1,0,0,0,2,0,2,0,6.0,408,73,5.589041095890411
0,1,144,0,1,0,6,0,1,0,1,0,1,0,1,0,12,0,1.0,84,18,4.666666666666667
0,2,144,114,1,1,0,0,1,1,1,0,1,0,1,0,2,0,9.0,12,2,6.0
1,8,112,0,1,5,6,0,1,0,1,1,1,0,1,0,2,0,3.0,121,27,4.481481481481482
1,1,104,0,0,0,6,0,1,1,1,0,1,0,1,50,2,0,5.0,685,130,5.269230769230769
0,3,165,114,0,0,6,0,1,0,0,0,2,0,1,0,2,0,3.0,19,5,3.8
0,3,144,114,2,0,1,1,1,0,1,0,1,0,3,0,12,0,3.0,880,151,5.827814569536423
1,10,105,0,0,0,6,0,1,0,1,1,0,0,1,0,2,0,7.0,125,20,6.25
0,96,166,0,0,0,0,0,2,0,0,0,1,1,1,0,2,0,1.0,215,37,5.8108108108108105
1,2,104,0,1,1,5,5,1,1,1,1,1,0,1,0,2,0,4.0,190,32,5.9375
0,49,144,114,0,1,0,0,1,0,0,0,0,0,2,0,2,0,3.0,224,38,5.894736842105263
0,14,144,0,1,0,0,0,1,0,0,0,0,0,1,0,12,1,2.0,805,158,5.094936708860759
0,2,144,0,0,1,5,5,0,0,0,0,1,0,1,0,2,0,4.0,91,16,5.6875
0,4,54,114,1,1,0,0,1,0,0,0,2,0,1,120,12,0,8.0,13,3,4.333333333333333
1,4,105,0,1,0,5,0,1,0,1,2,1,1,1,0,2,0,1.0,425,83,5.120481927710843
0,2,144,131,1,0,1,0,1,1,1,0,1,0,1,0,2,0,11.0,355,62,5.725806451612903
0,24,144,0,0,1,4,5,1,1,2,2,2,0,1,0,4,0,5.0,200,43,4.651162790697675
1,2,135,82,0,0,5,0,0,0,1,1,1,1,1,0,2,0,17.0,630,123,5.121951219512195
0,4,144,0,1,0,1,0,1,1,2,2,2,0,2,0,2,0,0.0,89,15,5.933333333333334
0,7,144,0,1,1,6,0,1,0,0,0,0,0,1,110,2,0,5.0,134,22,6.090909090909091
1,6,128,0,0,5,0,0,1,0,0,0,1,0,1,0,2,0,2.0,133,27,4.925925925925926
1,2,104,82,2,0,5,5,1,1,1,0,1,0,3,0,5,0,8.0,877,164,5.347560975609756
1,12,105,0,1,0,0,0,1,0,0,0,0,0,3,50,8,0,3.0,68,14,4.857142857142857
1,2,120,0,2,0,5,5,0,0,1,1,1,0,3,0,5,0,4.0,250,47,5.319148936170213
1,10,88,0,0,0,2,0,0,0,0,0,0,0,1,0,3,0,3.0,356,60,5.933333333333334
1,1,104,80,2,1,2,0,1,1,1,1,1,0,2,0,2,0,3.0,317,56,5.660714285714286
1,2,105,0,0,0,0,0,1,0,1,1,1,0,1,0,2,0,7.0,532,99,5.373737373737374
0,3,144,35,0,0,1,0,1,0,1,1,1,0,1,0,12,0,2.0,83,14,5.928571428571429
1,6,112,0,0,0,6,0,1,1,1,1,1,0,1,0,2,0,3.0,121,27,4.481481481481482
0,12,69,114,1,1,4,0,1,1,2,0,1,0,1,0,2,0,5.0,481,93,5.172043010752688
1,24,105,0,0,4,6,0,1,0,1,0,1,1,1,0,2,0,6.0,756,153,4.9411764705882355
1,3,105,0,1,6,0,0,0,0,1,1,1,0,1,0,3,0,3.0,15,3,5.0
0,3,144,0,1,0,6,0,1,1,0,0,1,0,1,0,2,0,3.0,387,77,5.025974025974026
0,36,144,0,1,1,0,0,1,0,0,1,0,0,1,0,2,0,2.0,318,62,5.129032258064516
0,72,5,0,0,0,1,0,2,0,0,0,1,0,1,250,2,0,3.0,248,50,4.96
0,24,144,0,1,4,0,0,1,1,2,2,2,0,20,0,5,0,1.0,93,19,4.894736842105263
0,2,69,114,0,1,0,0,0,1,1,0,1,0,1,0,2,0,5.0,408,83,4.9156626506024095
1,4,128,0,1,1,4,0,1,0,1,1,1,0,1,100,12,0,5.0,173,31,5.580645161290323
0,1,144,0,2,0,0,0,1,0,1,1,1,0,6,0,2,0,4.0,225,38,5.921052631578948
1,5,104,113,1,0,6,0,0,1,0,0,0,0,1,0,12,0,2.0,425,77,5.51948051948052
0,49,60,0,0,1,4,5,0,2,0,0,0,0,1,0,0,0,1.0,110,22,5.0
0,2,144,0,1,0,1,0,1,1,0,0,1,0,1,0,4,0,1.0,243,45,5.4
0,4,144,0,0,0,0,0,0,0,0,1,1,0,1,0,2,0,6.0,171,35,4.885714285714286
1,3,105,0,1,1,2,3,1,1,2,2,2,0,1,0,12,0,4.0,569,117,4.863247863247863
0,2,144,114,0,0,0,0,1,0,0,0,1,0,1,50,2,1,5.0,1110,180,6.166666666666667
0,3,144,0,0,1,6,0,1,0,0,0,0,0,1,0,2,0,3.0,385,77,5.0
0,36,41,0,0,4,6,0,0,1,0,0,0,0,1,200,2,0,4.0,1062,198,5.363636363636363
1,6,105,0,1,5,6,0,0,0,1,0,1,0,1,0,2,0,1.0,200,37,5.405405405405405
0,1,144,0,1,0,6,0,1,0,2,0,1,0,1,0,2,0,3.0,242,44,5.5
1,3,103,0,1,0,5,5,1,2,1,1,1,0,1,100,2,0,2.0,76,10,7.6
1,3,135,0,1,1,4,5,1,0,1,0,1,0,2,0,2,0,6.0,161,30,5.366666666666666
0,12,144,0,1,6,0,0,1,0,0,1,0,0,4,0,2,0,14.0,460,82,5.609756097560975
0,2,144,0,1,0,6,0,1,0,0,0,1,0,1,0,2,0,8.0,294,51,5.764705882352941
0,5,144,0,0,1,0,0,1,0,0,0,0,0,1,0,2,0,5.0,252,43,5.8604651162790695
0,1,144,0,0,6,0,0,1,0,1,1,1,0,1,0,2,0,2.0,491,96,5.114583333333333
0,1,144,0,0,0,1,0,1,1,1,1,1,1,1,0,3,0,5.0,95,19,5.0
0,36,8,6,0,2,0,0,2,1,2,2,2,0,1,0,2,0,1.0,64,13,4.923076923076923
1,65,104,82,2,2,3,5,1,1,2,2,2,0,20,50,2,0,4.0,460,81,5.679012345679013
0,108,62,0,1,0,1,0,0,2,0,0,0,0,1,0,2,0,2.0,446,68,6.5588235294117645
1,26,104,0,1,1,4,5,2,1,1,0,1,0,1,10,10,0,2.0,428,75,5.706666666666667
0,2,65,114,0,1,2,0,1,1,1,1,1,0,1,0,2,0,5.0,48,8,6.0
0,3,144,0,1,0,3,5,0,0,1,2,2,0,3,0,2,1,4.0,128,28,4.571428571428571
0,2,144,0,1,1,4,0,1,0,1,1,1,0,1,0,2,0,2.0,446,80,5.575
0,5,144,0,1,6,0,0,1,0,0,0,1,0,1,0,2,0,6.0,170,30,5.666666666666667
1,4,105,0,0,0,1,5,2,0,1,1,1,0,1,0,12,0,3.0,1,1,1.0
0,60,144,0,0,1,2,0,1,0,0,0,1,0,1,0,2,0,1.0,66,10,6.6
1,12,105,0,1,5,0,0,1,0,0,0,0,0,1,50,12,0,2.0,11,2,5.5
1,3,105,0,1,4,6,0,1,0,2,2,1,0,1,0,12,0,3.0,113,17,6.647058823529412
0,1,144,0,1,1,6,0,1,0,1,1,1,0,1,50,2,0,1.0,59,11,5.363636363636363
0,9,166,131,0,0,0,0,2,1,0,0,1,0,1,0,2,0,7.0,12,2,6.0
1,1,103,0,1,0,5,0,0,2,1,1,1,0,1,0,1,0,2.0,461,84,5.488095238095238
0,6,144,0,0,1,6,0,1,0,0,0,1,0,1,0,2,0,4.0,197,37,5.324324324324325
1,6,105,66,1,0,5,0,1,1,0,0,1,0,1,0,2,0,3.0,223,42,5.309523809523809
1,4,107,0,2,3,6,0,0,0,1,1,1,0,4,0,3,0,4.0,408,75,5.44
0,36,3,0,1,3,0,0,0,0,1,1,2,1,1,0,2,0,1.0,217,43,5.046511627906977
0,48,144,0,1,1,6,0,1,0,0,0,0,0,1,0,2,0,10.0,521,110,4.736363636363636
0,1,144,0,1,0,0,0,1,1,1,1,1,0,1,0,3,0,1.0,133,22,6.045454545454546
0,12,144,6,1,1,2,0,1,1,0,0,0,0,1,0,2,1,20.0,656,118,5.559322033898305
1,2,105,0,0,0,5,5,1,0,1,1,1,0,1,0,2,0,2.0,352,64,5.5
0,3,144,0,0,1,6,0,1,1,1,0,1,0,1,0,12,0,1.0,165,32,5.15625
0,1,144,0,2,0,1,0,1,0,1,1,1,0,2,0,12,0,2.0,161,30,5.366666666666666
1,4,88,82,1,0,1,0,0,1,1,1,1,0,3,0,4,0,3.0,132,19,6.947368421052632
0,8,144,0,0,0,1,5,1,0,0,0,0,0,1,0,12,0,11.0,360,66,5.454545454545454
1,7,120,101,0,4,6,0,1,0,2,0,0,0,1,10,2,0,5.0,142,20,7.1
0,3,144,0,1,6,0,0,1,0,0,0,1,0,1,200,2,0,9.0,1201,228,5.267543859649122
0,6,144,0,0,0,6,0,1,1,0,0,2,0,1,0,12,0,1.0,69,12,5.75
0,3,144,0,1,0,1,0,0,0,0,0,1,0,1,0,12,0,6.0,27,4,6.75
0,2,148,0,1,3,4,0,0,0,1,0,1,0,1,300,2,0,9.0,321,58,5.5344827586206895
1,2,104,0,2,2,4,5,1,1,2,2,2,0,5,0,3,1,18.0,758,139,5.453237410071942
1,4,83,63,0,4,6,0,1,0,1,0,1,0,1,0,4,0,1.0,56,9,6.222222222222222
1,7,96,82,1,0,3,5,1,0,0,0,0,0,1,50,2,0,3.0,445,68,6.544117647058823
1,12,103,0,1,6,0,0,1,2,0,0,1,0,1,200,2,0,6.0,56,10,5.6
0,2,144,0,1,0,1,0,1,0,2,2,1,0,1,0,2,0,2.0,138,25,5.52
1,5,96,82,1,0,3,5,1,1,1,0,1,0,1,0,2,0,4.0,259,41,6.317073170731708
0,36,47,0,1,0,1,0,1,0,1,0,0,0,1,0,12,0,2.0,182,34,5.352941176470588
1,2,140,82,0,0,1,2,0,1,1,1,1,0,1,0,2,0,10.0,630,123,5.121951219512195
0,2,144,0,1,0,1,0,1,0,0,0,0,0,1,0,2,0,8.0,627,114,5.5
1,10,105,0,1,3,6,0,1,0,0,0,1,0,1,0,2,0,5.0,346,70,4.942857142857143
0,3,144,12,1,1,6,0,1,1,1,0,0,0,1,0,2,0,5.0,193,34,5.676470588235294
0,24,43,0,1,0,1,0,0,0,0,0,0,0,1,0,12,0,5.0,418,71,5.887323943661972
1,1,104,81,2,1,3,4,0,0,1,1,1,0,3,0,12,0,2.0,243,44,5.5227272727272725
0,2,144,0,0,0,0,0,1,0,0,0,1,0,1,0,2,0,1.0,280,51,5.490196078431373
1,2,128,81,2,1,4,5,0,1,1,1,1,0,4,0,12,0,27.0,544,103,5.281553398058253
0,5,144,114,0,1,0,0,1,0,1,1,2,0,4,0,2,0,5.0,20,4,5.0
1,12,105,0,1,0,6,0,1,0,0,0,0,0,1,0,12,0,5.0,107,20,5.35
0,1,144,114,1,0,1,0,1,1,2,2,1,0,1,0,2,0,1.0,431,81,5.320987654320987
0,0,144,0,2,0,5,0,0,1,1,1,1,0,6,0,7,0,1.0,484,92,5.260869565217392
0,22,165,0,1,1,6,0,1,0,0,0,0,0,1,0,12,0,2.0,382,72,5.305555555555555
0,12,144,0,0,0,1,5,1,1,2,2,2,0,1,0,2,0,6.0,691,139,4.971223021582734
0,4,30,114,0,0,1,3,0,0,0,0,0,0,1,0,2,0,5.0,577,114,5.06140350877193
1,29,105,0,0,0,1,0,1,0,0,0,0,0,1,90,12,0,11.0,2050,343,5.97667638483965
0,12,144,0,1,0,0,0,1,0,0,0,0,0,1,0,2,0,2.0,259,53,4.886792452830188
0,4,144,0,1,1,6,0,1,0,0,0,0,0,2,100,2,0,2.0,168,37,4.54054054054054
0,24,54,0,0,0,1,5,1,0,0,0,1,0,1,300,2,0,1.0,508,102,4.980392156862745
1,1,105,0,1,1,2,0,0,0,1,1,1,0,1,0,12,0,5.0,186,38,4.894736842105263
0,2,152,114,2,0,1,2,1,0,1,1,1,0,6,0,3,0,2.0,79,13,6.076923076923077
1,10,105,0,1,1,4,0,1,1,1,0,0,0,1,0,2,0,1.0,272,50,5.44
1,3,104,0,1,0,0,0,1,1,1,1,1,0,4,0,2,0,4.0,263,48,5.479166666666667
1,24,84,0,1,0,1,5,2,1,2,2,2,0,1,0,12,0,4.0,398,70,5.685714285714286
1,24,105,82,1,5,6,0,2,0,0,0,0,0,1,0,2,0,9.0,367,72,5.097222222222222
1,36,105,0,1,1,5,5,1,1,1,0,0,0,1,0,2,0,10.0,523,104,5.028846153846154
1,3,105,0,0,0,5,0,1,0,1,0,1,0,1,0,2,0,2.0,124,22,5.636363636363637
0,7,144,0,1,1,2,2,1,1,0,2,0,0,1,0,3,0,4.0,622,115,5.408695652173913
1,3,103,81,0,5,0,0,1,2,1,1,1,0,2,0,12,0,5.0,519,102,5.088235294117647
0,2,144,54,1,0,6,0,1,1,0,0,1,0,1,0,2,0,9.0,516,95,5.431578947368421
0,3,69,0,0,2,4,0,1,0,1,0,1,0,1,0,2,0,2.0,18,4,4.5
1,5,135,0,1,1,5,0,0,0,1,1,1,0,1,0,2,0,2.0,44,10,4.4
0,19,144,0,1,6,0,0,2,0,1,0,1,0,1,0,2,1,13.0,705,122,5.778688524590164
0,8,144,114,0,0,6,0,1,0,0,0,1,0,1,0,12,0,6.0,284,54,5.2592592592592595
0,6,8,0,1,2,0,0,2,2,0,0,1,0,1,0,2,0,1.0,169,27,6.2592592592592595
0,39,144,0,1,1,0,0,1,0,0,0,2,0,1,0,2,0,1.0,260,48,5.416666666666667
0,28,36,0,0,4,0,0,0,2,0,0,2,0,1,50,2,0,1.0,249,47,5.297872340425532
0,36,144,0,1,1,0,0,1,0,0,0,0,0,1,0,2,0,1.0,187,36,5.194444444444445
0,6,155,0,1,1,6,0,0,0,0,0,1,0,1,0,3,0,6.0,755,139,5.431654676258993
0,3,144,129,1,1,0,0,0,0,0,0,1,0,1,0,3,0,3.0,32,5,6.4
0,24,144,0,1,1,0,0,0,0,1,1,1,0,1,0,12,0,0.0,156,29,5.379310344827586
0,3,144,114,0,0,0,0,1,1,0,0,1,0,1,0,2,0,1.0,233,49,4.755102040816326
0,48,30,114,1,0,1,0,0,0,0,0,2,0,1,0,2,0,5.0,1520,302,5.033112582781457
0,24,144,0,0,1,5,5,1,0,0,0,0,0,1,0,12,0,1.0,1090,208,5.240384615384615
0,1,144,0,2,0,1,3,1,0,1,1,1,0,2,0,2,0,14.0,639,119,5.369747899159663
0,5,144,0,1,1,4,0,2,1,1,0,1,0,1,0,2,0,2.0,29,5,5.8
0,1,144,0,2,0,1,5,2,0,1,1,1,0,8,0,2,0,4.0,2146,399,5.37844611528822
0,1,144,114,2,0,1,5,1,1,1,1,1,0,5,0,2,0,4.0,297,60,4.95
1,2,105,0,0,3,4,0,2,1,1,1,2,0,2,0,2,0,4.0,139,29,4.793103448275862
0,1,144,0,1,0,4,5,1,0,1,1,1,0,6,0,2,0,1.0,32,5,6.4
1,2,135,0,0,2,6,0,1,0,1,0,1,0,1,0,2,0,2.0,298,55,5.418181818181818
1,3,105,0,1,0,3,5,1,0,1,1,2,0,2,0,2,0,4.0,86,17,5.0588235294117645
1,24,129,0,0,3,4,0,2,1,0,0,0,0,1,0,2,0,5.0,198,35,5.6571428571428575
0,3,144,114,0,0,1,5,1,1,0,0,1,0,1,0,12,0,2.0,132,22,6.0
1,1,105,0,1,0,6,0,1,0,0,0,1,0,1,0,12,0,3.0,318,64,4.96875
1,4,105,0,0,2,0,0,1,0,0,0,0,0,1,100,2,0,2.0,194,28,6.928571428571429
0,8,144,0,1,1,0,0,1,0,0,0,0,0,1,0,12,0,9.0,229,37,6.1891891891891895
1,8,96,0,1,0,1,2,0,0,2,2,0,0,1,0,12,0,5.0,320,61,5.245901639344262
1,3,105,0,0,0,5,5,0,0,0,0,1,0,1,0,2,0,7.0,174,32,5.4375
0,4,144,0,2,1,4,0,1,0,1,1,1,0,2,200,2,0,2.0,365,70,5.214285714285714
1,5,103,0,0,2,6,0,1,2,1,0,1,0,1,40,2,0,6.0,292,48,6.083333333333333
0,13,166,0,0,0,1,0,3,0,0,0,1,0,1,100,2,0,1.0,97,18,5.388888888888889
0,2,144,0,1,1,0,0,1,0,0,0,1,0,1,0,2,0,1.0,105,21,5.0
1,6,82,0,1,0,2,3,1,1,1,2,2,0,2,0,2,0,5.0,186,33,5.636363636363637
0,13,144,0,1,0,1,0,1,0,2,2,0,0,1,0,2,0,5.0,301,59,5.101694915254237
1,3,105,0,0,1,2,5,0,0,1,0,1,0,1,0,4,0,2.0,142,27,5.2592592592592595
0,2,144,0,0,0,1,0,1,0,1,0,1,0,1,0,2,0,1.0,184,41,4.487804878048781
0,2,144,54,2,0,1,5,1,0,1,1,1,0,3,0,2,0,5.0,588,111,5.297297297297297
0,30,144,0,0,0,0,0,1,0,0,0,1,0,1,0,9,0,4.0,228,46,4.956521739130435
0,1,147,0,1,0,1,3,1,1,1,1,1,0,1,200,6,0,8.0,237,38,6.2368421052631575
1,4,105,0,2,1,3,4,0,0,0,0,1,0,3,100,2,0,3.0,179,31,5.774193548387097
0,60,144,4,0,0,1,0,0,0,2,2,0,0,1,0,2,0,8.0,1474,283,5.208480565371024
1,0,105,0,0,0,0,0,0,0,1,1,1,0,1,0,2,0,2.0,61,10,6.1
0,16,144,0,1,0,1,5,1,0,0,0,0,0,1,0,7,0,5.0,855,136,6.286764705882353
1,24,103,0,0,5,6,0,2,2,1,1,1,0,1,100,12,0,3.0,88,18,4.888888888888889
0,36,144,0,0,2,0,0,1,1,2,2,1,0,1,0,2,0,3.0,1439,271,5.3099630996309966
0,36,166,0,0,0,0,0,1,0,0,0,0,0,1,0,4,0,1.0,353,66,5.348484848484849
0,9,144,0,1,2,3,3,0,1,0,0,0,0,1,0,2,0,3.0,227,46,4.934782608695652
1,48,104,82,1,0,1,1,1,1,0,0,0,0,2,0,2,0,3.0,179,31,5.774193548387097
0,2,144,0,0,6,0,0,1,0,1,1,1,0,1,20,3,0,1.0,201,32,6.28125
1,55,105,0,1,0,3,5,2,0,0,0,0,0,3,0,2,0,6.0,625,112,5.580357142857143
1,1,105,0,1,0,0,0,0,0,1,1,1,0,1,0,2,0,2.0,160,32,5.0
1,2,105,0,1,0,6,0,1,0,1,0,1,0,1,0,2,0,2.0,106,21,5.0476190476190474
0,50,8,0,0,2,0,0,2,2,0,0,1,0,1,0,2,0,3.0,819,165,4.963636363636364
0,2,144,0,1,0,0,0,1,1,1,1,1,0,1,0,2,0,3.0,54,7,7.714285714285714
0,1,38,133,2,0,1,5,1,1,1,1,1,0,9,100,6,0,5.0,1878,267,7.033707865168539
1,4,122,81,1,0,2,0,0,1,1,0,1,0,1,200,2,0,1.0,83,14,5.928571428571429
0,132,144,20,1,0,0,0,0,0,0,0,1,0,1,0,2,0,3.0,585,111,5.27027027027027
0,18,144,54,1,0,4,0,0,2,2,0,2,0,1,0,4,0,3.0,167,30,5.566666666666666
0,24,144,0,1,1,0,0,1,1,2,2,2,0,20,0,5,0,1.0,100,19,5.2631578947368425
0,2,144,0,1,0,1,0,1,1,1,1,1,0,1,0,2,0,1.0,226,39,5.794871794871795
0,1,144,0,1,0,6,0,1,0,1,1,1,0,1,20,3,0,1.0,141,25,5.64
0,12,144,0,0,4,0,0,1,0,2,2,2,0,1,0,2,0,2.0,40,7,5.714285714285714
0,24,22,114,0,4,0,0,2,0,1,0,1,1,1,0,12,0,4.0,719,127,5.661417322834645
0,84,50,0,0,6,0,0,2,2,0,0,2,1,1,280,12,0,2.0,183,29,6.310344827586207
1,2,104,0,1,0,6,0,0,0,1,0,1,0,1,0,5,0,3.0,52,11,4.7272727272727275
1,4,105,0,1,1,6,0,1,0,0,0,1,0,1,0,2,0,1.0,211,38,5.552631578947368
0,36,22,0,1,0,0,0,2,1,2,2,0,0,1,0,2,0,5.0,441,65,6.7846153846153845
1,5,105,0,0,0,1,0,0,0,0,0,1,0,2,0,12,0,10.0,372,68,5.470588235294118
0,2,144,0,0,1,4,0,1,1,0,0,1,0,1,0,2,0,4.0,392,77,5.090909090909091
0,2,22,114,0,2,6,0,1,0,1,0,1,0,1,0,2,0,0.0,25,4,6.25
0,2,144,16,1,1,4,5,1,0,2,2,2,0,3,0,3,0,1.0,369,64,5.765625
0,12,41,0,0,4,0,0,0,1,1,1,1,0,1,0,2,0,3.0,31,6,5.166666666666667
1,7,103,82,1,1,0,0,2,2,1,0,1,0,1,15,2,0,2.0,77,14,5.5
0,9,45,114,1,1,6,0,1,1,0,0,1,0,1,0,12,0,3.0,159,34,4.676470588235294
0,1,144,114,1,2,4,0,1,1,1,1,1,0,1,0,2,0,3.0,283,55,5.1454545454545455
1,5,135,0,0,3,4,0,1,0,0,0,1,0,1,0,2,0,4.0,353,67,5.268656716417911
1,2,105,0,0,1,4,4,1,0,1,1,1,0,1,0,2,0,1.0,274,52,5.269230769230769
0,0,144,0,2,0,5,5,1,0,1,1,1,0,5,0,2,0,5.0,112,21,5.333333333333333
1,2,105,0,1,1,3,3,1,0,1,1,1,0,3,0,12,0,4.0,20,4,5.0
1,2,105,82,2,4,5,5,0,0,1,1,1,0,2,0,2,0,13.0,191,34,5.617647058823529
0,2,144,0,2,0,1,3,2,0,0,0,2,0,2,0,12,0,1.0,197,33,5.96969696969697
0,2,144,0,1,0,1,0,1,0,1,1,1,0,1,0,12,0,1.0,189,35,5.4
0,36,60,30,1,0,1,5,1,2,2,2,2,0,1,0,2,0,3.0,73,10,7.3
0,1,144,114,1,0,1,0,1,1,0,0,2,0,2,0,0,0,2.0,120,24,5.0
1,0,104,0,1,0,1,5,2,1,1,1,1,0,3,0,12,2,4.0,355,70,5.071428571428571
1,12,92,82,0,0,0,0,0,0,0,0,0,0,1,120,2,0,0.0,93,16,5.8125
1,6,84,82,0,0,1,5,0,1,2,0,1,0,1,0,2,0,1.0,62,9,6.888888888888889
0,12,144,0,0,1,6,0,1,0,1,0,1,0,1,0,2,0,2.0,206,36,5.722222222222222
1,2,128,0,0,0,6,0,1,0,1,1,1,0,1,0,12,0,2.0,175,31,5.645161290322581
0,2,144,114,1,0,6,0,1,1,0,0,1,0,1,0,2,0,2.0,12,2,6.0
0,2,144,0,1,4,6,0,1,0,0,0,1,0,1,0,12,0,5.0,220,39,5.641025641025641
0,1,144,114,0,6,0,0,1,0,1,1,1,0,1,0,12,0,3.0,157,27,5.814814814814815
1,4,105,0,0,2,0,0,1,1,0,0,1,0,1,0,2,0,2.0,329,60,5.483333333333333
1,9,103,0,0,0,6,0,1,2,1,0,1,1,1,0,12,0,2.0,1613,303,5.323432343234323
0,48,65,114,0,4,0,0,1,1,0,0,0,0,1,0,12,0,3.0,1029,189,5.444444444444445
0,2,144,0,0,0,1,0,1,1,0,0,1,0,1,0,4,0,1.0,88,16,5.5
1,1,128,82,2,5,6,0,0,1,1,0,1,0,3,0,3,0,3.0,233,36,6.472222222222222
0,12,144,0,1,1,6,0,1,0,1,1,0,0,1,0,3,0,2.0,1109,201,5.517412935323383
1,12,105,0,1,0,1,0,0,0,2,2,2,0,1,0,3,0,1.0,401,70,5.728571428571429
0,24,155,0,0,0,1,0,0,0,0,1,1,0,2,0,2,0,2.0,291,52,5.596153846153846
0,1,144,0,1,1,0,0,1,0,1,1,1,0,1,0,2,3,4.0,573,112,5.116071428571429
1,2,104,0,1,1,2,4,1,1,1,0,1,0,1,0,12,0,3.0,742,149,4.97986577181208
1,2,105,0,1,2,0,0,1,0,1,0,1,0,1,0,5,1,3.0,90,13,6.923076923076923
1,4,105,0,1,0,2,5,0,0,1,1,1,0,1,0,12,0,5.0,115,21,5.476190476190476
1,4,105,0,1,0,5,5,0,0,1,1,1,0,1,0,2,0,3.0,264,59,4.47457627118644
1,1,104,0,0,6,0,0,1,1,1,0,1,0,1,0,2,0,2.0,125,19,6.578947368421052
1,4,105,106,1,0,1,5,1,1,0,0,0,0,2,100,2,0,2.0,224,46,4.869565217391305
1,2,104,0,2,0,1,5,1,1,1,1,1,0,4,0,2,0,5.0,214,39,5.487179487179487
1,1,104,0,1,0,6,0,1,1,1,0,1,0,1,0,2,0,1.0,533,108,4.935185185185185
1,6,105,0,1,1,0,0,0,0,0,0,0,0,1,0,2,0,1.0,39,8,4.875
1,1,103,0,0,2,0,0,0,2,1,1,1,0,1,0,2,0,3.0,259,50,5.18
1,12,105,0,0,0,6,0,1,0,2,2,1,0,1,0,12,0,3.0,60,12,5.0
1,36,105,101,1,1,0,0,2,1,0,0,0,0,2,0,2,0,4.0,208,34,6.117647058823529
0,24,144,0,1,0,1,0,0,1,0,0,0,0,1,100,3,0,3.0,706,135,5.229629629629629
0,48,40,0,0,1,2,5,0,2,0,0,1,0,1,200,2,0,2.0,193,38,5.078947368421052
0,1,144,0,2,1,5,5,1,0,1,1,1,0,6,0,2,0,0.0,657,125,5.256
0,2,144,0,1,0,6,0,1,0,1,1,1,0,1,0,12,0,3.0,212,36,5.888888888888889
0,4,144,0,0,0,0,0,2,1,0,0,1,0,1,0,2,0,5.0,1558,287,5.428571428571429
1,1,104,0,2,0,1,5,0,1,1,1,1,0,4,0,2,0,9.0,477,76,6.276315789473684
1,6,105,0,1,0,6,0,1,0,0,0,0,0,1,90,2,0,5.0,4582,770,5.950649350649351
0,0,144,0,2,0,1,0,1,1,1,2,1,0,5,0,7,0,1.0,130,25,5.2
0,24,54,0,0,1,6,0,0,0,2,2,2,0,1,0,2,0,0.0,42,9,4.666666666666667
0,2,144,0,2,0,1,5,0,1,0,0,1,0,4,0,2,0,5.0,485,83,5.843373493975903
1,2,105,0,0,0,6,0,0,0,1,1,1,0,1,0,2,1,5.0,780,159,4.90566037735849
0,2,144,0,1,6,0,0,1,1,1,1,1,0,1,0,12,0,4.0,38,7,5.428571428571429
0,2,144,114,1,0,1,0,1,1,1,0,1,0,1,0,2,0,5.0,14,3,4.666666666666667
1,5,105,0,1,0,2,3,0,0,1,0,1,0,1,0,12,0,3.0,153,30,5.1
0,48,144,114,0,0,1,0,1,1,0,0,0,0,1,0,2,0,2.0,94,20,4.7
1,6,104,0,1,0,1,5,1,1,0,0,1,0,1,0,12,0,1.0,149,24,6.208333333333333
0,1,144,0,2,0,1,2,0,1,1,1,2,0,3,0,4,0,5.0,407,76,5.355263157894737
1,1,105,0,1,5,0,0,0,0,1,0,1,0,1,0,2,0,2.0,433,80,5.4125
1,1,105,82,2,1,2,5,1,1,1,0,1,0,2,0,2,0,2.0,50,9,5.555555555555555
1,4,101,0,2,0,1,5,1,1,1,1,1,0,3,0,2,0,5.0,926,174,5.32183908045977
1,1,104,0,1,0,1,5,1,1,1,0,2,0,1,0,2,0,4.0,97,16,6.0625
0,2,144,4,1,0,1,0,2,1,0,0,1,0,1,0,2,0,5.0,300,51,5.882352941176471
1,2,105,0,1,0,2,4,0,0,1,0,1,0,1,30,2,0,1.0,462,81,5.703703703703703
0,2,144,0,1,2,0,0,1,0,0,0,1,0,1,0,2,0,1.0,105,21,5.0
0,7,144,0,1,1,0,0,1,0,0,0,1,0,1,0,12,0,1.0,425,80,5.3125
0,12,166,114,0,0,1,0,1,0,2,2,2,0,2,0,2,0,3.0,339,60,5.65
0,60,41,0,1,1,0,0,0,1,0,0,0,0,1,200,2,2,7.0,278,56,4.964285714285714
0,72,144,0,1,0,1,5,1,0,0,0,0,0,1,0,3,0,4.0,96,18,5.333333333333333
0,2,144,114,1,1,0,0,1,0,1,1,1,0,2,0,2,0,5.0,214,42,5.095238095238095
0,36,144,0,0,0,1,0,1,1,0,0,2,0,1,0,2,0,3.0,71,15,4.733333333333333
0,24,144,0,1,0,6,0,1,0,1,1,1,0,1,0,1,0,2.0,84,16,5.25
1,1,105,0,0,1,3,5,0,0,1,1,1,0,1,0,12,0,2.0,50,10,5.0
1,1,105,0,0,0,0,0,0,0,1,1,1,0,1,0,2,0,3.0,227,48,4.729166666666667
1,3,105,0,0,0,5,0,0,0,1,0,1,0,1,0,12,0,4.0,299,48,6.229166666666667
0,2,144,0,0,0,1,5,1,1,0,0,1,0,1,0,2,0,1.0,168,35,4.8
0,2,146,114,0,0,1,0,1,0,0,0,1,0,1,100,12,2,6.0,358,65,5.507692307692308
1,3,105,0,2,0,6,0,1,0,0,0,1,0,3,0,4,0,9.0,515,98,5.255102040816326
0,3,65,114,1,0,1,5,1,1,2,2,1,0,1,0,2,0,9.0,206,41,5.024390243902439
1,12,135,0,0,2,4,0,1,0,0,0,0,0,1,0,2,0,3.0,292,59,4.9491525423728815
1,2,105,0,0,5,0,0,1,0,1,1,1,0,3,0,2,0,3.0,135,21,6.428571428571429
1,0,104,0,2,0,1,5,0,0,1,1,1,0,3,0,12,0,0.0,133,26,5.115384615384615
1,4,104,82,1,2,0,0,0,1,0,0,1,0,2,0,12,0,3.0,15,3,5.0
1,1,104,81,1,1,4,5,0,1,1,1,1,0,1,30,2,0,4.0,234,36,6.5
0,4,144,0,0,0,1,2,1,1,1,0,1,0,1,0,2,0,17.0,1201,225,5.337777777777778
1,7,140,82,1,1,4,4,1,1,0,0,0,0,1,100,2,0,4.0,346,48,7.208333333333333
1,12,105,82,1,1,6,0,0,0,1,1,0,0,1,0,2,0,7.0,240,41,5.853658536585366
1,3,105,0,0,0,5,0,0,0,0,0,2,0,1,0,12,0,8.0,130,20,6.5
1,5,119,0,1,5,6,0,1,1,2,2,2,0,1,0,2,0,2.0,16,3,5.333333333333333
1,3,104,0,1,1,4,4,0,1,1,1,1,0,3,0,2,0,9.0,745,138,5.398550724637682
1,24,105,0,0,5,6,0,1,0,0,0,0,0,1,0,2,0,5.0,121,25,4.84
0,11,144,0,1,1,4,0,0,0,2,0,1,0,1,0,12,0,6.0,130,24,5.416666666666667
1,1,105,0,1,0,5,5,1,0,0,0,1,0,1,0,2,0,5.0,748,132,5.666666666666667
0,4,144,114,0,0,0,0,0,0,1,1,1,0,1,200,2,0,1.0,165,30,5.5
1,3,105,0,0,1,0,0,1,0,1,1,1,0,1,0,2,0,3.0,50,8,6.25
0,6,144,0,0,5,0,0,1,0,2,2,2,0,1,0,4,0,0.0,199,38,5.2368421052631575
1,15,128,82,0,1,4,0,1,0,2,2,2,0,1,0,2,0,3.0,814,163,4.993865030674846
0,18,144,0,0,1,0,0,1,1,0,0,1,0,1,0,7,0,5.0,123,24,5.125
1,6,84,0,0,3,6,0,0,0,1,1,1,0,1,0,12,0,3.0,627,121,5.181818181818182
0,10,164,114,1,0,1,5,1,0,0,0,0,0,1,0,12,0,5.0,178,34,5.235294117647059
1,84,122,81,1,0,3,5,1,1,2,2,0,0,1,50,2,0,3.0,486,87,5.586206896551724
0,48,60,0,0,0,0,0,0,1,0,0,1,0,1,0,12,0,0.0,161,31,5.193548387096774
0,60,36,0,1,1,0,0,0,2,0,0,1,1,1,50,2,2,9.0,1380,250,5.52
0,60,62,114,1,2,4,5,1,1,0,0,0,0,1,0,2,0,0.0,642,111,5.783783783783784
0,2,144,0,2,1,5,5,1,1,1,1,1,0,3,0,12,0,2.0,338,69,4.898550724637682
1,3,104,0,1,1,3,5,1,1,1,1,1,0,3,0,2,0,1.0,839,158,5.310126582278481
1,1,105,0,2,0,3,5,0,0,0,0,0,0,16,0,12,0,1.0,162,33,4.909090909090909
0,4,144,114,0,4,6,0,1,0,0,0,1,0,1,0,12,0,5.0,433,84,5.154761904761905
0,3,144,0,0,3,6,0,1,0,1,1,1,0,1,0,12,0,2.0,234,43,5.441860465116279
1,12,105,0,1,0,1,4,2,0,1,1,1,0,1,0,2,0,3.0,1067,202,5.282178217821782
1,48,105,0,1,5,6,0,1,0,1,1,1,0,1,0,12,0,5.0,408,77,5.298701298701299
1,8,105,81,2,1,3,5,1,0,1,0,1,0,3,0,3,0,2.0,268,47,5.702127659574468
0,1,144,0,0,0,6,0,1,1,2,2,1,0,1,0,2,0,1.0,88,16,5.5
1,4,105,0,0,5,0,0,1,0,1,1,1,0,2,0,2,0,0.0,57,10,5.7
0,7,144,0,1,4,6,0,1,0,0,0,0,0,1,0,2,0,4.0,310,56,5.535714285714286
1,72,105,82,1,5,0,0,1,0,0,0,0,0,1,0,2,0,4.0,27,1,27.0
1,4,105,0,0,2,6,0,1,0,1,0,1,0,1,30,2,0,1.0,388,70,5.542857142857143
0,12,30,0,0,1,0,0,0,0,2,2,2,0,1,0,2,0,1.0,329,62,5.306451612903226
0,12,65,114,1,6,0,0,1,1,2,2,2,0,1,0,2,0,4.0,339,64,5.296875
0,2,47,114,0,0,1,0,2,1,2,2,2,0,1,0,2,0,4.0,303,57,5.315789473684211
0,4,144,0,0,0,1,0,1,0,1,1,1,0,1,0,2,0,2.0,409,71,5.76056338028169
1,3,105,0,1,5,6,0,0,1,1,0,1,0,1,0,5,0,1.0,25,5,5.0
1,3,135,110,1,0,1,4,1,1,1,0,1,0,2,0,12,0,6.0,1345,230,5.8478260869565215
0,2,144,54,1,0,6,0,1,1,0,0,1,0,1,0,2,0,8.0,486,92,5.282608695652174
0,3,144,0,0,0,1,0,1,0,0,0,1,0,1,0,12,0,3.0,444,83,5.349397590361446
0,2,144,0,1,1,6,0,1,0,0,0,1,0,1,0,12,0,1.0,46,9,5.111111111111111
0,60,36,0,0,1,4,0,0,2,0,0,1,0,1,0,2,0,3.0,230,50,4.6
0,4,144,16,1,4,0,0,1,0,1,1,1,0,1,0,2,0,11.0,375,67,5.597014925373134
0,2,144,19,0,0,1,0,1,0,0,0,1,0,2,0,2,0,2.0,106,19,5.578947368421052
1,2,93,81,1,4,0,0,0,1,1,1,1,0,1,160,2,0,3.0,347,68,5.102941176470588
0,1,144,0,0,0,1,5,1,1,1,1,1,0,1,20,3,0,1.0,141,25,5.64
1,12,135,0,2,1,6,0,0,0,1,1,1,0,5,0,2,0,6.0,136,26,5.230769230769231
1,18,105,0,1,5,0,0,0,0,0,2,0,0,1,30,0,0,2.0,336,69,4.869565217391305
0,2,144,0,1,0,1,5,1,1,1,0,1,0,1,100,2,0,3.0,42,6,7.0
1,1,105,0,0,6,0,0,1,0,1,0,1,0,1,0,12,0,15.0,2489,469,5.3070362473347545
1,3,119,0,1,0,1,3,1,2,2,2,2,0,1,0,12,0,3.0,551,101,5.455445544554456
0,3,144,0,1,0,0,0,1,0,2,2,2,0,1,0,2,0,3.0,442,85,5.2
1,5,104,0,0,0,6,0,1,1,2,2,0,0,1,0,2,0,5.0,46,9,5.111111111111111
1,1,105,0,1,0,6,0,1,0,1,1,1,0,1,0,2,0,3.0,211,38,5.552631578947368
1,5,105,96,0,1,2,2,1,2,1,0,1,0,1,80,2,0,7.0,270,53,5.09433962264151
0,5,144,0,2,1,4,0,1,1,0,0,1,0,2,0,12,0,5.0,187,31,6.032258064516129
1,7,105,0,0,0,1,0,1,0,1,1,1,0,2,0,12,0,5.0,254,46,5.521739130434782
1,14,104,0,1,0,1,2,1,1,1,0,0,0,1,200,12,0,1.0,4014,789,5.08745247148289
0,2,144,0,2,0,1,5,1,0,2,2,1,0,6,0,2,0,5.0,1104,192,5.75
1,3,105,0,1,0,5,5,0,0,1,1,1,0,1,0,2,0,5.0,17,3,5.666666666666667
1,3,84,0,2,1,3,0,0,1,1,1,1,0,2,0,2,0,4.0,265,55,4.818181818181818
1,4,135,0,2,3,5,5,1,1,1,1,1,0,2,0,7,0,5.0,163,30,5.433333333333334
0,2,144,0,0,0,1,0,1,1,1,1,1,0,1,0,2,0,1.0,253,49,5.163265306122449
1,14,105,0,0,1,6,0,1,0,0,0,0,0,1,0,12,0,3.0,404,73,5.534246575342466
1,2,105,0,0,0,0,0,0,0,1,1,1,0,1,0,12,0,6.0,431,89,4.842696629213483
1,6,103,81,2,0,5,5,1,1,1,1,1,0,3,0,12,0,5.0,185,34,5.4411764705882355
0,13,65,0,1,6,0,0,1,2,0,0,1,0,1,0,2,0,1.0,110,22,5.0
1,4,105,0,1,0,0,0,1,0,1,0,0,0,1,0,12,0,2.0,55,5,11.0
0,6,144,0,1,6,0,0,1,0,0,0,1,0,1,0,2,0,1.0,427,83,5.144578313253012
0,2,145,114,1,0,0,0,1,0,2,2,1,0,1,0,2,0,4.0,134,25,5.36
0,2,144,114,0,1,0,0,0,0,1,1,1,0,1,0,2,0,1.0,418,74,5.648648648648648
0,1,144,0,2,0,0,0,1,0,1,1,1,0,7,0,2,1,3.0,42,8,5.25
0,39,144,114,1,1,0,0,1,0,0,0,0,0,1,0,2,0,3.0,146,4,36.5
0,2,144,6,1,1,0,0,1,1,0,0,1,0,2,0,3,0,0.0,41,6,6.833333333333333
0,6,144,114,1,1,0,0,1,0,1,1,1,0,1,50,2,0,1.0,1,1,1.0
0,2,65,114,1,0,6,0,0,1,1,1,1,0,3,0,6,0,5.0,210,38,5.526315789473684
0,1,144,0,0,0,0,0,1,0,1,1,1,0,1,0,2,0,3.0,390,81,4.814814814814815
0,1,144,0,0,0,1,0,1,1,2,2,1,0,1,0,2,0,3.0,88,16,5.5
1,6,105,0,1,5,0,0,0,0,1,0,1,0,1,0,2,0,3.0,63,7,9.0
0,4,65,114,1,0,2,0,1,1,0,0,1,0,1,0,2,0,1.0,231,40,5.775
1,17,104,0,2,0,3,5,2,1,0,0,0,0,2,0,2,0,7.0,383,69,5.550724637681159
0,2,144,0,1,6,0,0,1,0,1,1,1,0,1,0,2,0,5.0,557,107,5.205607476635514
1,2,104,0,1,1,4,5,1,1,1,0,1,0,1,0,12,2,4.0,1629,280,5.817857142857143
0,2,144,0,0,0,1,0,1,0,1,1,1,0,1,0,2,0,4.0,391,76,5.144736842105263
1,1,105,0,1,0,2,5,1,0,1,1,1,0,1,0,2,0,4.0,643,119,5.4033613445378155
1,24,105,0,1,0,1,0,1,0,0,0,0,0,1,50,2,0,3.0,707,147,4.809523809523809
0,2,69,114,2,0,1,2,1,1,2,2,2,0,3,0,3,0,1.0,45,9,5.0
1,8,105,0,0,5,6,0,1,1,0,0,1,0,1,150,12,0,3.0,157,31,5.064516129032258
1,1,104,81,0,0,6,0,1,1,1,1,1,0,1,0,2,0,3.0,1528,283,5.3992932862190814
0,3,144,0,2,1,3,3,1,0,2,2,2,0,5,0,3,0,1.0,256,49,5.224489795918367
1,3,110,101,1,4,0,0,0,0,1,0,1,0,1,0,12,0,5.0,203,27,7.518518518518518
0,2,166,114,1,0,1,0,1,0,0,0,1,0,1,0,2,0,3.0,124,22,5.636363636363637
0,24,144,0,0,1,6,0,1,0,0,0,0,0,1,0,2,0,5.0,369,69,5.3478260869565215
0,2,144,0,1,0,1,0,0,0,2,2,1,0,1,0,2,0,3.0,417,75,5.56
0,3,54,4,2,0,1,0,1,0,1,0,2,0,3,0,3,0,4.0,424,80,5.3
0,3,172,114,0,6,0,0,1,0,1,0,2,0,1,0,6,0,9.0,304,56,5.428571428571429
1,5,105,0,1,2,0,0,1,0,1,1,1,0,1,60,12,0,2.0,70,13,5.384615384615385
0,5,144,0,0,4,0,0,1,0,2,2,2,0,1,0,12,1,10.0,685,133,5.150375939849624
1,2,126,0,1,0,5,0,1,0,0,0,1,0,1,0,2,0,5.0,230,41,5.609756097560975
0,2,144,54,1,1,6,0,2,1,0,0,1,0,1,0,2,0,6.0,131,21,6.238095238095238
0,36,60,0,1,2,5,5,0,2,2,2,2,0,1,0,2,0,1.0,227,43,5.27906976744186
1,36,105,0,0,0,6,0,2,1,2,0,0,0,1,0,12,0,5.0,682,128,5.328125
0,5,144,0,0,0,0,0,1,0,0,0,1,0,1,0,2,1,5.0,519,103,5.038834951456311
0,3,144,114,0,0,1,0,1,1,0,0,1,0,1,0,2,0,2.0,12,2,6.0
0,120,22,8,0,0,1,1,2,1,0,0,0,0,2,0,2,0,3.0,1022,190,5.378947368421053
1,2,105,0,0,0,6,0,1,0,1,0,1,0,1,0,12,0,12.0,1727,318,5.430817610062893
0,5,69,114,1,2,0,0,1,0,0,0,0,0,1,0,2,0,2.0,347,69,5.028985507246377
0,12,144,0,0,0,0,0,0,0,2,2,1,0,1,0,2,0,2.0,83,13,6.384615384615385
0,24,65,114,1,0,1,5,1,1,0,0,0,0,1,0,2,0,3.0,81,14,5.785714285714286
0,2,144,0,2,0,6,0,1,0,1,0,1,0,2,0,12,0,18.0,283,50,5.66
0,2,148,47,1,0,6,0,0,1,0,0,1,0,1,350,2,1,9.0,158,25,6.32
1,12,103,80,0,2,0,0,1,2,0,2,2,0,1,0,2,0,5.0,297,60,4.95
0,2,144,0,0,4,0,0,1,0,1,1,1,0,1,0,2,0,1.0,33,6,5.5
0,3,49,0,1,0,6,0,3,1,0,1,1,1,1,0,0,0,4.0,630,115,5.478260869565218
0,2,144,114,1,1,0,0,1,1,0,0,1,0,1,0,2,0,1.0,12,2,6.0
1,60,126,0,0,5,0,0,2,1,0,0,0,0,1,300,2,0,14.0,893,165,5.412121212121212
0,2,144,0,1,0,1,0,1,0,1,1,1,0,1,200,12,0,1.0,280,56,5.0
0,2,144,0,1,1,0,0,1,1,0,0,1,0,1,0,4,0,1.0,225,41,5.487804878048781
1,4,105,0,1,1,4,4,0,0,0,0,1,0,1,0,2,0,4.0,555,108,5.138888888888889
1,2,105,0,2,2,5,0,0,0,1,0,1,0,2,0,12,1,5.0,119,21,5.666666666666667
1,3,104,0,0,0,6,0,0,1,1,1,1,0,1,0,2,0,4.0,794,145,5.475862068965517
1,2,105,0,0,3,6,0,2,0,1,1,1,0,1,0,2,0,11.0,396,70,5.6571428571428575
0,24,69,0,0,6,0,0,1,1,2,2,2,0,1,100,3,0,3.0,69,16,4.3125
0,1,144,0,1,1,4,5,1,1,0,1,1,0,1,0,3,0,5.0,114,20,5.7
1,2,83,0,1,1,5,5,1,2,0,0,1,0,1,400,2,1,11.0,1363,241,5.655601659751038
1,6,105,0,1,0,6,0,1,0,2,2,2,0,1,0,2,0,3.0,127,21,6.0476190476190474
1,10,104,0,1,0,1,5,1,1,1,1,1,0,1,0,7,0,1.0,205,42,4.880952380952381
1,3,105,0,0,0,6,0,1,0,0,0,0,0,1,0,2,0,15.0,368,68,5.411764705882353
0,2,144,0,0,0,1,0,0,1,1,1,1,0,3,0,2,0,5.0,228,39,5.846153846153846
0,2,144,0,0,0,1,0,1,0,1,0,1,0,1,50,3,0,3.0,154,21,7.333333333333333
1,1,105,0,2,0,3,4,1,0,1,0,1,0,5,0,12,0,11.0,1718,309,5.559870550161812
0,3,69,39,1,0,5,0,1,1,0,0,0,0,1,300,12,0,9.0,299,43,6.953488372093023
0,72,60,0,1,1,2,5,1,1,2,2,1,0,1,0,12,0,7.0,621,105,5.914285714285715
0,4,144,114,0,1,0,0,1,0,0,0,1,0,1,0,2,0,5.0,449,84,5.345238095238095
1,2,128,0,1,1,0,0,1,0,1,1,1,0,1,0,2,0,3.0,262,48,5.458333333333333
1,6,105,0,0,0,6,0,1,0,0,0,2,0,1,0,12,0,6.0,51,10,5.1
0,5,22,114,0,3,0,0,1,1,0,0,0,1,1,0,12,0,4.0,751,147,5.108843537414966
0,2,144,0,0,0,6,0,1,1,0,0,1,1,1,0,12,0,4.0,298,57,5.228070175438597
1,1,105,0,1,0,5,5,1,0,1,0,1,0,1,0,2,1,16.0,830,150,5.533333333333333
1,2,105,0,1,3,5,5,1,1,1,1,1,0,1,0,2,0,2.0,129,24,5.375
