Type,Age,Breed1,Breed2,Gender,Color1,Color2,Color3,MaturitySize,FurLength,Vaccinated,Dewormed,Sterilized,Health,Quantity,Fee,State,VideoAmt,PhotoAmt,desc_length,desc_words,average_word_length
0,0,144,0,1,0,1,5,1,0,1,1,1,0,6,0,2,0,9.0,109,20,5.45
0,14,47,0,0,0,1,0,2,0,0,0,1,0,1,1,2,0,0.0,171,30,5.7
0,4,60,54,2,1,6,0,0,1,0,0,0,0,2,0,2,0,5.0,215,40,5.375
1,24,128,96,1,6,0,0,1,2,2,2,2,1,6,0,2,0,1.0,138,25,5.52
0,2,144,0,1,0,0,0,2,0,0,0,1,0,2,0,2,1,3.0,770,144,5.347222222222222
1,1,105,82,2,0,6,0,1,0,0,0,1,0,2,1,12,0,3.0,309,57,5.421052631578948
1,2,105,0,1,5,6,0,1,0,1,0,1,0,1,0,12,0,2.0,140,22,6.363636363636363
0,3,144,0,1,1,0,0,0,0,2,2,2,0,3,0,5,0,1.0,39,6,6.5
1,3,105,0,2,0,6,0,1,1,2,2,2,0,2,0,2,0,3.0,213,32,6.65625
1,2,105,0,2,3,4,5,1,0,1,1,1,0,2,0,12,0,2.0,286,49,5.836734693877551
0,36,166,0,1,0,1,0,2,1,2,2,2,1,1,0,12,0,4.0,284,59,4.813559322033898
1,1,104,0,2,0,5,5,1,1,1,1,1,0,3,0,12,0,13.0,2140,379,5.646437994722955
0,0,144,0,1,0,6,0,1,1,2,2,2,0,5,0,12,0,5.0,149,28,5.321428571428571
0,24,144,0,1,1,6,0,1,0,0,0,0,0,1,0,2,0,24.0,490,87,5.632183908045977
0,2,144,0,1,3,4,5,1,0,1,0,1,0,1,0,2,0,5.0,777,146,5.321917808219178
1,4,105,0,0,3,6,0,0,0,0,0,2,0,1,0,12,0,5.0,103,18,5.722222222222222
0,1,69,47,2,0,4,5,1,1,1,1,1,0,4,0,2,0,2.0,207,40,5.175
1,3,105,81,1,0,3,5,1,0,1,0,1,0,4,0,2,0,5.0,644,128,5.03125
1,1,105,0,2,0,6,0,1,1,1,1,1,0,3,0,12,0,4.0,125,25,5.0
0,2,17,114,1,1,6,0,1,0,0,0,1,0,1,0,2,1,9.0,335,61,5.491803278688525
0,2,144,0,1,0,1,0,1,0,0,0,1,0,1,0,2,1,4.0,202,44,4.590909090909091
1,3,103,0,0,0,2,0,0,2,1,1,1,0,1,150,2,0,3.0,164,36,4.555555555555555
1,6,104,82,1,1,4,0,1,1,1,1,1,0,1,0,12,0,3.0,366,66,5.545454545454546
0,2,144,54,1,1,6,0,1,1,0,0,1,0,1,0,2,0,3.0,397,76,5.223684210526316
1,2,104,0,0,0,6,0,0,1,1,1,1,0,1,0,12,0,4.0,119,18,6.611111111111111
0,3,144,0,0,0,0,0,1,0,2,0,2,0,1,0,2,0,2.0,239,49,4.877551020408164
0,60,60,0,1,0,6,0,0,1,2,0,0,0,1,0,2,0,1.0,461,94,4.904255319148936
0,2,144,0,0,1,0,0,1,0,0,0,1,0,1,0,12,0,1.0,11,2,5.5
1,2,105,0,2,6,0,0,1,0,1,0,1,0,3,0,7,0,4.0,418,79,5.291139240506329
0,3,144,114,1,1,0,0,1,0,0,0,0,0,1,200,2,0,6.0,43,8,5.375
1,12,104,0,0,0,0,0,0,1,2,2,2,0,1,0,2,0,1.0,139,25,5.56
0,36,41,0,0,1,0,0,0,1,2,2,1,0,1,0,2,0,3.0,192,39,4.923076923076923
0,60,51,0,0,0,6,0,1,0,0,0,0,0,1,0,1,0,1.0,29,6,4.833333333333333
0,18,144,114,1,0,0,0,1,0,0,0,0,0,1,0,2,0,3.0,147,4,36.75
1,3,105,0,1,5,6,0,1,0,1,0,1,0,1,0,7,0,3.0,365,67,5.447761194029851
0,53,144,114,0,6,0,0,1,1,0,2,2,0,1,0,2,0,1.0,138,24,5.75
1,1,105,0,0,0,6,0,1,0,1,0,1,0,1,0,12,0,4.0,813,158,5.1455696202531644
0,48,144,7,0,1,0,0,1,0,2,2,2,0,1,0,2,0,1.0,56,11,5.090909090909091
1,1,105,0,2,0,3,4,0,0,1,1,1,0,4,0,2,0,0.0,213,37,5.756756756756757
0,1,144,0,1,0,1,0,1,0,0,0,1,0,1,0,2,0,6.0,137,23,5.956521739130435
0,25,51,0,0,5,6,0,1,2,0,0,1,0,1,100,2,0,2.0,16,3,5.333333333333333
1,14,105,0,1,1,0,0,1,0,2,2,2,0,1,0,2,0,2.0,213,40,5.325
1,1,105,0,1,1,5,5,0,0,2,2,1,0,1,30,2,0,1.0,159,23,6.913043478260869
1,36,105,0,1,0,5,5,1,1,1,1,0,0,1,0,12,0,4.0,212,39,5.435897435897436
1,12,105,0,1,1,0,0,0,0,1,1,1,0,1,0,2,0,5.0,172,31,5.548387096774194
1,0,105,0,2,0,4,5,1,1,1,1,1,0,4,0,2,0,3.0,295,58,5.086206896551724
0,1,144,0,2,0,1,5,1,0,2,2,2,0,5,0,2,0,15.0,1,1,1.0
1,5,104,0,0,0,0,0,1,1,2,2,2,0,1,0,2,0,1.0,25,5,5.0
1,2,135,0,2,0,3,4,1,1,1,1,1,0,2,0,2,0,2.0,180,31,5.806451612903226
1,4,121,0,1,1,3,5,0,0,1,0,1,1,1,0,2,0,1.0,209,36,5.805555555555555
0,3,51,0,0,5,6,0,0,1,0,0,1,0,1,0,7,0,5.0,159,32,4.96875
1,17,105,0,1,0,1,1,1,0,0,0,1,0,1,0,2,0,5.0,480,89,5.393258426966292
0,1,144,0,1,0,0,0,1,1,1,1,1,0,1,0,3,0,1.0,120,20,6.0
0,48,144,0,1,2,0,0,1,2,0,0,0,0,1,0,2,0,1.0,219,36,6.083333333333333
0,12,144,0,1,6,0,0,1,2,0,0,0,0,1,0,12,0,2.0,231,43,5.372093023255814
0,1,144,0,0,0,1,5,1,0,1,1,1,0,1,0,2,0,1.0,46,9,5.111111111111111
0,2,144,0,1,2,0,0,1,0,2,0,1,0,1,0,12,0,2.0,167,23,7.260869565217392
0,12,144,0,1,0,0,0,0,1,2,2,1,0,1,0,12,0,0.0,461,92,5.010869565217392
0,1,144,0,0,0,1,5,1,0,0,0,1,0,1,100,4,0,2.0,589,117,5.034188034188034
1,11,105,0,0,4,0,0,1,0,0,0,0,0,1,100,2,0,6.0,378,67,5.641791044776119
1,3,105,0,0,0,6,0,2,0,1,0,1,0,4,0,12,0,4.0,357,64,5.578125
0,2,144,0,1,1,0,0,1,1,0,0,1,0,1,0,2,0,1.0,188,35,5.371428571428571
1,12,135,0,0,2,0,0,2,0,0,0,0,0,1,50,12,0,4.0,110,23,4.782608695652174
1,2,88,81,1,0,1,4,0,1,1,1,1,0,3,0,12,0,7.0,786,149,5.275167785234899
0,36,69,114,1,1,6,0,1,1,1,0,0,0,1,0,2,0,7.0,471,88,5.3522727272727275
1,12,105,0,1,5,6,0,1,0,2,2,0,0,1,0,2,0,5.0,656,119,5.512605042016807
1,1,103,82,0,0,1,5,1,2,1,1,1,0,3,0,2,0,5.0,88,19,4.631578947368421
0,2,157,114,2,1,4,0,1,0,1,0,1,0,4,0,2,0,8.0,152,27,5.62962962962963
1,2,103,0,0,0,6,0,1,1,1,1,1,0,1,0,12,0,3.0,3,1,3.0
0,2,144,0,1,0,0,0,1,0,0,0,1,0,1,0,4,0,2.0,387,74,5.22972972972973
1,4,84,82,1,4,6,0,0,1,0,0,1,0,1,80,2,0,13.0,16,3,5.333333333333333
1,2,115,0,1,0,6,0,1,0,1,0,1,0,1,0,3,0,7.0,744,143,5.2027972027972025
0,60,54,0,0,0,1,5,1,1,1,0,1,1,1,0,12,0,5.0,1392,285,4.88421052631579
0,2,144,0,2,1,0,0,1,0,1,0,1,0,2,0,2,0,5.0,380,75,5.066666666666666
1,3,84,0,2,0,2,5,0,0,1,1,1,0,9,0,2,0,18.0,530,97,5.463917525773196
0,2,144,0,0,0,1,0,1,0,0,0,1,0,1,0,2,0,6.0,690,138,5.0
0,24,8,114,2,0,2,0,2,1,0,0,0,0,2,0,12,0,2.0,414,79,5.2405063291139244
0,48,69,0,0,1,4,5,1,2,0,0,0,0,1,0,2,0,3.0,486,92,5.282608695652174
1,0,135,0,0,4,5,5,1,1,1,1,1,0,1,0,12,0,1.0,263,48,5.479166666666667
0,12,144,0,1,1,0,0,1,0,0,0,0,0,1,0,2,0,1.0,199,37,5.378378378378378
0,3,144,0,0,0,0,0,1,0,2,2,1,0,1,0,2,0,2.0,91,16,5.6875
1,4,105,0,1,0,1,1,1,0,1,0,1,1,1,0,2,0,2.0,339,62,5.467741935483871
0,2,144,0,0,4,0,0,2,0,2,2,2,0,1,0,2,0,2.0,351,67,5.2388059701492535
0,24,144,0,0,0,1,2,1,1,0,0,0,0,1,0,4,0,3.0,314,63,4.984126984126984
1,4,104,106,0,2,4,5,1,1,0,0,1,0,2,0,12,0,11.0,944,186,5.075268817204301
0,2,144,0,2,1,3,0,1,1,0,0,2,0,2,0,5,0,2.0,240,42,5.714285714285714
0,36,144,0,0,0,1,0,1,0,0,0,1,0,1,0,2,0,3.0,602,109,5.522935779816514
0,3,144,0,2,4,0,0,1,0,1,1,1,0,5,0,2,0,1.0,207,40,5.175
1,4,104,0,0,6,0,0,1,0,0,0,1,0,1,30,3,0,1.0,33,7,4.714285714285714
0,2,144,54,0,1,6,0,1,0,1,0,1,0,1,0,2,0,4.0,217,41,5.2926829268292686
0,3,144,0,1,0,1,0,1,0,0,0,1,0,1,0,2,0,3.0,266,54,4.925925925925926
1,14,105,0,0,0,6,0,2,0,1,1,1,0,1,0,12,0,2.0,55,10,5.5
0,3,144,0,0,0,6,0,2,1,0,0,1,0,1,150,2,0,3.0,91,18,5.055555555555555
1,3,128,82,2,0,6,0,1,0,1,1,1,0,5,0,2,0,5.0,174,28,6.214285714285714
1,7,105,0,1,0,1,4,1,0,1,1,1,0,1,1,2,0,1.0,220,39,5.641025641025641
0,5,144,114,0,3,0,0,2,0,0,0,0,0,1,50,5,0,2.0,488,92,5.304347826086956
1,24,128,81,0,4,0,0,1,2,0,0,0,0,1,0,2,0,3.0,24,5,4.8
0,2,144,114,0,0,1,5,1,0,1,1,1,0,8,0,2,0,7.0,50,7,7.142857142857143
1,2,104,0,0,2,3,0,0,1,1,0,1,0,1,0,12,0,3.0,16,3,5.333333333333333
0,2,144,0,0,0,6,0,1,0,1,1,1,0,1,0,2,0,4.0,615,114,5.394736842105263
0,5,76,114,1,2,4,5,1,0,0,0,1,0,1,0,2,1,4.0,1290,237,5.443037974683544
0,3,144,0,1,0,1,1,2,0,2,2,2,0,2,0,3,0,1.0,97,18,5.388888888888889
1,12,135,0,1,5,0,0,1,0,1,0,1,0,1,80,2,0,1.0,46,7,6.571428571428571
1,6,120,0,1,1,0,0,0,0,0,0,0,0,1,200,2,0,4.0,183,34,5.382352941176471
0,60,54,114,0,0,6,0,1,0,0,0,0,0,1,0,2,0,8.0,477,84,5.678571428571429
0,4,144,0,0,1,0,0,1,0,0,0,2,0,1,0,5,0,4.0,108,21,5.142857142857143
0,1,144,0,0,0,1,0,1,0,1,0,1,0,1,0,12,1,6.0,574,108,5.314814814814815
0,2,144,0,1,1,0,0,0,0,0,2,1,0,1,0,3,0,3.0,200,40,5.0
1,6,137,0,1,0,1,2,1,1,2,2,2,0,1,0,2,0,0.0,139,26,5.346153846153846
0,9,60,0,0,1,6,0,0,1,2,2,0,0,1,0,2,0,4.0,252,52,4.846153846153846
1,3,105,0,0,3,6,0,1,0,1,1,1,0,1,0,2,0,1.0,65,11,5.909090909090909
1,2,122,82,1,0,2,0,0,1,1,1,1,0,1,100,3,0,3.0,181,31,5.838709677419355
0,2,144,0,1,1,6,0,1,0,1,1,2,0,3,0,5,0,5.0,39,8,4.875
0,6,155,0,1,1,0,0,0,0,2,2,1,0,1,250,3,0,5.0,44,8,5.5
0,4,5,114,1,0,2,0,2,1,0,0,1,0,1,0,2,0,4.0,457,80,5.7125
1,2,105,0,2,0,5,5,0,0,1,1,1,0,3,0,12,0,3.0,38,8,4.75
0,12,144,0,1,4,6,0,1,1,0,0,1,0,1,0,2,0,3.0,128,26,4.923076923076923
1,2,105,0,0,0,0,0,0,0,1,1,1,0,1,0,2,0,1.0,39,6,6.5
0,1,144,0,2,0,1,5,1,0,1,1,1,0,9,0,2,2,14.0,569,117,4.863247863247863
0,8,144,114,0,1,0,0,1,1,0,0,0,0,1,0,2,0,2.0,12,2,6.0
0,1,144,0,1,0,0,0,1,0,1,1,1,0,6,0,2,0,8.0,414,74,5.594594594594595
0,1,144,0,1,0,6,0,1,0,0,0,2,0,2,0,4,0,5.0,137,27,5.074074074074074
1,4,105,0,0,0,5,5,0,0,1,1,1,0,1,0,2,0,10.0,199,40,4.975
1,2,105,0,1,6,0,0,1,0,1,1,1,0,1,0,3,0,0.0,203,44,4.613636363636363
1,12,142,0,0,0,0,0,1,1,1,1,1,0,1,0,2,0,2.0,99,17,5.823529411764706
0,2,69,0,1,0,6,0,1,0,1,1,1,0,1,0,2,0,11.0,228,42,5.428571428571429
1,27,104,81,0,5,6,0,1,1,0,0,0,0,2,0,2,0,5.0,374,73,5.123287671232877
1,4,105,0,1,0,1,0,0,0,1,1,1,0,2,0,12,0,2.0,150,28,5.357142857142857
0,2,144,0,1,1,0,0,1,1,0,0,1,0,1,0,4,0,1.0,225,41,5.487804878048781
1,2,104,0,0,1,5,0,1,1,0,0,1,0,1,0,12,0,3.0,674,124,5.435483870967742
0,12,10,0,1,0,0,0,3,0,0,0,0,0,1,500,2,0,3.0,33,7,4.714285714285714
1,9,105,0,0,0,3,5,1,1,1,1,1,1,1,0,12,0,1.0,120,25,4.8
0,2,144,0,1,2,3,0,1,1,1,1,1,0,1,0,2,0,2.0,133,28,4.75
0,1,144,0,1,0,3,5,1,0,1,1,1,0,1,0,2,0,1.0,71,13,5.461538461538462
1,1,105,0,1,0,3,5,0,0,1,1,1,0,2,0,2,0,3.0,131,24,5.458333333333333
0,18,144,0,0,0,0,0,1,1,0,0,0,0,1,0,2,0,2.0,106,18,5.888888888888889
0,36,144,0,1,2,0,0,1,0,0,0,0,0,1,0,2,0,4.0,275,51,5.392156862745098
0,2,144,54,1,0,6,0,1,1,1,1,1,0,1,0,2,0,3.0,512,93,5.505376344086022
1,4,104,0,1,1,2,5,1,1,1,1,1,0,1,0,2,0,3.0,93,11,8.454545454545455
0,1,144,0,2,0,1,5,1,0,1,1,1,0,7,0,2,0,6.0,20,3,6.666666666666667
0,2,144,0,0,1,0,0,1,0,1,1,1,0,1,0,12,0,1.0,117,22,5.318181818181818
1,36,105,0,1,1,3,5,1,0,0,0,0,0,1,0,12,0,5.0,300,59,5.084745762711864
0,18,144,0,0,1,0,0,1,1,2,0,2,0,1,0,12,0,5.0,283,52,5.4423076923076925
1,0,105,0,0,3,4,0,1,0,1,1,1,0,2,0,2,0,10.0,252,44,5.7272727272727275
0,3,144,130,1,0,5,5,2,0,0,0,0,0,1,0,2,0,1.0,55,10,5.5
0,2,144,0,1,1,0,0,1,0,0,0,1,0,1,0,2,0,1.0,117,23,5.086956521739131
1,12,120,0,1,1,4,5,1,0,0,0,0,0,1,50,12,0,4.0,12,2,6.0
0,1,144,0,1,1,4,5,1,0,1,1,1,0,3,0,2,0,10.0,803,155,5.180645161290323
1,4,135,0,0,5,0,0,0,0,1,0,1,0,1,0,2,0,12.0,202,38,5.315789473684211
1,14,103,82,1,0,3,5,2,2,0,0,0,0,1,0,2,0,2.0,165,35,4.714285714285714
1,1,105,0,0,0,4,5,0,0,1,1,1,0,1,0,12,0,1.0,26,5,5.2
0,24,144,0,1,0,0,0,1,1,2,2,2,0,1,0,12,0,2.0,575,100,5.75
1,10,104,0,0,6,0,0,1,1,2,2,1,0,1,0,2,0,1.0,699,127,5.503937007874016
0,4,144,0,0,6,0,0,1,0,0,0,1,0,1,0,2,0,1.0,96,18,5.333333333333333
0,2,144,0,1,0,3,0,1,0,0,0,1,0,1,0,2,0,3.0,202,34,5.9411764705882355
0,96,8,0,0,2,0,0,2,2,0,0,0,0,1,0,7,0,2.0,190,38,5.0
0,6,62,0,0,0,1,5,0,1,0,0,1,0,1,0,3,0,3.0,16,3,5.333333333333333
0,2,144,9,0,0,1,5,1,0,0,0,1,0,1,0,2,0,7.0,308,52,5.923076923076923
0,1,144,114,2,0,1,5,1,0,0,0,1,0,4,0,2,0,8.0,442,73,6.054794520547945
0,48,26,0,1,6,0,0,0,2,0,0,1,0,1,300,7,0,2.0,838,155,5.406451612903226
1,7,104,82,1,0,6,0,1,1,2,2,2,0,2,0,2,0,9.0,320,55,5.818181818181818
0,3,144,131,1,0,1,0,2,0,0,0,0,0,1,300,2,0,3.0,455,79,5.7594936708860756
0,2,144,0,1,4,0,0,1,0,1,1,1,0,1,150,2,0,5.0,238,42,5.666666666666667
0,24,41,0,1,1,0,0,0,0,0,0,0,0,1,0,2,0,1.0,1,1,1.0
1,3,105,82,2,1,5,5,0,0,1,1,1,0,3,0,12,0,6.0,858,153,5.607843137254902
1,12,86,0,1,0,1,5,1,2,1,0,0,0,1,300,12,0,3.0,1024,194,5.278350515463917
0,12,22,4,2,0,4,0,1,1,0,2,0,0,2,0,3,0,6.0,594,107,5.5514018691588785
1,4,122,81,2,0,2,0,1,1,0,0,1,0,4,100,2,0,5.0,635,123,5.162601626016261
0,4,5,4,0,1,0,0,0,1,2,2,2,0,1,150,2,0,0.0,5,1,5.0
1,2,105,0,1,0,1,5,1,1,1,1,1,0,1,0,12,0,8.0,54,9,6.0
0,2,144,0,0,0,1,1,0,0,1,1,1,0,1,150,2,1,4.0,122,25,4.88
1,2,103,0,2,0,2,5,0,1,1,1,1,0,2,0,2,0,4.0,146,29,5.0344827586206895
1,3,105,0,1,3,0,0,0,0,2,2,2,0,1,0,12,0,3.0,60,11,5.454545454545454
1,4,105,0,0,5,0,0,1,0,0,0,1,0,1,0,12,0,2.0,25,4,6.25
1,2,105,0,0,1,2,3,1,0,1,1,1,0,1,0,2,0,7.0,264,48,5.5
0,2,144,0,0,1,6,0,1,0,1,1,1,0,1,0,12,0,2.0,273,51,5.352941176470588
1,6,103,82,0,3,4,5,1,1,2,0,1,0,1,30,2,0,2.0,175,32,5.46875
1,4,90,0,0,3,0,0,1,0,2,0,1,0,1,0,9,0,2.0,381,75,5.08
1,3,105,0,0,2,6,0,0,0,0,0,1,0,1,0,12,0,5.0,234,41,5.7073170731707314
0,65,26,0,1,6,0,0,0,1,0,0,2,0,1,0,12,0,1.0,377,77,4.896103896103896
0,3,144,114,0,0,1,5,2,0,2,0,2,0,1,50,12,0,2.0,99,16,6.1875
1,12,111,0,1,0,6,0,1,1,0,0,0,0,1,0,12,0,1.0,41,8,5.125
1,60,105,0,1,5,6,0,1,1,2,2,2,0,1,0,2,0,3.0,426,89,4.786516853932584
1,24,122,0,0,2,3,3,2,2,2,2,2,0,1,0,12,0,1.0,331,65,5.092307692307692
1,3,122,66,1,0,1,1,1,1,1,1,1,0,3,0,12,0,3.0,276,48,5.75
1,12,105,0,1,0,3,5,1,0,1,1,1,0,1,0,2,0,2.0,226,44,5.136363636363637
1,4,105,81,0,0,0,0,1,0,2,2,1,0,1,0,2,0,5.0,483,82,5.890243902439025
1,3,105,82,0,3,6,0,1,0,1,0,1,0,1,0,2,0,11.0,238,47,5.0638297872340425
0,135,51,0,0,5,6,0,0,0,2,0,2,1,1,0,2,0,0.0,1030,198,5.202020202020202
0,12,144,0,1,4,0,0,2,1,0,1,0,0,1,0,2,0,2.0,184,32,5.75
0,5,147,34,0,0,6,0,1,1,0,0,1,0,1,0,2,0,2.0,273,52,5.25
1,2,105,0,0,3,6,0,0,0,1,0,1,0,1,0,12,0,5.0,104,19,5.473684210526316
0,2,5,114,0,0,1,0,1,0,2,2,1,0,1,0,2,0,4.0,88,16,5.5
1,12,105,81,2,5,6,0,1,1,0,0,0,0,3,0,12,0,10.0,291,51,5.705882352941177
0,15,144,0,0,1,3,0,1,0,2,2,2,0,1,0,2,0,4.0,74,14,5.285714285714286
1,2,105,0,0,2,0,0,0,0,1,1,1,0,1,0,2,0,1.0,327,63,5.190476190476191
1,12,83,62,0,0,5,5,1,1,2,2,2,0,1,0,12,0,1.0,172,36,4.777777777777778
1,2,105,0,0,0,6,0,0,0,1,1,1,0,1,0,12,0,2.0,22,3,7.333333333333333
0,3,144,114,1,0,1,0,0,0,1,0,1,0,2,0,6,0,4.0,3,1,3.0
0,3,144,114,1,0,1,0,1,0,1,0,1,0,2,0,2,0,5.0,310,59,5.254237288135593
0,12,144,0,1,2,0,0,1,0,0,0,0,0,1,0,2,0,3.0,159,33,4.818181818181818
0,1,144,0,1,0,1,5,0,0,2,2,1,0,1,0,1,0,3.0,24,3,8.0
1,2,105,82,2,0,6,0,0,0,2,2,2,0,3,0,2,0,2.0,350,67,5.223880597014926
1,4,105,0,0,6,0,0,1,0,1,0,0,0,1,0,12,0,2.0,78,11,7.090909090909091
0,12,65,114,0,1,4,0,0,1,2,2,2,0,1,0,12,0,1.0,1566,264,5.931818181818182
0,4,144,0,1,1,2,0,1,0,0,0,1,0,2,0,2,0,8.0,207,38,5.447368421052632
1,9,105,0,1,0,6,0,1,0,0,0,1,0,1,0,2,0,4.0,108,19,5.684210526315789
0,36,51,0,1,5,6,0,1,1,0,0,0,0,3,350,9,0,5.0,257,47,5.468085106382978
0,36,144,0,1,1,4,5,2,1,1,1,0,0,1,0,7,0,1.0,58,10,5.8
0,2,144,0,1,1,6,0,1,0,0,0,1,0,1,0,2,0,4.0,244,52,4.6923076923076925
0,1,144,0,1,1,0,0,1,0,1,0,1,0,1,38,2,0,2.0,179,36,4.972222222222222
0,5,1,0,1,0,3,5,1,0,1,1,1,0,2,0,2,0,2.0,91,19,4.7894736842105265
0,1,144,0,1,0,1,5,0,0,1,1,1,0,4,0,4,0,4.0,197,36,5.472222222222222
0,1,144,114,0,6,0,0,1,0,1,0,2,0,1,0,2,0,5.0,509,95,5.3578947368421055
1,12,82,0,2,0,1,5,1,0,2,2,2,0,6,0,4,0,3.0,253,52,4.865384615384615
1,36,105,0,0,1,6,0,2,0,0,0,0,0,1,0,2,0,5.0,1007,187,5.385026737967914
1,12,105,0,0,0,1,5,1,0,1,1,1,0,1,100,2,0,3.0,116,26,4.461538461538462
1,96,105,0,1,1,2,5,1,0,0,0,0,0,1,0,3,0,2.0,349,65,5.369230769230769
0,72,60,0,1,2,6,0,0,2,0,0,0,0,1,0,2,0,1.0,157,30,5.233333333333333
1,2,143,82,1,0,6,0,0,0,1,0,1,0,1,0,12,0,1.0,228,44,5.181818181818182
0,36,69,128,1,0,1,5,0,0,0,0,0,0,1,0,2,0,5.0,714,140,5.1
0,3,144,0,0,0,6,0,0,0,0,0,1,0,1,0,2,0,1.0,270,52,5.1923076923076925
0,2,144,0,0,0,1,0,1,0,0,0,1,0,1,50,3,0,2.0,154,21,7.333333333333333
1,1,105,0,2,0,1,3,1,0,1,0,1,0,4,0,2,0,4.0,158,26,6.076923076923077
1,1,105,0,0,3,4,0,0,0,1,0,1,0,1,0,2,0,2.0,729,140,5.207142857142857
1,8,104,0,1,0,6,0,1,1,2,2,2,0,1,0,2,0,5.0,826,165,5.006060606060606
1,3,94,90,0,0,6,0,1,1,0,1,1,0,1,15,2,0,3.0,215,41,5.2439024390243905
0,12,144,0,0,0,6,0,1,1,0,0,0,1,1,0,3,0,5.0,35,9,3.888888888888889
0,8,166,114,0,1,0,0,2,0,2,2,1,0,1,0,2,0,6.0,448,90,4.977777777777778
1,2,105,0,0,0,0,0,0,0,1,0,1,0,1,0,2,0,2.0,93,21,4.428571428571429
0,2,144,0,1,1,0,0,1,0,1,1,1,0,1,0,2,0,4.0,437,81,5.395061728395062
0,3,144,0,1,0,1,5,1,0,1,1,1,0,1,0,3,0,1.0,117,20,5.85
1,72,105,0,1,0,6,0,0,0,0,0,0,0,1,0,7,0,1.0,75,15,5.0
0,21,5,10,0,0,6,0,2,1,0,0,0,0,1,0,3,0,1.0,33,6,5.5
0,1,144,0,1,1,0,0,1,0,0,0,1,0,3,0,2,0,7.0,793,138,5.746376811594203
1,1,105,0,2,1,2,0,0,0,1,1,1,0,4,0,2,0,3.0,307,58,5.293103448275862
0,24,148,0,1,0,6,0,0,0,0,0,0,0,1,350,7,0,5.0,1091,178,6.129213483146067
0,2,144,0,1,0,6,0,0,0,1,0,1,0,1,0,2,0,4.0,253,45,5.622222222222222
1,4,105,82,1,0,5,5,1,0,2,2,2,0,1,0,12,0,3.0,325,63,5.158730158730159
1,12,103,0,1,5,6,0,1,1,0,0,1,0,1,0,2,0,3.0,194,40,4.85
0,36,22,41,0,4,6,0,0,0,2,2,1,0,1,0,2,0,9.0,441,78,5.653846153846154
0,1,144,114,2,0,0,0,1,1,2,2,1,0,9,0,2,0,4.0,241,42,5.738095238095238
1,15,105,81,2,0,5,5,1,0,0,0,1,0,3,0,12,0,2.0,402,75,5.36
1,24,84,63,2,1,6,0,1,1,1,0,2,0,4,0,12,0,4.0,238,50,4.76
1,1,105,0,0,0,5,5,1,0,1,0,1,0,1,0,2,0,3.0,424,67,6.3283582089552235
0,1,144,0,1,0,2,5,1,1,1,0,1,0,1,50,2,0,10.0,1501,264,5.6856060606060606
0,4,144,0,1,0,1,5,1,0,0,0,1,0,1,0,5,0,4.0,100,14,7.142857142857143
1,12,105,0,1,1,3,5,1,0,0,0,0,0,1,0,2,0,1.0,343,62,5.532258064516129
0,3,144,0,1,6,0,0,1,1,1,1,1,0,1,0,2,1,30.0,456,81,5.62962962962963
0,3,144,114,1,0,1,5,1,0,1,0,1,0,2,0,2,0,2.0,568,118,4.813559322033898
0,1,144,0,0,2,0,0,1,0,1,1,1,0,1,0,2,0,1.0,75,11,6.818181818181818
1,7,140,0,1,0,3,5,1,1,0,0,0,0,1,0,7,0,5.0,633,126,5.023809523809524
1,1,105,0,0,5,6,0,1,0,0,0,1,0,3,0,2,0,2.0,212,32,6.625
1,2,105,0,0,0,6,0,0,1,1,1,1,0,1,0,12,0,3.0,736,152,4.842105263157895
0,52,60,0,0,1,4,5,0,1,0,0,2,0,1,100,2,0,4.0,306,58,5.275862068965517
0,3,22,114,0,3,0,0,2,0,1,0,0,0,1,350,12,0,4.0,505,88,5.738636363636363
0,3,144,0,0,1,0,0,1,0,0,0,1,0,1,0,2,0,5.0,164,29,5.655172413793103
0,3,144,0,1,0,1,0,1,0,1,0,1,0,2,0,12,0,3.0,639,123,5.195121951219512
0,54,60,0,1,2,0,0,0,1,2,2,0,0,1,350,2,0,1.0,219,47,4.659574468085107
1,3,122,80,0,3,0,0,0,1,1,1,1,0,1,0,2,0,5.0,41,5,8.2
1,6,96,0,1,1,3,3,1,0,0,0,1,0,1,0,7,0,1.0,417,75,5.56
1,5,105,82,1,0,5,0,1,0,1,0,1,0,1,0,12,0,1.0,306,48,6.375
1,1,104,0,0,0,6,0,0,1,1,0,1,0,1,0,6,0,10.0,327,57,5.7368421052631575
0,24,17,114,1,1,4,5,0,1,0,0,0,0,1,0,2,0,4.0,334,42,7.9523809523809526
1,3,104,0,0,3,5,5,1,1,1,1,1,0,3,0,2,0,8.0,73,13,5.615384615384615
0,9,144,53,1,0,1,5,1,1,0,0,0,0,1,0,2,0,7.0,1381,246,5.6138211382113825
1,4,128,81,1,0,1,5,1,1,1,0,0,0,1,50,12,0,10.0,71,12,5.916666666666667
0,36,60,0,1,1,6,0,0,2,0,0,0,0,1,0,4,0,1.0,1533,296,5.179054054054054
1,2,103,0,0,0,0,0,0,1,1,0,1,0,1,80,12,0,1.0,352,71,4.957746478873239
1,5,104,81,1,0,5,5,1,1,1,1,1,0,3,20,2,0,4.0,198,40,4.95
0,12,144,0,0,1,0,0,2,1,0,0,2,0,1,0,2,0,3.0,631,132,4.78030303030303
0,4,144,0,1,1,0,0,1,0,0,0,1,0,1,0,2,0,2.0,428,86,4.976744186046512
0,2,144,0,1,4,0,0,1,0,1,1,1,0,1,0,12,0,1.0,257,47,5.468085106382978
1,2,88,0,0,5,6,0,0,1,1,0,1,0,1,0,2,0,5.0,394,85,4.635294117647059
1,11,105,82,0,0,1,1,2,0,0,2,2,0,1,0,2,0,0.0,70,12,5.833333333333333
1,36,105,0,1,0,4,5,1,0,0,0,0,0,1,0,2,0,1.0,751,141,5.326241134751773
0,2,144,0,0,3,0,0,1,0,0,0,1,0,1,0,12,0,4.0,368,67,5.492537313432836
0,48,144,37,0,1,6,0,2,0,0,0,0,0,1,0,2,0,10.0,664,131,5.068702290076335
0,9,144,114,1,1,0,0,1,0,0,0,0,0,1,0,2,0,3.0,525,102,5.147058823529412
0,1,144,0,0,1,0,0,2,1,2,0,1,0,1,0,2,0,4.0,115,20,5.75
0,15,144,114,0,0,1,5,1,0,0,0,0,1,1,0,12,0,3.0,156,31,5.032258064516129
1,3,105,106,0,0,5,5,1,0,0,0,1,0,1,0,2,0,8.0,2222,420,5.29047619047619
0,10,144,0,0,0,0,0,1,0,0,0,0,0,1,0,12,0,6.0,29,6,4.833333333333333
1,2,96,81,0,0,3,5,1,1,1,0,1,0,1,0,12,0,12.0,1588,312,5.089743589743589
1,1,104,82,2,0,5,5,0,1,1,1,1,0,2,0,2,0,16.0,640,117,5.47008547008547
0,9,144,0,1,1,0,0,1,0,0,0,0,0,1,0,2,0,1.0,302,63,4.7936507936507935
0,2,144,114,0,6,0,0,1,0,1,0,1,0,1,0,2,0,1.0,166,32,5.1875
0,2,144,0,1,1,2,0,0,0,1,0,2,0,1,0,7,0,3.0,432,81,5.333333333333333
0,1,144,0,0,1,0,0,1,0,1,1,1,0,1,10,3,0,2.0,98,12,8.166666666666666
1,4,135,0,0,0,1,5,1,0,0,0,2,0,1,0,2,0,3.0,1210,221,5.475113122171946
1,2,105,0,0,1,4,5,1,0,1,1,1,0,1,0,2,0,2.0,127,21,6.0476190476190474
0,6,8,0,1,2,0,0,2,2,1,1,1,0,1,0,0,1,5.0,1411,270,5.225925925925926
0,3,144,0,1,1,5,5,1,0,0,0,1,0,2,0,12,1,3.0,473,84,5.630952380952381
0,1,161,114,0,0,6,0,1,0,1,1,1,0,1,0,2,0,5.0,380,72,5.277777777777778
1,21,135,0,0,2,6,0,2,0,0,0,2,0,1,0,12,0,6.0,539,104,5.1826923076923075
1,2,105,81,0,0,5,0,1,0,1,2,1,0,1,0,2,0,8.0,396,63,6.285714285714286
0,5,69,47,1,0,1,4,1,1,0,0,1,0,1,0,2,0,2.0,375,71,5.28169014084507
0,6,144,114,0,0,0,0,1,0,1,1,1,0,1,0,12,0,3.0,640,117,5.47008547008547
1,2,135,0,1,1,6,0,1,0,1,0,1,0,1,0,4,0,3.0,92,18,5.111111111111111
0,84,144,0,1,0,0,0,1,1,0,0,0,0,1,0,2,0,1.0,38,8,4.75
1,1,104,0,2,5,6,0,1,1,1,1,1,0,2,0,2,0,25.0,1518,240,6.325
0,1,144,0,1,4,0,0,0,0,1,1,1,0,1,0,2,0,1.0,109,21,5.190476190476191
0,2,144,0,0,0,0,0,1,0,1,1,1,0,3,0,2,0,1.0,68,10,6.8
1,2,105,0,1,0,0,0,0,0,1,1,1,0,1,0,12,0,3.0,168,34,4.9411764705882355
0,12,144,0,0,0,2,5,1,0,2,2,2,0,1,0,3,0,3.0,265,48,5.520833333333333
1,2,104,0,0,0,5,0,1,1,1,1,1,0,4,0,2,0,1.0,598,103,5.805825242718447
1,6,104,0,2,0,6,0,1,1,1,1,1,0,2,0,2,0,3.0,220,42,5.238095238095238
0,3,144,0,0,0,1,3,1,0,0,0,1,0,1,0,2,0,2.0,105,19,5.526315789473684
0,12,144,0,0,0,1,5,1,1,0,0,0,0,1,0,7,0,6.0,1540,270,5.703703703703703
0,2,5,114,1,0,1,0,1,1,2,2,1,0,1,0,2,0,3.0,132,22,6.0
1,1,105,0,0,0,4,0,0,0,1,0,1,0,1,0,2,0,4.0,544,100,5.44
1,4,105,0,0,0,2,5,0,0,1,0,1,0,2,0,0,0,1.0,57,10,5.7
1,12,128,89,0,0,2,5,1,1,2,0,1,0,1,100,2,0,4.0,696,108,6.444444444444445
0,4,144,0,1,6,0,0,0,0,0,0,2,0,1,0,2,0,2.0,44,9,4.888888888888889
1,2,105,66,0,0,1,0,0,1,1,1,1,0,1,0,7,0,2.0,268,50,5.36
1,3,105,0,1,0,2,5,1,0,0,0,0,0,1,0,2,0,10.0,268,50,5.36
0,36,169,0,1,1,0,0,1,1,0,0,1,0,1,0,2,0,2.0,264,39,6.769230769230769
0,50,155,47,0,1,0,0,1,0,1,1,0,0,1,0,7,0,3.0,70,14,5.0
1,9,105,103,0,5,0,0,1,1,1,0,1,0,1,10,12,0,3.0,441,89,4.955056179775281
1,26,104,0,1,5,0,0,1,1,0,0,1,0,1,0,2,0,2.0,196,36,5.444444444444445
0,3,144,0,1,0,0,0,1,0,1,0,1,0,1,0,2,0,3.0,74,14,5.285714285714286
1,1,105,0,2,0,3,5,0,0,1,1,1,0,2,0,12,1,5.0,923,139,6.640287769784172
0,2,144,0,1,1,0,0,1,0,0,0,1,0,1,0,2,0,10.0,135,22,6.136363636363637
0,13,144,0,1,0,1,0,1,0,0,0,0,0,1,0,12,0,3.0,319,59,5.406779661016949
1,6,96,0,1,0,2,0,0,0,0,0,0,1,2,0,2,0,3.0,125,23,5.434782608695652
0,12,144,0,0,1,0,0,1,0,0,0,0,0,1,0,12,0,2.0,366,68,5.382352941176471
0,3,144,0,1,1,6,0,1,0,2,2,1,0,1,0,2,0,1.0,11,2,5.5
0,24,41,30,0,6,0,0,1,1,0,0,0,0,1,0,5,0,0.0,36,8,4.5
0,2,144,0,0,0,0,0,1,0,1,0,1,0,1,0,12,0,2.0,88,19,4.631578947368421
1,2,105,0,1,0,1,0,1,0,1,1,1,0,1,0,2,0,11.0,864,160,5.4
1,1,105,0,0,5,0,0,1,0,1,1,1,0,1,0,2,0,3.0,261,49,5.326530612244898
1,2,105,0,0,0,6,0,1,0,1,0,1,0,1,30,2,0,5.0,25,5,5.0
1,3,105,0,1,0,2,5,1,0,0,0,1,0,2,1,2,0,5.0,305,56,5.446428571428571
1,10,103,80,1,2,0,0,1,1,2,2,2,0,1,0,2,0,5.0,58,10,5.8
0,2,144,114,1,0,6,0,1,1,1,0,1,0,1,0,2,0,4.0,12,2,6.0
0,36,144,0,0,0,1,0,2,0,0,0,0,0,1,0,12,0,2.0,40,9,4.444444444444445
0,5,144,0,1,1,2,0,1,1,1,0,1,0,1,0,2,0,5.0,585,118,4.9576271186440675
1,2,104,0,2,0,4,5,0,1,1,1,1,0,3,0,2,0,0.0,363,61,5.950819672131147
1,12,105,82,2,1,6,0,1,0,0,0,0,0,7,0,12,0,5.0,169,29,5.827586206896552
1,5,105,0,1,4,6,0,1,0,1,0,1,0,1,0,12,0,4.0,399,70,5.7
1,4,104,0,1,3,6,0,1,1,1,1,1,0,1,100,10,0,2.0,252,43,5.8604651162790695
0,24,144,0,0,1,0,0,1,1,0,0,0,0,1,0,12,0,3.0,527,92,5.728260869565218
0,2,12,114,1,0,0,0,1,0,0,0,0,0,1,0,2,0,7.0,709,135,5.2518518518518515
0,4,144,129,0,0,0,0,1,0,0,0,1,0,1,0,2,0,4.0,425,78,5.448717948717949
1,2,128,0,1,5,6,0,0,0,1,1,1,0,1,0,12,0,4.0,183,37,4.945945945945946
1,2,105,0,0,2,6,0,1,0,0,0,1,0,1,0,2,0,1.0,27,6,4.5
1,4,104,81,0,0,6,0,0,1,1,0,1,0,1,50,2,0,3.0,183,28,6.535714285714286
1,3,105,0,1,5,6,0,0,0,0,0,1,0,1,10,2,0,14.0,1523,310,4.912903225806452
0,12,30,0,1,0,3,0,1,0,0,0,1,0,1,250,12,0,3.0,565,112,5.044642857142857
0,3,144,0,0,0,1,0,1,1,0,0,1,0,1,0,2,0,5.0,78,13,6.0
1,1,105,0,0,5,6,0,1,0,1,1,1,0,1,15,2,0,6.0,101,20,5.05
0,12,144,0,2,1,0,0,1,1,2,2,2,0,2,0,12,0,3.0,2150,366,5.8743169398907105
1,12,105,0,1,1,3,5,0,0,1,0,0,0,1,0,3,0,6.0,229,38,6.026315789473684
0,17,60,0,0,0,1,5,1,2,0,0,1,1,1,350,12,0,14.0,1006,202,4.98019801980198
0,2,44,0,1,0,1,5,1,0,1,1,1,0,1,0,2,0,4.0,33,4,8.25
0,1,69,43,2,0,1,3,1,1,1,1,1,0,4,250,12,0,3.0,315,56,5.625
1,1,104,0,1,5,6,0,0,1,2,2,1,0,1,20,2,0,6.0,273,56,4.875
0,3,36,0,0,4,0,0,0,1,0,0,1,0,1,500,2,0,8.0,730,139,5.251798561151079
1,5,104,0,0,5,6,0,1,1,0,0,0,0,1,100,12,3,11.0,1135,199,5.703517587939698
0,48,13,0,1,5,6,0,2,2,2,2,1,1,1,0,12,0,3.0,536,106,5.056603773584905
0,60,60,54,0,4,6,0,0,1,0,0,0,0,1,100,2,0,11.0,713,145,4.917241379310345
1,2,105,0,1,0,1,2,0,0,1,1,1,0,3,0,0,0,1.0,68,13,5.230769230769231
0,8,144,116,1,0,1,0,1,2,0,0,0,0,1,0,2,0,7.0,404,73,5.534246575342466
1,3,104,81,1,5,6,0,0,1,1,1,1,0,1,0,2,0,12.0,7,1,7.0
0,1,144,0,0,0,1,5,1,1,1,1,1,0,1,0,3,0,1.0,133,20,6.65
0,1,144,0,0,1,4,0,1,0,1,0,1,0,1,0,12,0,5.0,373,75,4.973333333333334
0,72,60,0,0,1,4,0,0,1,0,0,0,0,1,0,2,0,4.0,107,17,6.294117647058823
1,5,94,0,1,0,4,0,0,0,0,0,0,0,1,0,12,0,3.0,355,59,6.016949152542373
1,2,105,82,0,3,0,0,0,0,1,0,1,0,1,0,2,0,1.0,341,68,5.014705882352941
0,4,144,0,1,1,0,0,1,0,0,0,1,0,1,0,2,0,5.0,344,51,6.745098039215686
0,3,144,0,1,0,1,5,1,1,0,0,1,0,1,0,2,0,1.0,10,2,5.0
0,2,144,0,1,0,0,0,1,0,1,0,1,1,1,0,2,0,1.0,770,134,5.746268656716418
1,3,105,0,1,0,5,5,1,0,1,1,1,0,1,0,2,0,3.0,617,111,5.558558558558558
1,3,104,81,2,0,3,5,1,1,1,1,1,0,2,0,7,0,1.0,110,20,5.5
0,1,144,114,1,0,3,0,1,0,1,1,1,0,2,0,3,0,3.0,118,22,5.363636363636363
1,72,105,0,1,0,0,0,1,1,0,0,0,0,2,0,12,0,3.0,305,59,5.169491525423729
1,12,104,81,1,0,1,5,1,1,2,2,2,0,1,0,0,0,1.0,12,2,6.0
1,3,105,0,0,4,0,0,1,0,1,0,1,0,1,0,12,1,12.0,211,40,5.275
1,2,104,0,1,5,6,0,1,1,0,0,1,0,1,0,12,0,1.0,6,1,6.0
1,1,90,0,1,0,1,5,0,0,1,1,1,0,1,0,12,0,2.0,549,110,4.990909090909091
0,3,144,114,1,0,1,5,1,1,0,0,1,0,4,0,4,0,4.0,200,38,5.2631578947368425
1,1,103,0,0,0,6,0,0,2,1,1,1,0,1,0,12,0,4.0,505,89,5.674157303370786
0,1,144,0,1,0,6,0,1,0,0,0,1,0,1,0,2,0,6.0,458,78,5.871794871794871
0,2,144,0,1,0,1,0,1,1,1,1,1,0,1,0,2,0,1.0,21,4,5.25
1,2,105,0,0,1,6,0,1,0,1,1,1,0,1,0,2,0,5.0,236,48,4.916666666666667
1,12,105,0,0,2,3,0,1,0,0,0,0,0,2,0,2,0,2.0,220,47,4.680851063829787
1,15,105,0,1,0,1,5,2,0,2,2,2,0,1,0,12,0,5.0,603,108,5.583333333333333
0,1,144,114,2,0,1,5,1,0,1,1,1,0,3,80,2,0,13.0,160,29,5.517241379310345
1,8,105,82,0,0,0,0,1,0,1,1,0,0,1,0,12,0,5.0,192,40,4.8
1,7,105,0,1,0,5,5,1,0,0,0,0,0,1,0,2,0,6.0,486,91,5.34065934065934
0,9,144,0,1,6,0,0,1,1,0,0,2,0,1,0,12,0,3.0,71,13,5.461538461538462
1,12,105,0,0,3,0,0,2,0,0,0,0,0,1,100,2,0,4.0,190,42,4.523809523809524
0,3,144,0,1,4,6,0,0,1,1,1,1,0,1,0,2,0,2.0,102,22,4.636363636363637
0,3,144,0,0,0,1,0,1,1,0,0,1,0,1,0,2,0,1.0,242,49,4.938775510204081
0,1,144,0,1,1,4,0,1,1,1,1,1,0,1,0,3,0,2.0,244,46,5.304347826086956
1,24,103,0,1,2,4,0,0,2,1,1,1,0,1,100,2,0,4.0,265,51,5.196078431372549
0,2,144,114,2,1,6,0,1,0,1,1,1,0,9,0,3,0,3.0,166,31,5.354838709677419
0,60,51,39,1,0,6,0,0,1,0,0,1,0,1,100,12,0,1.0,71,14,5.071428571428571
1,22,105,0,0,0,1,5,1,0,0,0,0,0,1,0,2,0,4.0,117,20,5.85
1,3,105,0,2,6,0,0,1,0,1,0,1,0,2,0,12,0,30.0,216,40,5.4
1,24,104,0,0,4,6,0,1,1,1,0,0,0,1,200,12,0,3.0,1563,298,5.24496644295302
1,3,135,0,1,0,1,0,0,1,1,0,1,0,2,50,12,0,3.0,1217,236,5.156779661016949
0,1,144,0,2,0,1,0,0,0,1,1,2,0,2,0,2,0,2.0,233,41,5.682926829268292
0,4,144,0,1,1,0,0,1,0,0,0,1,0,1,0,2,0,2.0,138,22,6.2727272727272725
0,2,144,0,1,0,1,0,0,0,0,0,1,0,1,0,2,0,5.0,188,38,4.947368421052632
1,4,128,0,1,6,0,0,0,0,0,0,1,0,1,0,12,0,0.0,125,23,5.434782608695652
1,14,104,0,1,1,0,0,1,2,1,0,2,0,1,0,12,0,1.0,164,41,4.0
0,0,144,114,2,0,1,5,0,0,1,1,1,0,8,0,2,0,2.0,92,16,5.75
0,2,144,0,1,0,1,5,0,0,0,0,1,0,1,0,2,0,3.0,91,16,5.6875
0,3,144,0,0,0,1,0,1,0,0,0,1,0,1,0,2,0,5.0,412,83,4.963855421686747
0,4,144,0,1,1,0,0,1,1,1,1,1,0,1,0,2,0,4.0,192,37,5.1891891891891895
0,2,144,33,1,6,0,0,1,1,1,1,1,0,1,0,12,0,2.0,104,19,5.473684210526316
1,2,128,81,0,4,6,0,1,1,1,1,1,0,3,0,12,0,1.0,42,6,7.0
0,24,147,0,0,0,6,0,1,2,2,2,0,0,1,0,12,0,3.0,334,63,5.301587301587301
1,6,105,0,0,0,6,0,1,0,1,0,1,0,1,30,2,0,5.0,488,92,5.304347826086956
0,2,22,114,0,0,0,0,2,1,2,0,2,0,1,0,12,0,3.0,636,130,4.892307692307693
0,1,144,114,1,0,1,4,0,0,1,0,1,0,1,50,3,0,2.0,128,27,4.7407407407407405
0,1,144,0,0,0,6,0,1,1,1,1,2,0,1,0,3,0,1.0,425,81,5.246913580246914
1,84,120,0,0,5,6,0,2,0,0,0,0,0,1,0,12,0,5.0,456,88,5.181818181818182
0,72,22,0,1,0,0,0,2,1,2,2,0,0,1,0,2,0,2.0,282,54,5.222222222222222
0,12,144,0,0,2,4,0,1,0,0,0,0,0,1,0,2,0,1.0,160,30,5.333333333333333
1,2,105,0,0,0,6,0,1,0,1,2,1,0,1,0,12,0,3.0,141,24,5.875
0,4,144,0,1,0,0,0,1,1,0,0,1,0,1,0,2,0,3.0,146,26,5.615384615384615
0,3,144,0,1,0,1,5,0,0,2,2,2,0,1,0,2,0,3.0,351,61,5.754098360655738
0,24,144,0,0,0,3,0,1,1,2,2,2,0,1,0,12,0,4.0,568,99,5.737373737373737
0,3,144,0,2,0,1,5,1,0,1,2,2,0,4,0,3,0,3.0,274,53,5.169811320754717
0,6,144,0,0,1,0,0,1,1,0,0,0,0,1,0,7,0,1.0,372,71,5.23943661971831
1,4,105,0,2,0,3,5,0,0,0,0,1,0,3,50,12,0,3.0,1116,205,5.443902439024391
1,30,105,0,1,0,5,0,0,0,1,0,0,0,1,0,12,0,4.0,157,34,4.617647058823529
1,6,105,0,1,6,0,0,1,0,0,0,1,0,1,0,2,0,2.0,85,17,5.0
1,7,105,82,1,6,0,0,1,0,0,0,0,0,1,0,12,0,3.0,23,5,4.6
1,2,103,80,2,0,6,0,0,2,1,1,1,0,3,0,7,0,1.0,420,84,5.0
0,18,144,0,1,0,6,0,1,0,0,0,0,0,1,0,12,0,8.0,718,139,5.16546762589928
0,4,144,0,0,0,1,0,1,0,0,0,2,0,1,0,12,0,3.0,314,60,5.233333333333333
1,2,105,82,2,3,5,0,1,0,1,1,1,0,2,0,12,0,4.0,126,25,5.04
1,18,135,0,0,5,0,0,1,0,1,1,1,0,1,50,2,0,3.0,137,26,5.269230769230769
1,2,115,83,0,5,0,0,1,1,0,0,1,0,1,0,2,0,4.0,314,61,5.147540983606557
0,6,144,0,1,1,0,0,1,0,2,2,2,0,1,0,2,0,3.0,451,91,4.956043956043956
0,36,169,0,1,1,0,0,0,1,0,0,0,0,1,0,12,0,10.0,189,32,5.90625
1,2,105,0,1,3,6,0,0,0,0,0,1,0,3,0,12,0,7.0,448,91,4.923076923076923
0,48,144,0,1,1,4,0,1,0,0,0,0,0,1,0,12,0,1.0,244,47,5.191489361702128
1,0,105,0,0,0,6,0,0,0,2,2,1,0,1,0,1,0,4.0,249,41,6.073170731707317
1,1,105,0,1,0,3,5,0,0,1,1,1,0,1,0,12,0,0.0,222,43,5.162790697674419
1,2,105,81,0,0,5,0,1,0,0,1,1,0,1,100,12,0,4.0,418,74,5.648648648648648
0,108,54,0,1,2,4,0,1,0,0,0,1,0,1,0,3,0,1.0,101,18,5.611111111111111
0,12,10,114,0,1,0,0,2,0,0,0,0,0,1,0,12,0,2.0,407,67,6.074626865671642
1,3,103,101,2,0,3,5,0,2,1,1,1,0,3,200,2,0,1.0,353,65,5.430769230769231
0,3,144,0,0,1,0,0,1,0,1,0,1,0,1,0,2,0,4.0,549,100,5.49
1,3,105,0,1,0,0,0,0,0,1,1,1,1,1,0,12,0,1.0,18,3,6.0
0,53,43,0,1,0,4,0,1,0,0,0,0,1,1,0,2,0,1.0,191,37,5.162162162162162
0,48,144,114,0,0,1,0,2,1,2,0,1,0,1,0,1,0,2.0,598,125,4.784
1,2,104,0,1,0,6,0,1,1,1,1,1,0,1,0,12,0,4.0,184,36,5.111111111111111
0,8,148,114,0,4,0,0,1,0,0,0,0,0,1,0,4,0,3.0,37,6,6.166666666666667
1,5,105,0,0,1,6,0,1,0,1,1,1,0,1,0,12,0,1.0,49,9,5.444444444444445
0,2,22,114,1,1,3,3,1,1,1,0,1,0,1,0,2,0,8.0,419,63,6.650793650793651
0,1,144,0,2,1,6,0,0,0,1,1,1,0,3,0,5,0,23.0,718,138,5.202898550724638
0,12,144,0,0,1,0,0,1,0,0,0,0,1,1,0,2,0,1.0,274,50,5.48
0,54,40,0,0,1,4,0,0,1,2,2,2,0,1,0,2,0,12.0,2256,423,5.333333333333333
1,1,105,0,1,1,0,0,2,0,1,0,1,0,1,0,2,0,4.0,181,38,4.7631578947368425
0,5,144,0,2,1,6,0,1,1,2,2,1,0,2,0,2,0,4.0,105,21,5.0
0,2,144,0,1,1,0,0,0,0,1,1,1,1,1,0,12,0,2.0,213,42,5.071428571428571
0,2,144,114,1,1,0,0,1,1,0,0,1,0,1,0,2,0,2.0,14,3,4.666666666666667
1,3,105,0,0,0,6,0,1,0,1,2,1,0,2,0,12,0,9.0,180,32,5.625
0,5,144,54,0,4,0,0,1,0,0,0,0,0,1,0,2,0,3.0,256,46,5.565217391304348
1,2,105,0,0,0,0,0,1,1,0,0,1,0,1,0,12,0,3.0,226,48,4.708333333333333
1,5,105,0,1,0,6,0,0,0,0,1,0,0,1,100,12,0,2.0,80,12,6.666666666666667
0,1,144,114,0,1,0,0,1,0,1,1,1,0,1,0,5,0,1.0,75,13,5.769230769230769
0,18,60,0,1,5,6,0,0,2,2,2,2,0,1,300,2,0,4.0,9,2,4.5
0,12,144,0,0,1,0,0,1,0,1,0,1,0,1,250,12,0,1.0,366,67,5.462686567164179
0,12,144,114,0,1,6,0,1,0,2,2,2,0,1,0,2,0,4.0,697,150,4.6466666666666665
1,4,104,0,0,5,0,0,1,1,1,1,1,0,1,0,2,0,5.0,83,14,5.928571428571429
0,2,144,114,0,0,1,0,1,0,0,0,1,0,1,0,12,0,3.0,309,50,6.18
1,1,104,0,0,0,5,0,0,1,1,1,1,0,1,0,12,0,2.0,1458,263,5.5437262357414445
1,1,104,0,0,3,6,0,1,1,1,1,1,0,1,0,12,0,5.0,554,104,5.326923076923077
0,120,144,0,0,1,2,0,1,1,2,2,2,1,1,0,12,0,1.0,979,192,5.098958333333333
1,24,96,82,1,2,5,5,0,0,0,0,0,0,1,50,12,0,13.0,2092,374,5.593582887700535
0,3,144,114,0,0,3,0,0,1,0,2,2,0,2,0,2,0,4.0,52,10,5.2
0,1,22,114,1,0,1,5,1,0,1,1,1,0,1,0,1,0,4.0,295,62,4.758064516129032
0,27,144,0,1,1,3,5,1,0,0,0,1,0,1,0,12,0,7.0,445,89,5.0
1,19,104,0,1,0,6,0,1,1,0,0,0,0,1,150,2,0,2.0,543,96,5.65625
0,36,60,0,0,1,4,5,0,1,2,2,2,1,1,0,2,0,4.0,209,44,4.75
1,3,104,0,1,5,6,0,0,1,0,0,1,0,1,0,2,0,2.0,288,50,5.76
0,18,41,0,0,1,2,0,0,1,0,0,1,0,1,0,12,0,1.0,180,32,5.625
1,2,105,0,0,0,5,5,0,0,0,0,1,1,1,0,2,0,26.0,2259,442,5.110859728506787
0,3,144,0,1,1,2,0,1,1,0,0,1,0,2,0,12,0,2.0,705,129,5.465116279069767
0,2,144,0,1,0,1,0,1,0,0,0,0,0,1,0,2,0,1.0,89,16,5.5625
0,12,159,0,1,1,2,3,1,2,0,0,1,0,1,0,2,0,2.0,127,21,6.0476190476190474
0,3,144,0,0,1,0,0,1,1,0,0,1,0,1,0,2,0,2.0,153,26,5.884615384615385
1,1,122,81,0,4,0,0,1,2,1,0,1,0,1,100,2,0,9.0,628,115,5.460869565217391
0,2,144,0,2,0,1,5,1,0,1,1,1,0,6,0,2,0,5.0,310,56,5.535714285714286
1,0,105,0,2,0,1,5,0,0,1,1,1,0,3,0,2,0,4.0,174,32,5.4375
0,8,69,114,1,0,1,5,1,1,0,0,1,0,1,0,2,0,7.0,2110,387,5.452196382428941
1,6,105,0,0,1,6,0,0,0,1,0,1,0,1,0,4,0,5.0,239,39,6.128205128205129
1,2,135,82,0,5,0,0,1,1,1,1,1,0,1,25,2,0,5.0,174,33,5.2727272727272725
1,4,105,0,0,0,6,0,1,0,1,1,1,0,1,30,2,0,2.0,187,34,5.5
1,2,105,0,1,0,6,0,0,0,1,1,1,0,1,0,2,0,2.0,89,17,5.235294117647059
0,3,144,0,1,0,1,5,1,0,0,0,2,0,3,0,2,0,3.0,82,15,5.466666666666667
1,1,105,0,1,2,0,0,1,0,1,0,1,0,2,0,2,0,2.0,20,3,6.666666666666667
0,12,69,114,1,1,2,3,1,1,1,1,1,0,1,0,2,0,1.0,444,89,4.98876404494382
0,2,144,0,0,1,6,0,1,0,1,1,1,0,1,0,3,0,1.0,107,22,4.863636363636363
1,3,141,0,0,0,6,0,0,1,1,1,1,0,1,0,2,0,2.0,364,67,5.432835820895522
1,3,105,0,0,1,6,0,0,0,1,1,1,0,1,0,2,0,1.0,726,130,5.584615384615384
0,1,144,0,1,0,1,3,1,1,1,1,1,0,1,0,12,0,14.0,145,26,5.576923076923077
1,17,105,0,0,0,5,5,1,0,0,0,0,0,1,0,2,0,7.0,429,79,5.430379746835443
0,2,144,0,0,0,1,0,1,0,0,0,0,0,2,0,2,0,4.0,1161,201,5.776119402985074
1,1,103,82,0,0,6,0,0,1,1,1,1,0,1,30,7,0,4.0,221,39,5.666666666666667
0,1,144,54,1,0,6,0,1,0,1,1,1,0,1,0,2,0,2.0,236,38,6.2105263157894735
1,1,105,0,2,0,6,0,1,0,1,1,1,0,4,0,2,0,0.0,132,20,6.6
0,48,144,0,0,1,3,0,2,0,2,1,1,0,1,1,2,0,0.0,42,8,5.25
1,2,122,82,2,6,0,0,1,1,1,1,1,0,2,300,2,0,3.0,74,13,5.6923076923076925
0,5,144,114,2,0,1,5,1,1,0,0,0,0,15,0,3,0,11.0,246,48,5.125
0,12,144,0,1,1,0,0,1,0,0,0,0,0,1,0,12,0,8.0,89,15,5.933333333333334
0,3,22,114,1,0,0,0,2,0,0,0,1,0,1,0,4,0,12.0,240,48,5.0
0,3,144,0,0,0,0,0,1,1,2,2,2,0,1,0,2,2,1.0,357,73,4.890410958904109
0,48,144,0,1,0,1,0,2,0,0,0,1,0,1,0,2,0,2.0,254,49,5.183673469387755
0,18,5,0,1,0,1,0,2,0,0,0,0,0,1,350,2,0,3.0,1264,234,5.401709401709402
1,2,105,0,1,0,1,4,1,0,1,0,1,0,1,0,2,0,2.0,711,135,5.266666666666667
0,30,144,0,0,0,1,5,1,0,2,2,2,2,1,0,2,0,6.0,745,151,4.933774834437086
0,3,144,114,1,0,1,5,1,0,1,1,1,0,2,0,2,0,2.0,22,4,5.5
0,12,144,0,1,1,0,0,0,0,0,0,1,0,1,0,2,0,0.0,1141,213,5.356807511737089
0,17,144,0,0,4,6,0,1,1,0,0,2,0,1,100,3,0,2.0,183,37,4.945945945945946
0,3,144,0,1,1,0,0,1,0,1,1,1,0,3,0,2,0,3.0,83,16,5.1875
1,48,105,82,0,6,0,0,1,0,2,2,2,0,1,0,3,0,1.0,432,82,5.2682926829268295
0,3,144,0,0,1,6,0,1,0,0,0,0,0,1,0,2,0,5.0,101,17,5.9411764705882355
1,3,120,0,1,6,0,0,1,0,2,2,2,0,1,0,2,0,3.0,49,9,5.444444444444445
0,2,144,0,1,0,1,5,1,1,0,1,1,0,1,0,3,0,1.0,218,36,6.055555555555555
1,3,105,0,1,0,5,5,0,0,2,2,2,0,2,0,5,0,2.0,16,3,5.333333333333333
0,24,144,114,2,0,1,0,1,0,1,1,0,0,2,0,2,0,0.0,876,167,5.245508982035928
0,2,144,0,1,0,3,0,1,0,1,0,1,0,1,0,12,0,4.0,347,60,5.783333333333333
1,2,105,0,1,3,5,5,0,0,1,0,1,0,1,0,12,0,10.0,546,90,6.066666666666666
0,10,144,114,0,3,6,0,2,0,0,0,0,0,1,0,2,0,2.0,147,4,36.75
0,1,144,0,1,1,0,0,1,1,1,0,1,0,1,0,12,0,16.0,106,21,5.0476190476190474
1,3,135,0,1,0,5,0,0,1,1,1,1,0,1,0,12,0,5.0,248,46,5.391304347826087
0,36,47,0,0,0,1,0,1,0,0,0,2,0,1,0,12,0,4.0,308,64,4.8125
1,1,105,0,2,0,3,5,0,0,1,1,1,0,3,0,2,0,1.0,135,22,6.136363636363637
1,3,135,0,1,0,1,5,0,0,1,0,0,0,5,30,2,0,0.0,249,49,5.081632653061225
1,2,105,0,0,0,6,0,0,0,1,1,1,0,1,0,12,0,1.0,142,22,6.454545454545454
0,3,144,0,1,0,1,5,1,1,1,1,1,0,1,150,3,0,3.0,69,13,5.3076923076923075
0,2,144,0,0,0,0,0,2,0,1,1,1,0,1,0,2,0,3.0,533,111,4.801801801801802
0,49,144,49,1,1,2,0,1,1,0,0,0,0,1,9,2,0,2.0,182,37,4.918918918918919
0,24,144,114,1,4,6,0,1,1,0,0,0,0,1,0,12,0,2.0,469,83,5.650602409638554
1,1,105,0,0,0,5,0,0,0,1,1,1,0,1,30,7,0,8.0,281,49,5.73469387755102
0,60,144,0,1,0,0,0,1,1,0,0,0,0,1,0,2,0,11.0,471,95,4.957894736842105
1,1,104,81,2,0,1,5,1,1,1,1,2,0,2,0,4,0,3.0,19,3,6.333333333333333
0,0,144,0,1,1,0,0,1,0,0,0,1,0,1,0,2,0,1.0,405,74,5.472972972972973
1,108,105,0,0,0,1,3,1,0,2,2,0,0,1,0,12,0,10.0,760,141,5.390070921985815
0,60,8,114,2,2,6,0,1,1,0,0,0,0,2,100,0,0,1.0,439,82,5.353658536585366
0,17,144,0,0,0,1,0,1,0,0,0,0,0,1,0,12,0,7.0,450,84,5.357142857142857
0,9,144,0,1,0,1,0,1,0,0,2,0,0,1,0,12,0,1.0,911,176,5.176136363636363
1,1,104,0,2,1,3,4,1,1,1,1,1,0,4,0,12,0,8.0,416,83,5.0120481927710845
1,12,105,82,0,2,6,0,1,0,1,1,0,0,2,0,12,0,0.0,76,15,5.066666666666666
1,2,104,0,0,2,6,0,1,1,1,0,1,1,1,0,5,1,3.0,72,14,5.142857142857143
1,6,135,0,0,2,0,0,0,0,2,2,2,0,1,1,2,0,3.0,172,31,5.548387096774194
0,60,65,126,0,2,4,0,1,1,0,0,1,0,1,0,12,0,5.0,437,96,4.552083333333333
1,1,104,0,2,0,5,5,0,0,1,1,1,0,5,0,12,0,14.0,528,102,5.176470588235294
0,3,144,0,0,1,2,0,0,0,0,0,2,0,1,210,2,0,5.0,1227,225,5.453333333333333
1,2,105,0,1,0,6,0,0,1,1,1,1,0,1,0,12,0,1.0,12,2,6.0
1,3,105,0,1,4,0,0,1,0,0,0,1,0,1,50,12,0,11.0,891,171,5.2105263157894735
1,8,105,0,1,1,6,0,1,0,2,2,0,0,1,0,2,0,1.0,490,99,4.94949494949495
0,1,144,0,1,1,0,0,1,1,1,1,1,1,1,50,2,0,5.0,472,78,6.051282051282051
0,7,144,0,1,1,0,0,1,0,1,0,0,0,1,0,2,0,5.0,1053,192,5.484375
1,15,85,0,1,0,1,5,0,1,1,1,1,0,1,0,2,0,5.0,206,44,4.681818181818182
0,3,144,0,1,0,1,0,1,0,1,1,1,0,1,0,12,0,3.0,53,10,5.3
1,3,135,0,2,1,5,5,0,1,1,1,1,0,2,0,12,0,2.0,556,103,5.398058252427185
0,32,41,0,1,1,0,0,0,0,0,0,0,0,1,500,2,0,3.0,61,10,6.1
1,3,105,0,1,0,3,5,0,0,0,0,1,0,1,0,3,0,3.0,310,60,5.166666666666667
1,4,105,0,0,2,0,0,1,1,1,1,1,0,1,0,2,0,1.0,65,11,5.909090909090909
0,1,144,0,1,0,6,0,1,1,1,1,1,0,1,0,2,0,5.0,410,75,5.466666666666667
0,1,22,114,1,1,0,0,1,0,2,2,1,0,1,0,2,0,1.0,116,21,5.523809523809524
1,2,105,0,0,2,4,0,0,0,2,0,2,0,1,0,12,0,5.0,1550,311,4.983922829581994
1,2,120,0,2,0,1,2,0,0,2,2,2,0,3,0,12,0,2.0,46,9,5.111111111111111
0,2,144,0,1,1,0,0,1,0,1,1,1,0,1,20,3,0,1.0,144,25,5.76
0,6,144,0,1,0,1,3,1,0,0,0,0,0,1,0,4,0,3.0,143,25,5.72
0,3,8,114,1,1,0,0,1,1,1,1,1,0,1,0,12,0,2.0,132,26,5.076923076923077
0,4,22,0,1,0,1,5,1,0,1,0,1,0,4,0,2,0,2.0,495,93,5.32258064516129
1,4,138,0,1,0,5,5,1,1,1,1,1,0,1,0,3,0,1.0,179,28,6.392857142857143
0,4,144,0,1,1,0,0,1,0,0,0,1,0,1,50,2,0,1.0,147,24,6.125
1,8,104,82,0,3,4,5,1,0,1,0,1,0,10,0,12,0,4.0,173,33,5.242424242424242
0,6,144,0,1,1,0,0,1,0,1,0,1,0,1,0,3,0,2.0,100,19,5.2631578947368425
0,84,144,0,0,3,0,0,1,0,1,1,0,0,1,0,2,0,3.0,81,13,6.230769230769231
1,6,105,82,1,0,3,5,1,0,1,0,1,0,1,0,12,0,3.0,34,6,5.666666666666667
0,1,144,0,2,0,1,3,1,0,1,1,1,0,9,0,2,0,15.0,1000,181,5.524861878453039
1,3,105,101,1,1,4,0,0,0,2,2,2,0,1,0,12,0,6.0,305,52,5.865384615384615
1,2,105,0,1,0,1,5,0,0,1,1,1,0,4,0,12,0,4.0,261,46,5.673913043478261
1,3,104,0,2,0,2,5,1,0,2,2,1,0,2,10,3,0,3.0,276,53,5.2075471698113205
1,3,105,0,0,1,6,0,1,0,1,1,1,0,1,0,12,0,0.0,261,47,5.553191489361702
0,2,144,114,0,1,3,3,0,0,0,0,1,0,1,0,4,0,2.0,44,7,6.285714285714286
0,36,144,0,0,2,0,0,1,1,0,0,1,0,1,0,2,0,2.0,381,79,4.822784810126582
1,6,105,0,0,1,6,0,1,0,0,0,1,0,1,0,2,0,4.0,610,104,5.865384615384615
1,2,105,0,2,0,1,0,1,0,1,0,1,0,2,0,2,0,3.0,415,78,5.32051282051282
0,2,144,0,2,0,1,0,1,0,0,0,1,0,12,0,12,0,6.0,116,20,5.8
1,2,105,0,0,2,6,0,0,0,1,1,1,0,1,0,2,0,5.0,60,8,7.5
0,12,22,114,1,1,4,5,0,2,0,0,0,0,1,0,2,0,4.0,383,76,5.0394736842105265
0,7,17,114,1,1,4,0,1,0,0,0,0,0,1,0,12,0,9.0,207,36,5.75
0,16,144,0,0,1,6,0,1,0,0,1,1,0,1,0,3,0,3.0,166,32,5.1875
1,2,128,0,0,1,4,0,1,1,1,0,1,0,1,50,2,2,6.0,597,104,5.740384615384615
0,7,69,0,1,0,0,0,2,2,0,0,0,0,1,0,12,0,1.0,39,7,5.571428571428571
1,24,105,0,1,0,5,5,1,0,0,0,0,0,1,0,2,0,17.0,429,83,5.168674698795181
1,0,105,0,0,0,5,5,1,0,1,1,1,0,1,0,2,0,3.0,575,113,5.088495575221239
1,6,105,0,1,0,1,0,1,0,1,1,1,0,1,30,12,0,1.0,123,24,5.125
0,1,144,0,0,0,0,0,0,0,1,1,1,0,1,0,2,0,1.0,109,21,5.190476190476191
1,5,104,0,0,0,2,4,0,1,1,2,1,0,1,0,12,0,10.0,44,7,6.285714285714286
0,8,17,0,1,1,6,0,0,0,0,0,1,0,1,0,12,0,2.0,292,48,6.083333333333333
1,6,104,0,0,4,0,0,1,1,2,2,1,0,1,0,2,0,3.0,359,71,5.056338028169014
0,4,22,0,1,0,0,0,1,0,1,0,1,0,4,0,2,0,2.0,556,103,5.398058252427185
0,1,144,0,1,1,6,0,0,0,1,1,1,0,1,0,12,0,3.0,302,65,4.6461538461538465
0,2,155,20,2,1,0,0,0,0,0,0,1,0,2,0,3,0,5.0,515,100,5.15
0,4,144,0,1,0,0,0,1,0,1,1,1,0,1,0,3,0,1.0,233,48,4.854166666666667
0,1,22,114,1,1,0,0,1,1,0,0,1,0,1,0,3,0,5.0,31,5,6.2
1,1,103,113,1,0,6,0,1,2,0,0,1,0,1,0,2,1,10.0,1085,186,5.833333333333333
0,2,144,0,1,1,0,0,1,0,1,1,1,0,1,20,3,0,1.0,144,25,5.76
1,0,84,63,1,0,4,5,0,0,1,1,1,0,1,0,2,0,4.0,2048,394,5.197969543147208
0,36,30,0,1,0,1,0,1,0,2,2,2,0,1,0,4,0,2.0,560,108,5.185185185185185
1,7,105,0,1,0,6,0,1,0,2,2,1,0,1,0,2,0,3.0,33,5,6.6
1,5,135,0,0,2,6,0,1,1,1,1,1,0,1,0,12,0,3.0,211,31,6.806451612903226
0,3,144,0,0,0,0,0,1,0,1,0,1,0,1,0,2,0,4.0,384,73,5.260273972602739
0,2,144,0,1,1,0,0,1,0,1,0,1,0,1,0,2,0,4.0,269,48,5.604166666666667
1,3,104,0,0,5,6,0,1,1,1,1,1,0,1,0,2,0,3.0,20,2,10.0
1,3,105,106,1,2,4,0,1,1,1,1,1,0,1,0,7,0,3.0,274,48,5.708333333333333
0,2,144,0,1,1,6,0,1,0,1,1,1,0,1,0,2,0,1.0,181,37,4.891891891891892
1,1,105,0,2,1,5,5,1,1,2,2,2,0,3,0,12,0,5.0,340,61,5.573770491803279
1,1,104,106,1,0,5,5,1,1,1,0,1,0,1,0,2,0,5.0,950,165,5.757575757575758
0,12,158,0,0,1,2,0,0,2,2,2,0,0,1,0,2,0,1.0,691,120,5.758333333333334
0,3,22,26,0,2,4,5,1,0,2,2,2,0,1,200,2,0,0.0,111,23,4.826086956521739
0,5,144,0,1,0,1,5,1,0,1,0,1,0,1,0,2,0,1.0,303,62,4.887096774193548
0,122,60,0,0,1,6,0,0,0,0,0,1,0,1,0,2,0,2.0,85,15,5.666666666666667
1,2,105,0,1,1,3,5,1,0,1,0,1,0,1,0,12,0,2.0,108,19,5.684210526315789
0,1,22,114,1,0,3,5,1,0,1,1,1,0,1,0,1,0,1.0,30,5,6.0
0,2,144,0,0,4,0,0,1,0,1,0,1,0,1,150,2,0,16.0,226,44,5.136363636363637
0,7,144,0,1,1,0,0,1,0,0,0,1,0,1,0,2,0,5.0,259,50,5.18
0,4,144,0,0,1,0,0,1,0,0,0,1,0,1,0,2,0,1.0,85,16,5.3125
0,9,144,0,1,0,1,5,1,1,0,0,0,0,1,0,4,1,3.0,582,120,4.85
0,2,144,0,1,0,1,0,1,0,1,0,1,0,1,0,2,0,1.0,213,40,5.325
0,2,144,0,1,4,6,0,1,0,1,0,1,0,1,0,12,0,2.0,110,20,5.5
1,4,105,0,2,3,5,5,1,1,0,0,1,0,2,0,2,0,4.0,198,38,5.2105263157894735
1,1,104,0,0,3,4,5,2,1,1,1,1,0,1,0,2,0,4.0,849,168,5.053571428571429
1,6,126,0,0,5,0,0,1,1,1,0,1,0,1,150,2,0,5.0,193,34,5.676470588235294
0,3,144,0,1,1,6,0,1,0,0,0,1,0,1,0,2,0,3.0,338,63,5.365079365079365
0,12,144,0,1,1,0,0,1,0,0,0,2,0,1,0,12,0,2.0,112,21,5.333333333333333
0,4,144,0,1,0,1,5,1,0,0,0,0,0,1,0,12,0,13.0,77,13,5.923076923076923
1,2,104,0,0,0,1,4,1,1,1,0,1,0,1,50,2,1,5.0,781,141,5.539007092198582
1,10,105,0,0,0,6,0,2,0,1,1,1,0,1,0,7,0,1.0,236,49,4.816326530612245
0,4,144,114,2,1,6,0,1,1,0,0,1,0,2,0,2,0,12.0,334,50,6.68
0,12,35,0,1,6,0,0,0,1,0,0,2,0,1,0,2,0,4.0,300,56,5.357142857142857
1,2,105,0,1,4,6,0,0,0,1,0,1,0,1,0,12,0,1.0,241,45,5.355555555555555
1,1,104,0,1,0,5,5,1,1,1,1,1,0,1,0,2,0,6.0,301,61,4.934426229508197
0,24,17,0,0,1,6,0,1,0,0,0,1,0,1,0,2,0,1.0,276,64,4.3125
0,24,60,0,1,0,6,0,0,2,0,0,0,0,1,0,12,0,2.0,193,31,6.225806451612903
0,1,144,114,2,1,0,0,2,0,1,1,1,0,3,0,2,0,5.0,669,124,5.395161290322581
0,24,159,0,1,2,4,0,1,1,2,2,2,0,1,100,2,0,1.0,278,51,5.450980392156863
0,3,144,0,1,0,4,0,1,0,2,2,2,0,1,0,3,1,17.0,432,76,5.684210526315789
0,3,69,39,1,2,4,5,1,1,2,2,2,0,1,0,2,0,1.0,40,5,8.0
0,84,13,0,0,0,5,5,2,1,0,0,1,0,1,0,12,0,1.0,353,65,5.430769230769231
0,12,22,114,0,4,0,0,2,0,2,2,1,0,1,0,2,0,2.0,85,13,6.538461538461538
1,4,135,113,1,5,6,0,0,1,1,1,1,0,1,0,2,0,5.0,93,19,4.894736842105263
1,24,105,0,1,0,1,0,1,0,0,0,1,0,1,0,2,0,2.0,191,37,5.162162162162162
0,3,144,0,1,4,6,0,1,0,1,1,1,0,1,0,2,1,5.0,815,155,5.258064516129032
0,0,144,0,2,0,1,5,1,0,1,1,1,0,5,0,3,0,8.0,620,119,5.2100840336134455
1,4,103,0,0,1,0,0,0,2,0,0,1,0,1,0,12,0,1.0,741,138,5.369565217391305
1,3,105,0,0,0,6,0,1,0,0,0,1,0,1,15,2,0,1.0,123,21,5.857142857142857
0,15,144,12,1,0,6,0,1,0,0,0,0,0,1,0,2,0,1.0,112,20,5.6
0,3,144,0,0,0,6,0,1,0,1,1,1,0,1,10,1,0,1.0,57,11,5.181818181818182
1,2,105,0,2,1,2,2,0,1,1,1,1,0,3,0,2,0,1.0,591,106,5.5754716981132075
0,72,54,0,1,1,3,5,1,1,0,0,2,0,1,0,12,0,0.0,417,77,5.415584415584416
1,2,105,0,1,2,5,5,0,0,2,2,2,0,1,0,12,0,5.0,1076,211,5.099526066350711
0,3,166,114,1,0,1,0,1,0,0,0,0,0,1,0,2,0,1.0,124,21,5.904761904761905
0,2,69,114,1,0,6,0,1,1,1,0,1,0,1,0,2,0,3.0,450,84,5.357142857142857
0,2,144,0,1,1,0,0,1,0,1,1,1,0,1,20,3,0,1.0,117,20,5.85
1,6,105,0,0,2,6,0,1,0,1,0,1,0,1,30,2,0,1.0,318,57,5.578947368421052
0,36,144,0,1,0,0,0,1,0,0,0,0,0,1,0,2,0,10.0,457,86,5.313953488372093
1,11,100,0,0,0,5,5,2,1,2,0,1,0,1,0,2,0,5.0,352,67,5.253731343283582
0,3,38,114,0,1,0,0,1,0,0,0,1,0,1,0,7,0,1.0,284,49,5.795918367346939
1,16,126,0,0,5,0,0,1,0,1,0,1,0,1,200,12,0,2.0,117,20,5.85
0,1,144,0,1,0,6,0,1,0,1,1,1,0,1,20,3,0,1.0,141,25,5.64
0,15,60,0,0,0,0,0,0,0,0,0,1,0,1,0,0,0,1.0,5,1,5.0
1,2,128,72,0,1,4,5,0,0,1,1,1,0,1,0,12,0,3.0,266,51,5.215686274509804
1,2,105,0,2,0,1,5,1,0,1,1,1,0,2,0,2,0,3.0,59,11,5.363636363636363
0,4,144,114,2,1,0,0,1,0,0,0,1,0,2,50,2,0,3.0,434,93,4.666666666666667
0,36,144,0,1,1,0,0,1,0,2,1,1,0,2,50,2,0,2.0,1401,267,5.247191011235955
1,7,135,106,2,0,3,5,1,1,0,0,0,0,2,0,2,0,2.0,282,57,4.947368421052632
0,3,144,16,0,0,1,1,2,0,1,0,1,0,1,0,2,0,18.0,240,42,5.714285714285714
1,4,143,82,0,0,6,0,0,0,2,0,1,0,1,0,12,0,5.0,107,16,6.6875
1,0,104,0,2,0,0,0,0,1,1,1,1,0,3,0,2,0,2.0,212,38,5.578947368421052
1,24,104,0,1,5,0,0,1,1,1,0,1,0,1,0,2,1,4.0,635,122,5.204918032786885
1,24,132,0,0,1,0,0,1,1,2,0,1,0,1,0,0,0,5.0,98,17,5.764705882352941
1,5,130,0,1,0,5,5,0,0,0,0,0,0,1,0,2,0,4.0,263,53,4.962264150943396
0,36,144,0,1,0,1,0,2,0,1,1,1,0,1,0,12,0,3.0,154,27,5.703703703703703
1,1,104,0,0,0,0,0,1,1,1,1,1,0,1,0,12,0,4.0,411,78,5.269230769230769
1,2,88,82,1,1,6,0,0,0,1,0,2,0,1,0,2,0,2.0,132,25,5.28
0,6,144,0,0,6,0,0,1,1,0,0,0,0,1,0,2,0,4.0,705,137,5.145985401459854
1,2,120,0,1,1,2,4,1,0,1,1,1,0,1,0,12,0,4.0,376,69,5.449275362318841
1,4,105,0,1,0,5,0,1,0,1,1,1,0,2,0,2,0,3.0,461,84,5.488095238095238
1,5,135,0,0,0,1,1,1,0,0,0,1,0,1,50,2,0,1.0,143,25,5.72
1,2,105,0,2,0,1,5,1,0,1,1,1,0,2,0,2,0,6.0,459,88,5.215909090909091
1,14,135,0,2,0,1,0,1,0,1,1,1,0,5,0,12,0,3.0,96,19,5.052631578947368
1,4,105,0,1,3,6,0,1,0,1,1,1,0,1,0,3,0,2.0,267,51,5.235294117647059
1,4,105,0,1,0,6,0,0,1,0,0,1,0,1,0,12,0,5.0,493,104,4.740384615384615
0,1,144,114,2,1,4,0,1,0,1,1,1,0,4,0,2,0,4.0,339,60,5.65
1,36,122,0,1,0,1,1,1,1,0,0,0,0,1,0,12,1,2.0,360,72,5.0
1,2,88,0,2,0,1,4,1,1,2,0,2,0,3,0,12,0,0.0,454,79,5.746835443037975
0,24,144,114,1,1,6,0,1,0,1,1,1,0,2,0,5,0,3.0,123,20,6.15
1,48,135,0,0,0,1,1,1,1,0,0,0,0,1,0,12,0,5.0,707,140,5.05
1,12,140,0,1,0,3,5,0,1,0,0,0,0,1,0,12,0,1.0,195,33,5.909090909090909
0,6,144,0,1,0,1,0,1,0,1,0,1,0,1,0,12,0,2.0,428,79,5.417721518987341
1,12,103,96,1,0,1,5,1,2,2,2,2,0,1,0,12,0,1.0,122,24,5.083333333333333
1,3,105,0,0,0,6,0,1,1,1,0,1,0,1,0,2,0,1.0,319,56,5.696428571428571
0,2,144,0,2,3,4,0,1,0,1,1,1,0,4,0,3,0,4.0,308,52,5.923076923076923
0,1,144,114,1,0,6,0,0,0,1,0,1,0,1,0,2,2,9.0,237,43,5.511627906976744
1,15,104,0,0,2,6,0,1,1,0,0,1,0,1,0,7,0,3.0,36,7,5.142857142857143
0,1,144,0,0,0,3,0,1,0,2,2,1,0,1,0,2,0,1.0,76,13,5.846153846153846
1,8,105,0,1,0,6,0,1,1,1,1,1,0,1,0,2,0,3.0,222,41,5.414634146341464
0,72,60,0,0,1,5,5,0,2,0,0,0,0,1,150,12,0,11.0,154,23,6.695652173913044
1,3,105,0,0,1,3,5,1,0,0,0,1,0,1,0,3,0,7.0,203,35,5.8
1,3,105,0,1,5,6,0,1,0,1,0,1,0,1,50,2,0,7.0,957,174,5.5
0,2,144,114,1,1,0,0,1,1,0,0,2,0,2,0,0,0,1.0,84,16,5.25
1,5,105,106,1,1,2,0,0,0,1,0,1,0,1,0,2,0,12.0,175,34,5.147058823529412
0,120,22,0,1,3,4,5,2,0,2,2,2,2,1,0,2,0,4.0,4545,870,5.224137931034483
1,36,105,0,1,1,3,5,1,1,0,0,0,0,1,120,2,0,3.0,107,21,5.095238095238095
1,2,105,0,2,0,6,0,1,0,1,1,1,0,5,0,5,0,4.0,366,70,5.228571428571429
1,14,104,0,1,0,1,5,1,1,1,1,1,0,1,0,5,0,2.0,667,138,4.833333333333333
1,2,104,81,0,3,0,0,0,1,1,0,1,0,1,0,2,0,5.0,170,26,6.538461538461538
0,1,144,0,0,0,0,0,1,0,1,1,1,0,1,50,2,0,6.0,700,136,5.147058823529412
1,2,105,0,0,2,0,0,1,0,1,1,1,0,1,50,2,0,4.0,604,108,5.592592592592593
0,2,144,0,1,1,0,0,1,0,0,0,1,0,1,0,2,0,13.0,1518,282,5.382978723404255
0,4,144,0,1,1,0,0,1,0,2,2,1,1,1,0,7,0,4.0,364,70,5.2
1,4,105,0,1,0,0,0,1,0,1,1,1,0,2,0,2,0,2.0,539,103,5.233009708737864
1,1,105,0,0,0,1,0,0,0,2,2,2,1,1,0,12,0,4.0,32,8,4.0
0,2,144,0,1,4,6,0,1,1,0,0,1,0,1,80,3,0,1.0,255,42,6.071428571428571
0,2,144,0,1,0,1,0,1,0,2,2,1,0,1,0,2,0,2.0,133,23,5.782608695652174
1,3,105,0,1,3,0,0,0,0,1,1,1,0,1,0,12,0,7.0,84,14,6.0
1,3,135,101,1,1,4,5,1,0,1,0,1,0,1,0,2,0,5.0,1284,251,5.115537848605578
0,2,144,0,1,0,1,5,1,1,0,1,1,0,1,40,3,0,1.0,516,90,5.733333333333333
1,1,105,0,0,2,4,0,1,0,1,0,1,0,1,50,2,0,5.0,666,120,5.55
1,1,105,82,2,0,6,0,1,0,1,1,1,0,4,0,12,0,2.0,746,148,5.04054054054054
0,96,51,0,0,5,0,0,0,1,0,0,1,0,1,0,2,0,1.0,96,17,5.647058823529412
0,4,144,114,1,0,1,0,1,1,0,0,1,0,1,0,2,0,4.0,12,2,6.0
0,13,144,41,1,0,1,5,1,0,0,0,0,0,1,0,3,0,5.0,358,77,4.64935064935065
0,1,144,0,1,0,1,0,1,0,2,2,1,0,1,0,2,0,2.0,127,22,5.7727272727272725
0,1,144,114,1,0,1,0,1,1,1,1,1,0,1,0,2,0,1.0,12,2,6.0
0,1,144,0,1,0,6,0,1,1,1,1,1,0,1,0,2,0,9.0,470,87,5.402298850574713
1,2,94,101,1,4,0,0,1,0,1,0,1,0,1,150,2,0,4.0,176,31,5.67741935483871
1,1,104,0,1,0,0,0,0,1,1,1,1,0,1,0,2,0,1.0,170,34,5.0
0,2,144,0,1,0,1,0,1,1,0,0,1,0,1,50,2,0,2.0,138,27,5.111111111111111
0,2,144,0,0,1,0,0,1,1,0,0,1,0,1,0,2,0,1.0,219,44,4.9772727272727275
0,2,144,4,0,1,4,0,1,0,0,0,1,0,3,0,12,0,1.0,102,18,5.666666666666667
1,1,105,0,0,0,6,0,0,0,1,1,1,1,1,0,2,0,1.0,334,66,5.0606060606060606
0,12,144,0,0,0,1,0,1,0,2,2,2,0,1,0,4,0,5.0,518,104,4.980769230769231
1,2,105,0,1,0,4,0,1,0,1,0,1,0,2,0,12,0,8.0,1020,207,4.927536231884058
0,3,69,0,0,0,0,0,2,2,0,0,1,0,1,0,12,0,1.0,39,7,5.571428571428571
1,15,105,0,0,0,1,5,2,0,1,1,1,0,1,50,12,0,1.0,148,31,4.774193548387097
1,4,104,0,1,0,6,0,1,1,1,0,1,0,1,0,6,0,10.0,1802,350,5.148571428571429
1,1,105,0,0,0,6,0,1,0,1,1,1,0,1,0,12,0,2.0,154,27,5.703703703703703
0,19,144,6,1,1,0,0,1,1,0,0,0,0,1,0,2,0,8.0,475,92,5.163043478260869
1,3,104,80,2,0,6,0,1,1,1,0,1,0,2,50,2,0,3.0,102,20,5.1
0,2,144,0,0,1,0,0,1,0,1,1,1,0,1,0,2,0,4.0,645,119,5.420168067226891
0,24,151,114,1,2,4,0,1,1,0,0,0,0,1,0,2,0,2.0,208,38,5.473684210526316
0,2,144,0,2,1,0,0,1,0,0,0,1,0,4,0,12,0,1.0,643,115,5.591304347826087
1,16,92,0,0,0,0,0,2,1,0,0,0,0,1,0,12,0,1.0,320,69,4.63768115942029
0,24,144,0,2,1,6,0,1,0,2,0,2,0,2,0,12,0,2.0,163,31,5.258064516129032
0,2,144,0,1,1,6,0,1,1,0,1,1,0,1,0,3,0,1.0,218,36,6.055555555555555
0,24,144,54,0,1,0,0,1,1,2,0,1,0,1,0,1,0,2.0,285,62,4.596774193548387
1,48,105,0,0,0,1,5,1,0,1,0,0,0,2,0,2,0,6.0,992,195,5.087179487179487
0,12,144,114,0,1,0,0,2,0,0,0,0,0,1,100,5,0,1.0,534,105,5.085714285714285
0,2,144,114,1,0,1,0,1,0,1,1,1,0,1,0,12,0,3.0,131,24,5.458333333333333
0,3,144,35,0,0,6,0,2,1,0,0,1,1,2,0,2,0,9.0,340,50,6.8
1,6,105,0,1,5,6,0,1,0,1,1,1,0,1,0,2,0,5.0,56,10,5.6
0,8,166,114,1,0,1,0,1,0,0,2,0,0,1,0,2,0,3.0,269,55,4.890909090909091
1,6,103,0,1,3,0,0,0,2,1,0,1,0,1,150,12,0,4.0,961,190,5.057894736842106
1,1,105,0,0,0,1,4,0,0,1,1,1,0,1,0,6,0,2.0,68,11,6.181818181818182
0,2,144,0,1,1,0,0,1,0,0,0,1,0,1,0,2,0,4.0,341,69,4.942028985507246
1,2,105,0,1,0,1,5,0,0,1,1,1,0,1,0,3,0,11.0,159,30,5.3
0,3,144,0,0,0,0,0,1,1,1,0,1,0,1,0,7,0,1.0,134,29,4.620689655172414
0,16,69,114,1,1,4,0,1,0,0,0,0,0,1,300,2,0,1.0,545,83,6.566265060240964
0,37,10,114,0,0,1,5,3,0,0,0,0,0,1,50,2,0,2.0,920,184,5.0
0,2,144,114,1,0,1,5,1,0,0,0,1,0,1,0,12,0,7.0,189,35,5.4
1,4,105,0,2,0,4,5,0,0,1,1,1,0,5,0,2,0,5.0,356,68,5.235294117647059
0,2,144,0,1,0,1,5,0,1,0,0,1,0,3,0,2,0,4.0,251,42,5.976190476190476
0,2,144,0,0,1,0,0,1,1,0,0,1,0,1,0,2,0,1.0,196,37,5.297297297297297
1,12,105,0,1,0,6,0,3,0,0,0,0,0,1,0,12,0,1.0,834,169,4.93491124260355
1,12,104,0,1,0,3,5,1,1,2,2,2,0,1,0,0,0,1.0,12,3,4.0
0,2,144,0,1,5,0,0,1,0,2,2,2,2,1,0,2,0,0.0,646,129,5.007751937984496
1,3,105,0,0,3,0,0,1,0,0,0,1,0,1,0,2,0,18.0,377,69,5.463768115942029
1,2,105,0,1,0,3,5,1,0,1,0,2,0,1,0,2,0,5.0,250,39,6.410256410256411
0,10,52,114,1,6,0,0,1,0,2,2,2,0,2,0,12,0,5.0,412,82,5.024390243902439
0,4,144,0,0,0,1,0,1,1,1,0,1,1,1,0,2,0,5.0,393,76,5.171052631578948
0,2,144,114,1,1,0,0,1,1,0,0,1,0,1,0,2,0,1.0,12,2,6.0
0,2,144,0,1,0,6,0,1,0,0,0,0,0,1,0,4,0,5.0,554,114,4.859649122807017
0,12,144,0,0,6,0,0,1,0,1,1,1,0,1,0,12,0,2.0,159,31,5.129032258064516
0,24,144,0,1,0,0,0,2,0,0,0,0,0,1,0,2,0,1.0,77,14,5.5
1,2,105,0,0,0,6,0,1,0,1,0,1,0,1,0,12,0,8.0,665,132,5.037878787878788
1,2,105,0,1,1,6,0,1,0,1,0,1,1,1,0,2,0,5.0,882,166,5.313253012048193
0,1,144,0,1,1,6,0,1,0,1,1,1,0,1,0,7,0,1.0,165,30,5.5
1,8,105,106,1,1,0,0,1,0,0,0,0,0,1,0,12,0,1.0,440,82,5.365853658536586
0,4,144,0,1,1,0,0,1,0,0,0,0,0,1,0,4,0,11.0,270,46,5.869565217391305
0,48,144,0,1,0,0,0,0,2,2,2,2,0,1,0,2,0,1.0,63,12,5.25
0,1,144,0,2,0,1,5,1,0,1,1,1,0,7,0,2,0,8.0,16,3,5.333333333333333
1,4,105,82,2,1,3,4,0,0,0,0,1,0,4,0,12,0,4.0,491,73,6.726027397260274
0,2,144,0,1,0,1,0,1,1,2,2,1,0,1,0,2,0,2.0,136,23,5.913043478260869
1,2,105,0,1,0,1,5,0,0,0,0,1,0,5,0,2,0,6.0,119,26,4.576923076923077
0,22,54,0,1,0,1,5,1,0,0,0,1,0,1,0,2,0,3.0,1067,194,5.5
0,2,144,4,0,0,1,0,1,0,1,1,1,0,1,0,2,0,1.0,44,10,4.4
1,3,105,0,1,1,2,3,0,0,1,1,1,0,1,0,2,0,0.0,36,5,7.2
1,2,105,0,1,1,4,4,0,0,1,1,1,0,3,0,12,0,4.0,510,82,6.219512195121951
1,12,105,0,1,6,0,0,1,0,0,0,0,0,1,0,12,0,2.0,67,12,5.583333333333333
0,2,144,0,1,1,0,0,1,1,1,0,1,0,1,0,2,0,1.0,56,11,5.090909090909091
0,2,144,114,0,1,0,0,1,0,0,0,1,0,1,100,2,0,2.0,23,4,5.75
0,6,144,114,1,4,6,0,1,0,0,0,0,0,2,0,5,0,3.0,335,61,5.491803278688525
0,1,144,0,0,1,6,0,1,1,1,1,1,0,1,0,3,0,1.0,103,15,6.866666666666666
1,3,103,0,1,0,2,5,2,2,1,0,1,0,1,50,2,0,2.0,285,57,5.0
0,24,144,0,0,0,1,0,1,1,0,0,0,0,1,0,7,0,4.0,201,39,5.153846153846154
0,1,28,114,1,4,0,0,1,0,1,1,1,0,1,0,6,0,3.0,112,18,6.222222222222222
0,84,77,0,1,6,0,0,1,1,2,2,2,0,1,100,2,0,3.0,400,78,5.128205128205129
1,6,105,0,1,2,4,0,1,0,0,0,0,0,1,0,12,0,2.0,210,39,5.384615384615385
1,2,105,0,1,1,0,0,0,0,2,0,1,0,1,0,12,0,3.0,113,17,6.647058823529412
1,2,104,0,1,0,5,5,0,1,0,0,1,0,1,0,2,0,8.0,212,39,5.435897435897436
0,30,150,114,0,6,0,0,1,0,0,0,0,0,1,200,2,0,2.0,361,52,6.9423076923076925
0,4,144,114,0,4,0,0,1,0,0,0,0,0,1,0,2,0,3.0,200,37,5.405405405405405
1,2,104,0,1,0,3,5,1,1,1,1,1,0,1,0,2,0,0.0,64,10,6.4
1,7,93,0,0,3,6,0,2,1,0,0,0,0,1,0,12,0,2.0,24,6,4.0
0,48,144,0,1,1,0,0,1,0,0,0,0,0,1,0,0,2,4.0,372,77,4.8311688311688314
0,36,144,0,0,0,6,0,1,1,1,1,1,0,1,0,4,0,5.0,582,115,5.060869565217391
1,1,105,0,1,0,6,0,0,0,1,1,1,0,1,0,12,0,2.0,137,25,5.48
0,6,144,114,2,0,1,5,1,1,2,2,2,0,5,0,3,0,2.0,629,106,5.933962264150943
0,24,17,0,0,1,6,0,1,0,0,2,1,0,1,1,2,0,1.0,20,3,6.666666666666667
0,24,144,0,0,3,6,0,1,1,2,2,1,0,1,0,2,0,5.0,1285,249,5.160642570281125
1,4,87,0,1,2,0,0,1,1,1,0,1,1,1,0,12,0,0.0,140,22,6.363636363636363
0,2,144,114,0,1,0,0,1,1,1,0,1,0,1,0,12,0,5.0,298,53,5.622641509433962
1,9,135,0,0,0,1,4,1,0,0,0,0,0,1,0,2,0,4.0,113,19,5.947368421052632
0,13,144,0,0,0,3,5,1,0,1,1,1,0,1,0,12,0,4.0,341,70,4.871428571428571
1,2,135,0,1,0,6,0,1,0,1,0,1,0,1,0,2,0,1.0,3,1,3.0
0,10,144,0,1,1,6,0,1,0,0,0,0,0,1,50,2,0,2.0,138,23,6.0
0,9,40,25,1,0,4,5,0,2,0,0,1,0,1,300,2,0,3.0,518,95,5.4526315789473685
1,3,105,0,0,2,0,0,0,0,1,0,1,1,1,0,7,0,2.0,144,28,5.142857142857143
0,1,144,0,1,0,1,0,1,0,2,2,2,0,1,0,2,0,2.0,76,13,5.846153846153846
1,3,104,0,0,1,6,0,0,1,1,0,1,0,1,0,1,0,5.0,339,64,5.296875
0,2,144,114,2,0,1,0,1,0,1,1,1,0,3,0,2,0,5.0,178,36,4.944444444444445
1,5,105,0,0,0,1,0,1,0,0,0,0,0,1,100,12,0,1.0,59,9,6.555555555555555
1,4,104,0,1,2,6,0,1,1,1,1,1,0,1,150,10,0,3.0,233,38,6.131578947368421
0,42,42,114,0,1,0,0,1,1,1,1,0,1,1,0,2,0,1.0,165,32,5.15625
0,84,30,0,0,1,4,0,0,0,0,0,1,0,1,0,2,0,1.0,391,81,4.827160493827161
0,14,144,0,0,0,0,0,1,0,0,0,1,0,1,0,2,0,3.0,160,31,5.161290322580645
0,1,144,0,1,0,1,2,1,0,0,0,0,0,1,0,4,0,3.0,361,67,5.388059701492537
0,1,144,0,1,0,1,0,2,0,1,1,1,0,1,0,2,0,2.0,344,67,5.134328358208955
0,2,144,0,0,1,6,0,1,1,1,1,1,0,1,0,2,0,3.0,118,27,4.37037037037037
1,1,104,82,0,2,6,0,1,1,1,1,1,0,1,50,2,0,10.0,905,170,5.323529411764706
1,2,105,0,1,1,5,5,0,0,1,1,1,0,1,0,2,0,1.0,50,11,4.545454545454546
1,6,128,81,1,1,4,5,0,1,0,0,1,0,1,0,2,0,2.0,765,140,5.464285714285714
0,24,144,0,0,1,5,5,2,2,0,0,1,0,1,0,2,0,2.0,258,51,5.0588235294117645
0,2,144,114,1,1,6,0,1,1,1,1,1,0,1,0,2,0,5.0,12,2,6.0
0,9,8,114,1,1,0,0,2,1,0,0,0,0,1,0,12,0,2.0,184,37,4.972972972972973
1,4,105,0,0,0,6,0,1,0,0,0,1,0,1,0,2,0,4.0,588,110,5.345454545454546
1,1,104,0,0,2,4,0,1,1,1,0,1,0,1,50,2,0,5.0,648,117,5.538461538461538
1,48,84,0,0,1,4,0,0,0,0,0,0,0,1,0,2,0,2.0,190,39,4.871794871794871
1,10,105,0,1,0,6,0,1,0,0,0,0,0,1,100,12,0,1.0,370,69,5.36231884057971
1,12,93,63,0,5,6,0,0,0,2,2,2,1,1,0,12,0,1.0,30,5,6.0
1,6,105,0,0,0,5,0,1,0,0,0,0,1,1,0,2,0,8.0,603,114,5.2894736842105265
0,11,144,0,0,1,6,0,1,0,0,2,1,0,1,0,2,0,2.0,290,57,5.087719298245614
0,1,144,114,1,1,2,0,0,0,2,2,2,0,1,0,2,0,8.0,137,28,4.892857142857143
1,3,105,82,0,3,0,0,1,0,1,0,1,0,1,0,12,0,1.0,105,21,5.0
0,1,144,0,1,4,0,0,0,1,1,1,1,0,1,0,2,0,5.0,42,8,5.25
0,78,60,0,0,2,6,0,0,0,0,0,0,0,1,0,12,0,2.0,547,111,4.927927927927928
0,36,22,0,1,3,0,0,1,0,1,0,0,0,1,0,4,0,1.0,192,36,5.333333333333333
0,6,144,0,0,1,0,0,1,0,2,2,1,0,1,0,12,0,3.0,187,33,5.666666666666667
1,4,105,0,0,0,1,0,1,1,1,1,1,0,1,0,2,0,1.0,201,35,5.742857142857143
1,17,105,0,1,3,6,0,1,0,2,2,1,0,1,0,12,0,1.0,144,35,4.114285714285714
1,3,104,0,1,0,5,0,1,1,1,1,1,0,1,0,12,0,3.0,123,24,5.125
1,2,104,81,2,3,0,0,0,1,1,1,1,0,3,0,12,0,3.0,13,2,6.5
0,36,54,0,0,0,1,5,1,0,0,0,1,0,1,550,12,0,3.0,390,78,5.0
0,1,144,0,2,0,1,3,1,1,1,1,1,0,2,0,2,0,5.0,187,32,5.84375
1,1,105,0,1,2,4,5,1,0,0,0,1,0,2,100,2,0,8.0,1299,235,5.527659574468085
0,2,144,0,1,0,1,0,1,1,2,2,1,0,1,0,2,0,1.0,122,21,5.809523809523809
1,1,105,0,2,0,5,0,1,0,1,1,1,0,2,0,6,0,3.0,237,46,5.1521739130434785
0,96,159,0,1,1,4,0,0,1,0,0,0,0,1,0,2,0,11.0,1996,392,5.091836734693878
0,48,54,0,0,0,1,5,1,0,1,1,1,1,1,200,2,0,4.0,885,166,5.331325301204819
0,1,144,114,1,1,0,0,1,1,1,0,1,0,1,0,2,0,14.0,12,2,6.0
0,2,144,0,1,0,1,0,1,1,1,1,1,0,1,0,4,0,2.0,252,53,4.754716981132075
1,12,105,82,0,0,5,5,1,0,0,0,0,0,1,0,10,0,3.0,59,10,5.9
1,3,104,0,1,2,6,0,1,1,0,0,0,0,1,0,2,0,2.0,8,1,8.0
1,0,104,0,1,6,0,0,0,1,1,0,1,0,1,0,2,0,3.0,347,65,5.338461538461538
1,30,105,0,0,0,5,5,1,1,1,0,0,0,2,0,2,0,2.0,1377,250,5.508
1,12,105,0,2,0,0,0,1,0,0,0,0,0,2,0,2,0,4.0,761,139,5.474820143884892
0,11,165,114,1,0,1,5,1,1,0,2,0,0,2,0,6,0,1.0,909,152,5.980263157894737
1,3,105,106,0,5,6,0,1,0,1,0,1,1,1,0,12,0,18.0,1592,284,5.605633802816901
0,1,144,0,1,1,0,0,1,0,1,1,1,0,1,0,4,0,1.0,98,21,4.666666666666667
0,2,144,114,1,0,6,0,1,0,1,1,1,0,1,0,2,0,1.0,160,33,4.848484848484849
1,1,104,0,1,0,1,0,1,1,1,1,1,0,2,20,2,0,1.0,467,76,6.144736842105263
0,18,13,114,0,1,4,5,1,0,0,0,1,0,1,0,3,0,4.0,828,161,5.142857142857143
1,2,104,0,0,0,0,0,1,1,2,2,2,0,1,0,0,0,2.0,111,26,4.269230769230769
1,1,104,106,0,0,1,5,1,1,1,0,1,0,1,0,2,0,8.0,884,148,5.972972972972973
0,3,144,114,2,0,1,3,1,1,1,1,1,0,7,0,12,0,5.0,368,67,5.492537313432836
1,1,105,0,2,0,4,5,0,0,1,0,1,0,3,0,12,0,3.0,37,5,7.4
0,3,144,16,1,1,0,0,1,0,0,0,1,0,1,0,2,0,4.0,66,11,6.0
0,33,159,132,1,4,0,0,1,1,0,0,0,0,1,300,12,0,0.0,82,11,7.454545454545454
0,2,144,0,1,1,0,0,1,0,1,1,1,0,1,0,7,0,1.0,26,5,5.2
0,48,8,0,0,2,0,0,2,1,0,0,1,0,1,250,2,0,1.0,62,12,5.166666666666667
1,2,104,0,0,1,5,5,1,1,1,1,1,0,1,0,2,0,1.0,175,29,6.0344827586206895
1,2,105,0,1,3,4,5,1,0,0,0,0,0,1,0,4,1,5.0,287,54,5.314814814814815
1,2,122,80,1,4,0,0,1,2,1,0,1,0,1,100,2,0,5.0,693,126,5.5
0,2,144,0,2,0,1,5,1,0,0,0,1,0,5,0,12,0,13.0,852,163,5.226993865030675
0,89,165,122,1,0,6,0,2,0,0,0,0,0,1,0,2,0,1.0,28,6,4.666666666666667
0,8,144,0,0,4,0,0,1,1,0,0,0,0,1,300,7,0,4.0,100,18,5.555555555555555
0,36,51,0,1,5,0,0,0,2,0,0,1,0,1,500,12,0,1.0,340,63,5.396825396825397
0,18,164,114,1,1,0,0,0,0,1,1,1,0,1,20,3,0,1.0,348,59,5.898305084745763
0,12,144,0,0,0,1,0,1,1,2,2,2,0,1,0,2,0,2.0,546,101,5.405940594059406
1,8,105,0,1,4,5,5,2,0,1,0,0,0,1,0,2,0,10.0,605,129,4.689922480620155
1,6,104,0,0,6,0,0,1,1,1,1,1,0,1,0,3,0,4.0,195,41,4.7560975609756095
1,12,103,0,0,3,6,0,2,2,2,0,0,0,1,0,12,0,9.0,739,143,5.1678321678321675
1,1,135,0,2,0,2,3,1,1,1,1,1,0,4,0,2,0,12.0,296,51,5.803921568627451
1,16,105,0,1,0,6,0,1,0,0,0,0,0,1,50,2,0,13.0,1033,189,5.465608465608466
1,5,103,0,0,3,6,0,2,2,1,1,1,0,1,250,10,0,5.0,286,49,5.836734693877551
0,5,144,0,1,0,1,0,2,0,0,0,1,0,1,0,0,0,3.0,271,51,5.313725490196078
0,2,144,0,1,0,1,5,1,0,0,0,1,0,1,0,2,0,7.0,18,3,6.0
0,54,144,0,0,1,0,0,1,1,2,2,2,0,1,0,12,0,2.0,296,50,5.92
0,12,13,0,1,0,5,5,2,1,2,2,0,0,1,350,5,0,8.0,1012,208,4.865384615384615
0,12,144,0,1,0,0,0,0,0,0,0,0,0,1,0,2,0,2.0,1497,310,4.829032258064516
0,2,144,0,0,0,1,0,1,0,0,0,1,0,1,100,2,0,3.0,102,18,5.666666666666667
1,5,105,0,0,0,6,0,1,0,1,0,1,0,1,0,2,1,12.0,422,80,5.275
1,2,105,0,0,0,5,5,1,0,1,1,1,0,2,0,7,0,4.0,93,18,5.166666666666667
0,5,144,114,1,0,1,3,1,1,1,1,0,0,1,0,7,0,1.0,182,30,6.066666666666666
1,1,105,0,2,0,4,5,0,2,1,1,1,0,5,0,2,0,3.0,305,58,5.258620689655173
1,28,114,0,2,3,5,5,3,2,0,0,1,0,2,600,8,0,11.0,1763,316,5.579113924050633
1,3,105,106,1,0,1,5,1,0,1,1,1,0,1,0,2,0,6.0,906,158,5.734177215189874
0,4,144,0,0,0,6,0,0,0,0,1,1,0,1,0,2,1,2.0,256,48,5.333333333333333
1,7,104,0,2,1,2,0,1,1,1,1,1,0,5,0,12,0,9.0,79,16,4.9375
1,3,105,0,1,0,5,5,0,0,1,0,1,0,1,0,2,0,4.0,312,63,4.9523809523809526
1,12,96,0,1,0,2,5,1,0,0,0,0,0,1,0,2,0,1.0,362,64,5.65625
0,1,144,0,1,1,0,0,2,0,1,1,1,0,2,0,2,0,3.0,147,27,5.444444444444445
0,3,13,50,0,0,6,0,1,2,0,0,1,0,1,250,2,0,7.0,84,16,5.25
0,4,164,130,0,0,4,5,1,0,2,0,1,0,1,0,4,1,11.0,462,81,5.703703703703703
0,84,159,0,1,0,5,5,1,2,0,0,1,0,1,0,2,0,4.0,401,58,6.913793103448276
0,2,166,114,1,0,1,0,1,0,0,0,1,0,1,0,2,0,5.0,220,41,5.365853658536586
0,1,144,0,2,1,0,0,1,1,1,0,1,0,2,0,12,0,3.0,172,33,5.212121212121212
1,1,105,73,2,3,5,5,1,1,1,1,1,0,4,0,2,0,4.0,521,106,4.915094339622642
0,3,170,114,0,0,6,0,1,0,2,2,1,0,1,0,2,0,1.0,83,16,5.1875
1,2,125,80,1,1,4,5,0,1,1,1,1,0,1,0,12,0,0.0,210,46,4.565217391304348
0,2,99,114,1,0,1,0,1,1,2,2,1,0,1,0,2,0,4.0,115,20,5.75
0,1,144,0,1,1,6,0,1,0,1,1,1,0,1,0,2,0,1.0,117,20,5.85
1,7,105,0,1,5,6,0,1,0,1,1,2,0,2,0,2,0,3.0,247,44,5.613636363636363
0,14,144,4,1,0,1,0,1,1,0,0,0,0,1,0,2,0,1.0,60,13,4.615384615384615
0,3,144,0,0,1,6,0,2,0,0,0,1,0,1,0,2,0,16.0,929,173,5.369942196531792
1,2,105,82,1,1,5,5,0,0,0,1,1,0,2,0,2,0,5.0,433,78,5.551282051282051
0,6,144,0,1,0,1,3,1,1,0,0,0,0,1,100,3,0,5.0,225,35,6.428571428571429
0,12,164,114,1,0,1,0,1,1,0,0,2,0,3,0,3,0,2.0,568,111,5.117117117117117
0,8,144,0,0,0,1,0,1,0,2,2,1,0,1,0,12,0,2.0,477,95,5.021052631578947
1,1,105,0,2,0,5,5,1,0,2,2,2,0,11,0,12,0,5.0,251,47,5.340425531914893
1,4,134,0,1,3,4,5,0,0,1,1,1,1,1,0,12,0,2.0,541,109,4.963302752293578
1,1,105,0,1,0,1,2,2,1,1,0,2,0,1,0,2,0,4.0,826,142,5.816901408450704
1,5,104,0,1,5,0,0,0,1,0,0,0,0,1,0,12,0,5.0,439,88,4.988636363636363
0,30,144,0,0,4,0,0,1,1,2,2,1,0,1,0,2,0,1.0,798,153,5.215686274509804
0,0,144,0,2,0,1,0,1,0,1,1,1,0,6,0,2,0,11.0,861,158,5.449367088607595
1,3,135,0,2,1,2,3,1,0,1,1,1,0,3,0,2,0,5.0,140,28,5.0
1,24,105,0,1,2,6,0,1,1,1,1,0,0,1,0,12,0,2.0,380,75,5.066666666666666
1,2,122,80,0,2,3,0,1,2,1,1,1,0,1,0,2,0,3.0,215,45,4.777777777777778
1,8,96,81,1,0,2,0,1,1,2,0,0,0,2,0,3,0,3.0,299,57,5.245614035087719
0,1,144,0,1,4,0,0,1,1,1,1,1,0,1,0,2,0,5.0,630,121,5.206611570247934
0,2,144,114,0,0,0,0,1,1,1,0,1,0,3,0,2,0,8.0,450,80,5.625
1,9,105,0,0,4,6,0,0,0,1,1,1,0,1,0,2,0,2.0,82,15,5.466666666666667
0,4,144,10,1,0,1,0,1,1,0,0,1,0,1,0,2,0,4.0,14,3,4.666666666666667
0,2,144,114,1,0,1,0,1,1,1,0,1,0,1,0,2,0,3.0,12,2,6.0
0,2,144,0,1,1,4,5,1,1,1,1,1,0,1,0,4,1,4.0,991,187,5.2994652406417115
0,24,144,114,1,0,0,0,1,1,1,1,1,0,2,0,2,0,2.0,3,1,3.0
1,2,104,0,1,6,0,0,2,1,1,0,1,0,1,15,12,0,3.0,453,79,5.734177215189874
1,4,105,0,0,2,4,5,1,0,2,2,1,0,1,50,2,0,1.0,708,128,5.53125
0,4,144,0,1,0,1,0,2,1,0,0,1,0,1,0,2,0,4.0,310,60,5.166666666666667
0,2,144,0,2,0,1,3,1,0,2,2,2,0,5,0,12,0,3.0,178,38,4.684210526315789
0,36,144,114,0,1,6,0,1,0,2,2,2,0,2,0,2,0,1.0,54,11,4.909090909090909
0,24,47,0,0,0,1,0,2,0,2,2,0,0,1,0,2,0,2.0,109,18,6.055555555555555
0,24,144,0,1,1,0,0,2,0,1,1,0,0,2,0,2,0,1.0,3360,613,5.481239804241436
1,4,104,0,0,1,0,0,0,1,2,2,2,0,1,0,2,0,4.0,336,64,5.25
1,3,105,0,1,0,1,5,1,1,0,0,1,0,1,0,2,0,2.0,656,132,4.96969696969697
0,6,144,0,1,1,0,0,1,0,1,1,1,0,1,0,12,0,1.0,142,33,4.303030303030303
1,12,104,0,1,0,3,5,1,1,0,0,1,0,1,0,2,0,2.0,207,31,6.67741935483871
0,8,144,0,0,0,1,1,1,0,1,1,1,0,3,0,2,0,5.0,207,42,4.928571428571429
0,4,144,0,1,1,2,3,1,1,0,0,1,0,1,0,2,1,6.0,923,178,5.185393258426966
0,6,41,0,0,6,0,0,0,1,0,0,1,0,2,0,12,0,1.0,32,5,6.4
1,3,128,0,2,1,4,5,1,0,1,0,2,0,2,0,2,0,5.0,62,12,5.166666666666667
1,2,105,0,1,5,6,0,0,0,1,0,1,1,1,0,4,0,2.0,262,47,5.574468085106383
0,8,144,0,0,0,1,5,1,1,0,0,0,0,2,1,2,0,2.0,851,175,4.862857142857143
1,4,105,0,0,6,0,0,1,0,2,2,1,0,1,0,2,1,3.0,420,78,5.384615384615385
1,7,114,101,0,0,3,0,2,1,1,0,1,0,1,70,2,0,5.0,422,74,5.702702702702703
1,2,105,82,2,0,6,0,0,0,1,0,1,0,3,0,2,0,5.0,104,18,5.777777777777778
0,5,144,0,0,1,6,0,1,1,1,1,2,0,1,0,2,0,1.0,194,40,4.85
1,2,105,0,0,3,6,0,0,1,1,0,1,0,1,0,12,0,2.0,19,3,6.333333333333333
0,2,144,0,1,5,6,0,0,0,1,0,2,0,1,0,2,0,1.0,313,63,4.968253968253968
0,24,144,0,1,0,2,0,1,1,0,0,0,0,1,0,2,0,15.0,975,188,5.1861702127659575
0,0,144,114,2,0,1,3,0,1,1,1,2,0,7,0,2,0,8.0,318,53,6.0
1,1,104,0,1,5,6,0,0,2,2,2,2,0,3,0,2,0,3.0,98,15,6.533333333333333
0,4,65,47,1,4,0,0,1,1,0,0,1,0,1,0,2,0,8.0,92,14,6.571428571428571
1,5,105,0,1,1,2,0,0,1,0,0,1,0,1,0,12,0,3.0,335,63,5.317460317460317
0,3,144,0,1,0,0,0,1,0,0,0,1,0,1,0,2,0,12.0,218,41,5.317073170731708
0,24,144,0,0,1,0,0,1,1,2,2,2,0,1,0,12,0,3.0,578,101,5.7227722772277225
0,2,144,0,2,1,4,5,0,0,1,0,1,0,10,0,2,0,8.0,524,90,5.822222222222222
0,2,144,0,1,1,0,0,1,0,2,2,2,0,1,0,2,0,1.0,296,62,4.774193548387097
1,2,105,0,1,0,6,0,1,0,0,0,1,0,1,100,2,0,3.0,683,124,5.508064516129032
1,3,105,0,1,0,1,5,0,0,1,1,1,0,1,0,2,0,1.0,188,35,5.371428571428571
1,3,105,0,0,6,0,0,1,0,1,0,1,0,1,30,2,0,1.0,512,90,5.688888888888889
0,3,144,0,1,4,0,0,1,0,0,0,0,0,1,0,2,0,4.0,153,28,5.464285714285714
0,33,22,0,1,1,0,0,1,0,0,2,1,0,1,0,1,0,4.0,71,14,5.071428571428571
1,2,105,0,1,0,3,5,1,0,1,1,1,0,2,0,2,0,3.0,325,68,4.779411764705882
0,41,144,0,0,1,2,0,1,0,1,0,0,0,1,0,2,0,5.0,53,10,5.3
0,1,22,114,1,0,1,5,1,0,1,1,1,0,1,0,1,0,1.0,73,13,5.615384615384615
1,1,105,0,0,0,6,0,1,0,1,0,1,0,1,0,12,0,2.0,56,9,6.222222222222222
1,2,104,0,0,1,6,0,0,0,1,1,1,1,1,0,2,0,9.0,630,123,5.121951219512195
0,12,144,0,1,4,0,0,0,1,0,0,1,0,1,0,2,0,3.0,54,9,6.0
0,1,144,0,1,1,0,0,1,0,1,1,1,0,2,0,2,0,13.0,80,11,7.2727272727272725
0,24,144,6,1,2,4,0,1,1,0,0,0,0,1,180,2,1,8.0,653,125,5.224
0,2,41,39,1,1,0,0,0,1,1,0,1,0,1,500,2,0,0.0,261,45,5.8
1,1,105,0,1,0,6,0,1,0,1,0,1,0,1,0,12,0,2.0,59,9,6.555555555555555
1,24,105,0,0,0,6,0,1,0,0,0,0,0,1,0,2,0,8.0,514,104,4.9423076923076925
1,4,128,82,0,1,4,0,0,1,1,1,1,0,1,0,2,1,4.0,27,4,6.75
1,12,105,0,1,1,4,0,0,0,1,0,0,0,1,0,12,0,2.0,78,13,6.0
1,3,119,94,0,1,3,5,0,1,1,2,1,0,2,0,7,0,2.0,524,95,5.515789473684211
0,24,168,0,0,1,4,5,1,0,2,2,2,0,1,2000,12,0,3.0,416,81,5.135802469135802
0,52,60,0,0,1,2,5,1,0,0,0,1,0,1,0,2,0,2.0,636,126,5.0476190476190474
0,3,144,0,1,1,0,0,1,1,2,2,2,0,1,0,12,0,2.0,29,6,4.833333333333333
0,2,144,114,2,0,6,0,1,0,1,1,1,0,2,0,2,0,4.0,653,135,4.837037037037037
1,147,128,0,1,1,4,0,2,1,0,0,0,0,1,0,2,0,1.0,100,16,6.25
1,24,104,0,1,0,1,5,1,1,1,0,1,0,3,0,2,0,2.0,262,47,5.574468085106383
1,9,104,0,1,3,6,0,2,0,1,0,0,0,1,0,7,0,4.0,125,25,5.0
0,3,144,0,1,1,0,0,1,0,1,1,1,0,1,0,12,0,1.0,39,8,4.875
1,4,105,113,2,0,6,0,0,0,1,1,1,0,4,0,2,0,5.0,658,123,5.349593495934959
1,12,122,0,0,3,6,0,1,1,0,0,1,0,1,0,4,0,2.0,129,25,5.16
0,9,62,0,0,1,2,0,0,1,0,0,1,0,1,0,12,0,5.0,7,2,3.5
1,2,104,82,1,0,1,0,1,1,1,0,1,0,1,0,2,0,4.0,284,57,4.982456140350878
1,6,96,81,1,0,3,5,0,1,0,0,0,0,1,0,2,0,4.0,272,40,6.8
0,3,144,0,2,0,0,0,1,0,0,0,1,0,3,0,12,1,7.0,684,122,5.60655737704918
0,72,60,114,1,1,4,0,0,1,2,2,2,0,1,0,7,0,1.0,290,57,5.087719298245614
0,1,144,0,0,1,0,0,1,0,0,0,1,0,1,0,2,0,6.0,201,32,6.28125
0,2,5,0,1,0,1,0,1,1,0,0,1,0,1,50,12,0,3.0,202,36,5.611111111111111
1,4,135,0,0,1,6,0,1,0,2,0,0,0,2,0,12,0,5.0,260,50,5.2
0,1,5,0,1,0,1,0,1,0,1,0,1,0,2,0,12,0,3.0,209,44,4.75
1,3,103,0,0,6,0,0,0,1,1,0,1,0,1,0,12,0,1.0,12,2,6.0
0,36,65,116,0,0,4,5,1,2,0,0,0,0,1,0,2,0,2.0,335,42,7.976190476190476
1,2,135,80,0,0,6,0,1,2,1,1,1,0,1,0,2,0,2.0,341,63,5.412698412698413
0,24,40,0,0,4,6,0,0,1,0,0,1,0,1,0,12,0,3.0,113,18,6.277777777777778
0,2,144,0,0,1,6,0,1,0,1,1,1,0,1,0,2,0,1.0,168,31,5.419354838709677
1,3,104,0,2,0,5,5,1,1,1,1,1,0,2,0,2,0,5.0,480,88,5.454545454545454
1,6,105,0,1,0,6,0,1,0,0,0,0,0,1,0,12,3,3.0,608,107,5.682242990654205
0,2,144,0,2,0,1,5,1,0,1,1,1,0,5,0,12,0,3.0,1228,239,5.138075313807532
0,3,144,0,1,0,1,5,1,0,1,1,1,0,1,0,2,0,7.0,506,99,5.111111111111111
0,1,144,114,2,0,6,0,1,1,1,1,1,0,5,0,12,0,11.0,304,52,5.846153846153846
0,2,144,0,1,1,0,0,0,0,0,0,1,0,1,0,12,0,5.0,598,122,4.901639344262295
1,4,105,0,1,2,6,0,0,0,0,0,1,0,1,0,2,0,1.0,208,39,5.333333333333333
1,1,104,0,0,2,6,0,0,1,1,1,1,0,1,0,2,0,7.0,119,20,5.95
1,36,104,0,0,6,0,0,1,1,2,0,0,0,1,0,12,0,1.0,1533,321,4.775700934579439
1,3,105,0,1,0,0,0,0,0,1,1,1,0,1,0,5,0,1.0,103,15,6.866666666666666
0,54,65,0,0,0,1,5,1,2,0,0,0,0,1,150,2,0,8.0,413,75,5.506666666666667
1,4,105,82,0,6,0,0,1,0,0,0,1,0,1,0,2,0,4.0,1256,237,5.29957805907173
1,51,138,63,0,1,0,0,1,1,0,0,0,0,2,0,2,0,5.0,621,115,5.4
1,2,110,101,2,0,4,4,0,0,1,0,1,0,3,0,12,0,11.0,64,9,7.111111111111111
1,2,105,0,1,5,6,0,0,0,2,2,2,0,1,0,2,0,5.0,775,145,5.344827586206897
1,12,105,0,1,5,6,0,1,0,0,0,0,0,1,0,2,0,15.0,121,23,5.260869565217392
1,5,105,97,1,2,4,0,1,0,1,0,1,0,1,0,12,0,4.0,513,102,5.029411764705882
0,12,144,0,1,1,0,0,1,0,0,0,0,0,1,0,12,0,14.0,162,27,6.0
1,15,105,0,1,6,0,0,1,0,0,0,0,0,1,0,2,0,5.0,194,34,5.705882352941177
1,2,105,0,1,2,3,5,1,0,1,1,1,0,1,0,2,0,3.0,98,19,5.157894736842105
0,2,144,0,1,1,0,0,1,0,2,0,1,0,1,0,12,0,0.0,94,20,4.7
0,84,8,0,0,2,0,0,2,1,2,2,2,0,1,0,12,0,2.0,341,71,4.802816901408451
0,2,144,35,0,0,4,5,0,0,1,1,1,0,4,0,3,0,3.0,389,77,5.0519480519480515
1,4,103,0,0,0,0,0,1,2,1,1,1,0,1,150,2,1,2.0,216,46,4.695652173913044
1,2,104,0,0,0,4,4,1,1,1,0,1,0,1,0,2,0,11.0,1509,306,4.931372549019608
0,1,144,114,2,1,4,5,1,1,0,0,1,0,4,0,2,0,11.0,334,50,6.68
1,12,104,0,1,2,3,5,0,1,0,0,0,0,1,0,3,0,2.0,55,9,6.111111111111111
1,12,104,0,1,0,1,0,1,1,1,1,0,0,1,0,2,0,3.0,404,77,5.246753246753247
0,7,144,0,0,0,1,0,1,0,0,0,0,0,1,0,7,0,1.0,179,35,5.114285714285714
0,2,144,53,1,0,1,3,1,0,1,1,1,0,1,0,2,0,1.0,461,90,5.122222222222222
1,8,104,0,1,0,1,5,1,1,1,1,1,0,5,0,2,0,4.0,22,4,5.5
1,5,105,0,0,2,3,0,1,0,1,1,1,0,1,0,2,0,5.0,377,69,5.463768115942029
0,2,144,0,0,0,6,0,1,0,2,2,2,0,1,0,5,0,1.0,66,14,4.714285714285714
0,36,144,76,1,1,0,0,1,0,0,0,0,0,1,200,7,0,5.0,553,110,5.027272727272727
0,2,144,0,1,0,1,0,1,0,1,1,1,0,1,20,3,0,1.0,201,32,6.28125
0,36,144,0,0,0,1,5,0,1,0,0,1,0,1,0,12,0,1.0,74,12,6.166666666666667
1,5,104,0,0,0,0,0,1,1,1,0,2,0,1,0,2,0,1.0,59,6,9.833333333333334
0,3,144,0,1,0,1,5,0,1,0,0,1,0,1,200,2,0,2.0,222,41,5.414634146341464
0,1,144,114,2,0,1,5,1,1,1,1,2,0,7,0,2,0,8.0,132,26,5.076923076923077
0,16,6,0,1,0,1,2,1,1,0,0,0,0,1,50,2,0,5.0,161,32,5.03125
0,10,65,29,0,2,4,0,1,2,0,0,1,0,1,0,2,0,9.0,463,89,5.202247191011236
0,2,144,0,1,6,0,0,1,1,1,1,1,0,1,0,12,0,4.0,63,12,5.25
1,4,105,0,0,5,6,0,1,1,1,1,1,0,1,0,12,0,1.0,74,14,5.285714285714286
1,12,122,80,1,0,4,5,1,2,0,0,0,0,1,0,2,0,4.0,222,44,5.045454545454546
1,10,105,82,2,0,1,0,1,0,0,0,0,0,2,0,2,0,3.0,202,37,5.45945945945946
1,120,105,0,1,5,6,0,1,0,0,0,0,0,1,50,2,0,17.0,1482,281,5.274021352313167
0,3,144,114,0,0,6,0,1,1,0,0,1,0,1,0,2,0,1.0,14,3,4.666666666666667
1,12,105,0,2,0,6,0,1,0,0,0,0,0,2,10,12,0,3.0,893,160,5.58125
0,0,144,0,2,0,1,2,2,0,2,2,2,0,9,0,2,0,8.0,512,102,5.019607843137255
0,61,144,114,0,0,1,0,1,1,1,1,1,0,1,0,2,0,2.0,165,30,5.5
0,2,144,0,1,1,6,0,1,0,1,1,1,0,1,0,2,0,2.0,149,27,5.518518518518518
1,1,105,0,0,5,6,0,0,0,1,1,1,0,1,0,2,0,3.0,605,112,5.401785714285714
0,1,144,0,0,1,0,0,1,0,1,1,1,0,1,0,5,0,1.0,295,60,4.916666666666667
0,2,144,114,2,0,1,1,1,0,1,1,1,0,5,0,2,0,5.0,343,56,6.125
1,24,131,0,0,2,0,0,1,1,0,0,1,0,1,0,12,0,4.0,251,51,4.921568627450981
0,8,5,114,1,0,1,0,1,1,1,1,1,0,1,0,2,0,3.0,496,102,4.862745098039215
1,24,104,0,1,0,3,5,1,1,2,2,2,0,1,0,12,0,1.0,53,9,5.888888888888889
0,48,144,0,1,1,4,0,1,0,1,1,0,0,1,0,2,0,5.0,225,39,5.769230769230769
0,3,144,0,0,1,0,0,1,0,0,0,2,0,1,0,12,0,7.0,115,23,5.0
0,2,144,114,0,0,1,0,1,0,0,1,1,0,1,0,7,0,1.0,202,35,5.771428571428571
1,36,135,0,1,5,0,0,0,0,0,0,0,0,1,0,12,0,1.0,271,55,4.927272727272728
0,48,43,0,1,0,1,0,0,0,0,0,0,0,1,0,2,0,2.0,273,50,5.46
1,4,104,0,1,0,1,5,2,1,1,1,1,0,1,0,12,0,8.0,11,3,3.6666666666666665
1,3,105,81,0,3,6,0,0,1,0,0,1,0,1,50,2,0,3.0,190,29,6.551724137931035
1,7,105,0,1,4,6,0,0,0,0,0,0,0,1,30,2,0,4.0,71,12,5.916666666666667
0,3,144,114,1,0,1,5,1,1,1,0,1,0,4,0,2,0,5.0,303,54,5.611111111111111
0,5,144,0,1,0,0,0,1,1,0,0,1,1,1,0,2,0,5.0,102,18,5.666666666666667
0,2,144,0,1,1,6,0,1,1,1,1,1,0,1,0,2,0,1.0,264,54,4.888888888888889
0,18,144,114,1,6,0,0,1,0,0,0,0,0,1,0,2,0,2.0,239,46,5.195652173913044
0,2,144,0,2,6,0,0,1,0,1,1,1,0,2,0,3,1,2.0,291,53,5.490566037735849
1,5,128,0,1,5,6,0,2,1,0,0,1,0,1,0,2,0,3.0,787,163,4.828220858895706
1,1,104,81,2,0,3,4,0,1,1,1,1,0,4,0,2,0,5.0,237,39,6.076923076923077
0,5,144,0,1,0,6,0,0,0,0,0,0,0,1,0,2,0,4.0,214,41,5.219512195121951
1,6,135,0,0,2,4,0,1,0,1,1,1,0,1,50,2,0,3.0,138,23,6.0
1,2,83,80,1,4,0,0,1,2,1,0,1,0,1,650,2,0,6.0,60,12,5.0
0,2,144,0,1,6,0,0,1,1,1,1,1,0,1,0,2,1,1.0,368,70,5.257142857142857
0,60,144,0,1,1,0,0,1,0,0,0,0,1,1,0,2,0,3.0,905,167,5.419161676646707
1,14,103,0,1,0,2,5,1,2,2,0,1,0,1,100,2,0,4.0,686,107,6.411214953271028
0,2,144,0,1,1,0,0,1,1,1,0,1,0,1,0,2,0,1.0,122,20,6.1
1,5,105,0,1,0,4,5,1,0,1,1,0,0,2,0,2,0,5.0,364,66,5.515151515151516
0,1,144,114,1,0,1,5,1,0,1,0,1,0,3,0,2,0,4.0,234,45,5.2
0,2,144,0,0,0,1,0,2,0,1,1,1,0,1,0,2,0,6.0,801,143,5.601398601398602
0,2,144,0,0,0,0,0,0,0,0,0,2,0,1,0,2,0,2.0,42,9,4.666666666666667
0,60,51,0,1,0,0,0,0,0,2,2,2,0,1,25,2,0,2.0,520,99,5.252525252525253
1,3,105,0,1,0,6,0,0,0,1,1,1,0,1,0,12,0,1.0,241,45,5.355555555555555
1,2,88,62,1,0,1,4,1,1,2,2,2,0,1,20,2,0,3.0,211,38,5.552631578947368
0,1,144,114,1,0,3,5,0,1,1,1,1,0,1,0,6,0,6.0,642,127,5.05511811023622
0,24,144,0,1,0,0,0,1,0,1,1,0,0,1,0,2,0,1.0,301,61,4.934426229508197
1,3,105,96,0,0,0,0,2,0,1,0,1,0,1,0,2,0,1.0,293,49,5.979591836734694
0,4,144,114,1,1,0,0,0,0,1,1,1,0,1,0,2,0,2.0,139,25,5.56
0,4,144,0,1,0,6,0,1,0,0,0,1,0,1,0,12,0,3.0,174,28,6.214285714285714
0,60,144,0,0,1,0,0,1,1,2,0,0,0,1,0,12,0,6.0,718,123,5.837398373983739
1,2,105,0,0,0,6,0,0,0,1,1,1,0,1,0,12,0,1.0,161,27,5.962962962962963
0,24,144,0,0,0,6,0,1,0,0,0,0,0,1,120,2,0,1.0,499,95,5.252631578947368
0,1,144,0,0,0,1,0,1,1,1,0,1,0,1,0,12,0,7.0,101,18,5.611111111111111
0,2,144,0,0,1,0,0,1,0,1,0,1,0,1,0,2,0,3.0,416,80,5.2
0,12,54,0,0,0,1,5,1,0,0,0,0,0,1,0,4,0,3.0,28,6,4.666666666666667
0,3,54,114,2,0,1,5,1,0,1,0,1,0,2,0,2,0,3.0,386,75,5.1466666666666665
0,2,144,0,2,1,0,0,1,0,1,1,1,0,2,0,7,0,5.0,313,57,5.491228070175438
1,2,114,80,1,0,6,0,1,2,1,0,1,0,1,0,2,0,6.0,2072,353,5.8696883852691215
1,12,104,0,1,0,1,5,1,1,2,2,2,1,1,0,2,0,1.0,196,39,5.0256410256410255
1,13,140,82,1,0,1,1,1,0,0,0,1,0,1,50,2,0,3.0,141,23,6.130434782608695
0,9,22,114,1,0,6,0,2,0,0,0,0,0,1,300,2,0,4.0,175,35,5.0
0,3,144,0,1,0,1,0,1,1,0,0,1,0,1,0,2,0,6.0,508,96,5.291666666666667
0,2,144,0,0,0,6,0,1,0,1,1,1,0,1,0,12,0,3.0,18,3,6.0
0,4,17,54,1,1,6,0,0,0,2,2,2,0,1,0,3,0,4.0,269,53,5.0754716981132075
0,2,144,0,0,0,1,5,1,0,1,0,1,1,1,0,7,0,2.0,712,138,5.159420289855072
0,2,144,0,1,0,6,0,1,0,1,0,1,0,1,100,2,0,2.0,651,125,5.208
0,2,144,0,2,0,1,5,1,1,0,0,2,0,3,10,2,3,4.0,132,22,6.0
1,7,103,96,1,0,5,0,1,2,2,2,2,0,1,250,2,0,1.0,300,56,5.357142857142857
0,3,144,0,1,0,1,5,1,0,1,0,1,0,2,200,2,0,4.0,275,54,5.092592592592593
0,24,144,27,0,1,0,0,1,0,0,0,0,0,1,0,2,0,8.0,354,70,5.057142857142857
0,2,144,0,0,0,6,0,1,1,1,1,1,0,2,0,12,0,2.0,209,40,5.225
1,2,143,81,0,0,6,0,2,1,1,0,2,0,1,0,2,0,3.0,399,67,5.955223880597015
1,12,105,0,1,1,6,0,1,1,1,1,2,0,1,0,2,0,5.0,20,4,5.0
1,5,104,106,1,4,6,0,1,1,1,0,1,0,1,0,2,0,5.0,112,17,6.588235294117647
0,12,144,0,1,3,4,0,1,1,0,0,0,0,1,0,12,0,4.0,165,33,5.0
1,2,105,0,1,0,3,5,1,0,1,1,1,0,1,50,2,0,3.0,285,48,5.9375
1,6,105,0,1,3,0,0,1,0,0,0,0,0,1,100,12,0,4.0,281,49,5.73469387755102
0,84,144,0,1,1,0,0,1,0,0,0,0,0,1,0,12,0,16.0,1398,256,5.4609375
1,4,96,0,1,0,2,5,1,0,0,0,1,0,2,0,2,0,3.0,609,96,6.34375
0,1,144,0,2,0,1,3,1,1,1,0,1,0,3,0,2,0,5.0,320,41,7.804878048780488
1,6,105,0,0,1,2,0,1,0,2,1,1,1,1,0,2,0,4.0,455,87,5.2298850574712645
0,48,144,114,1,1,6,0,1,0,2,2,0,0,2,0,4,0,3.0,418,81,5.160493827160494
0,3,144,0,1,1,0,0,2,0,1,0,1,0,1,0,1,0,6.0,247,45,5.488888888888889
1,8,104,0,1,0,1,5,1,1,0,0,1,0,1,0,12,0,3.0,138,25,5.52
1,2,105,82,2,2,5,0,1,0,1,1,1,0,2,0,12,0,1.0,61,12,5.083333333333333
1,2,105,0,2,3,4,5,0,0,1,0,1,0,2,0,2,0,3.0,357,68,5.25
0,3,144,0,0,4,6,0,1,0,0,0,1,0,1,0,12,0,4.0,138,23,6.0
0,2,144,0,1,2,4,0,1,1,1,1,1,1,1,0,7,1,1.0,271,52,5.211538461538462
1,1,105,106,0,2,0,0,1,0,1,0,1,0,1,0,2,0,6.0,586,114,5.140350877192983
1,3,93,80,0,0,6,0,1,1,1,1,1,0,1,250,2,0,7.0,93,18,5.166666666666667
1,4,105,0,0,3,6,0,0,0,1,0,1,0,1,0,2,0,2.0,178,31,5.741935483870968
1,12,105,0,1,5,6,0,0,0,0,0,0,0,1,0,12,0,6.0,1048,212,4.943396226415095
1,2,104,0,2,0,5,5,0,1,1,1,1,0,7,0,3,0,3.0,581,113,5.1415929203539825
0,1,144,0,0,0,1,0,1,0,1,1,1,0,1,0,12,0,3.0,149,29,5.137931034482759
1,1,105,0,2,0,3,5,0,0,1,0,1,0,5,0,5,0,7.0,411,78,5.269230769230769
1,3,96,101,1,3,4,5,1,0,0,0,1,0,1,0,2,2,9.0,375,71,5.28169014084507
1,7,105,0,0,0,6,0,2,0,0,0,1,0,1,0,12,0,7.0,51,7,7.285714285714286
1,1,105,0,1,5,6,0,0,0,1,1,1,0,1,0,7,0,1.0,194,35,5.542857142857143
1,2,104,0,0,6,0,0,0,1,2,2,1,0,1,0,2,0,4.0,299,67,4.462686567164179
0,12,99,76,0,1,0,0,2,1,0,0,0,0,1,0,2,0,1.0,12,2,6.0
0,2,144,0,1,0,1,0,1,0,1,0,1,0,1,0,2,0,5.0,463,83,5.578313253012048
0,2,144,0,1,1,6,0,1,1,0,0,2,0,2,0,0,0,2.0,100,16,6.25
0,4,144,0,1,0,6,0,1,0,1,0,1,1,1,0,2,0,6.0,514,110,4.672727272727273
0,12,69,0,0,4,0,0,0,2,0,0,0,0,1,300,2,0,1.0,1474,251,5.872509960159363
0,6,144,0,1,0,2,5,0,1,1,1,1,0,1,0,2,0,4.0,85,16,5.3125
0,4,144,0,1,0,3,3,1,1,0,0,1,0,1,0,2,0,5.0,692,134,5.164179104477612
0,12,164,0,0,0,1,0,1,1,2,2,2,0,1,0,2,0,1.0,432,80,5.4
1,36,88,0,1,1,4,5,0,0,0,0,0,0,1,250,12,0,1.0,104,18,5.777777777777778
0,36,144,0,1,1,0,0,1,0,0,0,0,0,1,0,12,0,12.0,1471,295,4.986440677966102
0,1,144,0,0,0,6,0,1,1,2,2,1,0,1,0,2,0,1.0,88,16,5.5
1,6,128,82,1,2,0,0,1,1,1,1,1,0,1,0,2,0,1.0,230,45,5.111111111111111
1,20,104,73,0,0,6,0,1,1,0,0,0,0,1,0,4,0,7.0,120,19,6.315789473684211
0,2,144,0,0,0,1,5,1,1,1,0,1,0,1,0,12,0,5.0,612,120,5.1
0,3,144,4,0,0,1,0,1,1,0,0,1,0,1,0,2,0,5.0,14,3,4.666666666666667
0,2,144,0,2,0,1,5,1,0,1,1,1,0,3,0,2,0,12.0,35,6,5.833333333333333
0,48,60,0,0,0,6,0,0,1,2,0,1,0,1,0,2,0,1.0,52,10,5.2
0,36,41,114,0,6,0,0,1,2,2,2,1,0,1,0,12,0,1.0,422,76,5.552631578947368
1,3,105,0,1,5,0,0,0,0,1,0,1,0,2,0,0,0,12.0,127,20,6.35
1,6,128,81,1,4,6,0,1,1,1,0,1,0,1,0,2,0,5.0,89,16,5.5625
1,6,105,81,1,0,5,5,0,1,0,0,0,0,4,30,2,0,4.0,85,16,5.3125
1,6,105,0,0,0,0,0,1,0,2,2,2,0,1,0,12,0,4.0,455,96,4.739583333333333
1,5,105,89,0,0,6,0,1,0,1,0,1,0,1,0,12,0,3.0,131,27,4.851851851851852
0,10,144,114,1,6,0,0,1,1,1,2,2,0,1,0,2,0,1.0,29,5,5.8
1,2,104,101,1,4,0,0,1,1,0,0,1,0,2,0,2,0,1.0,421,77,5.467532467532467
1,24,105,0,1,0,6,0,1,0,1,1,1,0,1,0,1,0,1.0,610,122,5.0
0,2,144,0,1,1,6,0,1,0,0,0,0,0,1,50,3,0,9.0,253,40,6.325
1,2,104,0,2,0,2,4,0,1,1,1,1,0,4,0,2,0,7.0,623,116,5.370689655172414
0,3,144,0,1,0,1,0,1,0,0,0,1,0,1,100,3,0,2.0,112,23,4.869565217391305
0,12,144,0,2,0,1,0,1,1,1,0,0,0,2,0,2,0,5.0,430,72,5.972222222222222
0,5,144,0,0,1,4,5,1,0,2,2,2,0,1,10,2,0,3.0,152,27,5.62962962962963
1,3,135,0,2,0,2,4,1,0,0,0,1,0,2,200,2,2,4.0,138,22,6.2727272727272725
0,1,144,0,1,1,0,0,1,0,0,0,2,0,1,0,2,0,6.0,281,49,5.73469387755102
0,3,144,0,1,0,0,0,1,0,1,0,1,0,1,0,7,0,2.0,91,16,5.6875
1,3,105,0,1,0,6,0,1,0,1,0,1,0,1,0,0,0,3.0,490,78,6.282051282051282
1,11,105,0,1,0,0,0,2,0,2,2,2,0,2,0,2,0,5.0,49,10,4.9
1,12,105,0,0,3,4,5,2,0,1,1,1,0,1,0,12,0,4.0,276,52,5.3076923076923075
0,2,144,114,2,0,1,5,0,0,2,2,2,1,7,0,12,0,12.0,12,2,6.0
1,4,103,0,1,0,1,5,2,2,0,0,0,0,1,0,4,0,5.0,89,14,6.357142857142857
1,2,104,82,2,0,1,5,0,1,1,1,1,0,2,0,5,0,5.0,369,63,5.857142857142857
0,3,144,16,2,0,0,0,1,0,1,1,1,0,3,0,12,0,8.0,253,48,5.270833333333333
0,21,144,0,0,0,1,0,1,1,0,0,1,0,1,0,12,0,2.0,173,35,4.942857142857143
0,1,144,0,0,0,1,0,1,1,2,2,2,0,1,0,2,0,5.0,120,20,6.0
0,6,61,0,1,1,4,5,2,1,0,0,1,0,1,499,12,0,3.0,187,33,5.666666666666667
0,1,144,114,1,0,6,0,1,0,1,1,1,0,1,0,2,0,5.0,290,62,4.67741935483871
1,5,135,0,1,5,6,0,0,0,0,0,0,0,1,0,2,1,8.0,729,124,5.879032258064516
0,1,144,0,2,0,1,0,1,0,1,1,2,0,4,0,5,0,9.0,97,18,5.388888888888889
0,19,163,20,1,4,6,0,1,0,0,0,0,0,1,0,2,0,1.0,225,42,5.357142857142857
0,4,144,0,1,2,0,0,2,0,0,0,1,0,1,0,7,0,4.0,406,82,4.951219512195122
0,1,144,114,0,1,0,0,0,0,2,2,1,0,1,0,6,0,3.0,1407,287,4.902439024390244
0,5,144,0,0,0,4,0,2,0,0,0,0,0,1,0,2,0,5.0,277,49,5.653061224489796
0,2,144,114,1,1,6,0,1,1,0,0,1,0,1,0,2,0,5.0,12,2,6.0
1,12,104,0,1,2,0,0,1,1,1,1,1,0,1,0,7,0,3.0,400,86,4.651162790697675
0,14,144,0,0,2,0,0,2,1,0,0,0,0,1,0,5,0,2.0,380,72,5.277777777777778
0,24,144,0,1,0,0,0,1,0,0,0,0,0,2,0,2,0,6.0,188,39,4.82051282051282
0,1,144,0,0,0,1,0,1,0,2,2,1,0,1,0,2,0,5.0,126,22,5.7272727272727275
1,1,105,0,1,6,0,0,0,0,1,1,1,0,1,0,12,0,5.0,224,40,5.6
0,4,61,4,0,0,6,0,2,1,0,0,1,0,1,600,2,0,3.0,229,43,5.325581395348837
0,5,144,0,1,1,0,0,1,0,0,0,1,0,1,50,12,1,5.0,824,154,5.35064935064935
1,2,105,0,0,2,5,0,1,0,1,1,1,0,1,0,2,0,1.0,460,91,5.054945054945055
0,5,144,0,0,1,4,0,0,0,0,0,0,0,1,10,12,0,3.0,77,12,6.416666666666667
0,18,60,0,1,0,1,5,0,0,0,0,1,0,2,400,2,0,2.0,1085,194,5.592783505154639
1,2,105,0,0,2,0,0,0,0,1,0,1,0,1,50,2,1,4.0,734,136,5.397058823529412
1,3,105,0,1,1,6,0,1,0,0,0,1,0,1,50,12,0,6.0,1217,228,5.337719298245614
0,2,144,0,1,4,0,0,1,0,0,0,1,0,1,0,2,0,5.0,407,74,5.5
0,3,144,0,0,0,1,0,1,1,1,1,1,0,1,0,2,0,2.0,94,20,4.7
1,3,104,0,0,6,0,0,1,1,1,1,1,0,1,0,12,0,5.0,182,36,5.055555555555555
0,9,144,0,0,0,6,0,1,0,0,0,0,0,1,0,12,0,14.0,231,48,4.8125
0,1,144,0,2,0,1,5,1,0,1,0,1,0,4,0,12,0,0.0,158,31,5.096774193548387
0,4,38,130,0,0,1,5,1,0,1,1,1,0,1,0,2,0,4.0,83,13,6.384615384615385
1,6,105,80,0,3,4,0,1,1,2,0,2,0,1,30,2,0,5.0,68,12,5.666666666666667
0,1,144,0,0,4,0,0,1,0,0,0,0,0,1,0,2,0,1.0,160,29,5.517241379310345
1,1,105,0,1,1,5,5,0,0,1,0,1,0,1,0,2,0,3.0,215,41,5.2439024390243905
0,2,144,0,1,0,1,5,1,1,0,0,1,0,1,0,2,0,1.0,100,18,5.555555555555555
0,5,144,4,1,0,3,0,2,0,0,0,1,0,1,0,2,0,3.0,564,106,5.320754716981132
1,1,84,63,2,3,4,5,0,0,1,0,1,0,7,0,12,0,13.0,606,106,5.716981132075472
0,0,144,0,0,4,0,0,0,0,1,1,1,0,2,0,5,0,5.0,50,8,6.25
1,2,105,0,0,5,6,0,1,0,1,0,1,0,1,0,12,0,9.0,665,132,5.037878787878788
0,4,144,129,1,0,1,0,0,1,1,1,1,0,1,0,2,0,4.0,754,137,5.5036496350364965
1,4,96,82,1,0,2,5,1,0,1,1,1,0,1,0,2,0,1.0,98,15,6.533333333333333
1,2,103,106,0,0,5,5,1,2,1,0,1,0,1,50,2,2,10.0,2407,438,5.495433789954338
0,1,69,114,1,0,1,0,1,1,0,2,1,0,1,0,2,0,3.0,118,21,5.619047619047619
0,6,22,114,0,1,0,0,1,0,2,0,0,0,1,8,2,0,3.0,490,87,5.632183908045977
0,2,144,0,2,0,1,2,1,0,1,1,1,0,20,0,2,0,2.0,890,158,5.632911392405063
0,10,69,12,1,1,6,0,0,0,2,2,0,0,1,0,3,0,3.0,701,133,5.2706766917293235
0,1,144,0,1,1,5,5,1,0,1,0,1,0,1,0,2,3,16.0,286,56,5.107142857142857
1,12,105,0,1,0,6,0,1,1,0,1,0,0,1,0,0,0,5.0,58,9,6.444444444444445
1,6,105,0,1,2,3,0,1,0,0,0,0,0,1,0,2,0,5.0,500,90,5.555555555555555
1,6,105,0,1,5,6,0,1,0,2,2,2,0,1,0,3,0,7.0,490,96,5.104166666666667
1,3,104,0,0,0,6,0,0,1,1,0,1,0,1,0,2,0,10.0,234,49,4.775510204081633
0,2,144,0,0,1,0,0,1,0,0,0,1,0,1,0,2,0,8.0,565,108,5.231481481481482
1,2,105,0,1,0,6,0,1,0,1,2,1,0,1,0,12,0,1.0,119,23,5.173913043478261
0,2,144,0,2,0,1,0,1,0,1,0,1,0,5,0,2,0,5.0,616,115,5.356521739130435
1,2,105,0,0,0,6,0,1,0,0,0,1,0,1,0,2,0,3.0,56,8,7.0
1,5,105,0,0,3,6,0,0,0,1,1,1,0,1,0,2,0,4.0,362,71,5.098591549295775
1,2,140,82,1,0,1,0,0,0,1,0,1,0,1,0,12,0,1.0,159,28,5.678571428571429
1,10,122,0,0,1,4,0,2,2,0,0,1,0,1,100,0,0,2.0,210,44,4.7727272727272725
1,24,96,0,1,0,1,4,1,0,0,0,0,1,1,0,2,0,2.0,30,7,4.285714285714286
0,2,144,0,1,1,0,0,1,0,0,0,1,0,1,0,2,0,2.0,116,19,6.105263157894737
1,4,105,0,0,0,6,0,1,0,1,0,1,0,2,0,6,0,1.0,423,72,5.875
0,72,22,114,1,2,3,0,1,0,0,0,0,0,1,0,2,0,6.0,866,126,6.873015873015873
1,3,105,0,1,2,5,5,1,1,1,1,1,0,2,0,12,0,2.0,69,12,5.75
1,36,105,0,1,0,0,0,0,0,0,0,0,0,1,0,2,0,6.0,164,26,6.3076923076923075
1,4,104,0,2,0,4,0,0,1,0,0,1,0,3,0,2,0,3.0,653,126,5.182539682539683
0,12,144,0,0,1,4,0,1,1,2,2,2,0,1,0,12,0,2.0,1567,264,5.9356060606060606
1,4,105,0,0,0,6,0,0,0,0,0,1,0,1,100,12,0,2.0,139,20,6.95
0,0,144,114,1,0,4,5,1,0,1,1,1,0,1,0,7,0,1.0,30,6,5.0
0,12,144,114,1,0,4,5,2,0,0,0,0,0,1,0,2,0,1.0,72,13,5.538461538461538
0,3,144,124,1,0,0,0,0,0,0,0,1,0,1,0,2,0,8.0,349,53,6.584905660377358
0,3,144,0,1,2,6,0,1,0,0,0,1,0,1,0,2,0,3.0,367,77,4.766233766233766
0,2,144,0,0,0,4,0,1,1,1,1,1,0,1,0,3,0,6.0,38,5,7.6
0,1,144,114,2,0,1,5,1,0,1,1,1,0,3,0,2,0,11.0,1357,247,5.493927125506073
1,6,103,89,0,1,3,3,1,2,2,2,1,0,1,150,2,0,1.0,812,161,5.043478260869565
0,2,144,0,1,4,0,0,1,0,0,0,0,0,1,0,2,1,6.0,419,80,5.2375
1,2,135,0,1,0,5,5,1,0,1,1,1,0,2,0,12,0,1.0,172,31,5.548387096774194
0,24,144,53,1,0,1,0,1,1,0,0,2,0,1,0,12,0,3.0,700,128,5.46875
0,3,144,76,0,0,4,5,1,0,0,0,0,0,1,0,2,0,4.0,1046,180,5.811111111111111
1,1,105,0,2,0,3,5,1,0,1,1,1,0,2,0,12,0,3.0,348,64,5.4375
1,3,119,0,1,0,1,3,1,2,2,2,2,0,1,0,12,0,11.0,551,101,5.455445544554456
0,84,8,0,0,2,0,0,2,1,2,0,1,0,1,200,12,0,1.0,342,69,4.956521739130435
1,8,143,70,0,0,6,0,2,1,1,1,1,0,1,0,12,0,4.0,580,113,5.132743362831858
1,18,104,0,2,1,3,4,1,1,1,1,1,0,4,0,2,0,5.0,162,30,5.4
0,3,144,0,1,1,6,0,1,0,2,2,1,0,1,0,2,0,3.0,199,37,5.378378378378378
0,7,144,114,1,0,1,0,0,0,0,0,0,0,1,0,2,3,24.0,210,41,5.121951219512195
0,60,60,0,0,1,6,0,1,1,0,0,1,1,1,0,2,0,1.0,403,80,5.0375
0,54,155,0,1,4,6,0,0,0,0,0,0,0,1,100,3,0,3.0,678,127,5.338582677165355
0,4,144,0,0,1,0,0,1,0,0,0,1,0,1,50,2,0,5.0,164,35,4.685714285714286
0,12,144,0,1,1,6,0,1,0,0,0,0,0,1,0,2,0,1.0,167,32,5.21875
0,2,13,0,2,1,0,0,2,1,0,0,1,0,3,250,7,0,4.0,17,3,5.666666666666667
0,4,144,0,1,0,1,0,1,0,1,0,1,0,1,0,2,0,2.0,188,34,5.529411764705882
0,18,60,0,0,1,2,3,1,1,0,0,1,0,1,150,2,0,2.0,102,17,6.0
0,3,144,114,2,0,1,5,1,0,0,0,1,0,5,0,2,0,5.0,180,33,5.454545454545454
0,2,144,0,2,0,1,0,1,0,1,1,2,0,6,0,5,0,10.0,70,11,6.363636363636363
1,2,128,0,0,1,4,5,1,0,1,0,1,0,1,50,2,0,2.0,678,118,5.745762711864407
0,3,144,114,0,2,0,0,1,0,0,0,0,0,1,0,2,0,3.0,459,94,4.882978723404255
0,5,8,114,1,2,0,0,0,1,2,1,1,0,1,0,2,0,8.0,463,96,4.822916666666667
1,1,105,106,0,2,3,5,1,0,1,0,1,0,1,0,2,0,3.0,746,108,6.907407407407407
1,2,105,0,0,5,0,0,1,0,0,0,1,0,1,0,12,0,12.0,356,63,5.650793650793651
1,12,105,0,1,5,6,0,1,0,1,0,0,0,1,50,2,0,4.0,117,22,5.318181818181818
1,1,104,61,1,2,4,5,1,1,1,0,1,0,1,40,2,0,7.0,1087,186,5.844086021505376
1,4,96,82,1,0,1,5,1,0,0,0,0,0,1,50,2,0,9.0,439,83,5.289156626506024
1,6,124,0,0,2,6,0,1,1,1,0,1,0,1,0,12,0,9.0,1967,380,5.176315789473684
1,18,90,82,2,0,5,0,0,0,1,1,1,0,2,0,2,0,3.0,69,10,6.9
0,9,26,39,0,6,0,0,0,1,0,0,1,0,1,0,12,0,1.0,1,1,1.0
0,2,144,0,0,0,6,0,1,0,0,0,1,0,1,0,12,0,2.0,72,13,5.538461538461538
0,12,144,0,0,1,4,5,1,0,0,0,2,0,1,0,4,0,2.0,900,177,5.084745762711864
0,2,144,0,1,1,6,0,1,0,1,0,1,0,1,5,3,0,1.0,163,24,6.791666666666667
1,6,96,110,1,4,5,5,1,0,0,0,0,0,2,50,2,0,2.0,288,54,5.333333333333333
1,2,104,0,1,0,0,0,1,1,1,1,1,0,1,0,2,0,1.0,151,23,6.565217391304348
0,3,144,0,1,0,0,0,1,1,0,0,1,0,1,0,2,0,1.0,107,23,4.6521739130434785
1,1,135,0,0,5,0,0,0,0,1,1,1,0,1,0,2,0,7.0,279,49,5.6938775510204085
0,60,144,114,0,1,4,5,1,1,0,0,0,0,1,0,2,0,4.0,106,15,7.066666666666666
0,2,144,0,0,0,1,5,1,0,1,0,1,0,4,0,2,0,4.0,365,68,5.367647058823529
0,1,144,114,0,6,0,0,1,0,1,1,1,0,1,0,3,0,1.0,113,23,4.913043478260869
0,9,144,0,1,6,0,0,1,0,0,0,0,0,1,0,12,0,2.0,361,68,5.3088235294117645
0,2,144,0,0,0,1,2,1,0,2,2,1,0,5,0,5,0,14.0,172,30,5.733333333333333
0,12,144,0,1,1,4,0,1,0,0,0,0,0,1,0,2,0,3.0,307,56,5.482142857142857
1,2,105,0,1,5,6,0,1,0,2,0,1,0,1,0,5,0,2.0,301,56,5.375
1,3,105,81,0,3,4,0,1,1,0,0,1,0,1,0,2,0,3.0,204,37,5.513513513513513
0,96,22,0,1,3,0,0,2,0,0,0,0,0,1,0,2,0,6.0,874,152,5.75
1,1,135,0,1,0,1,4,1,0,0,0,1,0,1,0,2,0,12.0,342,58,5.896551724137931
1,3,103,71,0,4,5,0,1,1,0,0,1,0,1,200,2,0,0.0,439,81,5.419753086419753
0,8,144,0,1,3,4,5,1,0,2,2,2,0,1,0,2,0,4.0,96,17,5.647058823529412
1,14,105,0,1,5,0,0,1,0,0,0,0,0,1,50,2,0,3.0,520,99,5.252525252525253
1,23,105,0,0,0,6,0,2,0,0,0,1,0,1,200,2,0,3.0,4286,706,6.070821529745042
1,1,105,0,0,0,5,0,0,1,1,1,1,0,1,0,2,2,9.0,645,128,5.0390625
0,10,144,114,0,1,6,0,2,0,2,2,0,1,1,0,2,0,5.0,1341,264,5.079545454545454
1,5,128,0,0,6,0,0,1,0,1,1,1,0,1,0,12,0,4.0,154,31,4.967741935483871
0,100,60,0,0,4,5,5,0,0,0,2,1,1,1,0,2,0,5.0,661,142,4.654929577464789
1,8,125,81,1,2,6,0,1,1,1,0,1,0,1,250,12,0,2.0,316,65,4.861538461538461
0,3,144,0,1,1,0,0,1,0,1,0,1,0,1,0,2,0,4.0,107,19,5.631578947368421
0,2,144,0,1,2,6,0,1,0,1,1,1,0,1,20,3,0,1.0,201,32,6.28125
0,3,144,0,1,1,0,0,1,0,2,2,1,0,1,0,3,0,2.0,213,37,5.756756756756757
1,3,105,0,0,3,4,0,1,0,1,1,1,0,1,0,2,0,3.0,184,32,5.75
0,3,144,0,0,1,6,0,1,1,1,1,1,0,1,0,2,1,2.0,103,20,5.15
1,2,105,0,1,0,6,0,1,0,1,0,1,0,1,0,2,0,5.0,295,41,7.195121951219512
1,2,104,0,2,0,5,5,1,1,2,2,1,0,2,0,2,0,2.0,114,20,5.7
1,60,135,0,0,0,1,3,3,1,0,0,0,0,3,0,12,0,4.0,212,40,5.3
0,12,144,0,1,6,0,0,0,0,0,0,0,0,1,0,2,0,3.0,510,98,5.204081632653061
0,1,144,0,1,0,1,0,1,0,1,0,0,0,1,0,2,0,3.0,36,4,9.0
1,12,88,101,1,5,0,0,1,0,0,0,0,0,1,0,2,0,2.0,163,32,5.09375
0,12,155,114,1,1,0,0,1,0,1,1,0,0,1,0,2,0,1.0,183,34,5.382352941176471
1,3,104,82,0,5,6,0,1,1,0,0,2,0,1,0,12,0,4.0,36,5,7.2
0,15,8,0,1,4,0,0,1,1,0,0,1,1,1,300,12,0,1.0,17,3,5.666666666666667
1,11,105,0,1,6,0,0,0,0,0,0,0,0,1,50,12,0,3.0,108,16,6.75
0,3,144,35,1,0,1,0,1,0,1,1,1,0,1,50,12,0,4.0,55,9,6.111111111111111
0,3,144,0,0,0,1,0,1,0,0,0,1,0,1,0,2,0,7.0,937,168,5.5773809523809526
1,5,105,0,0,2,0,0,0,0,0,0,1,0,1,0,2,0,1.0,58,13,4.461538461538462
1,21,135,0,0,3,6,0,1,0,0,0,0,0,1,0,2,0,4.0,177,31,5.709677419354839
1,2,96,0,1,0,3,5,0,0,1,1,1,0,1,50,2,0,5.0,384,80,4.8
1,6,105,0,1,2,4,5,1,0,0,0,0,0,1,0,2,0,4.0,368,68,5.411764705882353
0,1,144,0,2,1,6,0,0,0,1,1,1,0,3,0,7,0,4.0,403,75,5.373333333333333
0,10,144,0,1,1,0,0,1,0,0,0,1,0,1,0,2,0,2.0,184,34,5.411764705882353
1,2,104,0,2,0,3,0,1,1,1,2,2,0,2,0,2,0,3.0,311,60,5.183333333333334
1,5,93,81,1,0,6,0,1,1,1,1,1,0,1,350,2,0,6.0,111,19,5.842105263157895
0,1,144,0,0,0,1,5,1,1,2,2,2,0,1,0,2,0,5.0,129,21,6.142857142857143
1,2,104,0,0,3,6,0,1,1,1,0,2,0,1,0,2,0,6.0,930,157,5.923566878980892
1,4,105,0,1,6,0,0,1,1,2,2,0,0,1,0,7,0,7.0,698,144,4.847222222222222
1,48,104,0,0,0,5,5,2,2,2,2,2,0,1,10,12,0,4.0,99,22,4.5
1,5,105,0,0,5,6,0,0,0,1,0,1,0,1,0,12,0,2.0,76,13,5.846153846153846
1,3,104,0,0,4,6,0,1,1,2,2,1,0,1,0,2,0,4.0,57,11,5.181818181818182
0,54,60,0,0,5,6,0,0,1,2,2,1,2,1,0,12,0,5.0,281,52,5.403846153846154
0,24,163,114,1,4,6,0,1,0,0,0,0,0,1,0,4,0,4.0,411,73,5.63013698630137
0,2,144,0,0,0,1,0,1,0,1,1,1,0,1,0,2,1,4.0,287,61,4.704918032786885
0,72,40,0,0,1,2,5,0,2,0,0,1,0,1,300,12,0,5.0,714,146,4.890410958904109
1,17,105,0,2,0,3,3,1,1,1,2,0,0,15,0,12,0,2.0,38,8,4.75
0,6,144,0,1,0,1,0,1,1,0,0,1,0,1,0,2,0,5.0,268,50,5.36
0,12,144,0,1,0,1,2,1,0,0,0,0,0,1,0,3,0,1.0,46,9,5.111111111111111
0,6,144,0,0,1,6,0,1,0,0,0,1,0,1,0,12,0,3.0,39,8,4.875
1,3,105,0,1,4,0,0,1,0,0,0,1,0,2,0,2,0,3.0,917,176,5.2102272727272725
0,2,144,0,1,6,0,0,1,1,0,0,1,0,1,0,12,1,14.0,246,47,5.23404255319149
1,24,83,0,1,1,5,5,1,2,0,0,0,0,1,400,2,1,10.0,1682,284,5.922535211267606
1,3,105,0,0,2,0,0,1,0,0,0,1,0,1,0,2,0,6.0,118,23,5.130434782608695
1,3,135,0,0,3,6,0,1,0,2,2,2,0,1,0,7,0,4.0,42,10,4.2
0,3,5,114,0,4,5,0,2,0,1,1,1,0,1,0,1,0,1.0,105,20,5.25
0,1,164,114,2,0,1,3,0,1,2,2,2,0,6,0,3,0,2.0,817,148,5.52027027027027
1,1,103,0,2,0,1,2,0,0,1,1,1,0,3,0,2,0,3.0,56,10,5.6
0,60,144,0,0,1,4,5,1,1,2,2,2,0,1,0,2,0,2.0,767,146,5.2534246575342465
0,1,144,114,0,0,1,0,1,0,1,0,1,0,1,150,2,1,10.0,351,72,4.875
1,12,105,0,0,1,2,5,1,1,1,0,1,0,1,0,4,1,4.0,760,144,5.277777777777778
0,24,144,0,0,0,1,1,1,1,0,0,0,0,1,0,2,0,13.0,2858,559,5.112701252236136
0,48,17,0,0,1,6,0,1,0,0,0,1,0,1,0,2,0,2.0,27,6,4.5
0,72,41,0,1,4,0,0,0,0,1,1,1,0,1,200,2,0,1.0,177,33,5.363636363636363
1,4,105,0,2,0,3,5,1,0,1,0,1,0,2,50,6,0,4.0,566,97,5.835051546391752
1,24,88,0,0,1,2,2,1,1,2,2,2,0,1,0,12,0,1.0,197,42,4.690476190476191
0,2,144,0,1,0,0,0,1,0,0,0,1,0,1,0,2,0,4.0,149,24,6.208333333333333
0,48,41,30,1,4,0,0,0,0,2,2,2,0,1,200,2,0,1.0,490,89,5.50561797752809
0,7,144,48,1,0,6,0,1,0,0,0,1,0,1,100,2,0,3.0,155,24,6.458333333333333
1,10,105,0,1,5,6,0,0,0,1,0,0,0,1,0,2,0,1.0,398,68,5.852941176470588
0,36,41,0,1,4,0,0,0,0,0,0,2,0,1,400,12,0,1.0,300,66,4.545454545454546
1,1,104,0,2,0,2,5,0,0,1,1,1,0,4,0,2,0,1.0,74,11,6.7272727272727275
0,24,60,0,0,1,6,0,0,1,0,1,1,0,1,100,2,0,3.0,125,22,5.681818181818182
0,1,144,114,1,4,6,0,1,0,1,1,1,0,1,0,2,0,10.0,683,133,5.135338345864661
0,12,144,0,0,0,0,0,1,0,2,2,2,0,2,0,12,0,3.0,16,3,5.333333333333333
1,24,104,97,0,0,4,5,2,1,2,2,2,0,1,0,12,0,4.0,286,55,5.2
0,1,144,0,1,6,0,0,0,0,1,1,1,0,1,0,5,2,5.0,305,61,5.0
0,3,144,0,1,1,0,0,1,1,0,0,1,0,1,0,2,0,2.0,209,44,4.75
0,60,150,0,0,1,0,0,1,0,2,2,2,0,1,0,2,0,1.0,418,81,5.160493827160494
1,1,105,0,2,3,6,0,1,0,1,0,1,0,2,0,2,0,4.0,394,76,5.184210526315789
1,12,105,0,0,0,1,5,0,0,2,2,2,0,1,0,2,0,3.0,68,11,6.181818181818182
0,2,144,53,0,2,4,0,1,0,1,1,1,0,1,0,2,0,2.0,462,90,5.133333333333334
1,3,128,106,2,1,6,0,1,0,1,1,1,0,3,0,2,0,5.0,211,38,5.552631578947368
1,6,105,0,1,0,0,0,1,0,1,1,1,0,1,0,12,1,1.0,198,39,5.076923076923077
1,24,105,0,1,0,6,0,1,0,0,0,1,0,1,0,12,0,2.0,376,73,5.1506849315068495
0,1,144,0,1,1,4,5,1,0,1,0,1,0,1,0,2,0,11.0,621,126,4.928571428571429
0,1,144,114,1,0,1,0,1,1,1,0,1,0,1,0,2,0,1.0,14,3,4.666666666666667
0,1,144,0,0,0,1,2,1,1,1,1,1,0,3,0,2,0,4.0,326,64,5.09375
0,3,144,0,1,1,0,0,1,0,1,1,1,0,1,0,0,0,5.0,28,5,5.6
0,6,41,18,1,0,1,5,0,0,0,0,2,0,1,600,2,0,4.0,1661,316,5.256329113924051
1,5,105,110,1,0,2,3,1,0,1,0,1,0,1,0,12,0,15.0,78,11,7.090909090909091
1,2,105,0,0,0,6,0,1,0,1,0,1,0,1,0,2,0,5.0,127,24,5.291666666666667
1,5,104,0,0,2,6,0,0,1,1,0,1,0,1,150,2,0,30.0,3248,594,5.468013468013468
1,21,135,0,0,3,6,0,1,0,0,0,0,0,1,0,2,0,3.0,212,39,5.435897435897436
0,36,159,0,1,1,0,0,0,1,0,0,0,0,1,0,2,0,1.0,585,110,5.318181818181818
0,53,60,25,0,1,6,0,0,0,0,0,0,0,1,0,12,0,2.0,344,68,5.0588235294117645
1,1,103,82,1,0,1,2,0,1,1,1,1,0,1,100,7,0,2.0,146,28,5.214285714285714
0,2,144,0,1,4,0,0,1,1,2,2,2,0,1,0,0,0,1.0,64,11,5.818181818181818
1,2,105,0,0,5,6,0,0,0,2,2,2,0,1,0,12,0,7.0,719,102,7.049019607843137
1,2,135,82,2,2,4,0,1,0,1,1,1,0,2,0,2,0,7.0,845,149,5.671140939597316
1,1,105,0,1,0,0,0,1,0,1,1,1,0,1,0,6,0,4.0,816,155,5.264516129032258
0,1,144,0,0,0,1,0,1,0,2,2,2,0,8,0,12,0,1.0,20,3,6.666666666666667
0,9,144,0,0,1,6,0,1,0,0,0,1,0,1,0,2,0,1.0,588,110,5.345454545454546
0,60,47,0,1,0,1,0,2,0,0,0,0,0,1,500,2,1,4.0,221,45,4.911111111111111
0,2,144,0,0,0,1,3,2,0,0,0,1,0,3,0,2,0,4.0,313,55,5.6909090909090905
0,2,144,0,1,0,1,5,1,0,1,1,1,0,1,0,2,0,7.0,389,71,5.47887323943662
1,10,128,80,2,1,2,3,1,2,1,1,1,0,3,0,12,0,4.0,376,75,5.013333333333334
0,3,144,0,0,4,0,0,1,0,1,0,1,0,1,0,2,3,30.0,552,108,5.111111111111111
1,3,105,0,1,5,6,0,0,0,1,1,1,0,1,0,7,0,5.0,61,12,5.083333333333333
0,84,54,0,1,0,1,5,1,0,0,0,0,0,1,0,2,0,4.0,267,52,5.134615384615385
1,3,103,0,2,0,1,1,0,2,1,1,1,0,3,150,2,0,4.0,151,30,5.033333333333333
1,15,105,82,2,3,4,5,1,0,2,2,2,0,2,0,2,0,4.0,301,54,5.574074074074074
1,2,105,0,1,6,0,0,1,0,1,1,1,0,1,0,12,0,2.0,319,62,5.145161290322581
0,2,22,114,1,2,4,0,1,1,0,0,1,0,1,0,2,0,5.0,681,129,5.27906976744186
1,1,135,0,1,0,6,0,1,1,1,1,1,0,1,0,2,0,1.0,556,108,5.148148148148148
0,4,60,30,1,0,6,0,0,1,0,0,1,0,1,200,12,0,4.0,339,68,4.985294117647059
0,1,144,0,0,1,0,0,1,0,1,0,1,0,1,0,12,0,1.0,91,17,5.352941176470588
1,3,120,0,0,3,6,0,1,0,0,0,1,0,1,0,12,0,5.0,547,93,5.881720430107527
0,42,144,0,0,1,0,0,2,0,1,1,1,1,1,0,3,0,3.0,320,63,5.079365079365079
0,24,144,0,0,4,0,0,1,1,2,2,0,0,20,0,5,0,1.0,95,18,5.277777777777778
1,3,104,0,0,1,4,5,0,1,1,1,0,0,1,160,2,0,8.0,232,45,5.155555555555556
1,84,105,0,1,6,0,0,1,0,0,0,0,0,1,0,2,0,4.0,163,35,4.6571428571428575
0,12,60,0,0,0,1,5,1,0,0,0,1,0,1,0,4,0,1.0,90,14,6.428571428571429
1,36,96,0,1,0,3,5,0,0,0,0,0,0,1,0,12,0,7.0,887,173,5.127167630057803
1,14,104,94,0,0,1,5,2,1,0,0,0,0,1,10,2,0,1.0,144,20,7.2
1,1,104,80,0,4,6,0,0,1,1,1,1,0,1,0,12,0,5.0,287,55,5.218181818181818
0,48,62,0,0,0,1,1,0,1,0,0,0,0,1,0,12,0,3.0,122,20,6.1
0,18,147,16,1,3,4,5,1,1,1,0,0,0,1,100,12,0,2.0,1595,293,5.4436860068259385
1,5,140,73,2,0,3,5,0,0,0,0,1,0,4,0,2,0,8.0,425,71,5.985915492957746
0,2,144,0,0,4,6,0,1,1,1,1,1,0,3,20,2,0,1.0,74,14,5.285714285714286
1,12,122,0,1,5,0,0,1,2,1,1,1,0,1,200,7,0,3.0,181,34,5.323529411764706
1,2,104,0,2,0,2,0,0,1,1,1,1,0,3,0,6,0,1.0,43,9,4.777777777777778
1,5,105,0,0,0,6,0,0,0,0,0,1,0,1,0,3,0,2.0,161,23,7.0
0,12,147,114,1,1,6,0,1,1,0,0,0,0,1,0,2,0,3.0,219,41,5.341463414634147
0,2,144,0,1,1,6,0,1,1,0,0,1,0,1,0,2,0,3.0,179,33,5.424242424242424
1,24,105,0,2,1,6,0,2,0,1,0,1,0,4,0,2,0,5.0,213,34,6.264705882352941
1,16,105,0,0,0,6,0,1,0,0,0,0,0,2,500,12,0,3.0,633,111,5.702702702702703
0,2,69,114,2,1,4,5,1,0,1,0,1,0,6,0,2,0,6.0,156,30,5.2
0,6,144,0,0,0,6,0,1,1,0,0,0,0,1,0,2,0,5.0,374,66,5.666666666666667
0,10,144,114,0,0,1,0,2,0,0,0,0,0,1,0,2,0,4.0,145,4,36.25
0,36,144,53,0,6,0,0,1,0,2,0,0,0,1,0,2,0,9.0,548,115,4.765217391304348
0,2,144,0,1,1,0,0,1,1,1,0,1,0,1,0,2,0,1.0,34,6,5.666666666666667
0,4,144,0,1,1,0,0,1,0,1,0,1,0,1,0,2,0,5.0,1345,253,5.316205533596838
1,8,105,82,2,0,5,0,0,0,0,0,0,0,4,0,2,4,4.0,138,14,9.857142857142858
0,1,144,114,2,0,1,0,1,0,0,0,1,0,3,0,2,0,5.0,135,28,4.821428571428571
0,2,144,0,1,0,1,0,1,1,1,1,1,0,1,0,2,0,3.0,147,26,5.653846153846154
1,3,143,0,1,0,6,0,0,2,2,2,1,0,1,0,2,0,6.0,513,99,5.181818181818182
1,14,105,0,0,2,0,0,1,0,0,0,0,0,1,0,7,0,10.0,905,146,6.198630136986301
1,3,105,0,1,6,0,0,0,0,1,1,1,0,1,0,12,0,1.0,311,61,5.098360655737705
1,24,104,0,1,4,0,0,1,1,0,0,0,0,1,20,2,0,3.0,566,109,5.192660550458716
1,12,128,106,1,1,5,0,1,0,0,0,0,0,1,0,2,0,7.0,87,16,5.4375
0,48,159,0,1,1,0,0,1,0,2,2,2,0,1,0,2,0,4.0,1357,238,5.701680672268908
0,3,144,0,2,0,1,0,1,1,0,0,2,0,4,0,0,0,1.0,76,14,5.428571428571429
0,4,144,0,1,1,0,0,1,0,0,0,0,0,1,190,12,0,4.0,122,25,4.88
0,3,144,0,0,1,6,0,2,0,1,0,1,0,1,0,2,0,11.0,867,167,5.191616766467066
0,36,144,0,1,1,6,0,2,0,0,0,0,1,1,0,2,0,4.0,1388,272,5.102941176470588
0,2,144,0,1,1,4,0,1,1,1,1,1,0,3,0,2,0,4.0,100,16,6.25
0,12,144,114,0,1,6,0,1,1,2,2,2,0,1,0,12,0,3.0,297,57,5.2105263157894735
0,2,144,0,1,0,0,0,1,0,1,1,1,0,1,20,3,0,1.0,122,21,5.809523809523809
0,3,144,0,0,1,0,0,1,0,0,0,1,0,1,0,2,0,3.0,103,21,4.904761904761905
1,2,104,0,1,0,0,0,0,1,1,0,1,0,1,0,0,0,4.0,518,81,6.395061728395062
1,6,114,0,0,0,0,0,1,1,1,1,1,0,1,50,2,0,2.0,147,24,6.125
0,24,144,0,1,1,6,0,1,1,0,0,0,0,1,0,3,0,3.0,130,26,5.0
