Type,Age,Breed1,Breed2,Gender,Color1,Color2,Color3,MaturitySize,FurLength,Vaccinated,Dewormed,Sterilized,Health,Quantity,Fee,State,VideoAmt,PhotoAmt,desc_length,desc_words,average_word_length
0,1,144,0,0,0,0,0,1,0,1,1,1,0,1,0,2,0,3.0,390,81,4.814814814814815
1,1,105,0,2,0,1,5,0,0,1,1,1,0,5,0,2,0,1.0,529,97,5.453608247422681
1,0,11,0,2,2,5,5,1,1,1,1,2,0,10,0,12,0,0.0,111,20,5.55
0,12,144,0,0,0,0,0,1,0,1,1,1,0,1,0,7,0,4.0,236,44,5.363636363636363
0,24,144,0,1,4,0,0,1,1,0,0,0,0,1,0,2,0,2.0,138,27,5.111111111111111
0,2,47,114,0,0,1,0,2,1,2,2,2,0,1,0,2,0,4.0,303,57,5.315789473684211
1,2,104,0,0,2,0,0,0,1,1,1,1,0,1,0,12,0,2.0,33,4,8.25
0,2,144,0,1,0,1,0,1,0,1,1,1,0,1,0,12,0,2.0,120,23,5.217391304347826
0,3,144,0,2,1,3,3,1,0,2,2,2,0,5,0,3,0,1.0,256,49,5.224489795918367
1,6,105,0,1,2,6,0,1,0,1,0,0,0,1,0,2,0,5.0,8,1,8.0
0,2,17,114,1,1,6,0,1,0,0,0,1,0,1,0,2,1,9.0,335,61,5.491803278688525
1,2,104,0,1,0,5,5,1,1,0,0,1,0,1,0,2,0,4.0,43,7,6.142857142857143
1,12,105,107,1,0,1,0,1,0,1,2,0,0,1,0,2,0,1.0,40,8,5.0
0,3,144,0,1,1,0,0,1,0,2,2,2,0,1,0,2,0,2.0,72,15,4.8
0,7,144,0,1,1,0,0,1,0,0,0,1,0,1,0,12,0,1.0,425,80,5.3125
0,36,65,0,1,2,4,0,1,1,2,2,0,0,1,0,2,0,9.0,443,83,5.337349397590361
1,1,104,0,1,0,3,5,1,2,1,0,1,0,1,0,2,2,10.0,986,171,5.766081871345029
0,5,144,0,1,0,1,5,1,0,0,0,1,0,1,0,12,0,1.0,144,22,6.545454545454546
1,4,105,0,0,0,1,2,1,0,1,1,1,0,1,0,2,0,4.0,84,15,5.6
0,10,144,0,1,6,0,0,1,0,1,0,0,0,1,0,12,0,2.0,65,11,5.909090909090909
1,0,105,0,2,0,1,5,1,0,2,0,0,0,18,0,2,0,21.0,984,189,5.2063492063492065
0,1,144,0,1,6,0,0,1,1,1,1,1,0,1,0,4,0,1.0,37,6,6.166666666666667
1,2,105,82,2,0,5,5,1,0,1,0,1,0,4,0,12,0,8.0,191,30,6.366666666666666
0,2,144,0,0,0,1,5,1,0,1,1,1,0,1,0,2,0,7.0,239,46,5.195652173913044
0,12,144,114,1,1,0,0,1,1,1,0,1,0,1,0,3,0,1.0,23,4,5.75
1,11,105,0,1,0,3,5,1,0,0,0,0,0,1,0,2,0,11.0,539,103,5.233009708737864
0,74,60,0,0,1,6,0,1,1,2,0,2,0,1,0,2,0,2.0,331,71,4.661971830985915
0,3,144,0,1,0,1,5,1,1,0,0,1,0,1,0,2,0,4.0,152,30,5.066666666666666
1,4,105,0,1,0,5,5,0,0,1,1,1,0,1,0,2,0,3.0,264,59,4.47457627118644
1,1,103,0,2,0,2,0,0,1,1,1,1,0,2,0,2,0,1.0,173,34,5.088235294117647
1,6,135,0,2,2,3,5,2,1,2,2,2,0,2,0,2,0,11.0,587,115,5.104347826086957
1,1,105,0,2,0,3,5,1,0,1,0,1,0,4,0,6,0,4.0,215,36,5.972222222222222
0,1,144,114,0,1,0,0,1,1,1,0,1,0,1,0,2,0,1.0,14,3,4.666666666666667
0,2,144,114,2,0,1,3,0,0,1,0,1,0,2,0,12,0,1.0,37,7,5.285714285714286
0,1,144,0,2,0,4,5,1,0,2,2,2,0,2,0,3,0,1.0,55,12,4.583333333333333
0,2,144,0,1,0,1,5,0,0,1,1,1,0,5,0,2,0,16.0,330,60,5.5
0,1,144,0,2,0,1,5,2,1,1,0,1,0,12,0,2,0,5.0,3100,561,5.52584670231729
1,12,104,0,1,0,6,0,1,1,0,0,0,0,1,150,2,0,1.0,109,19,5.7368421052631575
0,8,144,114,0,1,0,0,1,0,0,0,1,0,1,0,12,0,10.0,389,71,5.47887323943662
1,18,104,0,1,4,6,0,1,0,1,1,1,0,1,0,12,0,3.0,102,15,6.8
1,3,105,0,1,0,0,0,0,0,2,2,2,0,1,0,12,0,3.0,610,121,5.041322314049586
1,12,104,81,1,0,0,0,1,1,1,0,1,0,1,0,12,0,2.0,252,37,6.8108108108108105
0,3,144,28,0,0,1,5,2,0,0,0,1,0,2,0,2,0,12.0,520,96,5.416666666666667
0,2,144,0,1,0,1,5,1,0,0,0,1,0,1,0,7,0,1.0,325,66,4.924242424242424
0,3,51,0,0,5,6,0,0,1,0,0,1,0,1,0,7,0,5.0,159,32,4.96875
0,36,51,0,1,5,6,0,1,1,0,0,1,0,1,0,2,0,1.0,225,39,5.769230769230769
1,24,122,0,0,0,1,5,1,2,0,0,1,0,1,0,2,0,1.0,149,24,6.208333333333333
1,4,122,106,0,3,0,0,0,1,1,0,1,0,3,100,12,0,0.0,32,4,8.0
0,2,144,0,1,0,1,5,1,0,1,0,1,0,1,0,2,0,1.0,254,51,4.980392156862745
0,7,144,0,0,0,0,0,1,0,0,0,1,0,1,0,2,0,1.0,72,15,4.8
1,6,115,0,1,1,6,0,0,0,1,1,1,2,1,0,12,0,4.0,720,136,5.294117647058823
0,4,22,114,1,0,4,0,1,1,0,0,1,0,1,0,2,0,2.0,154,28,5.5
0,24,144,0,1,1,0,0,2,1,2,2,2,0,1,0,3,0,3.0,194,36,5.388888888888889
0,1,144,0,0,0,1,5,1,0,0,0,1,0,1,100,4,0,2.0,589,117,5.034188034188034
1,2,88,81,0,2,6,0,0,0,1,1,1,0,1,0,12,0,3.0,676,135,5.007407407407407
0,4,144,0,2,0,1,3,0,1,1,1,1,0,6,0,2,0,1.0,168,31,5.419354838709677
0,2,144,0,1,1,0,0,1,1,0,0,1,0,1,0,2,0,1.0,188,35,5.371428571428571
1,2,103,81,1,0,5,5,1,1,1,0,1,0,1,50,2,0,7.0,1329,241,5.514522821576763
0,1,144,0,1,1,0,0,1,1,1,1,1,0,2,0,5,0,1.0,80,14,5.714285714285714
0,2,144,0,1,0,0,0,1,0,0,0,1,0,1,0,4,0,2.0,387,74,5.22972972972973
1,4,84,82,1,4,6,0,0,1,0,0,1,0,1,80,2,0,13.0,16,3,5.333333333333333
1,2,128,80,1,0,3,0,0,1,1,2,1,0,1,0,5,0,3.0,110,22,5.0
1,5,105,0,0,1,4,5,1,0,1,1,1,0,1,0,12,0,1.0,59,10,5.9
1,1,104,113,2,1,3,4,0,1,1,1,1,0,5,0,2,0,2.0,171,32,5.34375
1,4,105,0,1,0,1,1,1,0,1,0,1,1,1,0,2,0,2.0,339,62,5.467741935483871
0,1,144,0,1,1,6,0,1,0,1,1,1,0,1,0,2,0,2.0,193,38,5.078947368421052
1,6,104,0,1,1,3,5,0,1,0,0,0,0,1,0,12,0,2.0,34,7,4.857142857142857
0,1,144,16,1,0,6,0,1,0,2,2,2,0,1,0,12,0,3.0,185,33,5.606060606060606
0,2,165,130,2,0,1,5,0,1,0,2,2,0,5,0,2,0,1.0,63,12,5.25
1,1,122,0,1,5,6,0,2,2,1,1,1,0,2,0,12,0,7.0,824,151,5.456953642384106
0,72,60,0,0,1,4,5,0,0,0,0,1,2,1,0,2,0,0.0,288,58,4.9655172413793105
1,3,105,0,0,0,1,0,1,0,1,0,1,0,1,0,2,0,4.0,420,74,5.675675675675675
1,11,105,0,1,6,0,0,1,0,0,0,0,0,1,0,2,0,1.0,134,24,5.583333333333333
0,1,144,0,1,1,0,0,1,0,1,1,1,0,2,0,2,0,3.0,26,5,5.2
1,13,104,0,2,0,6,0,1,1,1,1,1,0,4,0,12,0,11.0,472,94,5.0212765957446805
1,4,105,0,1,0,6,0,0,0,1,1,1,0,1,0,2,0,3.0,54,9,6.0
0,3,144,0,0,1,0,0,1,0,1,0,1,0,1,0,2,0,1.0,101,21,4.809523809523809
1,2,105,106,1,0,5,0,0,1,1,1,1,0,1,0,2,0,5.0,360,67,5.373134328358209
1,2,104,0,2,0,5,5,0,1,1,1,1,0,2,0,2,0,7.0,180,30,6.0
0,2,144,114,2,0,1,5,2,0,1,1,1,0,6,0,2,1,5.0,265,53,5.0
1,14,84,0,1,0,5,5,1,1,0,2,2,0,1,0,2,0,1.0,247,50,4.94
0,2,144,0,1,0,1,0,1,0,2,0,1,0,1,0,12,0,2.0,71,13,5.461538461538462
1,24,104,80,1,0,3,5,1,2,2,2,2,0,6,0,2,0,4.0,20,5,4.0
0,1,144,114,2,1,2,2,1,1,1,1,1,0,6,0,4,0,2.0,56,10,5.6
0,3,144,0,1,0,1,0,1,0,0,0,1,0,1,0,2,0,4.0,400,76,5.2631578947368425
1,2,88,110,1,0,1,2,1,1,1,0,1,0,1,0,12,0,4.0,451,79,5.708860759493671
1,11,103,0,1,1,0,0,1,2,1,1,1,0,1,0,2,0,3.0,1025,207,4.951690821256038
0,2,30,0,0,0,1,0,0,0,1,0,1,0,1,0,12,0,6.0,402,72,5.583333333333333
1,1,105,0,0,0,1,5,2,1,1,0,2,0,1,0,2,0,2.0,924,149,6.201342281879195
1,1,105,0,2,0,0,0,1,0,1,1,1,0,4,0,12,0,3.0,347,68,5.102941176470588
1,16,105,0,0,4,6,0,1,0,0,0,0,0,1,100,2,0,3.0,297,53,5.60377358490566
1,2,135,0,2,0,3,0,0,1,1,1,1,0,4,0,2,0,5.0,360,72,5.0
0,1,144,114,1,2,4,5,1,1,0,0,1,0,1,0,2,0,2.0,302,55,5.490909090909091
1,24,105,0,1,5,0,0,1,1,0,0,0,0,1,0,7,0,5.0,916,173,5.294797687861272
1,10,104,82,0,3,6,0,2,1,1,1,1,0,1,0,12,0,1.0,626,122,5.131147540983607
0,2,144,0,1,2,0,0,1,1,1,0,1,0,1,0,2,0,1.0,508,87,5.839080459770115
1,3,105,0,0,3,6,0,1,0,0,0,1,0,1,0,12,0,27.0,71,14,5.071428571428571
0,2,144,0,0,4,6,0,1,0,1,1,1,0,1,0,4,0,1.0,127,23,5.521739130434782
1,1,104,80,2,0,5,5,1,1,0,0,2,0,4,0,12,0,4.0,66,12,5.5
1,2,105,0,0,2,3,0,0,0,1,1,1,1,1,0,2,0,15.0,330,56,5.892857142857143
1,3,105,0,0,3,6,0,1,0,1,1,1,0,1,0,2,0,1.0,65,11,5.909090909090909
0,2,144,0,0,0,1,0,1,0,1,1,1,0,1,0,2,0,2.0,212,37,5.72972972972973
0,9,144,0,1,1,0,0,1,0,1,1,2,0,2,0,12,0,1.0,117,23,5.086956521739131
0,6,144,0,1,1,0,0,1,0,1,1,1,0,1,0,2,0,1.0,224,47,4.76595744680851
1,6,105,0,1,0,1,5,1,0,1,0,0,0,1,0,12,0,7.0,380,76,5.0
1,1,105,0,2,3,5,5,1,0,1,1,1,0,3,0,2,0,5.0,1147,217,5.285714285714286
0,1,144,0,1,1,4,0,1,0,1,1,1,0,2,0,12,0,2.0,28,5,5.6
1,4,105,0,2,0,3,5,0,0,1,1,0,0,4,0,2,0,8.0,106,21,5.0476190476190474
0,2,65,114,1,1,0,0,1,0,1,0,1,0,1,0,2,0,1.0,420,79,5.3164556962025316
0,0,144,0,1,0,1,0,1,0,1,1,1,0,2,0,2,0,3.0,368,75,4.906666666666666
0,120,144,0,1,0,6,0,1,1,2,2,2,1,1,0,12,0,3.0,623,129,4.829457364341085
0,12,144,0,1,1,6,0,1,1,2,2,2,0,1,0,12,0,3.0,576,99,5.818181818181818
0,2,144,0,1,0,1,0,1,0,0,0,1,0,1,0,2,0,7.0,607,111,5.468468468468468
0,2,144,0,2,0,1,5,1,0,0,0,2,0,3,0,12,0,3.0,868,140,6.2
0,3,144,114,0,4,0,0,1,0,0,0,0,0,1,0,2,0,2.0,230,46,5.0
1,1,105,82,2,1,2,5,1,1,1,0,1,0,2,0,2,0,2.0,50,9,5.555555555555555
0,5,144,0,1,0,0,0,1,0,0,0,0,0,1,0,5,0,1.0,96,20,4.8
0,13,144,4,0,0,1,0,1,0,0,0,0,0,1,1,12,0,4.0,311,64,4.859375
1,1,105,82,2,0,5,5,1,1,1,0,1,0,2,0,12,0,3.0,113,17,6.647058823529412
0,3,144,0,1,1,0,0,1,1,0,0,1,0,1,50,2,0,2.0,127,26,4.884615384615385
0,3,54,4,2,0,1,0,1,0,1,0,2,0,3,0,3,0,4.0,424,80,5.3
0,12,10,0,1,0,0,0,3,0,0,0,0,0,1,500,2,0,3.0,33,7,4.714285714285714
0,2,144,0,2,0,0,0,1,1,1,2,1,0,6,0,3,0,5.0,86,18,4.777777777777778
1,0,104,0,2,0,1,5,0,0,1,1,1,0,3,0,12,0,0.0,133,26,5.115384615384615
1,1,105,0,2,0,6,0,1,1,1,1,1,0,2,0,2,0,4.0,149,27,5.518518518518518
0,2,144,60,0,1,4,5,0,1,1,1,1,1,1,0,2,0,3.0,442,79,5.594936708860759
0,2,144,0,1,1,0,0,1,0,1,0,1,0,2,0,2,0,2.0,764,144,5.305555555555555
0,1,144,0,0,0,1,0,1,0,1,1,1,0,1,0,2,0,6.0,397,72,5.513888888888889
1,3,105,0,1,2,0,0,0,0,1,1,1,0,2,0,2,0,10.0,248,44,5.636363636363637
1,5,104,0,1,0,6,0,1,1,1,1,1,0,1,0,2,0,1.0,29,6,4.833333333333333
1,2,105,0,1,2,0,0,0,0,1,1,1,0,1,0,12,0,5.0,98,19,5.157894736842105
1,2,105,0,2,0,6,0,2,0,1,0,1,0,2,0,12,1,2.0,347,60,5.783333333333333
0,18,144,0,0,0,0,0,1,1,0,0,0,0,1,0,2,0,2.0,106,18,5.888888888888889
0,24,144,0,1,0,2,0,1,0,2,2,1,0,1,0,2,0,3.0,663,117,5.666666666666667
1,3,105,0,1,5,0,0,0,1,0,0,1,0,1,0,2,0,1.0,16,3,5.333333333333333
0,8,144,0,1,6,0,0,1,1,0,0,1,0,1,0,2,0,5.0,341,51,6.686274509803922
0,2,166,114,1,0,1,0,1,1,0,0,1,0,1,0,2,0,5.0,161,26,6.1923076923076925
0,2,144,0,2,0,1,5,1,0,2,2,1,0,6,0,2,0,5.0,1104,192,5.75
0,2,144,114,2,0,1,5,1,1,2,2,2,0,3,0,0,0,3.0,170,31,5.483870967741935
0,12,144,0,2,0,1,0,0,0,2,2,2,0,3,0,2,0,3.0,128,23,5.565217391304348
0,2,144,0,1,1,6,0,1,1,0,0,2,0,1,0,0,0,1.0,90,16,5.625
0,72,60,0,1,1,4,0,0,0,2,0,2,0,1,0,2,0,2.0,458,91,5.032967032967033
0,3,144,0,1,4,0,0,1,0,1,0,1,0,1,0,7,0,1.0,261,55,4.745454545454545
1,12,105,0,0,1,4,0,1,1,1,1,1,2,1,0,12,0,3.0,254,51,4.980392156862745
0,2,144,0,0,4,0,0,1,1,0,0,1,0,1,0,2,0,9.0,143,26,5.5
0,1,144,0,2,0,1,0,1,0,0,0,1,0,4,0,2,0,6.0,500,97,5.154639175257732
0,1,144,0,1,1,4,5,1,0,1,1,1,0,3,0,2,0,10.0,803,155,5.180645161290323
0,3,22,114,1,6,0,0,1,0,0,0,1,0,1,150,12,0,3.0,92,13,7.076923076923077
1,24,104,0,1,4,5,5,1,1,0,0,0,0,1,0,12,0,3.0,140,30,4.666666666666667
0,2,144,0,1,0,0,0,0,0,1,1,1,0,1,0,2,0,2.0,293,54,5.425925925925926
0,24,144,0,1,0,0,0,1,1,2,2,2,0,1,0,12,0,2.0,575,100,5.75
0,2,144,0,0,4,0,0,1,0,1,1,1,0,1,0,2,0,1.0,33,6,5.5
1,10,104,0,0,6,0,0,1,1,2,2,1,0,1,0,2,0,1.0,699,127,5.503937007874016
1,1,104,80,0,2,6,0,1,1,1,1,1,0,1,50,2,0,7.0,744,137,5.430656934306569
1,2,105,0,2,0,1,5,1,0,1,1,1,0,4,0,2,0,3.0,456,78,5.846153846153846
0,2,144,0,1,0,3,0,1,0,0,0,1,0,1,0,2,0,3.0,202,34,5.9411764705882355
1,1,83,63,2,0,1,5,0,1,0,0,2,0,2,0,2,0,3.0,576,108,5.333333333333333
0,1,144,0,1,1,0,0,1,1,1,1,1,0,1,0,2,0,3.0,115,21,5.476190476190476
0,5,144,0,0,0,1,0,0,0,0,0,1,0,1,0,2,0,3.0,37,5,7.4
1,2,103,81,2,3,0,0,2,2,1,1,1,0,4,0,12,0,5.0,14,2,7.0
0,12,144,0,1,0,1,5,1,0,2,2,0,0,1,0,2,0,2.0,228,44,5.181818181818182
1,6,104,0,0,0,5,5,1,1,0,0,1,0,1,0,2,0,4.0,16,3,5.333333333333333
1,12,105,81,2,4,5,5,1,0,2,2,2,0,20,0,2,0,0.0,576,110,5.236363636363636
0,1,144,0,2,0,1,5,0,0,1,1,1,0,6,0,3,0,2.0,47,11,4.2727272727272725
0,3,144,0,1,0,0,0,1,0,2,2,2,0,1,0,2,0,3.0,442,85,5.2
0,2,144,0,1,0,1,0,1,0,1,0,2,0,1,0,3,0,1.0,9,2,4.5
0,3,144,114,1,6,0,0,0,0,2,2,2,1,1,0,2,0,0.0,180,26,6.923076923076923
0,1,162,114,1,0,6,0,1,0,2,2,1,0,1,0,2,0,4.0,127,22,5.7727272727272725
0,48,5,114,0,0,1,0,2,1,0,0,0,0,1,0,2,0,1.0,322,50,6.44
0,12,41,114,1,0,0,0,0,1,2,2,1,0,1,1,3,0,1.0,72,11,6.545454545454546
1,1,105,82,1,2,3,5,1,0,1,1,1,0,3,0,2,0,5.0,501,86,5.825581395348837
1,11,104,0,1,0,5,0,1,1,0,0,0,0,1,0,2,0,1.0,155,29,5.344827586206897
0,1,144,0,2,0,1,1,0,0,1,1,2,0,7,0,2,0,1.0,162,34,4.764705882352941
1,2,104,0,0,6,0,0,1,1,1,1,1,0,1,0,12,0,3.0,260,48,5.416666666666667
1,2,105,0,2,4,5,5,1,0,1,1,1,0,3,0,2,0,4.0,50,9,5.555555555555555
1,2,105,0,1,0,3,5,1,0,1,0,1,0,6,0,2,0,1.0,138,21,6.571428571428571
0,2,144,0,1,0,3,0,1,0,0,0,1,0,1,0,2,0,4.0,201,33,6.090909090909091
0,2,144,0,1,0,3,0,0,2,1,1,1,0,1,0,12,0,2.0,283,48,5.895833333333333
0,6,41,0,0,0,0,0,1,0,2,2,2,0,1,150,4,0,3.0,1373,270,5.0851851851851855
0,2,144,0,1,1,6,0,1,0,2,2,2,0,1,0,2,0,7.0,450,83,5.421686746987952
1,2,128,82,1,1,4,0,0,1,1,1,1,0,1,100,3,2,18.0,5289,936,5.6506410256410255
1,2,104,0,0,5,6,0,0,1,1,1,1,0,1,0,2,0,1.0,181,33,5.484848484848484
1,3,105,82,0,3,6,0,1,0,1,0,1,0,1,0,2,0,11.0,238,47,5.0638297872340425
0,3,144,0,1,1,6,0,1,0,1,0,1,0,1,0,2,0,3.0,185,30,6.166666666666667
0,3,165,114,0,0,2,5,2,0,1,0,1,0,1,0,2,0,19.0,375,60,6.25
0,2,144,0,0,4,6,0,1,0,1,0,1,0,1,0,2,0,1.0,38,6,6.333333333333333
1,3,105,113,0,0,6,0,1,0,0,0,1,0,2,0,2,0,2.0,69,13,5.3076923076923075
1,13,104,0,0,2,3,5,2,1,1,1,1,0,1,0,12,0,3.0,305,55,5.545454545454546
0,2,144,0,1,0,3,0,1,1,1,1,1,0,4,0,3,0,1.0,42,7,6.0
0,2,144,0,1,0,0,0,1,1,1,0,1,0,1,0,4,0,3.0,152,30,5.066666666666666
1,12,105,0,1,0,6,0,1,0,0,0,0,0,1,0,12,0,5.0,107,20,5.35
0,2,144,0,1,1,6,0,1,1,0,0,1,0,2,0,2,0,14.0,595,108,5.5092592592592595
0,2,144,54,1,1,6,0,2,1,0,0,1,0,1,0,2,0,6.0,131,21,6.238095238095238
1,5,105,0,0,3,0,0,1,0,0,0,0,0,1,100,2,0,30.0,1034,187,5.529411764705882
0,1,144,114,1,0,1,5,1,0,1,1,1,0,1,100,2,0,4.0,292,53,5.509433962264151
1,24,128,101,1,1,6,0,1,0,1,1,1,0,1,0,3,0,13.0,810,153,5.294117647058823
1,1,105,0,2,3,6,0,0,0,1,1,1,0,2,0,7,0,5.0,111,19,5.842105263157895
1,2,105,0,2,1,3,5,0,0,1,1,1,0,3,0,2,0,4.0,83,13,6.384615384615385
0,1,144,0,0,4,0,0,1,1,2,2,1,0,1,0,2,0,2.0,88,17,5.176470588235294
0,2,144,114,1,6,0,0,1,1,1,1,1,0,1,0,2,0,1.0,313,60,5.216666666666667
1,3,105,0,2,0,5,5,1,0,1,1,1,0,5,0,12,0,8.0,694,125,5.552
1,1,105,0,1,0,1,5,0,0,1,0,1,0,1,20,12,1,3.0,762,152,5.0131578947368425
1,9,105,0,0,0,6,0,1,0,0,0,1,0,1,0,12,0,3.0,455,88,5.170454545454546
1,12,105,0,1,0,3,5,1,0,2,2,2,0,1,0,2,0,4.0,195,40,4.875
0,1,69,114,1,0,2,0,1,0,1,1,1,0,1,50,2,0,5.0,115,21,5.476190476190476
1,9,104,96,1,4,6,0,1,1,1,0,1,0,1,0,2,0,2.0,49,10,4.9
0,4,144,0,1,0,1,5,1,0,0,0,1,0,1,0,2,0,4.0,660,138,4.782608695652174
1,6,105,0,1,5,0,0,0,0,1,0,1,0,1,0,2,0,3.0,63,7,9.0
0,2,144,114,1,1,0,0,0,0,2,2,2,0,1,0,2,0,2.0,20,3,6.666666666666667
0,1,144,0,0,0,6,0,1,0,1,1,1,0,1,50,2,2,4.0,706,137,5.153284671532846
0,2,144,131,1,0,1,0,1,1,1,0,1,0,1,0,2,0,11.0,355,62,5.725806451612903
0,5,144,0,1,0,1,5,1,0,1,1,1,0,1,0,12,0,5.0,429,96,4.46875
0,24,54,0,0,0,1,5,1,0,0,0,1,0,1,300,2,0,1.0,508,102,4.980392156862745
1,5,105,82,2,0,2,5,1,0,1,1,1,0,3,0,2,0,2.0,184,31,5.935483870967742
1,36,105,0,0,1,0,0,1,1,0,0,0,0,1,0,12,0,3.0,216,33,6.545454545454546
0,12,144,0,1,4,0,0,1,0,1,0,0,0,1,0,7,0,5.0,448,91,4.923076923076923
0,2,144,0,0,1,0,0,1,1,0,0,1,0,1,0,2,0,1.0,223,42,5.309523809523809
0,2,144,114,2,0,1,5,1,0,1,1,1,0,6,0,2,0,5.0,200,37,5.405405405405405
1,6,105,82,2,5,6,0,1,0,1,1,1,0,2,0,2,0,5.0,335,65,5.153846153846154
0,2,144,0,1,0,0,0,1,0,1,0,1,0,1,0,12,0,2.0,88,19,4.631578947368421
0,12,22,114,0,1,6,0,1,0,2,2,2,0,1,0,2,0,2.0,185,35,5.285714285714286
1,3,105,0,0,0,5,0,0,0,0,0,2,0,1,0,12,0,8.0,130,20,6.5
1,4,135,0,1,0,1,2,1,0,2,2,2,0,1,0,12,1,2.0,285,51,5.588235294117647
0,3,144,0,0,0,1,5,1,0,0,0,1,0,1,50,2,0,4.0,1067,183,5.830601092896175
1,1,105,0,0,0,5,5,1,0,1,0,1,0,1,0,2,0,3.0,424,67,6.3283582089552235
0,2,144,114,1,1,0,0,1,0,2,0,1,0,1,0,12,0,4.0,153,27,5.666666666666667
1,4,105,0,2,0,4,0,1,0,1,1,1,0,2,300,2,1,5.0,196,37,5.297297297297297
1,5,120,0,0,6,0,0,1,0,0,0,1,0,1,0,3,0,1.0,223,46,4.8478260869565215
0,36,8,6,0,2,0,0,2,1,2,2,2,0,1,0,2,0,1.0,64,13,4.923076923076923
1,12,104,81,0,3,0,0,1,2,1,1,1,0,1,0,4,0,5.0,211,33,6.393939393939394
0,60,47,0,0,0,1,0,2,0,0,0,1,0,1,0,4,0,1.0,301,58,5.189655172413793
0,1,144,0,0,2,0,0,1,0,1,1,1,0,1,0,2,0,1.0,75,11,6.818181818181818
0,3,144,0,1,0,6,0,1,1,1,0,1,0,2,0,2,0,1.0,20,3,6.666666666666667
0,4,144,0,1,3,6,0,1,0,1,0,1,0,1,0,4,0,2.0,162,33,4.909090909090909
1,4,105,0,0,0,5,0,3,1,1,1,1,0,1,0,12,0,6.0,1,1,1.0
1,48,105,0,2,0,6,0,1,0,1,1,1,0,5,0,2,0,4.0,37,8,4.625
0,1,144,0,2,0,1,0,1,0,1,1,1,0,4,0,2,0,0.0,201,37,5.4324324324324325
1,2,105,0,0,1,4,0,0,0,1,0,1,0,1,0,12,0,3.0,104,16,6.5
1,12,105,0,0,1,0,0,1,0,0,2,0,0,1,0,2,0,2.0,91,17,5.352941176470588
1,17,105,0,1,0,5,5,0,0,0,2,2,1,1,0,2,0,4.0,564,112,5.035714285714286
1,14,128,0,1,1,4,0,1,1,1,0,1,0,2,0,4,0,2.0,188,36,5.222222222222222
1,8,105,0,0,5,0,0,1,0,1,1,1,0,1,0,12,0,3.0,25,4,6.25
1,7,122,0,1,0,0,0,1,2,1,1,1,0,1,0,12,0,5.0,669,133,5.030075187969925
1,1,104,82,2,0,1,5,0,0,1,1,1,0,4,0,7,0,1.0,33,7,4.714285714285714
0,1,144,0,2,0,5,5,1,0,1,1,1,0,6,0,5,0,0.0,104,19,5.473684210526316
1,2,104,0,1,0,1,3,0,1,1,1,1,0,1,0,2,0,4.0,58,12,4.833333333333333
0,3,144,0,0,0,1,3,1,1,0,0,1,0,1,0,2,0,7.0,386,56,6.892857142857143
1,2,103,89,2,1,5,5,0,1,0,0,1,0,3,0,12,0,4.0,870,166,5.240963855421687
0,24,22,114,0,0,1,0,1,1,2,2,2,0,1,0,2,0,1.0,135,21,6.428571428571429
0,1,144,114,2,0,1,0,1,0,1,1,1,0,7,0,4,0,4.0,424,72,5.888888888888889
0,5,144,0,1,1,4,5,1,1,1,0,1,0,1,0,2,0,1.0,48,10,4.8
1,36,96,0,1,0,3,5,1,1,0,0,0,0,1,0,12,0,10.0,452,82,5.512195121951219
1,3,105,0,1,3,6,0,1,0,1,0,1,0,1,0,2,0,9.0,400,79,5.063291139240507
0,5,144,0,0,1,6,0,1,0,2,0,1,0,1,0,2,0,2.0,161,31,5.193548387096774
0,14,144,0,0,2,0,0,1,1,1,2,2,0,1,0,2,0,2.0,67,12,5.583333333333333
0,5,144,0,1,1,4,0,2,1,1,0,1,0,1,0,2,0,2.0,29,5,5.8
1,1,135,0,2,1,4,5,0,0,1,1,1,1,4,0,2,0,1.0,729,142,5.133802816901408
1,2,105,0,0,6,0,0,1,0,1,1,1,0,1,10,7,0,3.0,109,2,54.5
0,36,51,0,1,0,6,0,0,0,0,0,0,0,1,0,2,0,2.0,164,30,5.466666666666667
0,36,55,0,1,1,0,0,1,0,2,2,2,0,1,300,12,0,1.0,46,8,5.75
1,12,105,0,1,0,1,5,1,0,1,1,1,0,1,0,12,0,1.0,125,23,5.434782608695652
1,12,140,0,1,1,4,5,1,0,1,1,0,0,1,0,2,0,3.0,519,88,5.8977272727272725
1,8,88,0,0,2,0,0,1,1,2,2,2,0,1,0,2,0,1.0,47,8,5.875
1,1,128,0,1,1,5,5,0,1,1,1,1,0,1,0,0,0,5.0,356,60,5.933333333333334
0,2,144,0,2,0,0,0,1,0,2,2,2,0,6,0,5,0,1.0,68,13,5.230769230769231
0,1,144,0,1,0,1,0,1,0,0,0,2,0,1,0,2,0,4.0,95,19,5.0
0,5,69,114,1,6,0,0,1,1,1,1,1,0,1,50,2,0,4.0,109,17,6.411764705882353
1,2,104,0,1,0,3,5,1,1,1,1,1,0,1,100,2,0,4.0,247,46,5.369565217391305
1,21,135,0,0,2,6,0,2,0,0,0,2,0,1,0,12,0,6.0,539,104,5.1826923076923075
0,2,144,0,0,0,1,0,0,0,0,0,1,0,1,0,3,0,5.0,265,47,5.638297872340425
0,2,144,0,0,1,4,0,1,1,0,0,1,0,1,0,2,0,4.0,392,77,5.090909090909091
0,1,147,54,2,0,4,5,1,0,1,0,1,0,4,0,12,5,5.0,271,50,5.42
1,1,105,0,1,5,0,0,0,0,1,1,1,0,1,0,2,0,6.0,82,16,5.125
0,1,159,114,2,0,1,5,1,0,1,1,1,0,2,100,2,0,6.0,608,115,5.28695652173913
0,1,56,54,2,5,0,0,1,1,1,2,1,0,7,250,12,0,1.0,236,36,6.555555555555555
0,84,144,39,0,5,6,0,1,1,0,0,0,0,1,100,2,0,1.0,180,33,5.454545454545454
1,2,128,82,1,1,6,0,0,1,2,2,1,0,1,0,2,0,3.0,102,17,6.0
1,6,104,0,0,3,6,0,1,1,0,0,0,0,1,100,2,0,6.0,249,47,5.297872340425532
1,15,105,0,0,0,6,0,1,0,0,0,0,0,1,0,2,0,1.0,75,15,5.0
0,8,144,0,1,5,6,0,0,0,0,0,0,0,1,0,3,0,4.0,271,57,4.754385964912281
1,17,122,0,1,4,6,0,1,1,1,1,1,0,1,40,2,0,3.0,89,19,4.684210526315789
0,72,65,0,1,6,0,0,1,1,0,0,1,0,1,0,2,0,3.0,755,129,5.852713178294573
0,3,47,114,0,0,0,0,1,0,1,1,1,0,1,0,12,0,2.0,151,32,4.71875
1,1,105,0,2,0,6,0,1,0,1,1,1,0,4,0,12,0,1.0,113,24,4.708333333333333
1,1,105,0,1,6,0,0,0,0,0,0,0,0,3,0,2,0,2.0,408,75,5.44
0,18,32,21,1,1,6,0,1,1,1,0,1,0,1,0,12,0,3.0,410,85,4.823529411764706
1,1,135,82,0,0,1,4,1,0,1,0,1,0,1,50,2,0,5.0,774,143,5.4125874125874125
0,1,144,0,1,4,0,0,1,0,1,0,1,0,1,0,2,0,1.0,537,98,5.479591836734694
1,1,105,0,1,0,6,0,1,0,1,0,1,0,3,50,3,0,8.0,1058,197,5.370558375634518
0,21,43,0,0,0,1,3,0,0,1,1,1,0,1,500,2,0,1.0,153,26,5.884615384615385
0,1,144,0,2,0,1,5,2,0,1,1,1,0,8,0,2,0,4.0,2146,399,5.37844611528822
1,3,104,0,2,1,3,5,1,0,1,1,1,0,4,0,6,0,4.0,137,26,5.269230769230769
0,48,41,0,1,4,0,0,0,1,0,0,0,0,1,250,2,0,4.0,358,69,5.188405797101449
1,7,105,0,0,2,0,0,1,0,0,0,0,0,1,0,12,0,3.0,310,57,5.43859649122807
0,2,144,114,2,0,3,5,1,0,1,1,1,0,5,0,3,0,5.0,121,24,5.041666666666667
1,17,104,0,2,2,0,0,2,1,0,0,0,0,2,0,12,0,5.0,799,161,4.962732919254658
0,50,155,47,0,1,0,0,1,0,1,1,0,0,1,0,7,0,3.0,70,14,5.0
0,3,144,114,1,0,1,5,1,1,1,0,1,0,1,100,2,0,10.0,423,78,5.423076923076923
1,24,103,0,1,1,0,0,1,2,0,0,0,0,2,150,7,0,1.0,211,36,5.861111111111111
1,9,105,103,0,5,0,0,1,1,1,0,1,0,1,10,12,0,3.0,441,89,4.955056179775281
1,3,0,82,2,0,3,5,0,0,1,0,1,0,3,0,12,0,11.0,116,23,5.043478260869565
0,3,144,0,1,1,6,0,1,1,0,0,1,0,1,50,2,0,1.0,74,17,4.352941176470588
1,1,104,0,2,0,4,5,0,1,1,1,1,0,5,0,2,0,1.0,168,24,7.0
1,26,104,0,1,5,0,0,1,1,0,0,1,0,1,0,2,0,2.0,196,36,5.444444444444445
1,7,122,82,2,1,6,0,1,1,0,0,1,0,2,250,12,0,16.0,17,3,5.666666666666667
0,72,150,0,0,0,1,5,2,0,0,0,0,0,1,0,2,0,1.0,86,14,6.142857142857143
1,5,128,0,0,1,0,0,1,1,1,1,1,1,1,0,2,0,3.0,16,3,5.333333333333333
0,24,54,0,1,0,1,5,1,0,2,2,1,0,1,0,12,0,1.0,736,145,5.075862068965518
1,3,122,80,1,0,1,4,2,1,2,2,2,0,1,0,1,0,2.0,35,6,5.833333333333333
0,24,144,0,1,0,6,0,1,0,2,2,1,0,1,0,12,0,2.0,305,59,5.169491525423729
1,2,105,0,1,0,1,0,1,0,1,1,1,0,1,0,2,0,11.0,864,160,5.4
1,4,105,0,1,6,0,0,0,0,1,0,1,1,1,0,12,0,4.0,758,130,5.8307692307692305
0,12,144,0,0,0,1,0,1,1,0,0,1,0,1,0,2,0,3.0,71,15,4.733333333333333
0,24,47,0,0,0,2,0,2,0,0,0,0,0,1,300,2,0,1.0,1420,244,5.819672131147541
0,14,65,43,0,0,2,5,1,1,0,0,0,0,1,0,2,0,4.0,281,63,4.4603174603174605
1,8,105,82,1,5,6,0,1,0,0,0,1,0,1,0,2,0,5.0,108,20,5.4
1,3,135,110,1,0,1,4,1,1,1,0,1,0,2,0,12,0,6.0,1345,230,5.8478260869565215
0,2,144,0,1,1,6,0,1,0,0,0,1,0,1,0,2,3,2.0,2210,427,5.1756440281030445
1,2,104,0,2,0,2,5,1,1,1,1,1,0,3,1,12,0,2.0,55,11,5.0
0,48,144,114,1,0,4,0,1,1,0,0,0,0,1,0,12,0,2.0,89,13,6.846153846153846
0,60,60,0,0,1,6,0,1,1,2,2,2,0,1,0,12,0,2.0,167,30,5.566666666666666
0,2,144,0,1,0,1,0,1,0,1,1,1,0,1,20,3,0,1.0,117,20,5.85
1,3,105,0,1,0,3,0,1,0,1,1,1,0,1,0,2,0,3.0,119,21,5.666666666666667
1,3,104,0,1,0,2,5,0,1,1,0,1,0,1,0,3,0,2.0,466,85,5.482352941176471
0,1,144,114,1,0,1,5,1,0,1,1,1,0,2,0,7,0,2.0,1124,221,5.085972850678733
0,36,8,0,1,2,0,0,2,1,0,0,1,0,1,0,2,0,1.0,628,120,5.233333333333333
0,4,144,114,1,1,6,0,1,0,1,1,1,0,1,0,12,0,3.0,118,21,5.619047619047619
1,1,104,0,2,5,6,0,0,1,1,2,2,0,5,0,12,0,1.0,887,153,5.7973856209150325
0,6,144,0,1,1,6,0,1,1,0,0,1,0,1,0,12,0,14.0,370,72,5.138888888888889
0,2,144,0,0,1,0,0,1,1,0,0,2,0,1,0,0,0,1.0,65,10,6.5
1,2,143,81,2,0,1,1,0,0,1,0,1,0,4,0,2,0,4.0,24,4,6.0
1,5,104,0,0,3,6,0,1,1,0,0,1,0,1,100,2,0,4.0,204,30,6.8
0,1,144,0,2,1,0,0,1,0,1,1,1,0,7,0,3,0,2.0,118,16,7.375
1,29,122,80,1,0,1,5,1,2,2,2,2,0,1,0,2,0,2.0,108,20,5.4
1,4,105,0,2,2,5,0,1,0,1,0,1,0,3,0,2,0,1.0,131,25,5.24
1,3,135,0,2,6,0,0,1,0,1,1,1,0,2,0,12,0,5.0,174,38,4.578947368421052
0,17,60,0,0,0,1,5,1,2,0,0,1,1,1,350,12,0,14.0,1006,202,4.98019801980198
1,2,104,0,1,0,6,0,0,1,1,1,1,0,2,0,12,0,4.0,367,64,5.734375
1,1,135,0,0,5,0,0,0,0,1,1,1,0,1,0,2,0,6.0,394,76,5.184210526315789
0,36,144,0,0,1,2,0,2,0,2,2,1,0,1,0,12,0,2.0,99,17,5.823529411764706
1,48,105,0,0,0,6,0,1,0,1,2,2,0,1,0,2,0,5.0,168,28,6.0
0,1,144,0,1,0,1,0,1,0,0,0,1,0,1,0,2,0,1.0,241,39,6.17948717948718
1,4,105,0,0,0,6,0,0,0,1,0,1,0,1,0,2,0,7.0,140,22,6.363636363636363
0,12,144,0,1,1,4,5,0,0,2,2,2,1,1,0,5,0,2.0,299,61,4.901639344262295
1,1,105,0,0,2,6,0,0,0,1,1,1,0,1,0,2,0,4.0,66,15,4.4
1,5,105,0,0,0,6,0,1,1,0,0,1,0,1,0,2,0,4.0,564,107,5.271028037383178
1,1,105,0,1,4,5,5,2,0,1,1,1,0,2,0,2,0,3.0,201,39,5.153846153846154
0,2,144,114,0,0,1,0,1,1,0,0,1,0,1,0,2,0,1.0,12,2,6.0
1,4,105,0,2,3,5,5,0,0,1,0,0,0,4,0,7,0,1.0,308,60,5.133333333333334
1,55,104,0,1,1,5,5,2,1,0,0,0,0,1,150,3,0,5.0,33,6,5.5
0,2,144,0,0,0,0,0,1,1,0,0,2,0,1,0,0,0,1.0,107,19,5.631578947368421
1,36,105,101,2,5,6,0,1,1,0,0,0,0,3,0,12,0,3.0,307,56,5.482142857142857
0,2,144,0,1,0,5,5,1,1,0,0,1,0,1,0,2,0,5.0,340,50,6.8
0,3,144,114,1,0,1,5,1,1,0,0,1,0,4,0,4,0,4.0,200,38,5.2631578947368425
1,60,114,0,2,1,3,0,1,1,0,0,0,0,4,0,2,0,5.0,314,65,4.8307692307692305
1,2,105,81,2,0,4,5,1,0,1,1,1,0,5,0,2,0,10.0,716,136,5.264705882352941
0,2,144,0,1,4,0,0,1,0,1,1,1,0,1,0,12,0,5.0,100,17,5.882352941176471
0,1,144,0,2,0,1,0,1,0,1,1,1,0,11,0,12,0,5.0,606,106,5.716981132075472
1,2,105,0,2,1,5,5,0,1,0,0,1,0,3,0,12,0,8.0,276,52,5.3076923076923075
0,1,144,114,2,0,1,5,1,0,1,1,1,0,3,80,2,0,13.0,160,29,5.517241379310345
0,3,144,0,1,0,1,0,1,1,1,0,1,0,1,0,2,0,4.0,209,41,5.097560975609756
1,7,105,0,1,0,5,5,1,0,0,0,0,0,1,0,2,0,6.0,486,91,5.34065934065934
0,2,144,114,1,1,0,0,1,1,0,0,1,0,1,0,2,0,1.0,12,2,6.0
0,9,144,0,1,6,0,0,1,1,0,0,2,0,1,0,12,0,3.0,71,13,5.461538461538462
1,12,105,0,0,3,0,0,2,0,0,0,0,0,1,100,2,0,4.0,190,42,4.523809523809524
0,1,144,0,1,0,1,0,1,0,2,2,1,0,1,0,2,0,3.0,124,22,5.636363636363637
0,42,60,0,0,0,5,5,0,2,2,2,1,1,1,100,12,0,2.0,203,42,4.833333333333333
1,5,103,0,2,1,3,3,1,2,1,1,1,0,3,0,2,0,5.0,273,54,5.055555555555555
0,2,144,0,0,1,0,0,1,0,2,2,1,0,1,0,2,0,3.0,99,21,4.714285714285714
0,12,147,114,1,0,6,0,1,1,0,0,0,0,1,30,4,1,10.0,1380,262,5.267175572519084
1,212,105,0,1,0,0,0,1,0,0,0,1,0,1,0,4,1,13.0,271,56,4.839285714285714
1,1,105,0,0,2,6,0,1,0,0,0,1,0,1,0,7,0,2.0,348,71,4.901408450704225
0,60,144,0,1,2,3,0,2,1,2,2,2,0,1,0,1,0,5.0,402,77,5.220779220779221
0,84,60,0,0,1,6,0,1,1,2,0,1,0,1,200,2,0,3.0,8,1,8.0
0,6,144,0,1,2,0,0,1,0,0,0,0,0,1,0,2,0,6.0,203,38,5.342105263157895
1,24,105,0,2,0,1,5,0,0,2,2,1,0,3,0,12,0,5.0,296,54,5.481481481481482
1,18,96,73,2,0,2,5,1,2,2,2,2,0,3,0,2,0,10.0,348,69,5.043478260869565
1,0,105,0,2,5,6,0,0,0,1,1,1,0,4,0,5,0,1.0,38,8,4.75
0,2,144,0,0,4,0,0,1,1,0,0,1,0,1,0,2,0,1.0,245,48,5.104166666666667
1,2,128,0,1,4,0,0,0,0,1,1,1,0,1,0,12,0,3.0,375,74,5.0675675675675675
0,2,144,0,0,0,1,0,1,0,2,2,1,0,1,0,2,0,2.0,79,13,6.076923076923077
1,24,104,0,0,4,6,0,1,1,1,0,0,0,1,200,12,0,3.0,1563,298,5.24496644295302
0,120,47,0,0,0,0,0,2,2,0,0,1,0,1,0,12,0,2.0,315,68,4.632352941176471
1,2,105,0,0,0,5,0,0,0,1,1,1,0,1,0,2,1,4.0,63,10,6.3
0,1,144,0,2,4,6,0,0,1,1,1,1,0,2,0,12,0,0.0,209,39,5.358974358974359
0,1,144,0,2,0,1,0,0,0,1,1,2,0,2,0,2,0,2.0,233,41,5.682926829268292
1,2,105,0,1,1,0,0,1,0,0,0,1,0,1,100,12,0,8.0,763,144,5.298611111111111
0,2,144,0,0,4,0,0,1,0,1,1,1,0,1,0,2,1,4.0,1101,211,5.218009478672986
0,48,144,0,1,4,6,0,1,0,0,0,0,0,1,100,2,0,3.0,172,31,5.548387096774194
0,1,144,0,1,0,1,0,1,1,1,1,1,0,1,0,4,0,1.0,705,132,5.340909090909091
0,2,144,0,2,0,6,0,2,0,2,2,2,0,7,0,12,0,3.0,248,49,5.061224489795919
0,9,22,55,0,0,0,0,2,0,2,0,1,0,1,0,7,0,5.0,574,95,6.042105263157895
1,2,105,82,2,0,2,5,1,0,1,1,1,0,5,0,2,0,5.0,391,70,5.585714285714285
0,3,144,0,0,0,2,0,1,0,1,1,1,0,1,0,12,0,4.0,258,43,6.0
1,6,122,0,1,0,6,0,1,2,2,2,2,0,1,0,12,0,7.0,28,5,5.6
1,1,92,0,0,0,0,0,1,0,0,0,1,0,1,0,12,0,5.0,660,119,5.546218487394958
0,2,144,33,1,6,0,0,1,1,1,1,1,0,1,0,12,0,2.0,104,19,5.473684210526316
0,3,144,0,1,0,1,0,1,0,0,0,1,0,1,0,12,0,3.0,155,26,5.961538461538462
1,8,105,0,0,1,5,0,1,0,2,2,2,0,1,0,2,0,2.0,63,13,4.846153846153846
0,0,144,0,2,0,1,5,0,0,1,1,0,0,8,0,4,1,2.0,201,35,5.742857142857143
1,1,105,0,0,0,6,0,1,0,1,1,1,0,1,0,12,0,5.0,142,27,5.2592592592592595
1,3,128,80,0,1,4,0,1,1,1,1,1,0,1,80,2,0,4.0,335,63,5.317460317460317
0,60,54,16,0,0,1,5,2,0,2,2,0,0,1,0,2,0,5.0,392,73,5.36986301369863
0,2,144,0,1,0,6,0,1,1,2,2,0,0,1,0,12,0,3.0,129,22,5.863636363636363
1,2,143,0,0,0,6,0,1,1,1,0,2,0,1,0,2,0,1.0,161,26,6.1923076923076925
0,4,30,114,1,0,1,0,1,0,0,0,0,0,1,0,4,0,11.0,360,58,6.206896551724138
1,0,105,0,2,0,2,5,1,0,1,1,1,0,6,0,5,0,5.0,149,28,5.321428571428571
0,9,39,114,1,0,3,5,1,0,1,0,0,0,1,0,12,0,2.0,104,19,5.473684210526316
0,3,144,53,1,1,4,0,1,1,0,0,1,0,2,50,2,0,5.0,232,43,5.395348837209302
1,2,105,0,2,0,6,0,1,1,1,1,1,0,5,0,2,0,5.0,68,11,6.181818181818182
1,5,135,0,1,6,0,0,1,0,0,0,1,0,1,0,2,0,5.0,135,23,5.869565217391305
0,4,144,0,1,0,0,0,1,1,0,0,1,0,1,0,2,0,3.0,146,26,5.615384615384615
0,5,144,0,1,1,3,0,1,0,2,2,2,0,1,0,2,0,2.0,54,10,5.4
1,8,104,0,1,1,0,0,1,1,1,1,1,0,1,0,3,0,2.0,128,21,6.095238095238095
0,24,144,0,1,1,0,0,1,0,1,1,1,2,1,0,11,0,5.0,609,106,5.745283018867925
1,3,104,0,1,0,1,2,1,1,1,1,1,0,1,0,2,0,3.0,127,20,6.35
1,2,105,0,2,5,6,0,1,1,1,1,1,0,2,25,2,0,7.0,269,53,5.0754716981132075
0,24,144,0,0,4,6,0,1,0,2,2,2,0,1,0,7,0,4.0,345,65,5.3076923076923075
1,2,105,0,1,3,6,0,0,1,1,1,1,0,1,0,2,0,10.0,31,10,3.1
1,12,105,0,1,0,0,0,1,0,1,1,1,0,3,0,4,0,5.0,353,67,5.268656716417911
0,3,144,0,1,0,1,0,1,1,1,1,1,0,2,0,2,0,2.0,340,57,5.964912280701754
1,7,105,82,1,6,0,0,1,0,0,0,0,0,1,0,12,0,3.0,23,5,4.6
1,2,103,80,2,0,6,0,0,2,1,1,1,0,3,0,7,0,1.0,420,84,5.0
1,0,104,81,2,0,5,5,1,0,2,2,2,0,7,0,2,0,4.0,150,27,5.555555555555555
1,12,135,0,0,1,5,0,1,0,1,1,0,0,1,0,2,0,1.0,13,3,4.333333333333333
0,2,144,0,0,0,1,0,1,1,0,1,1,0,1,40,3,0,3.0,370,63,5.873015873015873
0,7,144,0,1,0,1,0,1,0,0,0,1,0,1,0,2,0,4.0,342,59,5.796610169491525
0,4,144,0,1,0,1,5,1,1,1,1,1,0,1,0,2,0,4.0,238,46,5.173913043478261
1,24,128,0,1,3,5,5,2,0,0,0,0,0,1,0,12,0,2.0,44,7,6.285714285714286
0,2,144,114,1,1,0,0,1,1,0,0,1,0,1,0,2,0,3.0,12,2,6.0
1,1,105,0,2,0,3,5,1,0,1,1,1,0,4,0,2,0,7.0,732,141,5.191489361702128
0,23,41,47,1,4,0,0,1,1,0,0,1,1,1,0,2,0,0.0,21,5,4.2
1,13,105,0,0,0,1,5,1,0,0,0,1,0,1,0,2,0,3.0,263,50,5.26
0,108,54,0,1,2,4,0,1,0,0,0,1,0,1,0,3,0,1.0,101,18,5.611111111111111
0,2,144,114,1,1,0,0,1,0,0,0,1,0,1,30,2,0,4.0,503,89,5.651685393258427
1,5,105,0,2,0,3,5,1,0,0,0,0,0,2,0,2,0,3.0,719,135,5.325925925925926
1,3,104,0,1,2,5,5,1,1,0,1,1,0,1,0,2,0,4.0,425,81,5.246913580246914
0,2,144,114,1,1,0,0,1,1,1,0,1,0,1,0,2,0,10.0,12,2,6.0
0,53,43,0,1,0,4,0,1,0,0,0,0,1,1,0,2,0,1.0,191,37,5.162162162162162
1,2,135,0,0,0,5,0,0,1,1,1,1,0,1,0,12,0,2.0,262,45,5.822222222222222
0,1,144,114,2,1,4,5,1,0,1,1,1,0,5,0,12,0,5.0,122,22,5.545454545454546
0,12,144,0,1,0,6,0,1,0,2,2,2,0,1,0,3,0,3.0,317,60,5.283333333333333
0,2,22,114,1,1,3,3,1,1,1,0,1,0,1,0,2,0,8.0,419,63,6.650793650793651
0,1,144,0,2,1,6,0,0,0,1,1,1,0,3,0,5,0,23.0,718,138,5.202898550724638
0,84,3,0,0,2,6,0,1,0,0,0,1,0,1,100,3,0,7.0,591,112,5.276785714285714
0,12,144,0,1,6,0,0,1,0,2,0,2,0,1,0,2,0,6.0,30,6,5.0
1,6,113,0,0,5,6,0,1,0,1,0,0,0,1,0,2,0,2.0,108,16,6.75
0,3,144,114,0,1,0,0,1,0,1,0,1,0,1,0,2,0,4.0,228,45,5.066666666666666
0,6,144,0,0,0,0,0,1,1,0,0,1,0,1,0,12,0,10.0,158,26,6.076923076923077
1,4,105,106,2,0,6,0,1,0,0,0,2,0,2,0,7,0,2.0,688,133,5.172932330827067
0,6,144,0,1,6,0,0,1,0,0,0,0,0,1,0,2,0,2.0,600,116,5.172413793103448
1,24,103,0,1,0,3,3,1,2,1,1,1,0,1,0,2,0,5.0,77,14,5.5
0,20,144,12,1,1,5,5,1,0,0,0,0,0,2,0,12,0,11.0,912,173,5.271676300578035
1,2,95,80,2,4,5,5,0,1,1,1,1,0,5,0,12,0,17.0,488,88,5.545454545454546
0,1,144,0,0,2,0,0,1,0,1,1,1,0,1,0,2,0,1.0,75,11,6.818181818181818
1,2,103,0,0,1,2,2,1,1,1,0,1,0,1,0,2,0,2.0,211,41,5.146341463414634
1,2,105,106,0,0,6,0,1,0,0,0,1,0,1,100,12,0,4.0,308,51,6.03921568627451
1,2,104,0,1,0,0,0,0,0,2,2,2,1,1,0,2,0,1.0,476,91,5.230769230769231
1,3,105,0,2,0,1,5,0,0,1,1,0,0,5,0,12,0,5.0,62,12,5.166666666666667
0,17,144,0,1,0,5,0,2,1,0,0,0,0,1,0,2,0,5.0,815,146,5.582191780821918
1,3,105,0,1,5,0,0,1,0,1,1,1,0,1,0,2,0,1.0,34,8,4.25
1,3,119,0,1,0,1,3,1,2,2,2,2,0,1,0,12,0,3.0,551,101,5.455445544554456
0,15,149,0,0,0,1,5,2,0,0,0,1,0,1,0,2,0,1.0,16,3,5.333333333333333
1,12,96,82,1,3,5,5,1,0,0,0,0,0,1,0,3,0,5.0,762,138,5.521739130434782
1,17,103,0,1,0,0,0,1,2,0,0,1,0,1,0,12,0,5.0,22,4,5.5
0,1,144,0,2,0,1,5,1,1,1,1,1,0,7,0,12,0,11.0,242,45,5.377777777777778
0,5,17,130,1,0,1,5,1,0,2,2,1,0,1,0,2,0,5.0,287,55,5.218181818181818
0,36,30,0,1,0,1,1,0,0,0,0,1,0,1,0,2,0,1.0,178,31,5.741935483870968
0,2,144,114,1,3,0,0,1,0,1,0,1,0,2,0,7,0,4.0,569,90,6.322222222222222
0,3,144,0,1,0,4,0,1,1,1,0,1,0,1,0,2,0,5.0,375,70,5.357142857142857
1,12,104,0,0,2,6,0,1,1,1,0,1,0,1,50,2,0,3.0,484,94,5.148936170212766
0,12,144,0,1,0,3,5,1,0,0,0,0,0,1,0,12,0,2.0,240,47,5.1063829787234045
1,2,135,0,1,1,3,4,0,0,1,0,1,0,1,0,2,0,5.0,91,17,5.352941176470588
1,2,105,0,0,5,6,0,1,0,0,1,1,0,1,0,6,0,3.0,987,191,5.167539267015707
0,1,144,0,1,0,1,4,1,1,1,1,1,0,1,0,2,0,4.0,248,50,4.96
1,1,105,0,1,5,6,0,1,0,1,1,1,0,1,0,2,0,5.0,559,103,5.427184466019417
0,1,9,0,1,6,0,0,1,2,1,1,1,0,1,0,12,0,4.0,385,82,4.695121951219512
0,2,144,114,1,1,0,0,1,1,1,0,1,0,1,0,2,0,3.0,14,3,4.666666666666667
1,48,104,82,1,0,1,1,1,1,0,0,0,0,2,0,2,0,3.0,179,31,5.774193548387097
0,2,145,114,1,0,0,0,1,0,2,2,1,0,1,0,2,0,4.0,134,25,5.36
0,12,144,0,0,1,6,0,1,0,2,2,0,0,1,0,2,0,4.0,211,43,4.906976744186046
0,72,144,0,0,4,0,0,1,0,0,2,1,0,1,0,3,0,1.0,224,46,4.869565217391305
0,5,144,0,0,1,6,0,1,0,0,0,1,0,1,0,7,0,5.0,268,44,6.090909090909091
1,8,107,82,0,6,0,0,1,0,0,0,0,0,2,0,2,1,7.0,980,201,4.875621890547263
1,1,82,0,1,6,0,0,1,1,1,1,1,0,1,0,12,0,5.0,191,42,4.5476190476190474
1,53,105,0,1,6,0,0,2,0,0,0,0,0,3,0,2,0,4.0,391,70,5.585714285714285
0,17,144,0,1,4,0,0,2,0,0,0,0,0,1,0,3,0,2.0,238,45,5.288888888888889
0,48,144,0,0,1,6,0,1,0,0,0,0,0,1,0,2,0,4.0,568,109,5.2110091743119265
0,3,36,0,0,1,4,0,0,1,0,0,1,0,1,0,9,0,2.0,98,19,5.157894736842105
1,2,105,0,2,0,1,5,0,0,0,0,1,0,2,0,2,0,2.0,658,126,5.222222222222222
0,12,144,53,2,0,1,3,1,1,0,0,2,0,3,0,12,0,2.0,1702,289,5.889273356401384
0,18,41,0,1,1,0,0,0,2,2,0,2,0,1,0,2,0,1.0,484,95,5.094736842105263
1,1,103,82,0,0,6,0,0,1,1,1,1,0,1,30,7,0,4.0,221,39,5.666666666666667
1,3,104,0,2,0,0,0,1,1,1,1,1,0,3,0,12,0,4.0,412,85,4.847058823529411
1,3,105,0,2,3,0,0,1,0,1,1,2,0,2,0,2,0,1.0,378,75,5.04
0,84,173,0,1,1,0,0,2,1,0,0,0,1,1,0,2,0,1.0,589,117,5.034188034188034
0,2,144,0,2,0,1,5,1,0,1,1,1,0,6,0,12,0,1.0,276,50,5.52
1,12,104,0,0,0,6,0,1,1,0,0,0,0,1,0,5,0,3.0,80,15,5.333333333333333
1,2,104,0,0,2,6,0,1,1,1,0,1,0,1,50,2,1,9.0,746,138,5.405797101449275
0,4,144,0,0,0,1,0,1,1,1,1,1,0,1,0,7,0,1.0,235,43,5.465116279069767
0,36,61,0,0,1,4,5,2,1,2,2,0,0,1,750,2,0,9.0,2021,384,5.263020833333333
1,5,105,82,2,6,0,0,1,0,1,2,2,0,2,0,3,0,4.0,66,11,6.0
0,18,5,0,1,0,1,0,2,0,0,0,0,0,1,350,2,0,3.0,1264,234,5.401709401709402
1,2,105,0,2,3,5,5,1,1,1,0,1,0,2,0,2,0,4.0,932,175,5.325714285714286
0,30,144,0,0,0,1,5,1,0,2,2,2,2,1,0,2,0,6.0,745,151,4.933774834437086
1,2,83,0,1,1,5,5,1,2,0,0,1,0,1,400,2,1,11.0,1363,241,5.655601659751038
0,2,144,114,1,0,6,0,0,0,2,2,2,0,3,0,2,0,1.0,78,10,7.8
0,8,144,0,1,1,4,0,1,0,0,0,0,0,1,0,12,0,8.0,83,14,5.928571428571429
0,3,144,0,0,1,6,0,1,0,0,0,0,0,1,0,2,0,5.0,101,17,5.9411764705882355
0,12,41,0,0,4,0,0,0,1,2,2,2,0,1,0,12,0,1.0,1567,264,5.9356060606060606
1,2,135,94,2,0,5,5,1,1,1,1,1,0,5,0,2,0,5.0,684,123,5.560975609756097
0,3,144,0,0,1,4,5,1,1,1,0,1,0,1,0,3,0,0.0,487,94,5.180851063829787
0,10,144,114,0,3,6,0,2,0,0,0,0,0,1,0,2,0,2.0,147,4,36.75
1,12,135,0,0,2,6,0,1,0,2,0,1,0,1,0,12,0,1.0,162,28,5.785714285714286
0,1,147,0,1,0,4,5,1,1,1,1,1,0,1,200,6,0,5.0,174,29,6.0
1,3,135,0,1,0,5,0,0,1,1,1,1,0,1,0,12,0,5.0,248,46,5.391304347826087
0,48,51,0,0,4,6,0,0,1,0,0,0,1,1,100,12,0,2.0,138,23,6.0
0,1,144,0,0,0,1,0,0,0,1,1,2,0,1,0,2,0,2.0,127,24,5.291666666666667
1,4,105,0,1,0,2,5,1,1,1,0,1,0,2,0,2,0,12.0,480,89,5.393258426966292
0,3,144,120,0,0,6,0,1,0,1,1,1,0,1,0,12,0,2.0,183,31,5.903225806451613
0,2,144,0,1,1,4,5,1,2,0,0,1,0,1,0,2,0,2.0,179,31,5.774193548387097
1,4,105,0,0,3,6,0,1,0,1,1,1,0,2,100,2,0,3.0,481,97,4.958762886597938
1,3,104,81,1,0,5,5,0,1,1,0,0,0,3,0,7,0,9.0,347,12,28.916666666666668
0,2,144,0,0,0,0,0,2,0,1,1,1,0,1,0,2,0,3.0,533,111,4.801801801801802
0,36,144,0,0,0,3,5,1,1,2,2,2,0,1,0,12,0,3.0,632,114,5.543859649122807
1,37,135,0,2,2,0,0,1,0,0,0,0,0,2,150,2,0,5.0,1316,258,5.10077519379845
1,3,105,0,0,5,6,0,0,0,1,0,1,0,1,0,12,0,5.0,679,134,5.067164179104478
0,3,144,0,1,1,6,0,1,1,0,0,1,0,1,0,2,0,2.0,178,39,4.564102564102564
1,1,105,0,1,1,6,0,0,0,1,1,1,0,1,0,2,0,4.0,38,9,4.222222222222222
1,1,104,81,2,0,1,5,1,1,1,1,2,0,2,0,4,0,3.0,19,3,6.333333333333333
1,24,122,0,1,0,5,5,2,1,0,0,0,0,1,0,3,0,2.0,36,5,7.2
0,42,29,19,2,1,0,0,1,0,0,0,1,0,2,0,2,0,0.0,45,8,5.625
1,7,104,0,1,5,0,0,1,1,1,1,1,0,1,0,3,0,1.0,200,39,5.128205128205129
0,2,144,114,0,2,0,0,1,1,0,0,1,0,1,0,2,0,2.0,12,2,6.0
1,12,82,0,1,0,5,5,1,1,2,2,2,0,1,150,2,0,2.0,79,15,5.266666666666667
0,24,144,0,1,3,4,5,1,0,0,0,0,0,1,0,12,0,7.0,214,36,5.944444444444445
0,1,144,0,2,0,1,3,1,1,0,0,1,0,5,0,2,0,6.0,378,49,7.714285714285714
1,9,116,0,1,0,0,0,1,2,0,0,1,0,1,10,2,0,3.0,133,26,5.115384615384615
1,21,105,0,1,0,0,0,0,0,0,0,0,0,1,0,2,0,3.0,333,68,4.897058823529412
0,24,41,0,0,4,0,0,1,2,0,0,2,0,1,200,0,0,1.0,22,3,7.333333333333333
0,2,144,0,1,0,0,0,2,0,1,0,1,1,1,0,12,0,2.0,212,35,6.057142857142857
1,4,128,72,0,3,4,5,1,0,0,0,1,0,1,0,2,0,5.0,523,101,5.178217821782178
0,36,144,0,0,1,0,0,1,1,2,2,0,1,1,0,3,1,1.0,871,182,4.785714285714286
1,2,105,81,0,0,6,0,0,0,1,1,0,0,1,0,2,0,4.0,226,46,4.913043478260869
0,11,144,54,1,2,0,0,1,0,0,0,0,0,1,0,2,0,9.0,377,69,5.463768115942029
0,9,144,0,1,0,1,0,1,0,0,2,0,0,1,0,12,0,1.0,911,176,5.176136363636363
1,5,135,0,0,0,1,1,1,1,0,0,1,0,1,30,2,0,1.0,144,26,5.538461538461538
1,1,120,0,2,0,5,5,1,0,1,1,1,0,2,0,2,0,1.0,206,39,5.282051282051282
0,3,144,0,2,1,2,3,1,0,1,0,1,0,7,15,2,1,14.0,536,97,5.525773195876289
1,6,105,0,1,0,3,0,1,0,1,1,1,0,1,0,2,0,2.0,130,27,4.814814814814815
1,24,114,0,1,1,5,0,2,2,1,0,1,0,1,0,12,0,1.0,59,9,6.555555555555555
0,2,144,114,1,3,0,0,1,1,0,0,1,0,1,0,2,0,1.0,12,2,6.0
1,2,104,0,2,0,1,4,0,1,1,1,1,0,5,0,5,0,6.0,176,30,5.866666666666666
0,3,144,0,1,0,1,0,1,1,1,1,1,0,1,0,2,0,0.0,216,35,6.171428571428572
1,15,122,81,0,1,4,5,2,1,0,0,0,0,1,0,2,0,1.0,554,107,5.177570093457944
0,24,69,114,1,0,1,5,1,0,0,0,0,0,1,0,2,0,7.0,330,65,5.076923076923077
1,2,96,81,1,1,3,5,1,1,0,0,1,0,1,50,2,0,2.0,893,172,5.191860465116279
0,2,144,76,0,0,1,0,2,1,0,0,1,0,1,0,2,0,2.0,90,17,5.294117647058823
0,12,5,114,1,0,1,0,2,1,1,1,2,0,1,100,12,0,1.0,92,20,4.6
0,1,22,114,1,1,0,0,1,0,2,2,1,0,1,0,2,0,1.0,116,21,5.523809523809524
0,3,144,0,1,1,6,0,1,0,0,0,1,0,1,0,2,0,3.0,637,129,4.937984496124031
1,1,105,0,2,0,2,2,0,0,1,1,1,0,3,50,12,0,5.0,572,111,5.153153153153153
0,2,144,0,2,0,1,3,1,0,1,1,1,0,2,0,2,0,4.0,645,119,5.420168067226891
0,12,144,0,0,1,6,0,1,0,0,0,1,0,1,0,2,0,3.0,179,37,4.837837837837838
0,1,144,0,0,6,0,0,1,0,2,2,1,0,1,0,2,0,2.0,86,16,5.375
1,24,135,0,1,0,5,5,1,1,1,0,0,0,1,20,12,0,0.0,258,55,4.6909090909090905
1,5,105,0,1,0,2,3,0,0,1,0,1,0,1,0,12,0,3.0,153,30,5.1
1,36,135,82,1,3,6,0,0,0,1,0,0,1,1,0,12,0,2.0,625,119,5.2521008403361344
1,12,104,0,0,3,6,0,2,1,0,0,2,0,1,0,2,0,6.0,384,59,6.508474576271187
1,4,104,0,0,0,6,0,1,1,1,1,1,0,1,0,2,0,1.0,32,6,5.333333333333333
0,2,22,114,0,1,6,0,1,1,1,1,1,0,1,0,12,0,1.0,124,27,4.592592592592593
1,2,105,0,1,0,1,5,0,0,1,1,1,0,4,0,12,0,4.0,261,46,5.673913043478261
1,3,105,0,0,1,5,0,0,0,0,0,0,0,1,0,2,0,2.0,962,193,4.984455958549223
0,3,144,0,1,0,6,0,1,0,0,0,1,0,1,0,12,0,9.0,179,33,5.424242424242424
1,3,104,0,0,3,0,0,0,1,1,1,1,0,1,0,12,0,4.0,173,28,6.178571428571429
0,6,144,0,1,1,0,0,0,0,0,0,1,0,1,0,2,0,2.0,71,15,4.733333333333333
0,1,144,114,0,0,1,5,0,0,1,1,1,0,3,0,2,0,5.0,306,63,4.857142857142857
1,1,88,0,2,0,1,0,0,0,1,1,1,0,3,0,2,0,4.0,138,24,5.75
1,2,105,0,1,3,4,0,0,0,1,1,1,0,1,0,2,0,3.0,31,7,4.428571428571429
0,16,144,0,1,0,1,5,1,0,0,0,0,0,1,0,7,0,5.0,855,136,6.286764705882353
0,12,166,0,0,0,1,0,2,0,0,0,1,0,1,0,12,0,1.0,519,95,5.463157894736842
0,3,69,0,1,1,6,0,1,0,1,0,1,0,1,0,2,0,2.0,243,44,5.5227272727272725
1,1,105,0,0,0,5,5,1,0,1,1,1,0,2,0,2,0,4.0,300,53,5.660377358490566
1,3,105,0,0,0,2,5,1,0,1,0,1,0,4,0,2,0,15.0,425,61,6.967213114754099
0,2,144,114,1,1,0,0,0,0,2,2,2,0,1,0,2,0,2.0,20,3,6.666666666666667
1,1,104,0,2,3,5,5,1,1,1,1,1,0,3,0,12,0,5.0,362,73,4.958904109589041
0,2,65,0,1,1,6,0,1,1,0,0,1,0,1,0,2,0,4.0,234,43,5.441860465116279
0,2,144,0,1,0,1,5,1,0,1,1,1,0,1,20,3,0,1.0,201,32,6.28125
1,0,105,0,0,0,5,5,1,0,1,1,1,0,1,0,2,0,3.0,575,113,5.088495575221239
1,6,96,0,1,0,1,2,1,0,0,0,0,0,1,0,12,0,5.0,205,35,5.857142857142857
1,2,135,82,1,0,5,0,0,0,0,0,1,0,1,0,3,1,5.0,936,175,5.348571428571429
1,3,104,0,0,0,5,5,1,1,1,0,1,0,1,0,12,1,7.0,698,115,6.069565217391304
1,5,105,82,0,0,1,3,0,0,1,1,1,0,2,50,12,0,4.0,415,74,5.608108108108108
1,12,105,0,0,6,0,0,1,0,0,0,2,0,1,0,2,0,1.0,629,119,5.285714285714286
1,2,105,0,0,0,1,3,0,0,0,0,1,0,2,0,2,0,2.0,273,52,5.25
0,10,54,0,1,0,1,5,1,0,0,0,2,0,1,0,12,0,4.0,224,48,4.666666666666667
0,4,144,0,1,0,0,0,1,0,1,1,1,0,1,0,3,0,1.0,233,48,4.854166666666667
1,1,103,113,1,0,6,0,1,2,0,0,1,0,1,0,2,1,10.0,1085,186,5.833333333333333
0,4,144,0,1,1,0,0,0,0,0,0,2,0,2,0,2,0,4.0,44,9,4.888888888888889
0,9,144,0,1,4,0,0,1,0,1,0,0,0,1,0,12,0,4.0,429,81,5.296296296296297
0,2,8,53,1,3,0,0,1,1,1,0,0,0,1,150,12,0,5.0,24,4,6.0
1,2,104,0,0,1,5,0,2,1,1,1,1,0,1,0,2,0,5.0,42,9,4.666666666666667
1,24,103,0,1,0,3,3,1,2,0,0,1,0,1,0,2,0,5.0,421,78,5.397435897435898
0,24,144,0,1,4,0,0,1,2,2,2,2,0,1,0,7,0,1.0,154,30,5.133333333333334
0,84,144,16,0,6,0,0,1,0,0,0,0,0,1,0,2,0,6.0,344,64,5.375
0,42,41,114,0,4,0,0,0,1,0,0,0,0,1,200,2,0,3.0,364,53,6.867924528301887
1,5,105,0,1,1,5,5,0,0,0,0,0,0,1,70,2,0,5.0,77,13,5.923076923076923
1,6,105,0,1,4,5,5,1,0,0,0,1,0,1,50,12,0,3.0,242,48,5.041666666666667
1,24,104,0,1,6,0,0,1,1,1,2,2,0,1,0,0,0,1.0,26,5,5.2
0,4,144,0,1,0,0,0,0,0,1,1,1,0,1,0,4,0,1.0,18,3,6.0
1,2,96,0,2,0,3,5,1,1,1,1,1,0,2,0,2,0,5.0,129,21,6.142857142857143
1,7,128,0,0,6,0,0,2,1,1,0,2,0,1,0,2,0,1.0,98,17,5.764705882352941
1,12,105,82,1,1,6,0,0,0,1,1,0,0,1,0,2,0,7.0,240,41,5.853658536585366
1,5,105,0,1,1,2,0,0,0,1,1,1,0,1,0,2,0,3.0,183,31,5.903225806451613
1,1,103,81,1,0,2,5,1,1,1,1,1,0,1,50,2,0,5.0,732,131,5.587786259541985
1,4,105,0,1,1,2,3,1,0,1,1,1,0,2,0,2,0,1.0,220,39,5.641025641025641
0,2,144,0,1,1,0,0,1,0,0,0,0,0,1,0,2,0,5.0,662,127,5.21259842519685
0,3,144,114,0,0,0,0,1,1,0,0,1,0,1,0,2,0,1.0,233,49,4.755102040816326
0,2,144,0,0,1,0,0,1,0,1,1,1,0,1,0,7,0,2.0,350,65,5.384615384615385
0,3,144,0,0,0,0,0,1,0,1,1,1,0,1,0,12,0,1.0,39,9,4.333333333333333
0,24,144,0,0,0,0,0,1,0,1,1,1,0,1,0,5,0,4.0,703,135,5.207407407407407
0,24,8,0,0,2,0,0,2,2,0,0,0,0,1,0,2,0,2.0,364,68,5.352941176470588
1,1,105,0,1,0,0,0,1,0,1,0,1,0,1,0,2,0,2.0,156,30,5.2
1,2,105,0,1,2,3,3,0,0,1,1,1,0,1,50,2,0,0.0,243,48,5.0625
0,5,51,0,0,5,0,0,0,0,0,0,1,0,1,0,12,0,2.0,482,102,4.7254901960784315
1,12,105,0,0,6,0,0,1,0,0,0,0,0,1,0,12,0,1.0,39,8,4.875
1,5,105,106,0,0,1,0,0,0,2,2,2,0,1,0,12,0,5.0,350,70,5.0
1,2,93,82,1,1,3,5,1,0,1,0,1,0,1,0,2,0,3.0,582,104,5.596153846153846
0,2,144,0,1,1,0,0,1,1,1,0,1,0,1,0,2,0,4.0,414,70,5.914285714285715
0,2,144,0,1,0,1,5,1,0,1,1,2,0,4,30,5,0,5.0,50,5,10.0
0,12,144,0,1,6,0,0,1,0,2,2,2,1,1,0,2,0,3.0,72,13,5.538461538461538
0,2,144,0,0,4,0,0,1,1,0,0,1,0,1,0,2,0,1.0,246,48,5.125
1,120,105,0,0,2,0,0,2,0,0,0,0,0,1,0,2,0,1.0,736,138,5.333333333333333
1,2,104,0,0,0,6,0,1,1,1,0,1,0,1,0,2,1,2.0,364,69,5.27536231884058
0,2,144,0,2,0,1,5,1,1,0,0,1,0,2,0,0,0,2.0,64,13,4.923076923076923
1,2,105,0,0,2,0,0,0,0,1,0,1,0,1,0,1,0,4.0,243,41,5.926829268292683
0,3,144,0,1,0,0,0,1,0,1,1,1,0,1,0,12,0,1.0,39,9,4.333333333333333
1,2,105,0,1,0,1,5,0,0,0,0,1,0,1,0,2,0,4.0,22,3,7.333333333333333
1,5,122,0,1,4,6,0,1,0,1,1,1,0,2,0,2,0,5.0,497,98,5.071428571428571
0,9,43,0,1,0,4,0,1,0,0,0,1,0,1,500,2,0,1.0,107,21,5.095238095238095
1,6,105,0,0,3,6,0,1,0,0,0,0,0,1,100,12,0,1.0,59,7,8.428571428571429
0,1,144,0,2,0,1,4,2,1,1,1,1,0,9,0,2,0,5.0,171,32,5.34375
0,24,60,0,1,0,6,0,0,2,0,0,0,0,1,0,12,0,2.0,193,31,6.225806451612903
1,24,104,0,1,4,6,0,1,1,0,2,0,0,1,0,12,0,4.0,361,70,5.1571428571428575
1,2,104,0,1,4,6,0,0,1,1,1,1,0,1,0,2,0,1.0,144,27,5.333333333333333
0,18,144,114,1,0,4,0,1,1,1,1,0,0,2,0,2,0,2.0,442,79,5.594936708860759
1,7,120,0,1,0,0,0,1,0,0,0,0,0,1,0,3,0,1.0,16,3,5.333333333333333
1,5,128,81,0,1,4,0,1,1,1,1,1,0,1,50,2,0,5.0,270,49,5.510204081632653
1,6,105,0,1,1,6,0,1,0,0,0,1,0,1,0,2,0,4.0,436,99,4.404040404040404
0,1,144,0,2,1,4,5,1,1,1,1,1,0,8,0,2,0,1.0,214,40,5.35
0,2,12,114,1,0,1,0,1,0,1,0,1,0,1,0,2,0,1.0,134,24,5.583333333333333
1,5,105,0,1,0,3,4,1,0,1,0,1,0,1,0,2,0,6.0,321,63,5.095238095238095
1,2,104,0,0,3,0,0,2,1,1,0,2,0,1,40,2,0,4.0,689,109,6.321100917431193
0,3,69,39,1,2,4,5,1,1,2,2,2,0,1,0,2,0,1.0,40,5,8.0
1,4,105,0,1,6,0,0,1,0,1,1,0,0,1,100,12,0,5.0,419,78,5.371794871794871
0,3,144,0,0,4,0,0,1,0,2,0,1,0,1,0,12,0,9.0,225,38,5.921052631578948
0,2,144,114,2,0,1,5,1,1,1,0,0,0,6,0,0,0,11.0,38,7,5.428571428571429
0,10,144,6,0,2,0,0,1,1,1,1,1,0,1,0,2,1,5.0,103,6,17.166666666666668
1,3,88,63,0,2,4,5,1,0,1,1,1,0,1,0,2,0,3.0,886,167,5.3053892215568865
1,4,105,0,0,1,5,0,1,0,1,1,1,0,1,0,12,0,5.0,123,27,4.555555555555555
1,4,96,0,1,0,1,5,1,1,1,0,1,0,1,50,12,0,3.0,1269,238,5.331932773109243
0,3,144,0,1,4,6,0,1,0,1,1,1,0,1,0,2,1,5.0,815,155,5.258064516129032
0,9,144,0,1,1,0,0,0,0,1,1,1,0,2,0,4,0,0.0,159,31,5.129032258064516
0,30,144,0,1,0,6,0,1,0,0,0,0,0,1,80,2,0,1.0,217,43,5.046511627906977
1,4,105,0,1,0,3,5,0,0,0,0,1,0,1,0,3,0,5.0,1400,272,5.147058823529412
1,2,105,0,1,4,6,0,0,0,1,0,1,0,1,0,12,0,1.0,695,132,5.265151515151516
1,1,117,0,1,5,6,0,0,1,2,2,2,1,1,1,2,0,3.0,225,40,5.625
1,48,120,94,1,0,6,0,1,0,0,0,0,0,1,0,12,0,1.0,280,56,5.0
1,1,103,82,0,0,6,0,2,1,1,1,1,0,1,0,2,0,5.0,371,68,5.455882352941177
1,4,105,0,0,2,0,0,1,0,0,0,0,0,1,100,2,0,2.0,196,28,7.0
0,87,60,0,1,1,6,0,0,2,2,2,2,1,1,0,1,0,1.0,269,51,5.2745098039215685
0,8,144,0,1,0,1,5,1,0,1,1,1,0,1,0,12,0,4.0,452,84,5.380952380952381
1,1,105,0,2,0,3,5,0,0,1,1,1,0,3,0,12,0,3.0,217,48,4.520833333333333
1,6,105,0,1,0,5,5,0,0,0,0,0,0,1,0,12,0,4.0,795,154,5.162337662337662
1,30,104,0,1,4,5,5,1,1,0,0,0,0,1,1,2,0,1.0,156,28,5.571428571428571
0,2,144,0,1,1,0,0,1,0,1,1,1,0,1,20,3,0,1.0,117,20,5.85
0,3,144,0,1,6,0,0,2,0,1,1,1,0,1,0,3,0,3.0,713,136,5.242647058823529
1,4,105,0,0,1,6,0,0,0,1,1,1,0,1,30,12,0,3.0,434,81,5.3580246913580245
0,1,144,0,1,0,1,0,1,1,0,0,1,0,1,0,2,0,5.0,353,71,4.971830985915493
0,3,5,53,1,0,0,0,1,1,0,0,1,0,1,0,2,0,9.0,1203,214,5.621495327102804
1,2,105,106,2,0,0,0,1,0,1,1,1,0,2,0,2,0,1.0,138,21,6.571428571428571
0,36,144,0,1,1,0,0,2,1,0,0,0,0,1,0,2,0,10.0,634,123,5.154471544715447
0,3,38,114,0,1,0,0,1,0,0,0,1,0,1,0,7,0,1.0,284,49,5.795918367346939
1,3,105,0,0,0,6,0,1,0,1,0,1,0,1,50,12,0,7.0,813,152,5.348684210526316
0,4,22,0,1,4,0,0,2,1,0,0,1,0,1,0,13,0,1.0,195,39,5.0
1,3,105,0,1,3,6,0,1,0,0,0,1,0,1,0,2,0,3.0,27,4,6.75
1,8,105,0,0,1,0,0,1,0,2,2,2,0,2,0,2,0,1.0,263,46,5.717391304347826
1,10,105,0,1,0,6,0,1,1,1,1,2,0,2,0,12,0,2.0,18,4,4.5
1,3,114,110,1,0,1,2,1,2,1,1,1,0,1,100,2,0,1.0,372,71,5.23943661971831
1,5,135,0,1,0,5,5,1,0,1,0,1,1,3,0,12,0,5.0,484,85,5.694117647058824
1,3,105,0,0,0,5,5,1,0,1,0,1,0,1,0,2,0,5.0,757,157,4.821656050955414
0,4,144,114,2,1,0,0,1,0,0,0,1,0,2,50,2,0,3.0,434,93,4.666666666666667
0,2,144,0,1,0,1,3,1,1,0,0,1,0,2,0,2,0,7.0,382,49,7.795918367346939
1,2,104,82,1,0,1,5,0,1,1,0,1,0,2,0,2,0,4.0,720,141,5.1063829787234045
0,2,144,0,2,0,1,0,1,1,2,2,1,0,3,0,12,0,2.0,1567,264,5.9356060606060606
0,16,144,0,2,1,3,5,1,0,2,2,2,0,5,0,3,0,5.0,607,118,5.1440677966101696
0,18,38,114,1,0,6,0,1,0,2,0,0,0,1,200,12,0,2.0,349,71,4.915492957746479
0,1,144,0,1,4,0,0,1,0,1,1,1,0,1,0,2,0,1.0,534,104,5.134615384615385
1,2,105,0,1,0,5,5,0,0,0,0,1,0,2,0,2,0,0.0,554,96,5.770833333333333
0,2,17,36,2,1,4,5,1,0,0,0,0,0,4,0,2,0,5.0,205,35,5.857142857142857
0,3,144,0,0,0,3,0,0,0,2,2,0,0,1,1,2,0,3.0,32,6,5.333333333333333
0,0,144,0,1,1,6,0,1,1,1,1,1,0,1,0,2,0,4.0,18,3,6.0
0,1,144,0,0,1,6,0,1,1,1,1,1,0,1,0,3,0,2.0,103,15,6.866666666666666
0,1,5,114,0,0,1,0,1,1,2,2,1,0,1,0,2,0,2.0,82,14,5.857142857142857
1,2,105,0,2,0,1,5,1,0,1,1,1,0,2,0,2,0,6.0,459,88,5.215909090909091
0,5,144,0,0,0,1,0,1,0,0,0,1,0,1,0,2,0,1.0,304,59,5.1525423728813555
1,4,105,0,1,3,6,0,1,0,1,1,1,0,1,0,3,0,2.0,267,51,5.235294117647059
0,1,144,0,1,1,6,0,1,0,2,2,1,0,1,0,2,0,1.0,127,22,5.7727272727272725
1,15,105,0,0,2,6,0,2,0,0,0,0,0,1,0,2,0,6.0,92,20,4.6
1,5,105,0,1,0,0,0,0,0,1,0,1,0,1,0,2,0,2.0,316,61,5.180327868852459
1,18,105,0,1,0,1,1,1,0,0,0,0,0,1,300,7,0,3.0,170,31,5.483870967741935
0,1,144,0,2,0,6,0,1,1,2,2,2,0,2,100,3,0,1.0,228,43,5.3023255813953485
0,1,144,0,1,0,1,0,1,0,1,0,1,0,1,0,2,0,8.0,379,70,5.414285714285715
1,2,104,0,0,0,4,5,1,1,1,1,1,0,1,0,12,0,5.0,256,47,5.446808510638298
1,24,131,104,2,0,1,5,1,1,2,2,2,0,5,0,7,0,0.0,43,9,4.777777777777778
0,1,47,114,0,0,1,0,1,1,1,1,1,0,1,0,3,0,5.0,30,4,7.5
0,60,41,0,1,1,0,0,0,1,0,0,0,0,1,200,2,2,7.0,278,56,4.964285714285714
0,1,144,0,1,1,0,0,1,1,2,1,2,0,1,0,2,0,1.0,74,13,5.6923076923076925
1,24,105,0,1,1,3,0,1,1,0,0,0,0,1,0,2,0,2.0,92,17,5.411764705882353
1,24,103,0,1,0,1,0,1,2,0,0,1,0,1,0,2,0,2.0,261,50,5.22
1,12,135,0,0,0,5,0,1,0,1,0,1,0,1,0,2,0,3.0,8,1,8.0
1,2,105,0,2,0,3,0,0,0,1,1,1,0,3,0,12,0,5.0,83,13,6.384615384615385
1,6,105,106,1,5,6,0,0,0,1,1,0,0,1,0,2,0,1.0,17,3,5.666666666666667
0,5,144,0,1,4,0,0,1,0,0,0,0,0,1,0,12,0,4.0,157,27,5.814814814814815
1,4,105,0,1,0,0,0,1,0,1,1,1,0,2,0,2,0,2.0,539,103,5.233009708737864
0,1,144,0,1,0,0,0,0,0,1,0,1,0,2,0,2,0,7.0,357,70,5.1
0,18,144,0,0,1,0,0,1,0,0,0,1,0,1,0,12,0,6.0,390,66,5.909090909090909
1,1,105,0,2,2,4,0,0,0,1,1,1,0,2,0,12,0,6.0,110,21,5.238095238095238
1,3,105,0,1,0,3,4,1,0,1,1,1,0,1,50,12,0,4.0,134,26,5.153846153846154
1,3,105,0,1,3,0,0,0,0,1,1,1,0,1,0,12,0,7.0,84,14,6.0
1,7,128,96,1,0,2,4,1,1,1,1,1,0,1,0,2,0,3.0,133,25,5.32
1,36,105,0,0,0,1,5,2,0,0,0,0,0,1,100,12,0,1.0,109,18,6.055555555555555
0,48,155,0,1,0,0,0,0,0,2,2,1,0,1,0,2,0,4.0,109,18,6.055555555555555
0,9,144,0,0,1,0,0,1,1,0,0,0,0,1,0,1,0,5.0,840,162,5.185185185185185
0,4,144,114,1,0,1,0,1,1,0,0,1,0,1,0,2,0,4.0,12,2,6.0
0,2,144,0,1,1,0,0,1,0,1,1,1,0,1,0,2,0,1.0,26,5,5.2
0,2,144,0,1,0,1,0,1,1,0,0,1,0,1,0,12,0,14.0,387,75,5.16
0,13,144,41,1,0,1,5,1,0,0,0,0,0,1,0,3,0,5.0,358,77,4.64935064935065
0,48,69,0,1,1,3,5,1,2,1,2,2,0,1,0,12,0,3.0,308,64,4.8125
0,10,166,114,0,0,1,0,2,1,0,0,0,0,1,0,2,0,6.0,402,75,5.36
0,1,144,0,1,0,1,0,1,0,2,2,1,0,1,0,2,0,2.0,127,22,5.7727272727272725
0,24,69,18,1,6,0,0,1,1,2,2,2,0,1,0,2,0,10.0,482,85,5.670588235294118
1,2,105,0,2,2,5,5,1,0,1,0,1,0,3,0,12,0,2.0,175,25,7.0
0,1,144,0,1,0,1,0,1,1,1,1,1,0,1,0,3,0,2.0,142,21,6.761904761904762
1,1,105,0,2,0,5,5,1,1,1,1,1,0,6,0,2,0,5.0,344,63,5.4603174603174605
1,6,122,81,0,5,6,0,1,1,0,0,1,0,1,200,2,0,5.0,61,11,5.545454545454546
0,1,144,114,1,1,0,0,1,0,1,1,0,0,1,0,2,0,3.0,73,12,6.083333333333333
1,1,104,0,1,0,0,0,0,1,1,1,1,0,1,0,2,0,1.0,170,34,5.0
1,48,104,0,0,1,6,0,1,1,0,0,0,0,1,0,12,0,6.0,458,90,5.088888888888889
0,0,144,0,2,0,5,0,0,1,1,1,1,0,6,0,7,0,1.0,484,92,5.260869565217392
0,84,159,114,0,4,6,0,1,2,2,2,1,0,1,0,2,0,2.0,171,31,5.516129032258065
1,2,105,66,1,0,5,5,0,0,1,1,1,0,1,0,7,0,2.0,269,50,5.38
1,2,104,0,1,6,0,0,0,1,1,1,1,0,1,10,2,0,1.0,207,33,6.2727272727272725
0,2,5,114,1,0,3,0,1,1,1,1,1,0,1,0,12,0,1.0,127,27,4.703703703703703
0,1,144,0,0,0,0,0,1,1,0,0,1,0,1,0,12,0,1.0,168,36,4.666666666666667
1,3,135,0,1,5,0,0,1,1,1,0,1,0,1,0,2,0,1.0,174,35,4.9714285714285715
1,12,96,0,1,0,3,5,0,0,1,1,1,0,1,0,2,0,1.0,249,46,5.413043478260869
0,36,5,114,1,0,1,0,2,1,2,2,2,0,1,0,2,1,6.0,299,53,5.6415094339622645
1,17,104,0,1,0,3,5,1,1,0,0,1,0,1,70,2,0,1.0,240,42,5.714285714285714
1,2,105,0,2,0,1,5,1,0,1,1,1,0,2,0,4,0,3.0,452,81,5.580246913580247
1,2,105,82,2,0,2,4,0,1,1,1,1,0,3,0,2,0,6.0,229,39,5.871794871794871
1,8,105,0,0,4,0,0,1,0,0,0,0,0,1,0,2,0,2.0,239,49,4.877551020408164
0,96,8,0,1,2,0,0,2,1,0,0,0,0,1,0,12,0,4.0,239,45,5.311111111111111
0,2,144,0,2,0,6,0,2,0,1,1,1,0,6,0,7,0,1.0,141,29,4.862068965517241
1,1,105,0,1,0,2,5,1,0,1,1,1,0,1,0,2,0,3.0,404,81,4.987654320987654
1,1,104,0,1,6,0,0,0,1,1,1,1,0,1,0,2,0,3.0,86,17,5.0588235294117645
0,12,144,0,0,0,3,0,1,0,1,0,1,0,1,0,7,0,5.0,379,79,4.7974683544303796
1,2,105,0,2,0,1,5,0,0,1,1,1,0,2,0,12,0,2.0,19,3,6.333333333333333
0,3,144,35,0,0,6,0,2,1,0,0,1,1,2,0,2,0,9.0,340,50,6.8
1,2,105,0,0,2,6,0,1,0,1,0,1,1,2,0,12,0,6.0,280,51,5.490196078431373
1,6,105,0,1,5,6,0,1,0,1,1,1,0,1,0,2,0,5.0,56,10,5.6
0,65,43,0,1,4,0,0,0,0,0,0,0,0,1,0,12,0,1.0,142,30,4.733333333333333
1,4,105,0,0,0,6,0,1,0,0,0,0,0,1,100,2,0,1.0,252,43,5.8604651162790695
1,6,105,0,1,3,6,0,0,0,1,1,1,0,1,0,7,0,3.0,236,36,6.555555555555555
1,6,105,0,2,0,6,0,1,0,1,1,1,0,2,0,2,0,6.0,124,19,6.526315789473684
1,2,105,0,0,3,6,0,1,0,0,0,1,0,1,0,7,0,2.0,726,149,4.87248322147651
1,6,103,0,1,3,0,0,0,2,1,0,1,0,1,150,12,0,4.0,961,190,5.057894736842106
0,2,144,114,0,1,6,0,1,1,0,0,1,0,1,0,2,0,4.0,12,2,6.0
1,3,105,0,1,0,6,0,1,0,1,0,1,0,1,30,2,0,5.0,230,40,5.75
1,4,105,0,1,3,6,0,1,1,0,0,1,0,1,250,7,0,7.0,1751,301,5.8172757475083055
0,9,166,114,1,0,1,0,1,0,0,0,0,0,1,0,2,0,2.0,238,43,5.534883720930233
1,4,101,0,0,0,6,0,1,1,1,1,1,0,1,0,2,0,3.0,556,108,5.148148148148148
0,1,144,0,2,1,0,0,0,0,1,1,1,0,5,0,2,0,0.0,194,37,5.243243243243243
1,12,105,0,0,6,0,0,1,0,0,0,1,0,1,0,12,0,2.0,348,72,4.833333333333333
0,1,144,0,1,0,6,0,0,0,1,0,1,0,1,0,2,0,1.0,293,54,5.425925925925926
0,3,69,114,0,1,6,0,1,1,1,0,1,0,1,0,2,0,3.0,215,36,5.972222222222222
1,4,135,0,1,0,2,5,1,0,0,0,1,0,1,0,2,0,1.0,274,50,5.48
0,72,99,0,1,1,0,0,1,1,0,0,1,0,1,0,2,0,4.0,807,156,5.173076923076923
0,96,8,0,0,2,0,0,2,2,0,0,0,0,1,300,7,0,1.0,131,28,4.678571428571429
0,12,144,0,0,1,0,0,1,0,0,0,0,0,1,0,2,0,2.0,185,35,5.285714285714286
1,3,105,0,0,3,0,0,1,0,0,0,1,0,1,0,2,0,18.0,377,69,5.463768115942029
1,36,105,0,0,0,2,0,0,0,0,2,0,0,3,0,7,0,4.0,51,10,5.1
1,6,105,0,0,2,0,0,0,0,0,0,0,1,1,0,12,0,2.0,437,82,5.329268292682927
0,2,144,0,0,6,0,0,1,1,0,0,1,0,1,0,2,0,1.0,169,35,4.828571428571428
1,48,105,0,1,4,6,0,1,0,0,0,0,0,1,0,2,0,5.0,309,54,5.722222222222222
0,12,144,0,0,1,6,0,0,0,1,0,1,0,1,0,7,0,2.0,479,82,5.841463414634147
1,2,105,0,1,0,1,4,1,0,1,0,1,0,1,50,2,1,6.0,841,159,5.289308176100629
0,11,41,0,1,3,0,0,1,1,1,0,1,0,1,0,3,0,3.0,112,24,4.666666666666667
0,4,8,54,1,2,4,5,2,1,0,0,1,0,1,0,2,1,21.0,345,52,6.634615384615385
0,24,144,0,1,1,0,0,1,0,1,1,0,0,1,0,3,0,1.0,1242,170,7.305882352941176
1,12,143,81,1,0,6,0,1,1,2,2,2,0,1,200,12,0,5.0,493,103,4.786407766990291
0,12,41,0,0,4,0,0,0,1,2,2,1,0,1,0,2,0,1.0,629,114,5.517543859649122
0,2,144,0,0,1,0,0,1,1,0,0,1,0,1,80,3,0,1.0,255,42,6.071428571428571
0,6,144,0,1,4,0,0,1,0,0,0,1,0,1,0,12,0,3.0,324,64,5.0625
1,36,122,0,1,1,0,0,1,2,1,1,1,0,1,100,2,0,1.0,120,22,5.454545454545454
0,1,22,114,1,0,5,0,2,0,1,1,1,0,1,0,2,0,4.0,304,63,4.825396825396825
0,12,165,114,1,0,6,0,1,0,0,0,0,0,1,0,7,0,2.0,238,43,5.534883720930233
1,1,104,0,0,5,6,0,1,1,1,1,1,0,1,0,2,0,1.0,61,9,6.777777777777778
1,1,105,0,0,0,6,0,1,0,1,1,1,0,1,0,12,0,1.0,215,43,5.0
1,31,103,0,1,0,3,5,1,2,0,0,0,0,1,0,12,0,2.0,168,35,4.8
0,1,144,76,0,0,1,0,2,1,0,0,1,0,1,0,2,0,4.0,279,47,5.9361702127659575
0,7,144,0,0,2,0,0,1,0,0,0,0,0,1,0,12,0,2.0,467,89,5.247191011235955
1,12,104,0,0,3,4,5,1,1,0,0,0,0,1,0,2,0,3.0,293,52,5.634615384615385
0,18,144,114,1,2,0,0,1,2,0,0,1,0,1,0,2,0,8.0,376,80,4.7
0,2,144,0,1,0,1,0,1,0,0,0,1,0,1,0,12,0,2.0,167,28,5.964285714285714
0,36,41,126,1,4,6,0,0,1,0,0,0,0,1,200,2,0,5.0,1791,316,5.667721518987341
0,3,144,0,0,0,1,1,1,0,0,0,1,0,1,0,12,0,2.0,539,104,5.1826923076923075
1,6,105,0,1,2,4,0,1,0,0,0,0,0,1,0,12,0,2.0,210,39,5.384615384615385
1,4,104,0,1,0,6,0,1,1,0,0,1,0,1,0,2,0,1.0,99,20,4.95
0,6,144,0,0,1,0,0,1,0,1,1,1,0,1,0,2,0,2.0,97,16,6.0625
1,3,128,106,1,1,4,0,1,0,0,0,1,0,1,60,2,0,2.0,121,22,5.5
0,3,144,0,1,0,6,0,0,1,2,2,2,0,1,0,2,0,2.0,204,42,4.857142857142857
1,1,115,0,1,0,1,5,1,0,1,1,1,0,1,0,7,0,1.0,248,46,5.391304347826087
0,2,144,0,0,0,0,0,1,0,0,0,1,0,1,0,2,0,1.0,448,84,5.333333333333333
0,2,144,0,1,0,1,0,1,0,0,0,0,0,1,0,2,0,5.0,662,127,5.21259842519685
0,2,144,0,1,0,4,0,1,0,1,1,1,0,1,0,4,1,8.0,1233,230,5.360869565217391
0,1,144,0,0,0,0,0,1,0,1,1,0,0,1,0,7,0,3.0,396,79,5.012658227848101
1,3,105,0,1,0,6,0,0,0,1,1,1,0,1,0,12,0,1.0,241,45,5.355555555555555
0,3,144,0,1,0,1,0,1,0,0,0,1,0,1,0,2,1,6.0,213,42,5.071428571428571
1,1,105,0,0,0,2,5,0,0,1,1,1,0,2,0,12,0,3.0,217,34,6.382352941176471
0,3,144,0,1,0,4,4,1,0,1,1,1,0,1,20,3,0,1.0,117,20,5.85
0,2,144,0,0,1,0,0,1,1,1,1,1,0,1,0,12,0,2.0,307,60,5.116666666666666
1,3,105,0,0,4,0,0,0,0,1,0,1,0,1,0,3,0,4.0,178,27,6.592592592592593
1,13,135,0,0,3,6,0,1,0,1,1,0,0,1,50,2,0,1.0,35,5,7.0
0,8,144,0,1,0,0,0,1,1,0,0,0,0,1,0,2,0,1.0,579,114,5.078947368421052
0,2,144,0,1,0,6,0,1,0,2,2,2,0,1,0,2,0,1.0,254,42,6.0476190476190474
0,10,60,0,1,4,6,0,0,1,0,0,1,0,1,0,12,1,5.0,1944,359,5.415041782729805
0,10,144,0,1,1,6,0,1,0,0,0,0,0,1,50,2,0,2.0,138,23,6.0
1,2,105,0,2,0,1,5,1,0,1,1,1,0,5,0,2,0,5.0,314,58,5.413793103448276
0,15,51,39,1,0,0,0,0,0,0,0,1,0,1,0,4,0,0.0,57,10,5.7
1,3,105,0,0,0,6,0,0,0,0,0,0,0,1,0,12,0,2.0,28,5,5.6
1,5,105,80,0,0,6,0,1,0,1,1,0,0,1,0,2,0,5.0,113,22,5.136363636363637
1,15,84,63,2,0,5,5,1,1,0,0,0,0,2,0,12,0,4.0,166,27,6.148148148148148
0,1,161,114,1,1,4,0,1,0,1,1,1,0,1,0,2,0,8.0,1052,199,5.28643216080402
0,12,144,0,2,1,0,0,1,1,2,2,2,0,4,0,12,0,7.0,2150,366,5.8743169398907105
0,1,144,0,1,3,0,0,1,0,1,1,1,0,2,0,2,1,1.0,477,93,5.129032258064516
0,5,144,0,0,3,4,0,1,0,0,0,0,0,1,0,12,0,10.0,313,60,5.216666666666667
1,12,104,0,2,0,4,5,1,1,0,0,0,0,2,0,3,0,4.0,307,56,5.482142857142857
0,18,144,0,1,6,0,0,1,1,0,0,0,0,1,0,2,0,4.0,879,163,5.392638036809816
0,5,144,0,1,0,0,0,1,0,0,1,0,0,1,0,2,1,1.0,203,36,5.638888888888889
1,1,135,82,2,2,4,0,1,0,1,1,1,0,2,0,12,0,7.0,854,154,5.545454545454546
1,1,140,0,1,0,1,5,0,1,1,1,1,0,1,0,2,1,3.0,171,31,5.516129032258065
1,1,105,82,0,0,6,0,1,0,1,1,1,0,1,50,5,0,1.0,16,4,4.0
0,0,144,0,2,0,1,1,1,1,1,2,1,0,6,0,7,0,1.0,99,20,4.95
0,2,144,114,1,0,1,5,1,0,1,0,1,0,1,100,2,1,8.0,114,22,5.181818181818182
0,2,144,0,1,0,1,0,1,1,1,1,1,0,3,0,2,0,3.0,37,6,6.166666666666667
1,3,128,66,1,3,4,5,0,0,1,1,1,0,1,50,2,0,1.0,20,3,6.666666666666667
1,9,135,0,1,1,0,0,1,0,0,0,0,0,1,0,2,0,1.0,177,27,6.555555555555555
1,17,105,0,1,3,6,0,1,0,2,2,1,0,1,0,12,0,1.0,144,35,4.114285714285714
1,2,104,81,2,3,0,0,0,1,1,1,1,0,3,0,12,0,3.0,13,2,6.5
1,2,105,0,0,5,0,0,1,0,1,1,1,0,3,0,2,0,3.0,135,21,6.428571428571429
1,2,105,0,0,0,5,5,1,0,0,0,1,0,4,100,2,0,5.0,111,20,5.55
1,7,103,96,1,0,5,0,1,2,2,2,2,0,1,250,2,0,1.0,279,53,5.264150943396227
0,3,144,0,0,1,0,0,0,1,1,1,1,0,1,0,1,0,2.0,50,8,6.25
0,6,165,0,0,0,6,0,2,0,1,0,1,0,1,0,2,0,2.0,91,18,5.055555555555555
0,13,61,6,0,0,1,5,2,1,0,0,1,0,1,0,2,0,3.0,868,167,5.197604790419161
0,4,144,0,2,0,3,4,0,1,1,1,1,0,7,30,2,0,5.0,286,55,5.2
1,3,104,73,1,0,1,5,1,1,1,0,1,0,1,0,2,0,4.0,902,181,4.983425414364641
1,2,105,0,1,1,3,3,1,0,0,0,1,0,1,0,2,0,5.0,459,92,4.989130434782608
0,72,22,0,0,4,0,0,2,0,0,0,1,0,1,0,2,0,6.0,617,113,5.460176991150442
1,2,105,0,1,0,0,0,0,0,1,0,1,0,1,0,2,0,2.0,523,80,6.5375
0,4,144,0,0,0,2,0,2,0,0,0,1,0,1,0,2,0,1.0,124,22,5.636363636363637
0,48,51,0,1,5,0,0,0,1,0,0,0,0,1,0,2,0,1.0,149,29,5.137931034482759
1,3,105,106,0,5,6,0,1,0,1,0,1,1,1,0,12,0,18.0,1592,284,5.605633802816901
1,6,105,0,0,3,6,0,1,1,1,0,0,0,1,100,12,0,8.0,221,41,5.390243902439025
0,8,144,0,1,1,0,0,1,1,0,0,0,0,1,0,3,0,1.0,252,46,5.478260869565218
1,1,105,0,1,3,0,0,0,0,1,1,1,0,1,0,12,1,6.0,185,39,4.743589743589744
1,2,105,0,1,0,6,0,1,0,1,1,1,0,1,0,2,0,4.0,131,26,5.038461538461538
1,24,122,0,1,2,0,0,0,1,2,2,0,0,1,0,2,0,1.0,67,13,5.153846153846154
1,7,105,104,1,3,0,0,1,0,0,0,0,0,1,0,12,0,9.0,1884,369,5.105691056910569
0,60,155,0,1,1,6,0,0,1,0,0,1,0,1,100,2,0,2.0,337,70,4.814285714285714
0,2,144,0,0,1,0,0,1,0,0,0,1,0,1,0,12,0,2.0,547,102,5.362745098039215
1,1,105,0,2,2,5,5,0,0,1,1,1,0,4,0,2,0,3.0,481,91,5.285714285714286
1,8,104,0,1,5,0,0,1,1,0,0,0,0,1,0,12,0,5.0,12,2,6.0
0,20,26,54,1,6,0,0,0,1,0,0,0,0,1,400,2,0,2.0,185,39,4.743589743589744
0,2,144,116,1,0,3,5,1,0,1,0,1,0,1,0,12,0,3.0,454,81,5.604938271604938
1,3,105,0,0,6,0,0,1,0,2,0,1,0,1,0,2,0,3.0,113,17,6.647058823529412
1,1,105,0,0,0,5,0,1,0,1,1,1,0,1,0,2,0,2.0,149,27,5.518518518518518
0,1,61,35,0,0,1,0,0,0,1,1,1,0,1,0,2,0,1.0,243,49,4.959183673469388
1,2,105,0,0,3,6,0,1,0,1,0,1,0,1,0,12,0,3.0,351,73,4.808219178082192
0,20,61,53,1,0,3,3,1,1,0,0,0,0,1,0,2,0,4.0,97,21,4.619047619047619
0,3,144,114,2,0,1,3,1,1,1,1,1,0,7,0,12,0,5.0,368,67,5.492537313432836
1,2,105,0,0,0,1,5,0,0,1,1,1,0,1,0,2,0,3.0,308,54,5.703703703703703
1,3,104,0,1,3,6,0,0,0,1,1,1,0,1,50,2,0,2.0,108,17,6.352941176470588
1,1,105,0,1,1,6,0,0,0,1,0,1,0,1,0,2,0,1.0,179,38,4.7105263157894735
0,72,144,0,0,2,0,0,1,1,0,0,0,0,1,0,2,0,2.0,47,12,3.9166666666666665
1,10,105,72,0,0,6,0,2,0,2,2,2,0,1,0,12,0,3.0,542,109,4.972477064220183
0,2,144,0,0,0,1,0,1,0,1,1,1,0,1,0,2,0,4.0,391,76,5.144736842105263
0,1,144,0,1,1,2,3,1,0,1,1,1,0,2,0,2,1,2.0,1419,258,5.5
0,32,22,16,1,2,0,0,2,0,1,1,1,0,1,200,2,0,2.0,315,68,4.632352941176471
1,2,105,0,1,2,0,0,1,0,1,0,0,0,1,0,2,0,6.0,689,131,5.259541984732825
1,36,128,0,1,4,5,5,2,1,1,1,0,0,1,0,2,0,8.0,262,52,5.038461538461538
0,2,144,6,1,0,1,3,1,0,0,0,1,0,1,0,2,0,16.0,1526,275,5.549090909090909
0,5,144,114,2,0,6,0,1,0,2,2,1,1,2,0,2,0,5.0,1017,189,5.380952380952381
1,3,105,0,0,0,0,0,1,0,2,0,1,1,1,0,2,0,1.0,68,14,4.857142857142857
0,3,144,0,1,1,4,0,1,1,2,2,2,0,1,0,3,0,19.0,438,78,5.615384615384615
0,18,164,114,1,1,0,0,0,0,1,1,1,0,1,20,3,0,1.0,348,59,5.898305084745763
0,12,144,0,0,0,1,0,1,1,2,2,2,0,1,0,2,0,2.0,546,101,5.405940594059406
0,1,161,114,0,0,1,0,1,0,1,1,1,0,1,0,2,0,8.0,1041,193,5.393782383419689
1,8,105,0,1,4,5,5,2,0,1,0,0,0,1,0,2,0,10.0,605,129,4.689922480620155
0,14,61,0,1,0,6,0,2,0,0,0,1,0,1,0,5,0,1.0,191,35,5.457142857142857
1,5,105,0,1,2,0,0,1,0,0,0,1,0,1,0,2,0,2.0,8,1,8.0
1,1,105,0,1,1,2,0,0,0,1,1,1,0,1,0,12,0,5.0,186,38,4.894736842105263
0,8,144,114,2,0,1,5,1,0,0,0,2,0,8,0,2,0,14.0,522,102,5.117647058823529
1,12,128,82,1,1,4,0,1,1,0,0,0,0,2,0,12,0,4.0,697,132,5.28030303030303
1,4,105,0,0,2,6,0,1,0,1,0,1,0,1,30,2,0,1.0,532,97,5.484536082474227
0,72,60,0,0,0,6,0,0,2,2,2,2,0,1,0,2,0,3.0,75,14,5.357142857142857
1,24,135,0,1,5,0,0,1,0,0,0,0,0,1,0,2,0,4.0,185,34,5.4411764705882355
1,2,105,0,1,1,6,0,1,0,1,1,1,0,1,0,2,0,3.0,54,9,6.0
1,2,126,94,0,5,0,0,0,1,1,0,1,0,1,0,4,0,2.0,49,9,5.444444444444445
0,2,144,0,0,0,1,5,1,1,0,0,1,0,1,0,2,0,6.0,131,23,5.695652173913044
0,14,144,0,1,0,0,0,1,0,2,0,1,0,1,0,2,0,3.0,406,81,5.012345679012346
0,48,144,0,1,5,0,0,2,1,0,0,0,0,1,0,12,0,5.0,280,48,5.833333333333333
0,64,144,30,1,0,1,5,1,1,1,0,1,0,1,0,12,0,3.0,600,120,5.0
0,3,144,0,1,1,6,0,1,0,1,1,1,0,1,0,2,0,13.0,298,57,5.228070175438597
1,5,105,82,1,2,3,5,0,0,0,0,1,0,2,10,12,0,12.0,191,33,5.787878787878788
0,24,144,53,0,1,6,0,1,1,2,2,0,0,1,300,2,0,3.0,562,87,6.459770114942529
0,1,9,0,1,1,0,0,1,1,1,1,1,0,1,0,12,0,4.0,168,38,4.421052631578948
1,2,105,82,2,4,5,5,0,0,1,1,1,0,2,0,2,0,13.0,191,34,5.617647058823529
0,19,41,0,0,1,2,0,1,1,0,0,1,0,1,100,4,0,3.0,141,28,5.035714285714286
1,1,105,82,2,1,4,5,0,0,1,0,1,0,3,0,2,0,3.0,824,157,5.248407643312102
0,1,144,0,1,0,1,0,1,0,1,0,1,0,1,0,12,0,9.0,127,22,5.7727272727272725
1,28,114,0,2,3,5,5,3,2,0,0,1,0,2,600,8,0,11.0,1763,316,5.579113924050633
1,2,105,0,0,0,5,0,1,0,1,1,1,0,2,0,2,0,4.0,279,54,5.166666666666667
1,12,105,0,0,0,6,0,1,0,0,0,0,0,1,0,12,0,1.0,48,7,6.857142857142857
0,1,144,114,0,1,5,5,0,1,1,1,2,0,1,0,2,0,3.0,19,3,6.333333333333333
0,1,144,0,0,1,6,0,1,1,2,2,1,0,1,0,2,0,4.0,93,18,5.166666666666667
1,12,105,0,0,0,5,5,1,1,0,0,1,0,1,0,2,0,1.0,225,42,5.357142857142857
1,1,103,0,0,0,6,0,1,1,1,0,1,0,1,0,2,0,1.0,667,139,4.798561151079137
1,1,135,0,2,0,5,5,0,0,2,2,2,0,3,0,2,0,3.0,157,27,5.814814814814815
0,2,144,0,2,1,4,5,1,0,2,0,1,0,5,0,12,0,1.0,43,6,7.166666666666667
0,9,144,131,1,0,1,0,1,0,1,0,0,0,1,0,2,0,7.0,158,31,5.096774193548387
1,8,143,113,1,0,6,0,1,1,1,0,1,0,1,0,12,0,7.0,117,17,6.882352941176471
1,8,105,0,1,4,6,0,1,1,0,0,1,0,1,0,12,0,5.0,17,3,5.666666666666667
1,3,128,0,2,0,1,5,0,1,1,1,1,0,4,50,2,0,1.0,144,27,5.333333333333333
0,1,144,0,1,1,6,0,1,0,0,0,1,0,1,0,2,0,8.0,139,23,6.043478260869565
0,96,22,0,1,0,0,0,2,0,0,0,0,0,1,50,2,0,6.0,1300,234,5.555555555555555
0,8,144,0,0,0,1,0,1,0,2,2,1,0,1,0,12,0,2.0,477,95,5.021052631578947
0,51,144,0,1,1,6,0,1,1,0,0,0,0,1,80,2,0,5.0,166,30,5.533333333333333
0,72,5,0,0,0,1,0,2,0,0,0,1,0,1,250,2,0,3.0,248,50,4.96
1,4,134,0,1,3,4,5,0,0,1,1,1,1,1,0,12,0,2.0,541,109,4.963302752293578
1,6,104,0,2,0,5,0,0,1,1,0,0,0,3,100,2,0,3.0,269,46,5.8478260869565215
0,24,155,0,0,4,0,0,0,0,0,0,1,1,1,0,2,0,2.0,255,53,4.811320754716981
0,3,144,0,0,1,5,0,1,0,0,0,1,0,1,0,2,0,3.0,110,15,7.333333333333333
1,8,112,0,1,5,6,0,1,0,1,1,1,0,1,0,2,0,3.0,121,27,4.481481481481482
0,30,144,0,0,4,0,0,1,1,2,2,1,0,1,0,2,0,1.0,798,153,5.215686274509804
1,1,84,0,1,0,1,0,1,0,1,1,1,0,1,0,12,0,5.0,215,37,5.8108108108108105
0,48,144,0,0,1,0,0,1,0,0,0,0,0,1,50,2,0,3.0,33,5,6.6
0,48,144,0,1,0,4,5,1,1,0,0,0,0,1,0,12,0,5.0,562,18,31.22222222222222
1,3,105,96,1,0,6,0,2,0,0,0,1,0,1,0,12,0,2.0,20,5,4.0
1,48,105,105,0,5,6,0,2,0,0,0,0,0,1,0,2,0,10.0,369,72,5.125
0,2,144,0,0,1,6,0,1,1,0,0,1,0,1,0,2,0,3.0,278,57,4.87719298245614
1,9,105,0,0,4,6,0,0,0,1,1,1,0,1,0,2,0,2.0,82,15,5.466666666666667
0,6,144,0,1,1,6,0,1,0,0,0,0,2,1,0,12,0,6.0,794,150,5.293333333333333
0,3,144,0,0,0,1,3,1,0,1,1,1,0,1,0,2,0,5.0,183,34,5.382352941176471
1,3,105,0,0,1,6,0,1,0,0,0,1,0,1,0,12,0,10.0,947,175,5.411428571428571
1,36,105,0,1,1,5,5,1,1,1,0,0,0,1,0,2,0,10.0,523,104,5.028846153846154
1,5,105,0,0,0,0,0,1,0,1,0,1,0,1,0,2,1,12.0,260,47,5.531914893617022
1,20,140,0,1,0,1,5,0,0,0,0,0,0,1,0,2,0,1.0,351,66,5.318181818181818
1,3,105,0,0,5,6,0,1,0,1,1,1,0,1,0,2,0,3.0,193,33,5.848484848484849
0,36,144,114,0,1,6,0,1,0,2,2,2,0,2,0,2,0,1.0,54,11,4.909090909090909
0,144,165,0,0,0,5,5,2,0,0,0,1,1,1,0,2,0,0.0,69,12,5.75
0,24,47,0,0,0,1,0,2,0,2,2,0,0,1,0,2,0,2.0,109,18,6.055555555555555
0,9,22,0,0,0,0,0,2,0,2,2,2,0,1,0,2,0,1.0,172,30,5.733333333333333
1,3,105,0,1,0,1,2,1,0,1,1,1,0,2,0,2,0,3.0,110,23,4.782608695652174
0,8,144,0,0,0,1,1,1,0,1,1,1,0,3,0,2,0,5.0,207,42,4.928571428571429
0,1,144,0,0,1,6,0,1,1,0,0,1,0,1,0,2,0,5.0,393,69,5.695652173913044
0,1,144,114,2,0,1,3,1,1,1,1,1,0,6,0,4,0,6.0,156,28,5.571428571428571
1,1,105,0,1,0,6,0,0,0,1,0,1,1,1,0,2,0,1.0,428,80,5.35
1,1,105,0,1,0,3,5,1,0,1,0,1,0,1,0,2,0,11.0,519,100,5.19
1,2,105,0,1,5,0,0,1,0,1,1,1,0,1,0,2,0,2.0,31,6,5.166666666666667
1,3,104,0,2,0,5,5,1,1,1,1,1,0,6,0,2,0,3.0,118,21,5.619047619047619
0,60,60,0,1,0,6,0,0,1,2,0,1,0,1,200,12,2,7.0,286,56,5.107142857142857
0,2,144,0,0,1,0,0,1,0,2,0,1,0,1,0,12,0,3.0,167,23,7.260869565217392
0,96,8,0,1,1,6,0,1,2,0,0,1,1,1,0,2,0,1.0,8,1,8.0
1,4,84,0,0,5,6,0,1,0,1,1,1,0,1,0,12,0,2.0,492,98,5.020408163265306
0,72,54,0,0,0,1,5,1,1,1,1,1,0,1,0,2,0,1.0,18,2,9.0
1,2,105,0,1,1,6,0,1,0,1,0,1,0,1,0,2,0,4.0,288,54,5.333333333333333
1,4,88,101,0,5,0,0,1,1,1,1,1,0,1,100,2,0,1.0,28,5,5.6
1,2,135,82,1,1,0,0,1,0,1,1,1,0,1,0,2,0,2.0,98,19,5.157894736842105
1,2,105,0,1,0,6,0,1,0,0,0,1,0,1,100,2,0,3.0,683,124,5.508064516129032
0,4,42,114,1,1,6,0,1,0,2,2,1,0,1,0,2,0,4.0,141,24,5.875
1,2,103,82,2,0,6,0,1,1,1,1,1,0,5,50,2,0,5.0,407,76,5.355263157894737
0,33,22,0,1,1,0,0,1,0,0,2,1,0,1,0,1,0,4.0,71,14,5.071428571428571
1,3,105,0,0,1,6,0,0,1,1,0,1,0,1,0,2,0,3.0,248,45,5.511111111111111
0,24,69,114,1,4,0,0,1,1,0,0,0,0,1,0,2,0,5.0,507,97,5.22680412371134
1,3,104,0,1,1,3,5,1,1,1,0,1,0,1,0,7,0,5.0,128,21,6.095238095238095
0,2,144,0,1,0,0,0,1,0,1,0,1,0,1,0,12,0,3.0,88,19,4.631578947368421
0,12,144,0,1,4,0,0,0,1,0,0,1,0,1,0,2,0,3.0,54,9,6.0
0,3,144,0,2,0,1,5,1,1,1,1,1,0,3,0,2,0,5.0,424,78,5.435897435897436
0,132,51,0,1,0,0,0,0,0,0,0,0,0,1,0,3,0,1.0,190,31,6.129032258064516
0,7,6,114,1,0,0,0,1,1,2,2,0,0,1,0,2,0,3.0,247,50,4.94
1,3,104,0,1,6,0,0,0,1,1,0,1,0,1,50,12,0,4.0,209,38,5.5
0,2,144,0,1,1,6,0,1,0,1,1,1,0,1,0,2,0,1.0,92,18,5.111111111111111
1,4,104,0,0,5,6,0,1,1,1,1,1,0,1,0,2,0,2.0,41,7,5.857142857142857
0,24,168,0,0,1,4,5,1,0,2,2,2,0,1,2000,12,0,3.0,416,81,5.135802469135802
0,2,99,114,0,0,1,5,2,0,0,0,1,0,1,0,2,0,1.0,314,58,5.413793103448276
0,12,44,114,1,0,1,5,0,0,2,2,0,0,1,0,2,0,1.0,104,19,5.473684210526316
0,19,159,0,0,2,0,0,1,1,0,0,1,0,1,390,2,0,3.0,425,73,5.821917808219178
0,3,30,0,0,1,0,0,0,0,0,0,2,0,1,350,12,0,5.0,285,50,5.7
0,3,144,0,0,1,6,0,1,0,1,0,1,1,1,0,2,0,5.0,446,79,5.6455696202531644
1,6,105,0,1,6,0,0,1,0,0,0,1,0,1,0,2,0,3.0,314,62,5.064516129032258
0,8,22,0,1,2,0,0,2,0,0,0,1,0,1,300,2,0,2.0,242,46,5.260869565217392
1,12,122,0,0,3,6,0,1,1,0,0,1,0,1,0,4,0,2.0,129,25,5.16
1,1,105,0,1,0,5,5,0,0,1,0,1,0,1,0,3,0,2.0,75,13,5.769230769230769
1,4,103,82,2,0,1,1,1,2,0,0,1,0,2,50,2,0,1.0,783,159,4.9245283018867925
1,6,96,81,1,0,3,5,0,1,0,0,0,0,1,0,2,0,4.0,272,40,6.8
1,4,104,0,0,0,1,4,1,1,1,1,1,0,1,0,12,0,4.0,48,7,6.857142857142857
1,3,104,0,1,1,4,4,0,1,1,1,1,0,3,0,2,0,9.0,745,138,5.398550724637682
1,7,128,0,1,1,3,3,1,1,1,1,1,0,1,0,2,0,2.0,12,2,6.0
0,3,42,0,1,0,3,5,0,0,2,2,2,0,1,0,2,0,4.0,255,47,5.425531914893617
1,2,104,0,1,0,3,5,1,1,1,1,1,0,1,0,12,0,2.0,195,37,5.27027027027027
0,2,47,0,0,0,0,0,2,1,1,1,1,0,1,0,2,1,1.0,21,5,4.2
1,1,105,0,1,3,6,0,1,0,1,1,1,0,2,0,2,0,3.0,163,31,5.258064516129032
0,1,144,0,1,1,6,0,1,1,0,0,1,0,1,0,2,0,4.0,248,41,6.048780487804878
1,2,105,0,2,3,4,4,1,0,0,0,1,0,4,0,2,0,8.0,495,96,5.15625
0,2,144,35,1,0,2,0,2,1,0,0,1,0,1,0,2,0,6.0,188,34,5.529411764705882
0,36,144,23,1,0,1,0,1,1,2,2,0,0,1,0,3,0,3.0,332,70,4.742857142857143
1,3,93,106,2,3,4,0,1,0,2,0,1,0,2,50,12,0,4.0,126,24,5.25
0,8,8,0,0,1,0,0,0,0,0,0,1,0,1,600,2,0,5.0,95,14,6.785714285714286
0,14,166,114,1,1,0,0,1,1,0,0,0,0,1,0,12,0,2.0,190,35,5.428571428571429
0,2,144,114,1,0,1,5,1,0,1,1,1,0,1,0,2,0,2.0,340,70,4.857142857142857
0,4,144,0,2,3,4,0,1,1,0,0,1,0,2,0,7,0,3.0,248,47,5.276595744680851
0,1,144,0,1,0,1,0,1,1,1,1,1,0,1,0,3,0,1.0,120,20,6.0
0,8,144,0,1,0,2,0,1,1,0,0,0,0,1,0,12,0,4.0,309,55,5.618181818181818
0,12,144,0,1,0,1,5,1,1,0,0,0,0,1,0,2,0,5.0,319,62,5.145161290322581
1,2,105,0,0,6,0,0,1,0,0,0,1,0,1,0,2,0,5.0,613,119,5.151260504201681
0,2,144,114,2,1,6,0,0,0,1,1,1,0,2,0,12,0,3.0,156,28,5.571428571428571
1,3,105,0,0,0,0,0,0,0,1,0,1,0,1,0,2,1,3.0,1025,185,5.54054054054054
0,60,54,0,0,0,1,5,1,0,0,0,0,0,1,250,2,0,6.0,1157,216,5.356481481481482
0,60,144,0,0,1,4,0,2,0,0,0,1,0,1,0,2,0,1.0,49,7,7.0
1,4,122,80,0,1,4,0,1,2,0,0,2,0,1,0,2,0,1.0,322,65,4.953846153846154
0,19,144,131,2,0,1,5,1,0,2,2,2,0,3,0,12,0,16.0,697,127,5.488188976377953
0,3,144,0,1,1,0,0,1,1,0,0,1,0,1,0,2,0,5.0,142,23,6.173913043478261
1,5,141,66,1,5,6,0,1,0,1,0,1,0,2,0,12,0,1.0,174,34,5.117647058823529
0,2,144,0,0,1,6,0,1,0,1,1,1,0,1,0,2,0,1.0,168,31,5.419354838709677
1,3,104,0,2,0,5,5,1,1,1,1,1,0,2,0,2,0,5.0,480,88,5.454545454545454
1,1,103,98,1,4,5,5,1,1,1,0,1,0,1,100,2,0,5.0,1335,233,5.7296137339055795
1,24,128,106,1,3,6,0,1,0,0,0,0,0,1,0,2,0,5.0,230,46,5.0
0,12,41,30,1,1,4,0,0,1,2,2,2,1,1,0,3,0,1.0,814,158,5.151898734177215
1,4,83,0,1,4,6,0,1,1,0,0,1,1,1,350,2,0,1.0,205,38,5.394736842105263
0,3,144,0,1,0,1,5,1,0,1,1,1,0,1,0,2,0,7.0,506,99,5.111111111111111
0,4,144,114,1,1,0,0,1,1,0,0,1,0,1,0,2,0,4.0,12,2,6.0
1,51,122,89,1,1,5,5,1,2,0,0,0,0,1,0,7,0,3.0,202,38,5.315789473684211
0,1,144,114,1,1,6,0,1,1,1,0,1,0,1,0,2,0,3.0,12,2,6.0
0,1,17,41,0,1,0,0,1,1,2,2,2,0,1,0,7,2,11.0,1566,297,5.2727272727272725
0,2,144,0,1,1,0,0,1,0,1,0,1,0,1,0,3,0,3.0,106,21,5.0476190476190474
0,60,159,0,0,4,0,0,1,2,0,0,0,0,1,350,7,0,3.0,644,111,5.801801801801802
0,6,144,0,0,0,6,0,1,1,0,0,2,0,1,0,12,0,1.0,69,12,5.75
0,1,144,114,0,1,0,0,1,0,1,0,1,0,1,0,2,0,1.0,60,13,4.615384615384615
1,80,104,0,1,1,5,5,1,1,0,0,0,0,1,0,2,0,2.0,376,77,4.883116883116883
1,36,104,0,0,6,0,0,1,1,2,0,0,0,1,0,12,0,1.0,1533,321,4.775700934579439
0,24,22,0,1,0,0,0,2,1,0,0,2,0,1,300,2,0,1.0,223,41,5.439024390243903
0,2,144,114,0,1,0,0,1,1,1,0,1,0,1,0,2,0,7.0,12,2,6.0
0,0,144,0,1,1,6,0,0,0,1,1,1,0,4,0,5,0,5.0,46,7,6.571428571428571
0,1,65,114,0,0,6,0,1,1,1,1,1,0,1,0,12,0,13.0,893,165,5.412121212121212
0,60,22,114,0,0,1,0,1,1,1,1,1,0,1,0,1,0,4.0,101,22,4.590909090909091
0,3,144,0,1,1,6,0,1,1,1,1,1,0,1,0,3,0,3.0,187,38,4.921052631578948
0,2,144,0,2,1,4,0,1,0,0,0,1,0,2,0,4,0,8.0,174,37,4.702702702702703
1,2,105,0,1,1,5,0,0,0,1,0,0,0,1,0,12,0,4.0,14,3,4.666666666666667
0,2,69,114,1,0,1,5,1,0,1,1,1,0,1,0,2,0,5.0,259,46,5.630434782608695
1,4,105,0,0,1,5,0,0,0,1,1,1,0,1,0,2,0,4.0,288,55,5.236363636363636
0,1,144,114,1,0,1,0,1,1,2,2,2,0,1,0,12,0,4.0,188,35,5.371428571428571
1,1,104,0,0,0,5,5,1,1,1,1,1,0,1,0,2,0,8.0,301,61,4.934426229508197
0,1,144,0,0,0,6,0,0,0,1,1,1,0,1,0,2,0,1.0,145,27,5.37037037037037
0,2,144,114,1,0,1,5,1,0,1,1,1,0,2,0,2,0,5.0,185,30,6.166666666666667
0,2,144,0,1,0,0,0,1,0,0,0,1,0,1,0,2,0,4.0,103,18,5.722222222222222
0,2,144,0,0,0,0,0,1,1,2,0,1,0,1,0,12,0,1.0,617,120,5.141666666666667
0,3,22,114,1,6,0,0,1,1,2,2,2,0,1,0,2,0,1.0,381,73,5.219178082191781
1,24,103,68,1,2,4,5,1,2,1,1,0,0,1,0,12,0,5.0,21,4,5.25
1,2,105,0,1,5,6,0,0,0,0,0,1,0,3,0,12,0,4.0,420,80,5.25
0,9,144,0,1,0,0,0,2,1,2,2,2,0,1,0,2,0,1.0,415,76,5.4605263157894735
1,2,103,81,0,0,1,4,1,1,1,0,1,0,1,50,2,0,7.0,801,147,5.448979591836735
1,4,103,0,0,0,1,0,0,2,1,0,1,0,1,0,2,0,4.0,368,69,5.333333333333333
1,1,105,0,0,6,0,0,1,1,1,0,1,0,1,0,2,0,7.0,527,105,5.019047619047619
0,84,8,0,0,2,0,0,2,1,2,2,2,0,1,0,12,0,2.0,341,71,4.802816901408451
0,1,144,0,0,0,4,0,0,1,1,1,1,0,1,0,12,0,3.0,123,21,5.857142857142857
1,1,103,0,2,1,5,0,1,2,1,1,1,0,2,0,2,0,8.0,193,38,5.078947368421052
0,4,144,130,1,0,1,5,1,0,0,0,1,0,1,0,4,0,3.0,113,22,5.136363636363637
0,2,144,114,1,1,0,0,1,1,0,0,1,0,1,0,2,0,7.0,12,2,6.0
1,2,105,0,1,3,6,0,0,0,1,1,1,1,1,0,2,0,4.0,562,108,5.203703703703703
0,15,41,30,1,4,0,0,1,0,0,0,1,0,1,500,4,0,1.0,168,33,5.090909090909091
1,6,104,81,0,3,0,0,1,1,1,1,1,0,1,0,12,0,1.0,50,8,6.25
0,2,144,53,1,0,1,3,1,0,1,1,1,0,1,0,2,0,1.0,461,90,5.122222222222222
1,1,105,81,2,5,0,0,0,1,1,1,2,0,3,0,12,0,3.0,354,65,5.446153846153846
0,8,144,0,0,2,0,0,2,0,0,0,2,0,1,0,7,0,2.0,10,2,5.0
0,1,144,0,0,0,1,5,1,0,2,2,1,0,1,0,2,0,5.0,64,10,6.4
0,3,144,0,1,4,0,0,1,1,1,1,1,0,1,0,2,0,5.0,32,6,5.333333333333333
0,2,161,114,1,1,6,0,1,0,1,1,1,0,1,0,2,0,4.0,574,105,5.466666666666667
0,36,144,0,0,0,1,5,0,1,0,0,1,0,1,0,12,0,1.0,74,12,6.166666666666667
1,5,104,0,0,0,0,0,1,1,1,0,2,0,1,0,2,0,1.0,59,6,9.833333333333334
0,13,144,0,1,0,0,0,0,0,0,0,0,0,1,0,3,0,1.0,128,26,4.923076923076923
1,2,105,0,0,0,0,0,1,0,0,0,1,0,1,0,12,0,5.0,820,160,5.125
0,12,144,0,2,0,1,0,1,1,0,0,2,0,3,0,7,0,0.0,180,37,4.864864864864865
0,3,144,0,1,0,1,0,1,0,0,0,1,0,1,50,2,0,2.0,427,82,5.2073170731707314
0,2,144,0,0,0,1,0,1,1,1,1,1,0,1,0,2,0,1.0,253,49,5.163265306122449
0,1,144,0,1,0,1,0,1,0,1,1,1,0,1,0,2,0,6.0,433,80,5.4125
1,2,105,0,2,0,2,5,2,0,1,1,1,0,6,0,2,0,5.0,456,91,5.010989010989011
0,3,144,114,0,0,6,0,0,0,1,0,1,0,5,0,6,0,5.0,3,1,3.0
1,12,122,80,1,0,4,5,1,2,0,0,0,0,1,0,2,0,4.0,222,44,5.045454545454546
1,120,105,0,1,5,6,0,1,0,0,0,0,0,1,50,2,0,17.0,1482,281,5.274021352313167
0,3,144,114,0,0,6,0,1,1,0,0,1,0,1,0,2,0,1.0,14,3,4.666666666666667
0,12,22,114,1,2,3,0,1,1,2,2,2,0,1,0,5,0,2.0,136,26,5.230769230769231
0,4,47,114,1,0,4,0,1,0,1,1,1,0,3,0,2,0,2.0,144,25,5.76
0,1,144,0,1,6,0,0,1,0,1,1,1,0,1,0,7,0,4.0,105,23,4.565217391304348
1,5,105,82,0,0,0,0,1,0,0,0,0,0,1,0,2,0,4.0,232,45,5.155555555555556
0,4,30,114,2,0,1,0,1,0,1,0,1,0,2,0,2,0,6.0,403,74,5.445945945945946
0,2,144,0,2,1,4,0,1,0,1,1,1,0,4,0,5,0,5.0,44,6,7.333333333333333
1,144,138,71,0,2,0,0,2,0,0,0,0,0,1,0,12,0,5.0,487,88,5.534090909090909
1,2,105,0,1,6,0,0,1,1,0,0,1,0,1,0,2,0,1.0,215,38,5.657894736842105
0,5,144,0,1,0,1,5,1,0,0,1,1,0,1,0,5,0,4.0,322,60,5.366666666666666
0,3,144,114,1,0,1,5,1,1,1,0,1,0,1,0,2,0,0.0,170,34,5.0
0,24,51,0,1,5,6,0,0,1,2,2,2,0,1,0,2,0,4.0,304,55,5.527272727272727
0,27,41,47,0,5,0,0,1,1,2,2,1,0,1,0,0,0,4.0,720,143,5.034965034965035
0,2,144,0,2,2,0,0,1,0,2,2,2,1,2,0,12,0,1.0,2150,366,5.8743169398907105
1,2,104,0,0,0,6,0,1,1,1,0,1,0,1,0,2,0,6.0,186,39,4.769230769230769
0,6,144,0,1,0,1,0,1,0,0,0,1,0,1,0,2,0,3.0,274,53,5.169811320754717
0,1,144,0,1,0,0,0,0,0,1,1,1,0,1,0,2,0,1.0,109,21,5.190476190476191
1,2,105,0,1,0,4,5,1,0,1,1,1,0,2,0,12,0,9.0,762,143,5.328671328671328
0,12,144,0,0,0,0,0,0,0,2,2,1,0,1,0,2,0,2.0,83,13,6.384615384615385
1,5,135,0,1,0,5,5,0,0,2,2,2,0,1,0,12,0,1.0,112,22,5.090909090909091
0,18,144,114,1,6,0,0,1,0,0,0,0,0,1,0,2,0,2.0,239,46,5.195652173913044
0,84,144,0,0,3,0,0,1,1,0,0,0,0,1,0,3,0,1.0,180,28,6.428571428571429
0,24,144,0,0,1,4,5,1,0,0,0,0,0,1,0,4,0,4.0,417,80,5.2125
1,12,105,0,1,0,6,0,1,0,0,0,0,0,1,0,2,0,2.0,232,45,5.155555555555556
0,1,144,114,2,1,3,0,1,0,1,1,1,0,8,0,3,0,10.0,193,38,5.078947368421052
1,1,84,0,0,5,0,0,1,0,1,1,1,0,1,0,12,0,5.0,470,89,5.280898876404494
1,1,105,82,2,0,6,0,1,0,1,1,1,0,4,0,12,0,21.0,1108,221,5.013574660633484
1,2,105,0,0,0,6,0,0,0,1,1,2,0,1,0,12,0,2.0,105,19,5.526315789473684
0,2,144,0,1,6,0,0,1,2,0,0,1,0,1,0,2,0,1.0,208,43,4.837209302325581
1,6,104,0,2,0,3,0,0,1,1,1,1,0,2,0,2,0,4.0,119,26,4.576923076923077
1,1,104,81,1,1,5,0,0,1,1,0,0,0,1,200,12,0,3.0,222,40,5.55
1,4,105,0,1,0,1,2,1,0,0,0,0,0,1,0,4,0,4.0,278,52,5.346153846153846
0,3,144,0,1,1,0,0,0,0,0,0,1,0,1,0,2,0,5.0,353,72,4.902777777777778
0,3,30,114,1,0,1,0,1,0,1,0,1,0,1,0,2,0,3.0,292,54,5.407407407407407
0,2,144,0,1,0,6,0,1,0,0,0,1,0,1,0,12,0,4.0,195,34,5.735294117647059
0,60,144,0,1,1,0,0,1,0,0,0,0,1,1,0,2,0,3.0,905,167,5.419161676646707
0,2,144,0,0,0,0,0,1,1,1,1,1,0,1,0,2,0,5.0,672,126,5.333333333333333
0,6,144,12,1,0,6,0,1,0,1,1,1,0,1,0,2,0,1.0,460,88,5.2272727272727275
0,1,144,0,2,0,1,5,1,0,1,0,1,0,17,0,4,0,14.0,281,46,6.108695652173913
0,4,144,0,1,0,0,0,1,0,2,2,0,0,1,0,2,0,1.0,127,24,5.291666666666667
1,3,105,0,1,0,6,0,0,0,1,1,1,0,1,0,12,0,1.0,241,45,5.355555555555555
1,2,104,0,0,0,6,0,1,1,0,0,1,0,1,0,2,0,8.0,310,61,5.081967213114754
0,3,144,0,0,1,6,0,1,1,0,0,1,1,1,350,7,0,4.0,1204,201,5.990049751243781
1,12,105,0,1,1,6,0,1,1,1,1,2,0,1,0,2,0,5.0,34,3,11.333333333333334
1,2,105,0,1,0,0,0,0,0,1,1,1,0,1,0,12,0,1.0,142,22,6.454545454545454
1,2,105,0,1,0,0,0,0,1,1,0,1,0,1,0,2,0,3.0,216,44,4.909090909090909
0,1,144,0,0,1,0,0,1,0,1,0,1,0,1,0,12,0,3.0,314,60,5.233333333333333
0,1,144,114,1,1,6,0,1,1,1,0,1,0,1,0,2,0,3.0,12,2,6.0
1,5,122,80,2,0,1,4,1,2,1,1,1,0,2,100,12,0,3.0,405,81,5.0
1,2,105,106,0,0,5,5,1,1,0,0,0,0,1,0,2,0,1.0,617,129,4.782945736434108
1,1,105,0,0,0,2,0,0,0,1,1,1,0,3,0,12,0,3.0,535,102,5.245098039215686
1,1,135,0,2,4,5,0,0,0,1,0,1,0,3,0,12,0,0.0,146,28,5.214285714285714
1,8,114,97,1,0,1,4,1,2,1,1,1,0,1,100,2,0,4.0,204,41,4.975609756097561
0,2,144,0,2,0,1,5,1,0,1,1,1,0,5,30,12,0,5.0,393,76,5.171052631578948
0,1,144,0,0,0,1,0,1,1,1,1,1,0,1,0,4,0,2.0,91,19,4.7894736842105265
0,4,144,114,0,4,0,0,1,0,0,0,0,0,1,0,2,0,3.0,231,46,5.021739130434782
1,4,83,72,2,0,1,5,2,2,0,0,1,0,2,0,2,0,5.0,520,100,5.2
0,4,144,0,1,1,6,0,1,0,0,0,1,0,2,0,2,0,13.0,383,72,5.319444444444445
1,6,120,0,1,1,6,0,1,0,0,0,0,0,1,0,2,0,9.0,909,169,5.378698224852071
1,18,135,0,0,0,1,4,2,1,0,2,0,0,1,0,2,0,5.0,106,21,5.0476190476190474
0,2,144,0,2,1,0,0,1,0,1,1,1,0,2,0,7,0,5.0,313,57,5.491228070175438
1,12,105,0,0,2,5,0,1,0,0,0,0,0,1,0,12,0,2.0,276,57,4.842105263157895
1,2,105,0,1,1,2,4,1,0,1,0,1,0,1,0,5,1,5.0,365,56,6.517857142857143
0,60,51,0,0,0,5,5,1,1,0,2,2,0,1,0,12,0,1.0,69,15,4.6
0,24,54,0,0,1,6,0,0,0,2,2,2,0,1,0,2,0,0.0,42,9,4.666666666666667
1,4,105,0,0,3,6,0,1,0,1,1,1,0,1,0,2,0,1.0,173,31,5.580645161290323
0,5,65,0,0,0,1,5,2,1,0,0,0,0,1,0,2,0,2.0,135,27,5.0
0,9,22,114,1,0,6,0,2,0,0,0,0,0,1,300,2,0,4.0,175,35,5.0
0,49,60,0,0,1,4,5,0,2,0,0,0,0,1,0,0,0,1.0,110,22,5.0
0,4,17,54,1,1,6,0,0,0,2,2,2,0,1,0,3,0,4.0,269,53,5.0754716981132075
1,7,103,96,1,0,5,0,1,2,2,2,2,0,1,250,2,0,1.0,300,56,5.357142857142857
0,2,144,0,1,0,1,5,1,1,0,0,1,0,3,0,12,0,10.0,1068,201,5.313432835820896
0,36,26,0,1,6,0,0,0,0,0,0,0,0,1,200,2,0,4.0,787,145,5.427586206896552
0,24,144,27,0,1,0,0,1,0,0,0,0,0,1,0,2,0,8.0,354,70,5.057142857142857
0,24,144,0,0,0,0,0,3,1,2,2,2,1,1,0,12,0,1.0,135,26,5.1923076923076925
0,3,144,0,0,1,0,0,1,1,0,0,2,0,1,0,0,0,1.0,122,23,5.304347826086956
1,4,104,0,1,2,5,5,2,1,1,0,0,0,1,0,12,0,2.0,63,12,5.25
0,4,144,4,1,0,1,1,2,1,0,0,0,0,1,0,2,0,7.0,175,31,5.645161290322581
1,6,128,0,1,1,5,5,0,0,1,2,2,0,1,0,2,0,2.0,129,20,6.45
1,6,105,0,0,2,6,0,1,0,0,0,1,0,1,0,12,0,3.0,339,66,5.136363636363637
1,2,105,0,1,0,1,1,1,0,1,1,1,0,1,0,12,0,6.0,685,112,6.116071428571429
1,1,105,0,0,0,5,0,0,0,1,1,1,0,1,0,12,0,4.0,940,174,5.402298850574713
0,2,144,114,0,0,1,5,1,1,0,0,1,0,1,0,2,0,5.0,12,2,6.0
1,10,105,82,1,5,6,0,1,0,0,0,0,0,1,0,12,0,3.0,86,14,6.142857142857143
1,1,104,82,2,2,0,0,0,0,1,1,1,0,3,0,2,0,5.0,54,9,6.0
0,2,144,0,1,1,0,0,1,0,0,0,1,0,1,0,12,0,5.0,137,27,5.074074074074074
0,80,54,0,0,0,1,5,1,0,0,0,0,0,1,200,2,0,3.0,1383,244,5.668032786885246
0,2,144,0,0,0,1,5,1,0,1,1,1,0,4,0,3,0,4.0,124,20,6.2
0,2,144,0,0,0,1,0,1,0,1,1,1,0,1,0,2,0,1.0,359,63,5.698412698412699
0,2,144,0,0,1,0,0,1,1,1,1,1,0,1,0,2,0,1.0,63,11,5.7272727272727275
0,36,144,0,0,1,0,0,1,0,0,0,0,1,1,0,12,0,2.0,1043,212,4.919811320754717
1,1,104,0,2,0,3,4,0,1,2,2,1,0,4,0,12,0,1.0,40,7,5.714285714285714
0,48,144,0,1,1,0,0,1,1,0,0,0,0,1,0,0,0,2.0,109,20,5.45
1,3,105,73,1,0,3,5,1,0,1,0,1,0,1,0,2,0,1.0,171,30,5.7
0,3,144,0,1,1,6,0,1,0,0,0,1,0,1,0,12,0,4.0,86,15,5.733333333333333
1,1,105,0,0,3,0,0,0,0,1,0,1,0,1,0,12,0,6.0,152,28,5.428571428571429
1,6,126,82,1,5,0,0,1,1,1,0,1,0,1,150,2,0,3.0,209,37,5.648648648648648
0,2,144,0,1,0,1,3,2,0,0,0,1,0,1,0,2,0,4.0,194,35,5.542857142857143
0,2,144,0,1,0,1,0,1,0,1,0,1,0,1,0,2,0,5.0,463,83,5.578313253012048
1,2,105,0,0,0,6,0,1,1,1,0,1,0,1,0,12,1,5.0,957,182,5.258241758241758
0,3,144,0,1,0,1,0,1,0,2,2,1,0,2,0,2,0,1.0,12,2,6.0
0,48,60,39,1,4,6,0,0,1,0,0,0,0,2,330,2,0,4.0,1099,191,5.7539267015706805
1,1,122,0,2,0,1,1,1,2,1,1,2,0,4,0,2,0,3.0,53,9,5.888888888888889
0,15,144,0,1,0,1,2,1,0,0,0,0,0,1,0,12,0,4.0,364,69,5.27536231884058
1,1,105,0,0,3,6,0,1,0,1,1,1,0,1,0,12,0,3.0,267,48,5.5625
0,2,144,0,1,1,6,0,1,1,1,1,1,0,1,0,3,0,3.0,155,25,6.2
1,60,105,0,1,6,0,0,2,0,0,0,0,1,1,0,2,0,5.0,20,4,5.0
1,2,105,0,1,0,6,0,1,0,0,0,1,0,1,0,12,0,1.0,161,29,5.551724137931035
0,60,144,0,0,0,4,5,2,2,2,2,2,0,1,0,2,0,1.0,270,52,5.1923076923076925
0,9,22,0,1,0,0,0,1,1,2,2,2,0,1,0,2,0,3.0,477,90,5.3
1,3,104,0,2,0,3,5,1,1,1,1,1,0,2,0,2,0,6.0,192,36,5.333333333333333
0,2,144,114,0,1,3,3,1,0,1,0,1,0,1,80,2,0,3.0,207,33,6.2727272727272725
0,1,144,114,1,0,1,0,1,1,1,1,1,0,1,0,2,0,2.0,12,2,6.0
0,1,144,0,0,0,6,0,1,1,2,2,1,0,1,0,2,0,1.0,88,16,5.5
1,4,104,0,1,0,5,5,1,1,1,1,1,0,1,0,12,0,5.0,37,6,6.166666666666667
0,2,144,0,2,0,1,5,1,0,1,0,1,0,5,0,2,0,5.0,521,100,5.21
1,2,105,0,1,0,3,5,1,0,1,0,1,0,1,0,2,0,2.0,83,15,5.533333333333333
0,1,144,0,1,0,6,0,1,1,1,1,1,0,1,0,2,0,11.0,410,75,5.466666666666667
1,3,135,101,0,1,5,5,0,0,1,0,1,0,1,0,2,0,5.0,116,21,5.523809523809524
0,60,48,0,1,0,1,5,1,0,0,0,0,0,1,300,2,0,3.0,300,57,5.2631578947368425
1,6,122,0,1,1,6,0,1,2,1,0,1,0,1,750,2,0,10.0,150,28,5.357142857142857
0,1,144,0,1,0,6,0,1,1,0,0,1,0,1,0,2,0,1.0,46,7,6.571428571428571
0,12,144,0,2,1,0,0,1,1,2,2,2,0,4,0,12,0,5.0,2150,366,5.8743169398907105
0,2,22,0,1,0,0,0,2,0,2,2,2,0,1,0,2,0,5.0,118,22,5.363636363636363
0,2,144,114,2,0,1,5,0,0,2,2,2,1,7,0,12,0,12.0,12,2,6.0
0,12,144,0,0,0,1,0,1,0,0,0,0,0,1,0,2,0,2.0,139,25,5.56
1,3,105,82,2,0,1,5,0,0,1,1,1,0,5,0,2,0,2.0,51,10,5.1
1,4,103,0,1,0,1,5,2,2,0,0,0,0,1,0,4,0,5.0,89,14,6.357142857142857
0,1,144,0,1,0,1,0,1,1,1,1,1,0,1,0,2,0,2.0,64,14,4.571428571428571
0,1,144,0,1,3,4,0,1,0,0,0,1,0,1,10,3,0,1.0,350,66,5.303030303030303
0,3,69,0,0,0,6,0,1,2,1,0,0,0,1,200,12,0,7.0,65,11,5.909090909090909
0,1,47,114,0,0,1,0,1,1,1,1,1,0,1,0,2,0,5.0,35,6,5.833333333333333
0,1,144,0,0,6,0,0,1,0,1,1,1,0,1,0,12,0,3.0,157,27,5.814814814814815
0,4,144,0,0,0,6,0,1,0,0,0,1,0,1,0,2,0,1.0,148,30,4.933333333333334
0,1,144,114,1,0,6,0,1,0,1,1,1,0,1,0,2,0,5.0,290,62,4.67741935483871
0,1,144,0,0,0,1,0,1,2,1,1,1,0,1,0,3,0,2.0,112,22,5.090909090909091
0,2,144,0,0,0,0,0,1,1,1,1,1,0,1,0,12,0,4.0,273,56,4.875
1,2,135,82,2,0,2,5,1,0,1,1,1,0,2,0,2,0,4.0,806,153,5.26797385620915
0,1,144,0,2,0,1,0,1,0,1,1,2,0,4,0,5,0,9.0,97,18,5.388888888888889
0,54,41,0,1,1,0,0,1,1,0,0,0,0,1,200,12,0,8.0,143,23,6.217391304347826
0,2,69,114,0,0,2,0,1,1,0,0,1,0,1,0,2,0,6.0,166,29,5.724137931034483
1,3,105,0,1,0,6,0,0,0,1,1,1,0,1,0,12,0,0.0,49,10,4.9
0,2,152,114,2,0,1,2,1,0,1,1,1,0,6,0,3,0,2.0,79,13,6.076923076923077
1,1,105,0,1,6,0,0,0,0,1,1,1,0,1,0,12,0,5.0,224,40,5.6
1,5,105,0,0,2,4,5,1,0,1,0,1,0,1,0,12,0,5.0,292,53,5.509433962264151
0,2,144,0,0,0,1,0,1,0,0,0,1,0,1,0,2,0,5.0,285,49,5.816326530612245
0,48,41,0,1,6,0,0,1,1,2,0,2,0,1,0,2,0,3.0,98,17,5.764705882352941
1,2,105,0,0,2,5,0,1,0,1,1,1,0,1,0,2,0,1.0,460,91,5.054945054945055
1,14,105,0,1,0,6,0,1,0,0,0,0,0,1,0,7,0,9.0,1746,284,6.147887323943662
0,3,144,0,0,1,4,5,1,0,0,0,1,0,1,0,2,0,3.0,110,20,5.5
0,12,144,0,1,2,3,0,1,0,2,2,2,0,1,0,2,0,3.0,473,84,5.630952380952381
1,1,105,0,0,0,6,0,1,0,2,2,2,0,1,0,12,0,3.0,446,90,4.955555555555556
1,3,105,0,0,2,0,0,1,1,1,0,1,2,1,0,12,0,6.0,386,68,5.676470588235294
0,2,144,0,1,0,1,0,1,1,0,0,1,0,1,0,2,0,4.0,121,20,6.05
0,3,144,0,0,0,1,0,1,1,1,1,1,0,1,0,2,0,2.0,94,20,4.7
0,3,144,0,0,4,0,0,1,0,0,0,1,0,1,0,2,0,1.0,280,51,5.490196078431373
1,6,105,80,0,3,4,0,1,1,2,0,2,0,1,30,2,0,5.0,68,12,5.666666666666667
1,0,104,0,0,0,6,0,1,1,1,1,1,1,1,0,12,0,4.0,348,74,4.702702702702703
0,0,144,0,0,4,0,0,0,0,1,1,1,0,2,0,5,0,5.0,50,8,6.25
1,2,105,0,0,5,6,0,1,0,1,0,1,0,1,0,12,0,9.0,665,132,5.037878787878788
0,108,22,0,0,2,0,0,2,0,1,0,0,0,2,0,2,0,2.0,150,29,5.172413793103448
1,2,128,82,1,4,0,0,1,0,0,0,1,0,1,0,12,0,3.0,436,79,5.518987341772152
0,10,144,0,1,1,2,0,1,1,0,0,1,0,2,0,12,0,2.0,597,120,4.975
1,2,104,0,0,2,0,0,1,1,1,1,1,0,1,0,12,0,7.0,338,66,5.121212121212121
0,4,144,114,1,6,0,0,2,0,0,0,0,0,1,50,5,0,2.0,227,41,5.536585365853658
0,1,69,114,1,0,1,0,1,1,0,2,1,0,1,0,2,0,3.0,118,21,5.619047619047619
1,1,105,0,1,0,6,0,1,0,0,0,1,0,1,0,12,0,5.0,147,28,5.25
1,1,105,0,0,2,4,0,0,1,1,1,1,0,1,0,2,0,1.0,40,8,5.0
1,4,105,0,0,5,0,0,1,0,0,1,1,0,1,0,2,0,15.0,858,161,5.329192546583851
1,1,128,82,1,1,4,0,0,0,1,0,1,0,1,160,2,0,5.0,372,69,5.391304347826087
0,36,144,0,1,1,2,2,1,0,2,2,2,1,1,0,12,0,2.0,205,45,4.555555555555555
1,6,105,0,1,2,3,0,1,0,0,0,0,0,1,0,2,0,5.0,500,90,5.555555555555555
1,4,105,0,1,1,6,0,1,0,0,0,1,0,1,0,2,0,1.0,211,38,5.552631578947368
0,13,144,0,0,0,1,1,2,2,0,0,2,0,1,0,12,0,0.0,234,46,5.086956521739131
0,18,144,0,0,0,1,0,1,0,0,0,0,0,1,300,2,0,1.0,497,74,6.716216216216216
1,5,105,0,0,3,6,0,0,0,1,1,1,0,1,0,2,0,4.0,362,71,5.098591549295775
0,1,144,0,1,0,5,0,1,0,1,1,1,0,1,0,12,0,1.0,200,38,5.2631578947368425
0,3,22,114,0,0,6,0,1,1,0,0,1,0,1,0,2,0,3.0,134,27,4.962962962962963
0,3,144,0,1,0,1,5,0,0,1,1,1,0,1,0,12,0,2.0,88,15,5.866666666666666
1,24,105,106,1,0,1,4,1,0,0,0,0,0,1,160,2,0,1.0,155,27,5.7407407407407405
0,36,26,114,1,6,0,0,0,1,0,0,0,0,2,0,2,0,3.0,592,104,5.6923076923076925
0,1,65,114,2,0,1,0,1,0,1,0,1,0,2,0,2,0,4.0,77,14,5.5
1,1,104,82,0,1,2,0,1,1,1,1,1,0,1,0,11,0,2.0,273,57,4.7894736842105265
1,2,105,0,0,0,0,0,0,1,1,0,1,0,1,0,4,0,1.0,206,39,5.282051282051282
0,6,5,0,0,0,0,0,1,0,0,0,1,0,1,0,2,0,1.0,92,17,5.411764705882353
0,3,144,114,1,0,0,0,1,0,0,0,1,0,1,0,2,0,2.0,149,29,5.137931034482759
1,2,133,0,2,2,5,5,0,1,1,1,1,0,7,0,2,0,5.0,171,29,5.896551724137931
1,1,105,0,1,1,2,2,1,0,1,1,1,0,1,0,1,0,3.0,329,59,5.576271186440678
1,2,105,0,1,5,6,0,1,0,1,1,1,0,1,100,2,0,5.0,75,14,5.357142857142857
1,2,135,0,1,0,5,5,1,0,1,1,1,0,2,0,12,0,1.0,172,31,5.548387096774194
0,2,144,114,1,1,0,0,1,1,0,0,1,0,1,0,2,0,1.0,12,2,6.0
1,2,104,0,1,5,6,0,0,1,1,0,1,0,1,0,12,0,10.0,194,37,5.243243243243243
1,4,105,0,0,0,0,0,1,0,1,1,1,0,1,0,12,0,5.0,299,57,5.245614035087719
0,9,61,48,0,6,0,0,2,2,0,0,1,0,1,600,12,0,3.0,872,173,5.040462427745664
0,2,144,114,2,4,0,0,1,0,0,0,1,0,2,0,2,0,6.0,996,185,5.383783783783784
1,1,105,0,1,0,0,0,0,0,1,1,1,0,1,0,2,0,2.0,160,32,5.0
0,2,144,0,1,4,6,0,1,1,1,1,1,0,1,0,2,0,4.0,209,40,5.225
0,2,47,114,2,0,3,0,1,1,1,0,1,0,3,0,12,0,3.0,384,65,5.907692307692308
0,24,69,0,1,6,0,0,1,1,2,2,2,1,1,0,2,0,0.0,235,43,5.465116279069767
0,48,8,0,2,2,0,0,2,2,0,0,1,0,2,0,12,0,3.0,325,56,5.803571428571429
0,1,144,114,2,0,1,3,1,1,1,0,2,0,5,0,0,0,5.0,121,21,5.761904761904762
1,1,104,61,1,2,4,5,1,1,1,0,1,0,1,40,2,0,7.0,1087,186,5.844086021505376
0,5,144,0,1,2,0,0,1,1,2,2,2,0,1,0,4,0,3.0,557,101,5.514851485148514
0,2,144,0,0,4,0,0,1,1,1,1,1,0,1,0,2,0,4.0,578,111,5.207207207207207
0,2,23,17,1,0,1,3,1,0,1,0,2,0,1,0,12,0,1.0,135,32,4.21875
1,2,105,0,1,1,3,3,0,0,2,0,1,0,1,0,2,0,8.0,529,105,5.038095238095238
0,12,41,114,0,1,4,0,1,1,0,0,0,0,1,0,2,1,8.0,331,48,6.895833333333333
1,2,140,0,2,0,1,5,1,0,1,1,1,0,3,0,12,0,9.0,475,90,5.277777777777778
0,72,144,0,1,0,1,0,1,1,0,0,0,0,1,100,2,0,2.0,291,51,5.705882352941177
0,12,144,0,0,1,4,5,1,0,0,0,2,0,1,0,4,0,2.0,900,177,5.084745762711864
1,6,96,110,1,4,5,5,1,0,0,0,0,0,2,50,2,0,2.0,288,54,5.333333333333333
1,1,105,81,2,0,5,5,0,1,1,1,1,0,2,0,12,0,3.0,357,64,5.578125
1,8,120,0,1,0,1,5,1,1,1,1,1,0,1,0,12,0,8.0,465,82,5.670731707317073
1,2,105,0,2,0,6,0,0,0,1,0,1,0,2,0,12,0,2.0,41,7,5.857142857142857
1,2,105,0,1,4,5,5,1,0,0,0,1,0,2,0,2,0,12.0,1114,199,5.597989949748744
0,12,43,0,1,4,0,0,0,0,0,0,1,0,1,350,2,0,1.0,193,40,4.825
1,4,105,0,0,0,1,5,2,0,1,1,1,0,1,0,12,0,3.0,1,1,1.0
0,1,144,114,1,1,6,0,1,0,1,1,1,0,1,50,2,0,5.0,820,157,5.222929936305732
0,21,144,121,1,3,4,0,1,1,0,1,1,0,1,0,2,0,2.0,359,76,4.723684210526316
0,3,144,0,2,3,0,0,1,1,0,0,0,0,2,0,4,0,2.0,414,77,5.376623376623376
0,60,144,114,0,1,4,5,1,1,0,0,0,0,1,0,2,0,4.0,106,15,7.066666666666666
1,4,82,113,0,6,0,0,0,0,1,0,1,0,1,1,12,0,3.0,202,44,4.590909090909091
1,2,105,0,0,0,1,5,1,0,1,1,1,0,1,0,12,0,3.0,289,47,6.148936170212766
0,9,144,0,1,6,0,0,1,0,0,0,0,0,1,0,12,0,2.0,361,68,5.3088235294117645
0,3,144,0,1,3,6,0,1,0,1,1,1,1,1,0,5,0,2.0,719,149,4.825503355704698
0,1,144,114,0,0,1,0,1,1,1,1,1,0,1,0,2,0,4.0,76,8,9.5
0,12,144,0,1,1,4,0,1,0,0,0,0,0,1,0,2,0,3.0,307,56,5.482142857142857
0,1,161,114,1,0,4,0,1,0,1,1,1,0,1,0,2,0,5.0,359,64,5.609375
0,0,144,0,2,0,1,0,1,0,1,1,1,0,8,0,12,0,2.0,145,27,5.37037037037037
1,2,128,0,1,1,6,0,0,0,1,0,1,1,1,0,2,0,10.0,602,112,5.375
0,2,144,0,0,0,1,5,1,0,0,0,1,0,1,0,2,0,6.0,400,78,5.128205128205129
1,14,104,0,1,3,4,0,1,1,0,0,1,0,1,0,2,0,5.0,562,108,5.203703703703703
1,4,105,68,1,0,2,5,1,0,0,0,1,0,1,0,2,0,14.0,375,64,5.859375
1,10,105,0,1,1,0,0,0,0,1,0,0,0,1,0,2,0,3.0,652,127,5.133858267716535
0,2,144,0,1,1,3,5,1,0,2,2,2,1,1,0,2,0,3.0,32,5,6.4
1,1,105,0,2,1,3,4,0,1,1,1,1,0,5,0,2,0,7.0,328,60,5.466666666666667
1,5,135,0,1,4,5,5,1,1,0,0,0,0,1,150,7,0,6.0,2634,497,5.2997987927565395
1,8,125,81,1,2,6,0,1,1,1,0,1,0,1,250,12,0,2.0,316,65,4.861538461538461
0,3,144,0,1,1,0,0,1,0,1,0,1,0,1,0,2,0,4.0,107,19,5.631578947368421
0,24,1,0,2,3,0,0,1,0,0,0,0,0,2,0,4,0,5.0,803,150,5.3533333333333335
1,8,105,0,1,0,1,5,1,0,0,0,0,0,1,0,12,0,14.0,989,183,5.404371584699454
0,3,144,0,1,1,0,0,1,0,2,2,1,0,1,0,3,0,2.0,213,37,5.756756756756757
0,36,144,114,0,0,1,5,1,2,0,0,0,0,2,250,12,0,2.0,257,42,6.119047619047619
0,2,144,0,1,1,0,0,1,1,1,0,1,0,1,0,2,0,4.0,410,83,4.9397590361445785
1,2,105,0,1,0,6,0,1,0,1,0,1,0,1,0,2,0,5.0,295,41,7.195121951219512
0,2,144,0,1,1,6,0,1,1,0,0,1,0,1,0,2,0,4.0,188,36,5.222222222222222
1,2,105,0,1,0,0,0,0,0,1,1,1,0,2,0,2,0,3.0,294,59,4.983050847457627
0,8,30,0,0,1,0,0,0,0,0,0,0,0,1,0,12,0,3.0,180,32,5.625
1,8,104,0,1,0,0,0,0,1,1,1,0,0,1,80,12,0,6.0,290,50,5.8
0,5,5,129,1,0,1,0,1,0,2,2,1,0,1,550,12,0,5.0,3395,605,5.6115702479338845
0,24,144,0,0,1,0,0,2,0,2,2,2,0,1,0,12,1,2.0,258,52,4.961538461538462
1,3,104,0,0,0,5,0,1,1,1,1,1,0,1,0,12,0,2.0,170,32,5.3125
0,2,144,0,1,4,0,0,1,0,0,0,1,0,1,0,2,0,2.0,70,15,4.666666666666667
1,11,105,0,1,6,0,0,0,0,0,0,0,0,1,50,12,0,3.0,108,16,6.75
0,2,47,114,1,0,0,0,1,0,1,1,1,0,1,0,12,0,1.0,58,9,6.444444444444445
0,84,81,0,1,0,2,5,0,0,0,0,1,0,1,0,2,0,1.0,543,103,5.271844660194175
1,5,105,0,0,2,0,0,0,0,0,0,1,0,1,0,2,0,1.0,58,13,4.461538461538462
1,108,84,0,0,2,0,0,1,1,0,2,0,0,1,0,2,0,4.0,125,24,5.208333333333333
0,3,144,0,2,0,1,3,1,0,2,2,2,0,2,0,12,0,2.0,172,28,6.142857142857143
1,8,84,0,1,0,5,0,1,1,1,0,1,0,1,0,3,0,1.0,153,31,4.935483870967742
0,1,17,114,1,0,1,5,1,0,0,0,1,0,1,0,12,0,9.0,928,158,5.8734177215189876
0,3,144,131,1,0,1,0,1,1,0,0,1,0,1,0,2,0,4.0,142,23,6.173913043478261
0,54,60,0,0,5,6,0,0,1,2,2,1,2,1,0,12,0,5.0,281,52,5.403846153846154
1,12,104,106,0,0,0,0,1,1,0,0,0,0,1,0,4,0,5.0,186,29,6.413793103448276
1,3,105,0,0,0,6,0,1,0,0,0,0,0,1,0,2,0,15.0,368,68,5.411764705882353
0,3,144,13,1,1,6,0,1,0,1,0,1,0,1,0,12,0,10.0,497,91,5.461538461538462
1,1,82,62,1,3,4,5,1,2,2,2,2,0,1,0,2,0,3.0,54,11,4.909090909090909
0,18,37,54,1,4,0,0,0,1,2,0,2,0,1,100,2,0,4.0,1198,210,5.704761904761905
0,1,144,0,1,0,1,5,1,1,1,0,1,0,1,0,2,0,2.0,12,2,6.0
0,2,144,114,0,0,0,0,1,1,0,0,1,0,1,0,2,0,3.0,12,2,6.0
1,2,105,82,1,0,6,0,1,1,1,1,1,0,1,0,2,0,3.0,110,16,6.875
1,2,104,81,0,6,0,0,1,1,0,0,1,1,1,0,12,0,9.0,380,65,5.846153846153846
0,3,144,0,1,1,4,0,1,1,1,1,1,0,1,0,2,2,3.0,370,74,5.0
1,3,105,0,1,4,0,0,1,0,0,0,1,0,2,0,2,0,3.0,917,176,5.2102272727272725
0,1,144,0,1,1,0,0,1,0,1,1,1,0,1,0,2,3,4.0,573,112,5.116071428571429
0,1,144,114,0,0,1,0,1,1,1,0,1,0,1,0,2,0,1.0,14,3,4.666666666666667
1,2,128,82,2,0,2,0,0,1,1,1,1,0,3,0,2,0,8.0,202,38,5.315789473684211
1,4,105,0,1,1,2,2,0,0,1,0,1,0,1,0,2,0,1.0,10,2,5.0
1,9,105,0,1,4,0,0,1,0,1,1,1,0,1,0,2,0,2.0,26,5,5.2
0,9,144,0,0,1,6,0,1,0,0,0,0,0,1,0,2,0,6.0,290,63,4.603174603174603
0,3,144,114,0,1,0,0,1,0,0,2,0,0,1,0,2,0,1.0,554,103,5.378640776699029
1,2,105,110,0,0,2,0,0,0,1,0,1,0,1,0,4,0,1.0,186,36,5.166666666666667
0,3,144,0,1,0,6,0,1,0,1,0,1,0,1,0,12,0,3.0,291,55,5.290909090909091
0,12,144,6,0,1,2,0,1,1,0,0,0,0,1,0,12,0,4.0,801,141,5.680851063829787
1,0,105,0,2,4,6,0,0,0,1,1,1,0,5,0,12,0,7.0,814,149,5.4630872483221475
0,12,54,53,0,0,1,5,1,0,0,0,0,0,1,0,7,0,2.0,158,36,4.388888888888889
1,4,128,0,0,0,1,5,0,0,1,0,1,0,1,50,12,0,5.0,889,175,5.08
0,72,41,0,1,4,0,0,0,0,1,1,1,0,1,200,2,0,1.0,177,33,5.363636363636363
0,7,144,48,1,0,6,0,1,0,0,0,1,0,1,100,2,0,3.0,155,24,6.458333333333333
1,6,105,0,1,1,0,0,1,0,0,0,1,0,1,0,0,0,2.0,470,91,5.164835164835165
1,8,103,0,0,3,6,0,1,2,1,0,1,0,1,0,2,0,5.0,694,138,5.028985507246377
0,2,144,0,1,0,4,5,1,1,1,1,1,0,1,0,2,0,5.0,367,72,5.097222222222222
0,2,144,0,0,0,1,0,1,1,0,0,1,0,1,0,2,0,2.0,266,49,5.428571428571429
0,24,81,0,0,0,1,0,0,0,2,2,2,0,1,0,12,0,1.0,286,55,5.2
0,1,144,0,0,0,1,0,1,0,0,0,1,0,1,0,2,0,6.0,210,33,6.363636363636363
0,9,51,114,0,1,0,0,0,0,0,0,1,0,1,50,12,0,4.0,509,106,4.80188679245283
0,8,144,0,0,3,4,0,2,0,0,0,0,0,1,80,2,0,2.0,250,50,5.0
1,2,105,0,2,3,0,0,1,0,1,1,1,0,3,0,2,0,1.0,148,26,5.6923076923076925
0,72,65,4,1,0,0,0,1,1,2,2,0,0,1,0,2,0,2.0,229,44,5.204545454545454
1,2,104,0,0,0,6,0,0,1,1,0,1,0,1,0,2,0,3.0,19,3,6.333333333333333
0,3,144,0,0,1,0,0,1,0,1,1,1,0,1,0,2,0,1.0,231,41,5.634146341463414
0,12,8,0,0,2,0,0,2,2,0,0,1,0,1,0,2,0,1.0,73,12,6.083333333333333
0,2,144,4,1,1,0,0,1,0,1,1,1,0,1,0,2,0,2.0,481,91,5.285714285714286
0,2,144,0,1,0,4,5,1,0,1,1,1,0,1,0,4,1,7.0,1239,230,5.386956521739131
1,3,128,106,2,1,6,0,1,0,1,1,1,0,3,0,2,0,5.0,211,38,5.552631578947368
1,5,105,0,1,0,6,0,1,0,1,0,1,1,1,0,2,0,2.0,991,191,5.18848167539267
0,60,41,0,1,4,0,0,1,1,0,0,0,0,1,0,3,0,2.0,89,17,5.235294117647059
0,1,144,114,0,0,6,0,1,1,1,0,1,0,1,0,2,0,4.0,12,2,6.0
0,1,144,114,1,0,1,0,1,1,1,0,1,0,1,0,2,0,1.0,14,3,4.666666666666667
0,5,144,0,0,1,0,0,1,0,0,0,1,0,1,0,2,0,4.0,253,45,5.622222222222222
0,3,47,114,1,1,4,0,1,0,1,0,1,0,1,0,3,0,11.0,47,9,5.222222222222222
1,21,135,0,0,3,6,0,1,0,0,0,0,0,1,0,2,0,3.0,212,39,5.435897435897436
0,1,144,0,2,0,1,0,1,0,1,1,1,0,3,0,2,0,9.0,171,33,5.181818181818182
1,1,104,0,2,0,0,0,0,1,1,1,1,0,5,0,0,0,5.0,308,45,6.844444444444444
1,3,105,0,0,0,6,0,0,0,0,0,1,0,1,0,5,0,6.0,21,3,7.0
1,1,104,0,1,0,5,5,1,1,1,1,1,0,1,0,2,0,1.0,154,30,5.133333333333334
0,2,144,0,1,4,0,0,1,1,2,2,2,0,1,0,0,0,1.0,64,11,5.818181818181818
0,3,144,4,0,0,6,0,1,1,0,0,1,0,1,0,2,0,5.0,14,3,4.666666666666667
0,2,144,0,1,1,2,0,1,1,0,0,1,0,1,100,2,0,4.0,253,57,4.43859649122807
0,8,65,53,1,1,4,5,0,1,1,1,0,0,1,50,2,0,4.0,111,17,6.529411764705882
0,4,22,114,1,0,6,0,2,1,0,0,1,0,1,200,12,0,5.0,1814,342,5.304093567251462
1,6,135,0,1,5,6,0,1,0,0,0,0,0,1,200,7,0,8.0,1221,240,5.0875
1,12,105,0,1,0,6,0,1,0,2,2,2,0,1,0,2,0,3.0,67,16,4.1875
0,2,144,0,0,1,0,0,1,1,0,0,1,0,1,0,2,0,1.0,169,35,4.828571428571428
0,3,42,114,1,1,6,0,1,0,2,2,1,0,1,0,2,0,4.0,136,21,6.476190476190476
1,1,104,82,1,0,1,5,0,0,1,1,1,0,1,0,12,0,5.0,452,79,5.7215189873417724
1,0,105,0,0,0,0,0,0,0,1,1,1,0,1,0,2,0,1.0,657,136,4.830882352941177
0,2,144,0,1,0,1,5,1,0,1,1,1,0,1,0,2,0,7.0,389,71,5.47887323943662
0,2,144,0,0,1,6,0,0,0,2,2,2,0,1,0,2,0,1.0,253,42,6.023809523809524
0,3,144,0,0,4,0,0,1,0,1,0,1,0,1,0,2,3,30.0,552,108,5.111111111111111
1,3,105,0,1,5,6,0,0,0,1,1,1,0,1,0,7,0,5.0,61,12,5.083333333333333
1,12,122,97,1,1,4,4,2,2,0,0,1,0,1,250,2,0,1.0,243,47,5.170212765957447
1,1,144,0,0,0,6,0,0,0,1,1,2,0,1,0,2,0,2.0,513,102,5.029411764705882
1,3,128,89,1,0,1,0,0,2,1,1,1,0,1,0,7,0,4.0,197,36,5.472222222222222
0,84,54,0,1,0,1,5,1,0,0,0,0,0,1,0,2,0,4.0,267,52,5.134615384615385
0,2,144,0,0,0,1,0,1,1,0,0,1,0,1,0,4,0,1.0,88,16,5.5
0,2,144,0,2,1,4,5,1,0,2,0,1,0,9,0,12,0,1.0,35,5,7.0
0,6,144,0,1,1,0,0,1,0,1,1,0,0,1,0,12,0,4.0,565,106,5.330188679245283
1,1,105,0,0,2,6,0,0,0,1,0,1,0,1,0,12,0,5.0,356,71,5.014084507042254
1,24,121,101,2,0,5,5,0,1,1,0,1,0,4,0,2,0,3.0,65,12,5.416666666666667
0,3,4,114,1,0,1,0,1,1,1,1,1,0,1,0,12,0,2.0,136,28,4.857142857142857
0,24,144,0,1,1,6,0,1,0,0,0,0,0,1,0,2,0,1.0,121,24,5.041666666666667
0,9,144,116,1,1,6,0,2,1,0,0,0,0,1,200,2,0,5.0,175,31,5.645161290322581
0,24,144,0,0,1,6,0,2,1,2,2,2,1,4,0,12,0,1.0,204,43,4.744186046511628
1,1,135,0,1,0,6,0,1,1,1,1,1,0,1,0,2,0,1.0,556,108,5.148148148148148
1,2,105,0,1,0,3,5,0,0,1,1,1,0,2,0,2,0,5.0,131,23,5.695652173913044
1,3,105,0,1,0,6,0,1,1,1,1,1,0,1,0,12,0,5.0,737,143,5.153846153846154
1,2,105,106,2,0,1,5,1,0,1,1,1,0,3,0,2,0,2.0,363,58,6.258620689655173
1,2,105,0,0,0,6,0,0,0,1,1,1,0,1,10,2,0,3.0,140,21,6.666666666666667
0,10,144,4,0,1,0,0,1,1,0,1,1,0,1,0,12,0,1.0,150,31,4.838709677419355
0,10,144,0,1,1,6,0,0,0,0,0,2,0,1,0,2,0,5.0,63,11,5.7272727272727275
0,1,144,0,1,0,1,0,1,1,1,1,1,0,1,0,3,0,6.0,325,65,5.0
0,36,144,0,1,2,6,0,1,0,0,0,0,0,1,250,2,3,30.0,1292,238,5.428571428571429
0,1,144,0,1,1,0,0,1,0,1,0,1,0,1,0,5,0,2.0,582,115,5.060869565217391
0,2,144,114,1,0,0,0,1,1,1,0,1,0,1,0,2,0,5.0,12,2,6.0
0,12,144,0,1,1,0,0,1,0,2,2,2,0,1,0,12,0,3.0,347,66,5.257575757575758
1,14,104,94,0,0,1,5,2,1,0,0,0,0,1,10,2,0,1.0,144,20,7.2
0,3,144,0,0,0,6,0,1,1,0,0,2,0,1,0,2,0,3.0,298,62,4.806451612903226
1,1,119,0,0,0,5,0,1,1,0,0,1,0,1,0,2,0,1.0,140,27,5.185185185185185
0,12,147,114,1,1,6,0,1,1,0,0,0,0,1,0,2,0,3.0,219,41,5.341463414634147
1,5,88,0,1,0,4,0,0,0,1,1,1,0,1,0,2,0,1.0,87,17,5.117647058823529
0,20,144,0,0,1,0,0,1,0,0,0,0,0,1,0,3,0,2.0,220,43,5.116279069767442
0,24,150,114,1,0,4,5,1,1,0,1,0,0,1,50,3,0,2.0,211,38,5.552631578947368
1,3,105,0,0,0,0,0,1,1,0,0,1,0,1,0,2,0,5.0,547,109,5.018348623853211
0,5,144,0,0,1,4,0,1,1,0,0,1,0,1,0,2,0,8.0,504,94,5.361702127659575
0,6,144,0,0,0,6,0,1,1,0,0,0,0,1,0,2,0,5.0,374,66,5.666666666666667
0,2,144,0,0,1,0,0,1,0,1,1,1,0,1,0,2,0,1.0,214,41,5.219512195121951
1,1,105,0,2,0,1,0,1,0,1,1,1,0,2,0,2,0,5.0,418,85,4.91764705882353
1,3,105,0,2,1,3,5,0,0,2,2,1,0,5,0,2,0,5.0,449,77,5.8311688311688314
0,24,65,47,0,1,6,0,1,2,2,2,2,0,1,0,2,0,6.0,160,32,5.0
0,2,22,114,0,2,6,0,1,0,1,0,1,0,1,0,2,0,0.0,25,4,6.25
1,4,105,0,0,2,6,0,0,1,0,0,0,0,1,0,12,0,3.0,313,56,5.589285714285714
0,1,144,114,2,0,1,0,1,0,0,0,1,0,3,0,2,0,5.0,135,28,4.821428571428571
0,1,144,0,2,1,0,0,1,0,1,0,1,0,2,0,2,0,1.0,44,8,5.5
1,3,143,0,1,0,6,0,0,2,2,2,1,0,1,0,2,0,6.0,513,99,5.181818181818182
0,30,30,114,2,2,4,0,0,0,2,2,2,0,2,0,3,0,5.0,326,56,5.821428571428571
1,6,104,0,0,4,0,0,1,1,1,1,1,0,1,0,2,0,1.0,16,3,5.333333333333333
1,12,128,106,1,1,5,0,1,0,0,0,0,0,1,0,2,0,7.0,87,16,5.4375
1,24,105,0,1,0,0,0,1,0,1,1,0,0,1,0,2,0,1.0,17,2,8.5
0,2,144,0,0,0,1,0,1,1,1,1,1,0,1,0,2,0,5.0,161,29,5.551724137931035
0,8,164,114,1,0,0,0,1,0,2,2,0,0,1,0,2,0,1.0,179,33,5.424242424242424
1,2,104,0,1,2,0,0,0,1,2,2,2,0,1,0,2,1,5.0,466,76,6.131578947368421
1,1,104,81,0,3,4,5,1,1,1,0,1,0,2,0,12,0,15.0,256,44,5.818181818181818
0,1,144,0,1,0,6,0,1,0,1,1,1,0,3,0,2,0,20.0,601,109,5.513761467889908
1,4,105,0,0,4,6,0,1,1,2,0,2,0,1,0,12,0,1.0,54,9,6.0
0,2,144,0,2,0,1,5,1,0,0,0,2,0,5,0,3,0,1.0,139,25,5.56
1,2,105,0,0,5,6,0,1,0,1,0,1,0,1,0,2,0,7.0,647,127,5.094488188976378
0,4,144,0,1,1,0,0,1,0,0,0,0,0,1,0,12,0,5.0,593,115,5.156521739130435
