Type,Age,Breed1,Breed2,Gender,Color1,Color2,Color3,MaturitySize,FurLength,Vaccinated,Dewormed,Sterilized,Health,Quantity,Fee,State,VideoAmt,PhotoAmt,desc_length,desc_words,average_word_length
0,36,144,0,1,1,4,5,2,1,1,1,0,0,1,0,7,0,1.0,58,10,5.8
0,72,22,0,0,4,0,0,2,1,0,0,1,0,1,0,2,0,6.0,1042,196,5.316326530612245
1,12,105,96,2,0,1,0,1,2,1,1,1,0,4,0,12,0,2.0,203,41,4.951219512195122
1,2,104,0,0,5,6,0,1,1,1,1,1,0,1,0,3,1,16.0,866,164,5.280487804878049
0,2,144,0,0,0,1,0,1,1,1,1,1,0,1,0,2,0,3.0,63,12,5.25
0,5,144,0,0,0,1,0,1,0,0,0,1,0,1,0,2,0,1.0,304,59,5.1525423728813555
1,1,104,80,1,0,6,0,1,1,1,1,1,0,1,50,2,0,6.0,692,130,5.323076923076923
0,72,17,0,0,1,6,0,1,0,0,0,0,0,1,250,12,0,1.0,1322,244,5.418032786885246
0,4,144,35,0,0,1,0,1,0,1,1,1,0,1,0,12,0,2.0,48,8,6.0
0,36,144,0,1,1,0,0,1,0,0,0,0,0,1,0,12,0,12.0,1471,295,4.986440677966102
0,24,60,0,0,5,6,0,0,2,0,0,0,0,1,0,12,0,2.0,217,38,5.7105263157894735
0,24,144,54,0,1,0,0,1,1,2,0,1,0,1,0,1,0,2.0,285,62,4.596774193548387
0,1,144,114,2,1,2,4,0,0,1,1,2,0,6,0,2,1,5.0,209,43,4.8604651162790695
1,19,105,82,0,3,0,0,1,0,0,0,0,0,1,0,2,0,5.0,116,7,16.571428571428573
0,11,54,0,1,0,1,5,1,0,0,0,2,0,1,0,2,0,2.0,50,11,4.545454545454546
0,12,144,16,0,1,3,3,2,1,1,1,0,0,1,150,2,0,3.0,527,103,5.116504854368932
1,6,105,0,1,2,5,5,0,0,0,0,0,0,1,0,12,0,1.0,355,69,5.144927536231884
0,2,144,114,1,0,1,0,1,0,1,1,1,0,1,0,12,0,3.0,131,24,5.458333333333333
1,3,105,0,1,0,0,0,0,0,1,1,1,1,1,0,12,0,1.0,18,3,6.0
1,3,105,0,0,4,5,5,1,0,0,1,1,0,2,0,12,0,5.0,69,13,5.3076923076923075
1,7,105,0,0,0,0,0,0,0,0,0,0,0,1,10,3,0,1.0,709,123,5.764227642276423
1,2,104,0,2,6,0,0,1,1,0,0,1,0,6,0,2,0,7.0,198,34,5.823529411764706
0,4,22,114,1,0,6,0,2,1,0,0,1,0,1,200,12,0,5.0,1814,342,5.304093567251462
0,2,144,116,1,1,6,0,1,0,1,1,1,0,1,0,2,0,9.0,1034,203,5.093596059113301
0,24,144,114,2,0,1,0,1,0,1,1,0,0,2,0,2,0,0.0,876,167,5.245508982035928
0,3,144,0,1,1,0,0,1,1,0,0,1,0,1,0,2,0,8.0,1026,181,5.668508287292818
0,2,69,114,1,2,0,0,1,0,0,0,1,0,1,0,12,0,5.0,69,15,4.6
1,55,105,0,0,3,6,0,2,0,0,0,0,0,3,0,2,0,6.0,227,36,6.305555555555555
1,2,105,0,2,0,2,5,0,0,0,0,1,0,4,0,3,0,6.0,178,28,6.357142857142857
1,2,105,0,0,6,0,0,1,0,1,0,1,0,1,0,2,2,6.0,979,186,5.263440860215054
0,4,144,0,1,0,3,0,1,1,0,0,1,0,1,0,2,0,2.0,130,24,5.416666666666667
1,4,105,0,2,0,5,5,0,0,1,1,1,0,3,0,12,0,1.0,84,17,4.9411764705882355
1,6,112,0,0,0,6,0,1,1,1,1,1,0,1,0,2,0,3.0,121,27,4.481481481481482
1,3,105,0,0,2,3,0,1,0,1,1,1,0,1,0,3,0,1.0,203,37,5.486486486486487
0,96,144,114,0,0,0,0,1,0,0,0,0,0,1,0,12,0,1.0,1081,199,5.432160804020101
0,3,144,0,2,0,1,3,1,0,1,0,1,0,2,0,4,0,1.0,441,84,5.25
0,2,165,130,2,0,1,5,0,1,0,2,2,0,5,0,2,0,1.0,63,12,5.25
1,3,104,0,0,0,0,0,0,1,1,1,1,0,1,0,12,0,2.0,383,66,5.803030303030303
0,24,41,0,0,1,2,0,0,0,0,0,0,0,1,350,12,0,3.0,714,143,4.993006993006993
0,2,144,0,1,4,6,0,1,0,1,1,1,0,1,20,3,0,1.0,142,24,5.916666666666667
0,3,144,0,1,0,0,0,1,0,1,1,1,0,1,0,2,0,2.0,352,71,4.957746478873239
1,18,104,0,1,4,0,0,1,1,0,0,1,0,1,0,2,0,4.0,228,43,5.3023255813953485
0,2,144,0,0,0,1,0,1,1,1,1,1,0,1,0,2,0,1.0,253,49,5.163265306122449
0,2,144,0,2,1,4,5,2,0,0,0,1,0,6,0,2,0,1.0,326,44,7.409090909090909
0,2,144,0,2,0,1,3,1,0,1,1,1,0,2,0,2,0,4.0,645,119,5.420168067226891
0,11,144,0,1,1,6,0,1,0,0,2,0,0,1,0,2,0,1.0,179,33,5.424242424242424
0,0,152,114,0,0,0,0,1,0,1,1,1,0,1,0,12,0,6.0,327,67,4.880597014925373
1,2,105,0,1,0,2,5,0,0,0,0,1,0,1,0,12,0,2.0,488,95,5.136842105263158
0,2,69,114,0,1,2,5,1,1,0,0,1,0,1,0,2,0,5.0,165,29,5.689655172413793
1,48,105,0,0,2,6,0,1,1,1,1,1,0,1,0,2,0,3.0,540,100,5.4
1,0,128,0,2,0,4,5,1,1,1,1,1,0,5,0,2,0,5.0,377,78,4.833333333333333
0,0,152,114,1,1,0,0,1,0,1,1,1,0,1,0,12,0,2.0,91,18,5.055555555555555
0,24,51,30,1,5,6,0,0,1,0,0,1,0,1,150,12,0,4.0,614,111,5.531531531531532
0,2,144,0,1,1,0,0,1,1,0,0,1,0,1,0,4,0,1.0,225,41,5.487804878048781
0,24,144,0,1,0,0,0,1,0,0,0,0,0,2,0,2,0,6.0,188,39,4.82051282051282
1,3,105,0,1,0,6,0,0,0,0,0,1,0,1,0,12,0,3.0,11,2,5.5
0,48,144,0,1,0,1,0,2,0,0,0,1,0,1,0,2,0,2.0,254,49,5.183673469387755
1,2,105,0,1,0,6,0,0,0,1,0,1,0,1,0,3,0,3.0,138,19,7.2631578947368425
1,3,105,0,0,3,0,0,0,0,1,0,1,0,1,0,12,0,1.0,1317,260,5.065384615384615
1,1,105,0,1,2,6,0,0,1,1,1,1,0,1,0,2,0,2.0,313,63,4.968253968253968
0,3,54,4,2,0,1,0,1,0,1,0,2,0,3,0,3,0,4.0,424,80,5.3
1,2,105,0,1,1,0,0,0,0,2,2,2,0,1,0,12,0,5.0,651,112,5.8125
0,4,8,0,0,2,4,0,1,1,0,0,1,0,2,300,2,0,2.0,209,33,6.333333333333333
0,2,144,0,1,0,6,0,0,1,1,0,1,0,1,0,2,0,1.0,76,17,4.470588235294118
1,4,135,0,1,0,3,0,0,1,1,0,0,0,1,100,4,0,2.0,72,12,6.0
0,84,60,0,0,1,6,0,1,1,2,0,1,0,1,200,2,0,3.0,8,1,8.0
0,2,144,0,1,1,0,0,1,1,1,0,1,0,1,0,2,0,1.0,111,19,5.842105263157895
0,3,144,0,1,0,1,0,1,0,1,0,1,0,1,90,2,0,1.0,80,15,5.333333333333333
0,5,144,0,1,3,0,0,1,0,0,0,2,0,1,0,12,0,5.0,172,32,5.375
0,2,144,0,1,1,0,0,1,1,0,1,1,0,1,40,3,0,4.0,516,90,5.733333333333333
1,3,105,0,1,0,1,5,0,0,1,1,1,0,1,0,12,0,1.0,266,52,5.115384615384615
0,1,144,0,2,0,3,0,0,0,0,0,1,0,3,0,12,0,9.0,310,57,5.43859649122807
0,2,144,114,1,1,0,0,1,1,1,0,1,0,1,0,2,0,9.0,12,2,6.0
0,1,144,0,1,6,0,0,1,1,1,1,1,0,1,0,3,0,5.0,99,17,5.823529411764706
0,1,144,0,1,0,0,0,1,1,1,1,1,0,1,0,3,0,1.0,133,22,6.045454545454546
0,24,60,0,1,0,6,0,0,2,0,0,0,0,1,0,12,0,2.0,193,31,6.225806451612903
1,12,105,0,1,0,1,5,1,0,0,0,1,0,4,0,2,0,5.0,134,24,5.583333333333333
0,2,144,114,0,0,1,1,0,1,0,0,1,0,1,0,2,0,5.0,390,75,5.2
1,2,105,0,0,5,0,0,1,0,1,0,1,0,1,0,12,0,3.0,213,38,5.605263157894737
1,12,104,0,1,0,5,5,1,1,1,0,0,0,1,0,2,0,2.0,352,68,5.176470588235294
0,1,144,0,1,1,0,0,0,0,1,1,1,0,1,0,2,0,1.0,202,39,5.17948717948718
0,12,144,54,1,0,5,0,1,1,0,0,0,0,1,0,0,0,2.0,533,98,5.438775510204081
1,3,104,81,2,0,1,0,1,1,1,1,1,0,2,0,2,0,5.0,1553,300,5.176666666666667
0,84,8,0,0,2,0,0,2,2,0,0,0,0,1,0,12,0,1.0,637,113,5.6371681415929205
1,2,122,80,1,0,1,3,1,2,1,0,1,0,1,100,2,0,5.0,710,129,5.503875968992248
0,2,144,0,1,0,1,0,1,1,1,1,1,0,1,0,4,0,2.0,252,53,4.754716981132075
0,12,17,114,1,6,0,0,0,0,0,0,2,0,1,0,2,0,2.0,509,100,5.09
1,3,105,0,0,0,6,0,1,0,2,0,2,0,1,0,12,0,6.0,585,107,5.4672897196261685
1,6,105,0,1,2,4,0,1,0,0,0,0,0,1,0,12,0,2.0,210,39,5.384615384615385
0,1,144,0,0,0,0,0,1,0,1,0,1,0,1,0,12,0,4.0,41,10,4.1
0,2,165,114,1,0,1,5,1,0,1,0,1,0,1,0,12,0,7.0,27,4,6.75
1,3,135,0,0,1,0,0,0,0,0,0,1,0,1,0,12,0,1.0,405,78,5.1923076923076925
0,2,144,114,2,0,1,3,0,0,1,0,1,0,2,0,12,0,1.0,37,7,5.285714285714286
0,2,144,114,1,1,0,0,1,1,0,0,1,0,1,0,2,0,1.0,12,2,6.0
0,4,144,0,2,1,4,5,2,0,1,1,1,0,6,0,2,0,6.0,748,148,5.054054054054054
1,41,105,0,0,5,0,0,2,0,0,0,0,0,1,0,12,0,5.0,483,98,4.928571428571429
0,4,144,0,1,1,0,0,1,0,0,0,0,0,1,0,12,0,5.0,588,115,5.113043478260869
0,24,144,0,0,0,1,0,1,0,0,0,1,0,1,0,12,0,1.0,521,98,5.316326530612245
0,36,144,0,1,1,0,0,1,0,1,1,2,0,1,0,2,0,3.0,399,81,4.925925925925926
1,1,104,0,0,6,0,0,1,1,1,1,1,0,1,0,2,0,3.0,166,28,5.928571428571429
0,1,144,0,1,0,1,1,1,0,1,1,1,0,1,0,12,0,5.0,502,93,5.397849462365591
1,5,105,0,1,0,3,5,1,0,1,1,1,0,1,0,2,0,2.0,124,25,4.96
1,3,105,0,2,1,0,0,1,0,1,0,1,0,2,0,12,0,3.0,90,16,5.625
0,8,144,0,1,6,0,0,1,1,0,0,0,0,1,0,12,0,3.0,121,20,6.05
1,6,105,0,0,5,0,0,1,0,0,0,0,0,2,0,12,0,5.0,522,101,5.1683168316831685
0,2,144,0,2,0,1,3,1,1,1,1,1,0,3,0,2,0,4.0,378,53,7.132075471698113
0,0,152,114,0,0,6,0,1,0,1,1,1,0,1,0,12,0,6.0,117,26,4.5
0,1,144,0,0,0,5,0,1,0,1,1,1,0,1,0,2,0,8.0,1534,265,5.788679245283019
1,3,105,0,0,0,1,5,1,0,1,0,1,0,1,0,7,0,3.0,360,69,5.217391304347826
1,4,135,0,0,3,6,0,0,1,0,0,1,0,1,0,12,0,7.0,371,62,5.983870967741935
0,20,144,0,1,0,1,0,1,1,1,1,1,0,1,0,9,0,1.0,170,28,6.071428571428571
1,1,105,0,0,0,4,0,0,0,1,0,1,0,1,0,2,0,4.0,544,100,5.44
0,12,144,0,0,0,0,0,1,0,1,0,0,0,1,0,2,0,9.0,338,66,5.121212121212121
0,1,147,0,1,0,6,0,1,1,1,1,1,0,1,200,6,0,5.0,198,33,6.0
0,12,144,0,0,0,0,0,1,0,1,0,0,0,1,0,7,0,4.0,338,66,5.121212121212121
0,1,144,0,2,0,1,0,1,0,1,1,1,0,11,0,12,0,5.0,606,106,5.716981132075472
1,24,104,97,0,0,4,5,2,1,2,2,2,0,1,0,12,0,4.0,286,55,5.2
0,6,22,114,0,1,0,0,1,0,2,0,0,0,1,8,2,0,3.0,490,87,5.632183908045977
0,2,144,54,1,0,1,5,1,1,0,0,1,0,2,0,2,0,22.0,275,39,7.051282051282051
1,13,103,96,1,0,2,5,1,2,0,0,1,0,1,0,2,0,4.0,126,23,5.478260869565218
1,6,105,0,1,0,6,0,1,0,2,2,2,0,1,0,2,0,3.0,127,21,6.0476190476190474
1,3,133,0,0,0,1,3,2,1,1,1,1,0,1,0,1,0,4.0,36,9,4.0
1,2,105,0,0,2,6,0,0,0,1,1,1,0,1,0,2,0,5.0,60,8,7.5
1,3,105,0,2,0,5,5,0,0,1,1,1,0,2,0,2,1,2.0,289,49,5.8979591836734695
1,24,105,0,1,0,3,5,1,0,0,0,0,0,1,100,2,0,11.0,313,54,5.796296296296297
0,5,144,0,1,0,0,0,1,0,0,0,0,0,1,100,7,0,5.0,6664,1257,5.30151153540175
0,2,144,0,0,0,1,5,1,1,1,1,1,0,1,0,2,0,3.0,190,33,5.757575757575758
1,3,105,0,1,0,1,2,0,0,0,0,1,0,1,0,6,0,5.0,712,155,4.593548387096774
1,5,105,0,0,3,0,0,1,0,1,0,1,0,1,0,12,0,3.0,853,146,5.842465753424658
0,3,144,131,1,0,1,0,1,0,0,0,1,0,1,200,2,0,5.0,668,119,5.61344537815126
0,3,144,0,0,0,0,0,1,1,2,2,2,0,1,0,2,2,1.0,357,73,4.890410958904109
1,3,103,0,1,4,0,0,1,2,1,1,1,1,1,0,12,0,2.0,298,54,5.518518518518518
0,1,144,0,1,1,0,0,1,1,1,1,1,1,1,50,2,0,5.0,472,78,6.051282051282051
1,3,105,0,1,0,1,5,1,0,1,1,1,0,1,15,2,0,2.0,214,48,4.458333333333333
1,1,105,0,1,0,1,0,0,0,1,1,1,0,1,0,1,0,1.0,228,38,6.0
1,4,104,0,1,0,6,0,0,1,2,2,1,0,1,50,2,0,3.0,75,13,5.769230769230769
1,36,105,0,1,0,0,0,1,0,1,1,1,0,7,0,12,0,3.0,522,101,5.1683168316831685
1,7,104,0,1,0,1,2,1,1,1,0,1,0,1,0,12,0,5.0,165,29,5.689655172413793
0,1,144,0,1,4,0,0,1,0,1,0,1,0,1,0,2,0,1.0,537,98,5.479591836734694
0,1,144,0,1,4,0,0,0,0,1,1,1,0,1,0,2,0,4.0,109,21,5.190476190476191
0,1,144,0,1,1,0,0,1,0,1,0,1,0,1,0,2,0,19.0,707,134,5.276119402985074
0,5,41,0,0,1,0,0,0,1,0,0,1,0,1,0,2,0,1.0,320,60,5.333333333333333
1,7,104,94,1,0,6,0,1,1,2,2,1,0,2,0,2,0,4.0,71,13,5.461538461538462
0,5,144,0,1,4,0,0,1,0,0,0,0,0,1,0,12,0,4.0,67,12,5.583333333333333
1,2,105,0,1,6,0,0,0,1,1,1,1,0,1,0,2,0,1.0,24,4,6.0
1,10,135,0,0,0,6,0,2,2,2,1,1,0,1,0,2,0,2.0,793,152,5.217105263157895
1,3,84,112,1,0,2,4,1,0,1,1,1,0,1,50,2,0,2.0,423,85,4.976470588235294
1,3,104,0,0,3,0,0,0,1,2,2,2,0,1,0,12,0,4.0,35,7,5.0
1,9,104,0,1,6,0,0,1,1,0,0,0,0,2,0,2,0,1.0,32,7,4.571428571428571
0,1,144,0,0,0,1,1,1,0,1,1,2,0,6,1,12,0,4.0,24,5,4.8
1,5,105,82,2,3,5,5,1,0,1,1,0,0,3,0,2,0,3.0,218,36,6.055555555555555
0,2,144,0,2,0,1,5,1,0,1,1,1,0,5,30,12,0,5.0,393,76,5.171052631578948
0,3,5,114,1,0,1,0,1,1,1,0,1,0,1,200,2,0,2.0,472,74,6.378378378378378
0,2,144,0,1,2,0,0,1,0,0,0,1,0,1,0,2,0,1.0,105,21,5.0
0,28,36,0,0,4,0,0,0,2,0,0,2,0,1,50,2,0,1.0,249,47,5.297872340425532
1,3,104,0,0,0,1,0,1,1,1,0,1,0,3,0,12,0,2.0,668,113,5.911504424778761
0,24,30,0,1,1,0,0,0,0,0,0,1,0,1,0,7,0,5.0,181,34,5.323529411764706
0,1,144,0,1,4,6,0,1,0,1,1,1,0,2,1,2,0,1.0,40,7,5.714285714285714
1,7,82,82,0,0,1,1,0,0,1,0,0,0,1,0,7,0,1.0,61,11,5.545454545454546
0,24,13,0,1,5,6,0,2,1,2,2,0,1,1,300,2,0,3.0,1847,333,5.546546546546547
1,1,105,0,0,0,6,0,1,0,1,1,1,0,1,0,12,0,5.0,142,27,5.2592592592592595
1,6,104,82,0,1,6,0,1,1,1,0,1,0,1,0,12,0,1.0,91,18,5.055555555555555
1,5,120,95,0,1,6,0,1,0,0,0,0,0,1,0,2,0,2.0,97,16,6.0625
1,0,105,0,2,0,5,5,0,0,2,2,2,0,4,0,12,0,5.0,359,65,5.523076923076923
0,3,144,0,1,0,0,0,0,0,0,0,1,0,1,100,12,0,2.0,33,8,4.125
1,4,105,0,1,5,6,0,0,0,0,0,1,0,1,0,12,0,6.0,470,92,5.108695652173913
0,2,144,0,2,0,3,5,1,0,1,1,1,0,3,0,12,0,2.0,160,28,5.714285714285714
0,84,54,0,1,0,1,5,1,0,0,0,0,0,1,100,3,0,1.0,19,3,6.333333333333333
1,5,105,0,1,0,0,0,0,0,0,0,1,0,1,100,12,0,3.0,233,44,5.295454545454546
0,1,144,0,2,0,1,5,1,0,1,1,1,0,4,0,12,0,7.0,271,55,4.927272727272728
1,12,105,0,1,1,4,5,1,0,1,1,1,0,1,0,2,3,11.0,241,49,4.918367346938775
0,2,144,0,1,1,6,0,1,1,2,2,1,0,1,0,2,0,2.0,124,22,5.636363636363637
0,1,69,114,0,1,4,0,1,1,0,0,1,0,1,200,2,0,2.0,2988,558,5.354838709677419
1,1,105,81,2,5,0,0,0,1,1,1,2,0,3,0,12,0,3.0,354,65,5.446153846153846
1,1,104,0,1,0,6,0,1,1,2,0,2,0,1,0,12,0,3.0,205,43,4.767441860465116
1,8,94,0,1,0,3,0,1,1,0,0,0,0,1,0,12,0,1.0,60,9,6.666666666666667
1,21,96,0,1,0,3,5,1,0,0,0,0,0,1,0,2,2,2.0,174,34,5.117647058823529
1,3,104,0,0,0,1,5,1,1,1,0,1,0,2,0,12,0,4.0,469,84,5.583333333333333
0,4,144,114,0,0,0,0,0,0,1,1,1,0,1,200,2,0,1.0,165,30,5.5
1,15,105,0,0,0,1,5,2,0,1,1,1,0,1,50,12,0,1.0,148,31,4.774193548387097
0,1,144,0,2,0,1,5,2,1,1,1,1,0,6,0,2,7,21.0,377,74,5.094594594594595
0,1,144,114,0,1,5,5,0,1,1,1,2,0,1,0,2,0,3.0,19,3,6.333333333333333
1,18,104,101,0,6,0,0,1,1,0,0,0,0,1,0,2,1,10.0,304,63,4.825396825396825
0,1,144,0,1,0,1,5,1,1,1,1,1,0,1,0,3,0,2.0,94,15,6.266666666666667
1,2,104,82,2,0,1,5,0,1,1,1,1,0,2,0,5,0,5.0,369,63,5.857142857142857
0,1,144,114,0,1,2,3,1,1,1,1,1,0,1,0,3,0,1.0,244,46,5.304347826086956
0,1,144,0,0,1,0,0,0,0,1,1,1,0,1,0,2,0,1.0,109,21,5.190476190476191
0,48,26,0,1,4,6,0,0,2,0,0,2,0,1,299,2,0,2.0,268,54,4.962962962962963
0,2,144,0,2,1,5,0,1,0,0,0,1,0,7,0,2,0,2.0,185,36,5.138888888888889
1,2,122,82,2,0,2,0,0,1,2,2,2,1,3,0,2,0,3.0,231,43,5.372093023255814
0,6,144,0,1,0,1,0,1,1,0,0,0,0,1,0,12,0,1.0,390,77,5.064935064935065
1,12,105,82,0,0,5,5,1,0,0,0,0,0,1,0,10,0,3.0,59,10,5.9
1,15,128,0,1,5,0,0,1,0,0,0,1,0,1,10,2,0,4.0,435,82,5.304878048780488
0,24,51,0,1,5,6,0,0,1,2,2,2,0,1,0,2,0,4.0,304,55,5.527272727272727
1,1,105,0,1,3,6,0,0,0,1,1,1,1,1,1,2,0,16.0,1016,190,5.347368421052631
1,2,96,0,0,0,5,5,1,0,1,0,1,0,1,0,2,1,2.0,105,19,5.526315789473684
1,8,128,0,2,0,3,5,1,0,0,0,2,0,2,0,11,0,5.0,538,72,7.472222222222222
0,108,159,126,0,1,0,0,0,2,0,0,0,0,1,0,4,0,3.0,367,71,5.169014084507042
1,18,121,101,1,2,5,5,1,0,1,0,0,0,1,0,6,0,3.0,937,180,5.205555555555556
1,4,93,101,0,2,3,4,1,1,0,0,1,0,1,0,2,0,0.0,202,43,4.6976744186046515
0,2,144,0,0,1,0,0,1,0,0,0,1,0,1,0,12,0,3.0,816,165,4.945454545454545
0,3,144,0,1,0,1,0,1,0,0,0,1,0,1,0,2,1,6.0,213,42,5.071428571428571
0,2,144,114,2,0,1,5,1,1,1,1,1,0,6,0,7,0,1.0,115,21,5.476190476190476
0,1,144,0,1,0,1,5,1,0,1,0,1,0,7,0,2,0,3.0,349,66,5.287878787878788
1,1,121,104,1,0,6,0,0,0,1,1,1,0,1,0,12,0,1.0,476,92,5.173913043478261
0,24,74,0,0,6,0,0,0,2,2,0,2,0,1,0,12,0,1.0,114,23,4.956521739130435
1,16,104,0,0,2,0,0,0,1,1,1,1,0,1,0,12,0,9.0,82,14,5.857142857142857
0,2,144,0,1,1,0,0,1,1,0,0,1,0,1,0,2,0,1.0,188,35,5.371428571428571
1,2,105,0,1,1,6,0,1,0,1,1,1,0,1,0,2,1,5.0,115,23,5.0
1,3,104,0,1,5,6,0,1,1,2,0,2,0,2,0,2,0,1.0,692,128,5.40625
1,2,105,0,0,5,6,0,1,0,0,0,1,0,1,70,2,0,2.0,121,21,5.761904761904762
0,10,47,0,0,0,0,0,2,0,0,0,1,0,1,500,7,0,1.0,160,32,5.0
0,30,60,0,1,6,0,0,0,1,0,0,1,0,1,500,2,0,5.0,295,58,5.086206896551724
0,2,144,0,1,0,1,0,1,1,1,1,1,0,1,20,3,0,1.0,122,21,5.809523809523809
1,2,105,0,0,0,1,0,0,0,1,1,1,0,1,0,2,0,4.0,191,36,5.305555555555555
1,4,104,0,1,0,4,4,1,1,1,0,0,0,1,0,2,0,3.0,181,35,5.171428571428572
0,2,144,0,1,1,0,0,1,0,0,0,1,0,1,0,2,0,3.0,244,52,4.6923076923076925
0,24,54,114,0,1,6,0,1,0,2,2,1,0,1,0,2,0,4.0,433,81,5.345679012345679
0,24,13,53,1,0,1,1,1,1,0,0,0,0,1,0,2,0,1.0,170,35,4.857142857142857
0,48,40,0,0,1,2,0,0,1,0,0,1,0,1,0,2,0,3.0,350,62,5.645161290322581
0,10,144,0,1,0,0,0,1,0,0,0,0,0,1,0,2,0,2.0,180,36,5.0
0,36,60,114,0,0,4,4,0,0,2,2,2,0,1,0,12,0,5.0,240,45,5.333333333333333
0,0,144,0,2,1,0,0,1,0,0,0,2,0,3,0,2,0,5.0,36,8,4.5
0,12,144,114,1,0,6,0,1,0,0,0,0,0,1,0,2,0,7.0,1171,217,5.3963133640553
1,12,135,0,1,5,6,0,2,0,2,0,0,0,6,0,2,0,2.0,248,49,5.061224489795919
0,1,144,114,2,0,1,5,1,0,1,1,1,0,8,0,12,0,3.0,189,33,5.7272727272727275
1,3,105,80,2,1,6,0,0,0,1,0,1,1,2,10,2,0,2.0,458,84,5.4523809523809526
0,6,144,0,0,0,0,0,1,0,0,0,0,0,1,0,7,0,1.0,485,89,5.449438202247191
1,24,104,0,1,4,6,0,1,1,0,2,0,0,1,0,12,0,4.0,361,70,5.1571428571428575
1,1,84,0,0,0,6,0,0,0,1,1,1,0,1,0,12,0,2.0,11,3,3.6666666666666665
1,1,122,82,1,0,1,5,0,1,1,0,1,0,1,0,12,0,2.0,860,167,5.149700598802395
1,1,144,0,0,0,6,0,0,0,1,1,2,0,1,0,2,0,2.0,513,102,5.029411764705882
0,24,30,114,1,0,0,0,1,0,0,0,0,0,1,0,2,0,4.0,558,108,5.166666666666667
1,4,105,81,0,0,6,0,1,1,0,0,1,0,1,0,3,0,3.0,748,126,5.936507936507937
1,3,104,0,0,0,1,5,0,1,1,1,1,0,3,0,12,0,3.0,985,181,5.441988950276243
0,72,29,114,0,0,1,0,2,0,0,0,0,0,1,0,12,0,5.0,823,157,5.24203821656051
0,12,163,0,0,1,0,0,1,1,0,0,0,0,1,0,2,0,2.0,197,40,4.925
0,2,144,0,1,4,6,0,1,0,1,1,1,0,1,0,12,1,5.0,116,27,4.296296296296297
0,3,144,114,1,1,0,0,1,0,1,1,1,0,3,0,2,0,1.0,178,35,5.085714285714285
0,10,144,0,1,4,6,0,1,0,0,0,1,0,1,110,2,0,2.0,283,56,5.053571428571429
0,2,144,0,2,1,4,5,1,1,1,1,1,0,2,0,2,0,4.0,284,32,8.875
1,9,105,103,0,5,0,0,1,1,1,0,1,0,1,10,12,0,3.0,441,89,4.955056179775281
1,5,105,0,0,3,6,0,0,0,1,1,1,0,1,0,2,0,4.0,362,71,5.098591549295775
1,5,105,0,1,5,6,0,0,0,2,0,0,0,6,0,2,0,3.0,341,66,5.166666666666667
1,3,105,0,1,0,6,0,0,0,1,1,1,0,1,0,5,0,1.0,103,15,6.866666666666666
1,24,122,81,1,0,1,4,1,1,2,2,1,0,1,0,12,0,2.0,340,66,5.151515151515151
0,8,22,114,2,0,0,0,1,0,0,0,1,0,2,0,12,0,7.0,269,50,5.38
1,2,143,0,0,0,6,0,1,1,1,0,2,0,1,0,2,0,1.0,161,26,6.1923076923076925
1,12,90,0,0,5,6,0,1,1,2,2,2,0,1,0,3,0,6.0,1613,314,5.1369426751592355
0,2,144,114,1,1,0,0,1,0,1,0,1,0,1,0,12,0,9.0,777,129,6.023255813953488
0,84,144,0,0,3,0,0,1,0,1,1,0,0,1,0,2,0,3.0,81,13,6.230769230769231
1,36,104,0,1,0,2,5,1,1,0,0,0,0,1,0,2,0,5.0,1039,204,5.0931372549019605
1,9,105,0,0,4,6,0,0,0,1,1,1,0,1,0,2,0,2.0,82,15,5.466666666666667
1,84,117,0,1,1,2,0,1,2,0,0,0,0,1,0,2,0,2.0,96,19,5.052631578947368
1,24,114,0,0,0,5,5,2,2,2,2,2,1,1,0,12,0,2.0,50,10,5.0
1,3,103,0,1,3,6,0,2,2,1,0,2,0,1,0,2,0,1.0,449,69,6.507246376811594
0,3,144,0,1,1,6,0,0,0,0,0,1,1,1,0,12,0,2.0,246,47,5.23404255319149
1,14,135,0,2,0,1,0,1,0,1,1,1,0,5,0,12,0,3.0,96,19,5.052631578947368
1,0,135,0,0,4,5,5,1,1,1,1,1,0,1,0,12,0,1.0,263,48,5.479166666666667
1,6,104,0,2,0,3,4,1,0,0,0,0,0,2,0,12,0,4.0,84,15,5.6
1,4,105,61,0,0,0,0,1,0,0,0,1,0,1,0,12,0,2.0,229,44,5.204545454545454
0,36,60,0,1,1,6,0,0,2,0,0,1,0,1,250,12,0,3.0,197,33,5.96969696969697
0,3,144,0,1,1,6,0,0,0,1,0,2,0,3,0,2,0,2.0,325,49,6.63265306122449
1,1,96,81,0,3,6,0,1,1,1,1,1,0,1,0,2,0,5.0,133,27,4.925925925925926
1,6,105,0,1,3,6,0,0,0,0,0,0,0,1,150,2,0,2.0,656,115,5.7043478260869565
0,3,144,0,0,1,4,5,1,0,1,0,1,0,2,0,3,0,5.0,186,37,5.027027027027027
1,1,104,0,0,0,0,0,1,1,1,1,1,0,1,0,12,0,4.0,411,78,5.269230769230769
0,1,144,114,1,1,0,0,1,0,1,1,1,0,1,0,3,0,1.0,114,23,4.956521739130435
0,12,144,0,1,1,6,0,1,0,0,0,0,0,1,0,2,0,1.0,167,32,5.21875
0,2,144,114,1,0,3,5,1,0,0,0,1,0,1,0,2,0,5.0,315,59,5.338983050847458
0,15,144,0,1,6,0,0,1,0,0,0,0,0,1,0,2,0,6.0,926,182,5.087912087912088
1,2,128,81,0,1,0,0,0,1,2,2,2,0,1,0,12,0,3.0,176,32,5.5
1,8,105,0,1,0,1,5,1,0,2,2,2,0,1,0,12,0,5.0,239,44,5.431818181818182
0,0,144,0,2,0,4,5,1,0,1,1,1,0,7,0,2,0,8.0,117,23,5.086956521739131
1,2,84,0,2,1,5,0,1,1,1,1,1,0,2,40,12,0,3.0,92,15,6.133333333333334
0,3,144,0,1,0,6,0,1,0,0,0,1,0,1,0,12,0,9.0,179,33,5.424242424242424
0,36,37,0,0,0,2,4,0,1,2,0,1,0,1,0,12,0,2.0,854,166,5.144578313253012
1,1,122,81,0,4,0,0,1,2,1,0,1,0,1,100,2,0,9.0,628,115,5.460869565217391
1,4,105,0,1,0,0,0,1,0,1,1,1,0,2,0,2,0,2.0,539,103,5.233009708737864
1,2,104,0,2,3,6,0,0,1,1,1,1,0,5,0,2,0,2.0,180,31,5.806451612903226
1,7,105,0,1,0,1,2,1,0,0,0,0,0,1,0,2,0,5.0,312,59,5.288135593220339
1,6,135,0,1,5,0,0,0,0,1,0,1,0,1,0,12,0,6.0,409,78,5.243589743589744
0,36,144,114,2,0,1,5,1,1,1,1,0,0,3,0,12,0,6.0,593,114,5.201754385964913
0,17,47,0,1,1,0,0,2,0,1,1,1,0,1,200,2,0,2.0,152,26,5.846153846153846
1,6,103,82,1,0,3,5,1,1,2,0,1,0,1,30,2,0,4.0,247,40,6.175
0,2,144,0,0,1,0,0,1,0,1,1,1,0,1,1,7,0,3.0,18,3,6.0
1,2,105,0,0,0,1,5,0,0,1,1,1,0,1,0,2,0,2.0,55,10,5.5
0,1,144,0,1,0,0,0,1,0,1,0,1,0,1,0,12,0,6.0,21,5,4.2
0,1,144,0,2,0,6,0,1,0,1,1,2,0,2,80,7,0,2.0,94,18,5.222222222222222
1,1,103,0,1,2,0,0,0,2,2,2,2,0,1,0,2,0,5.0,467,78,5.987179487179487
1,1,104,0,0,0,6,0,0,0,1,0,1,0,1,0,2,1,13.0,498,103,4.834951456310679
1,4,105,0,0,2,6,0,1,0,0,0,0,0,1,0,2,0,3.0,14,2,7.0
1,1,104,0,0,0,6,0,1,1,1,1,1,0,1,0,2,0,1.0,82,14,5.857142857142857
0,3,144,10,0,4,6,0,1,1,1,1,1,0,1,0,3,0,4.0,491,90,5.455555555555556
0,2,144,0,0,1,0,0,1,0,1,0,1,0,1,0,2,0,3.0,193,38,5.078947368421052
0,7,144,0,1,0,1,0,1,0,0,0,1,0,1,0,2,0,4.0,342,59,5.796610169491525
1,4,105,0,1,0,1,5,0,1,1,0,1,0,1,0,12,0,2.0,217,45,4.822222222222222
1,1,104,81,2,0,2,0,0,1,1,1,1,0,5,0,2,0,4.0,143,24,5.958333333333333
1,13,104,0,2,0,6,0,1,1,1,1,1,0,4,0,12,0,11.0,472,94,5.0212765957446805
1,2,105,0,1,0,3,5,0,0,1,0,1,0,1,0,2,4,13.0,1918,360,5.3277777777777775
1,4,105,0,0,0,3,5,0,0,1,1,1,0,2,0,12,0,7.0,17,3,5.666666666666667
1,24,105,0,1,0,1,0,1,0,0,0,0,0,1,50,2,0,3.0,707,147,4.809523809523809
0,8,144,0,1,1,6,0,1,1,1,1,1,0,1,0,2,0,2.0,116,24,4.833333333333333
1,3,105,96,0,0,1,5,0,1,1,1,1,0,3,0,4,0,6.0,73,15,4.866666666666666
0,3,159,114,0,0,0,0,1,0,1,0,1,0,1,0,2,0,6.0,527,94,5.6063829787234045
1,3,84,0,2,5,0,0,1,1,1,1,1,0,3,0,12,0,1.0,459,83,5.530120481927711
1,3,105,0,0,3,6,0,1,0,1,1,1,0,1,0,2,0,1.0,65,11,5.909090909090909
1,12,122,0,1,5,0,0,1,2,1,1,1,0,1,200,7,0,3.0,181,34,5.323529411764706
1,18,84,0,1,0,1,3,1,1,2,2,2,0,1,0,12,0,4.0,23,4,5.75
0,18,17,0,1,1,6,0,0,0,0,0,1,0,1,0,12,0,1.0,89,15,5.933333333333334
0,12,144,0,1,3,4,0,1,1,0,0,0,0,1,0,12,0,2.0,54,8,6.75
0,24,144,27,0,6,0,0,1,0,1,1,1,0,1,0,2,0,4.0,442,83,5.325301204819277
1,4,105,0,1,1,4,4,1,0,1,1,1,0,1,0,12,0,2.0,268,50,5.36
0,2,144,114,1,1,0,0,1,1,0,0,1,0,1,0,2,0,5.0,12,2,6.0
0,1,144,0,0,6,0,0,0,0,1,1,1,0,4,0,2,0,4.0,297,54,5.5
0,2,144,0,1,1,6,0,1,0,0,0,1,0,1,0,2,0,8.0,325,57,5.701754385964913
0,2,144,0,0,0,0,0,1,0,1,0,1,0,1,0,2,0,4.0,63,12,5.25
0,4,144,114,0,1,6,0,1,0,1,1,1,0,1,0,12,0,3.0,86,14,6.142857142857143
1,4,103,0,2,0,2,5,1,2,1,1,1,0,3,0,2,0,5.0,287,50,5.74
1,4,105,82,2,0,3,4,1,0,1,1,1,0,2,0,2,0,4.0,412,76,5.421052631578948
1,4,103,0,1,0,0,0,2,2,1,0,1,0,1,100,12,0,4.0,111,22,5.045454545454546
0,8,62,0,1,5,0,0,1,2,0,0,1,0,1,0,12,0,3.0,41,8,5.125
0,24,144,0,0,1,6,0,1,1,0,0,0,1,1,0,12,0,5.0,1034,11,94.0
1,3,105,0,1,0,2,5,1,0,0,0,1,0,2,1,2,0,5.0,305,56,5.446428571428571
0,6,144,0,1,0,1,2,1,1,1,0,1,0,1,0,4,0,3.0,197,41,4.804878048780488
1,2,105,0,0,0,6,0,0,0,1,1,2,0,1,0,12,0,2.0,105,19,5.526315789473684
0,2,144,0,0,0,1,0,1,0,1,1,1,0,1,0,2,0,2.0,215,37,5.8108108108108105
0,2,144,0,0,0,0,0,1,1,1,1,1,0,1,0,2,0,1.0,126,21,6.0
0,4,144,0,0,1,0,0,1,0,0,0,1,0,1,0,2,0,1.0,85,16,5.3125
1,3,105,82,1,2,4,5,1,0,1,1,1,0,1,0,3,0,4.0,186,38,4.894736842105263
1,2,105,0,1,0,1,0,0,0,2,2,2,0,1,0,2,0,2.0,237,47,5.042553191489362
0,3,144,0,2,0,1,3,1,1,2,2,1,0,4,0,2,1,2.0,122,21,5.809523809523809
0,2,144,0,0,0,0,0,1,1,1,1,1,0,1,0,2,0,5.0,362,63,5.746031746031746
0,1,144,0,1,0,1,0,1,0,0,0,1,0,1,0,2,0,5.0,353,71,4.971830985915493
0,3,144,0,0,0,6,0,2,1,0,0,1,0,1,150,2,0,3.0,91,18,5.055555555555555
1,18,135,0,0,0,1,4,2,1,0,2,0,0,1,0,2,0,5.0,106,21,5.0476190476190474
0,24,144,114,1,4,6,0,1,1,0,0,0,0,1,0,12,0,2.0,469,83,5.650602409638554
1,4,104,0,1,3,6,0,1,1,1,1,1,0,1,100,10,0,2.0,252,43,5.8604651162790695
1,1,105,0,0,0,1,3,1,0,1,1,1,0,5,0,2,0,26.0,142,29,4.896551724137931
1,8,104,0,1,5,0,0,1,1,0,0,0,0,1,0,12,0,5.0,12,2,6.0
1,18,105,101,1,1,6,0,2,0,1,0,1,0,1,0,12,0,4.0,22,3,7.333333333333333
0,3,144,12,2,0,1,5,1,0,0,0,1,0,2,200,2,0,2.0,725,131,5.534351145038168
1,2,105,0,1,1,3,0,0,0,2,2,2,0,1,0,2,0,1.0,39,7,5.571428571428571
0,60,8,0,0,4,0,0,1,1,0,0,1,0,1,0,2,0,2.0,54,8,6.75
0,22,144,0,1,1,2,3,0,0,0,0,1,0,1,80,2,0,3.0,225,36,6.25
1,4,104,0,1,1,0,0,0,1,1,1,1,0,1,0,12,0,1.0,159,31,5.129032258064516
0,72,144,0,1,0,0,0,1,0,2,0,1,1,1,0,2,0,4.0,1193,237,5.033755274261603
0,4,144,0,1,0,1,0,2,1,0,0,1,0,1,0,2,0,4.0,310,60,5.166666666666667
0,2,22,114,2,0,1,0,1,1,1,1,1,0,3,50,2,0,3.0,417,80,5.2125
1,1,103,82,0,0,6,0,0,1,1,1,1,0,1,30,7,0,4.0,221,39,5.666666666666667
1,18,105,0,0,6,0,0,1,0,1,0,0,0,1,0,12,0,1.0,181,33,5.484848484848484
0,3,144,0,0,0,6,0,1,2,1,0,1,0,1,0,2,0,3.0,314,58,5.413793103448276
1,1,105,82,1,0,3,5,1,0,1,1,1,0,2,0,3,0,3.0,131,25,5.24
0,10,144,114,0,1,6,0,2,0,2,2,0,1,1,0,2,0,5.0,1341,264,5.079545454545454
1,3,105,0,0,1,4,0,0,0,1,0,1,0,1,0,12,0,3.0,96,21,4.571428571428571
0,1,144,114,0,0,1,5,1,0,1,0,1,0,3,0,12,0,4.0,679,122,5.565573770491803
1,3,105,0,0,6,0,0,1,0,1,0,1,0,1,30,2,0,1.0,512,90,5.688888888888889
0,2,144,0,0,1,6,0,0,0,0,0,1,0,1,0,2,0,2.0,91,16,5.6875
1,3,105,0,0,0,6,0,1,0,0,0,0,0,1,0,2,0,15.0,368,68,5.411764705882353
0,2,144,114,1,0,1,5,2,0,2,2,2,0,3,0,2,0,1.0,384,71,5.408450704225352
1,1,104,0,0,0,6,0,2,1,1,0,2,0,1,0,2,0,4.0,152,26,5.846153846153846
0,3,69,0,0,0,0,0,2,2,0,0,1,0,1,0,12,0,1.0,39,7,5.571428571428571
0,1,144,0,0,0,1,0,1,0,1,1,1,0,4,0,2,0,30.0,465,85,5.470588235294118
1,36,135,0,1,1,0,0,1,0,0,0,0,0,1,0,12,0,6.0,807,151,5.344370860927152
0,3,144,0,1,0,1,0,1,0,0,0,1,0,1,100,3,0,2.0,112,23,4.869565217391305
0,1,144,114,2,0,2,5,1,0,1,1,2,0,4,0,2,0,1.0,48,8,6.0
1,6,105,0,0,2,0,0,0,0,1,0,0,0,1,0,2,1,0.0,41,7,5.857142857142857
0,6,144,12,1,0,6,0,1,0,1,1,1,0,1,0,2,0,1.0,460,88,5.2272727272727275
0,60,159,0,0,4,0,0,1,2,0,0,0,0,1,350,7,0,3.0,644,111,5.801801801801802
1,1,104,106,0,5,0,0,0,1,1,1,1,1,1,0,2,0,7.0,322,62,5.193548387096774
1,8,105,82,1,0,1,0,1,0,1,1,1,0,1,0,5,0,1.0,204,32,6.375
1,2,105,0,1,0,1,0,1,0,1,1,1,0,1,0,2,0,11.0,864,160,5.4
0,48,8,0,1,2,0,0,1,1,2,2,1,0,1,0,3,0,1.0,117,18,6.5
0,3,144,0,2,0,1,3,1,0,2,2,2,0,7,50,12,0,5.0,173,28,6.178571428571429
0,54,65,0,0,0,1,5,1,2,0,0,0,0,1,150,2,0,8.0,413,75,5.506666666666667
0,1,147,0,0,0,0,0,1,1,1,1,1,0,1,200,6,0,5.0,189,32,5.90625
1,3,105,0,1,0,1,0,1,0,1,1,2,1,1,0,2,0,1.0,35,8,4.375
0,5,22,114,0,3,0,0,1,1,0,0,0,1,1,0,12,0,4.0,751,147,5.108843537414966
1,1,88,106,0,0,5,5,1,0,1,0,1,0,1,0,2,1,6.0,1006,148,6.797297297297297
1,1,105,0,1,0,1,0,0,0,2,0,1,0,1,0,12,0,3.0,186,36,5.166666666666667
1,2,103,81,0,0,6,0,1,2,1,0,1,0,1,50,2,0,4.0,587,106,5.537735849056604
1,3,96,106,2,0,4,4,1,1,1,1,1,0,2,0,2,0,5.0,735,138,5.326086956521739
0,84,60,0,1,1,2,5,0,0,0,0,1,0,1,0,2,0,1.0,145,27,5.37037037037037
1,4,105,0,2,0,3,5,1,1,1,1,1,0,3,0,7,0,9.0,1103,208,5.302884615384615
1,2,105,0,0,0,6,0,1,0,1,0,1,0,1,0,2,0,5.0,127,24,5.291666666666667
0,6,144,0,0,1,0,0,1,1,0,1,1,1,1,0,3,0,1.0,98,19,5.157894736842105
0,2,144,0,1,0,0,0,1,0,1,1,1,0,1,0,2,0,2.0,351,69,5.086956521739131
1,2,105,0,0,5,6,0,1,0,1,1,1,0,1,0,2,0,2.0,432,84,5.142857142857143
0,2,144,0,2,0,1,2,0,0,1,0,1,0,4,0,2,0,5.0,254,47,5.404255319148936
0,12,144,0,1,6,0,0,1,0,0,0,0,0,1,0,2,0,1.0,290,56,5.178571428571429
0,2,144,0,0,1,0,0,1,0,1,0,1,0,1,0,3,0,2.0,483,90,5.366666666666666
1,3,105,0,1,4,5,0,1,0,1,0,1,0,1,0,12,0,1.0,215,37,5.8108108108108105
1,1,105,0,2,0,1,0,0,0,1,0,1,0,2,0,12,0,3.0,1071,203,5.275862068965517
0,1,22,114,1,0,1,5,1,0,1,1,1,0,1,0,1,0,4.0,295,62,4.758064516129032
1,7,105,0,1,1,3,4,1,0,1,0,0,0,1,0,2,0,5.0,114,16,7.125
1,7,104,0,1,0,3,5,1,1,0,0,1,0,1,0,2,0,3.0,155,23,6.739130434782608
1,3,105,0,0,3,6,0,0,0,1,0,1,0,1,0,12,0,1.0,62,11,5.636363636363637
1,2,122,0,1,2,0,0,1,2,1,0,1,0,1,700,2,0,5.0,105,19,5.526315789473684
0,2,69,114,2,1,4,5,1,0,1,0,1,0,6,0,2,0,6.0,156,30,5.2
0,11,144,0,1,4,6,0,1,1,2,0,2,0,1,200,2,0,3.0,109,19,5.7368421052631575
0,24,8,0,0,3,0,0,2,2,0,0,1,0,1,100,2,0,1.0,297,58,5.120689655172414
0,24,49,0,1,0,3,5,2,2,2,2,1,0,1,0,2,0,3.0,268,46,5.826086956521739
0,17,144,0,1,6,0,0,1,1,1,0,1,0,1,0,2,0,0.0,292,66,4.424242424242424
1,3,104,0,0,0,6,0,1,1,1,1,1,0,1,0,2,0,5.0,304,60,5.066666666666666
0,24,144,0,0,4,0,0,1,0,0,0,2,0,1,0,2,0,3.0,246,44,5.590909090909091
0,2,144,0,1,1,0,0,1,0,0,0,1,0,1,0,12,0,1.0,423,74,5.716216216216216
1,12,103,96,0,3,4,5,1,1,0,0,0,0,1,100,12,0,2.0,271,55,4.927272727272728
0,60,144,0,1,0,0,0,1,1,0,0,0,0,1,0,2,0,11.0,471,95,4.957894736842105
1,60,128,0,1,1,0,0,2,0,0,0,0,0,1,0,12,0,2.0,57,9,6.333333333333333
0,2,146,114,0,0,1,5,1,0,1,0,1,0,1,0,2,0,4.0,339,65,5.2153846153846155
0,1,144,114,1,1,6,0,1,1,1,0,1,0,1,0,2,0,3.0,12,2,6.0
0,84,30,54,0,1,2,0,0,0,2,2,2,0,1,0,12,0,1.0,25,5,5.0
0,1,144,0,1,1,0,0,0,0,1,1,1,0,1,0,2,0,3.0,169,31,5.451612903225806
1,1,104,0,1,0,4,5,0,1,1,1,1,0,1,0,2,0,5.0,98,17,5.764705882352941
1,2,104,0,0,2,0,0,0,1,1,1,1,0,1,0,12,0,2.0,33,4,8.25
1,12,105,101,0,4,0,0,2,1,0,0,1,0,1,0,12,0,5.0,594,123,4.829268292682927
0,36,8,0,0,2,4,0,2,1,0,0,1,0,1,500,2,0,5.0,84,13,6.461538461538462
1,24,105,0,0,5,6,0,1,0,2,2,0,0,1,0,2,0,2.0,608,114,5.333333333333333
1,2,104,80,2,1,0,0,1,1,1,0,1,0,2,0,12,0,5.0,126,23,5.478260869565218
0,7,22,114,1,1,0,0,1,0,0,0,0,0,1,0,2,0,3.0,136,23,5.913043478260869
1,2,104,0,0,5,0,0,0,1,2,2,2,0,2,0,2,0,1.0,82,13,6.3076923076923075
1,7,128,82,1,1,6,0,1,0,1,0,1,0,1,0,2,0,6.0,158,27,5.851851851851852
1,10,105,0,0,0,0,0,1,0,0,0,0,0,1,100,12,0,1.0,70,11,6.363636363636363
0,3,144,0,1,1,6,0,1,0,0,0,1,0,1,0,12,0,4.0,86,15,5.733333333333333
0,3,144,33,1,0,2,3,2,1,0,0,1,0,1,0,2,0,19.0,340,50,6.8
0,2,144,0,0,0,0,0,2,1,0,0,1,0,1,0,3,0,3.0,234,47,4.9787234042553195
1,7,83,72,0,1,0,0,1,2,0,0,1,0,1,0,12,0,3.0,435,85,5.117647058823529
0,3,99,114,0,0,1,0,1,0,2,2,1,0,1,0,2,0,4.0,132,23,5.739130434782608
1,5,135,0,1,0,1,1,1,0,1,1,1,0,1,0,2,0,2.0,814,168,4.845238095238095
1,18,122,93,0,1,4,0,2,2,0,0,1,0,1,500,0,0,3.0,317,61,5.19672131147541
1,4,105,0,0,6,0,0,1,0,1,0,0,0,1,0,12,0,2.0,78,11,7.090909090909091
0,2,144,54,0,1,6,0,1,1,0,0,1,0,1,0,2,0,3.0,398,76,5.2368421052631575
0,3,144,0,1,0,1,5,0,0,2,2,2,0,1,0,2,0,3.0,351,61,5.754098360655738
1,2,105,0,1,0,0,0,0,0,1,1,1,0,1,0,12,0,1.0,142,22,6.454545454545454
0,6,144,114,1,4,6,0,1,0,0,0,0,0,2,0,5,0,3.0,335,61,5.491803278688525
0,2,144,114,0,0,6,0,0,0,1,0,1,0,1,0,7,0,2.0,87,13,6.6923076923076925
1,16,103,0,0,5,0,0,2,2,0,0,2,0,1,0,5,0,2.0,143,26,5.5
1,1,104,0,1,1,4,5,0,1,1,1,1,0,1,0,2,0,3.0,111,24,4.625
0,18,147,16,1,3,4,5,1,1,1,0,0,0,1,100,12,0,2.0,1595,293,5.4436860068259385
1,0,104,0,0,0,6,0,1,1,1,1,1,1,1,0,12,0,4.0,348,74,4.702702702702703
0,12,144,0,0,4,0,0,1,0,1,0,1,0,1,0,2,0,3.0,8,1,8.0
1,9,105,0,0,0,1,4,1,0,0,0,0,0,1,0,12,0,6.0,640,116,5.517241379310345
0,2,144,0,0,4,0,0,1,1,2,2,1,0,1,0,2,0,2.0,89,16,5.5625
0,60,144,0,1,6,0,0,0,2,0,0,2,0,1,0,12,0,5.0,274,55,4.9818181818181815
1,6,104,0,1,0,1,5,1,1,0,0,1,0,1,0,12,0,1.0,149,24,6.208333333333333
0,12,144,0,2,0,1,5,1,0,2,2,2,1,3,0,12,0,1.0,2150,366,5.8743169398907105
0,12,144,0,0,1,2,0,1,0,0,0,1,0,1,0,2,0,5.0,14,3,4.666666666666667
0,4,144,0,1,4,0,0,1,0,0,0,1,0,1,0,2,0,6.0,514,93,5.526881720430108
0,4,144,0,1,1,6,0,0,0,1,0,1,0,1,0,12,0,1.0,377,71,5.309859154929577
0,3,144,0,0,0,0,0,1,0,2,0,2,0,1,0,2,0,2.0,239,49,4.877551020408164
1,2,105,0,2,0,5,0,0,0,1,1,1,0,6,0,3,0,5.0,115,19,6.052631578947368
0,2,69,41,1,0,1,5,0,1,0,0,1,0,1,0,12,0,4.0,974,191,5.099476439790576
0,62,54,0,0,0,1,5,0,0,0,0,0,0,1,0,2,0,7.0,218,33,6.606060606060606
1,2,105,0,1,0,6,0,1,0,0,0,1,0,1,0,2,0,1.0,64,12,5.333333333333333
0,36,41,49,1,4,0,0,1,1,0,2,0,0,1,0,0,0,2.0,193,33,5.848484848484849
1,24,104,0,1,0,1,5,1,1,1,0,1,0,3,0,2,0,2.0,262,47,5.574468085106383
0,36,54,0,0,0,1,3,1,1,2,0,2,0,1,0,12,0,3.0,35,8,4.375
0,48,144,0,1,4,6,0,1,0,0,0,0,0,1,100,2,0,3.0,172,31,5.548387096774194
0,3,144,0,1,1,6,0,2,0,2,2,1,0,1,0,2,0,2.0,119,21,5.666666666666667
1,5,104,73,1,6,0,0,0,1,0,0,1,0,1,0,12,0,4.0,831,150,5.54
0,48,65,0,1,1,0,0,1,1,1,1,1,0,1,0,2,0,0.0,293,55,5.327272727272727
1,12,140,0,1,0,1,2,1,0,1,1,1,0,1,0,2,0,1.0,158,28,5.642857142857143
0,36,144,0,1,1,0,0,0,2,0,2,1,0,1,0,12,0,1.0,299,58,5.155172413793103
1,2,88,106,0,2,3,5,1,0,1,0,1,0,1,0,2,0,3.0,732,105,6.9714285714285715
1,2,104,0,1,0,6,0,0,1,1,0,1,2,1,0,7,0,2.0,435,79,5.506329113924051
0,12,144,0,1,1,2,0,1,1,0,0,0,0,1,0,2,0,2.0,217,37,5.864864864864865
1,5,104,0,0,2,6,0,0,1,1,0,1,0,1,150,2,0,30.0,3248,594,5.468013468013468
0,2,144,0,1,1,0,0,1,1,1,0,1,0,1,0,2,0,2.0,51,9,5.666666666666667
0,36,144,0,1,4,0,0,2,0,0,0,0,0,1,0,2,0,1.0,21,5,4.2
0,1,144,0,2,0,1,0,1,1,0,0,0,0,3,0,12,0,5.0,1234,224,5.508928571428571
1,6,105,0,0,1,3,5,0,0,1,1,1,0,3,0,12,0,4.0,385,76,5.065789473684211
1,1,105,0,2,0,5,5,1,0,1,0,1,0,5,50,2,0,5.0,285,49,5.816326530612245
1,3,105,0,0,1,6,0,1,0,0,0,1,0,1,0,12,0,10.0,947,175,5.411428571428571
0,3,144,0,1,0,1,0,1,0,1,0,1,0,1,0,7,0,3.0,460,85,5.411764705882353
0,3,47,114,0,0,3,0,1,1,0,0,1,0,1,0,12,0,4.0,485,88,5.511363636363637
1,2,104,0,2,0,2,5,1,1,1,1,1,0,3,0,2,0,3.0,385,76,5.065789473684211
0,2,144,114,0,1,4,5,1,1,2,2,1,0,1,0,2,0,4.0,273,55,4.963636363636364
1,12,105,0,1,1,5,5,0,0,1,1,1,0,3,0,2,0,5.0,259,51,5.078431372549019
1,24,104,0,1,0,3,5,2,1,0,0,0,0,1,0,12,0,5.0,47,3,15.666666666666666
1,2,105,0,1,1,0,0,0,0,2,0,1,0,1,0,12,0,3.0,113,17,6.647058823529412
0,2,144,0,2,6,0,0,1,0,1,1,1,0,2,0,3,1,2.0,291,53,5.490566037735849
1,11,135,0,0,0,1,5,1,1,2,2,2,0,1,0,3,0,4.0,473,81,5.839506172839506
0,1,144,0,1,0,6,0,1,1,2,2,1,0,1,0,2,0,1.0,122,21,5.809523809523809
1,12,104,80,1,3,6,0,2,2,1,0,0,0,1,100,12,0,11.0,285,57,5.0
1,3,96,101,1,3,4,5,1,0,0,0,1,0,1,0,2,2,9.0,375,71,5.28169014084507
1,12,105,0,0,0,6,0,2,0,0,0,0,0,1,0,12,0,2.0,339,59,5.745762711864407
1,1,105,0,1,0,3,5,1,0,1,1,1,0,1,0,2,0,3.0,178,32,5.5625
1,24,105,0,1,0,1,5,2,1,0,0,0,0,1,0,12,0,3.0,338,68,4.970588235294118
1,2,104,0,1,5,0,0,0,1,1,1,1,0,1,0,7,0,2.0,121,20,6.05
0,6,144,0,0,1,4,5,1,0,0,0,0,0,1,0,2,0,3.0,164,35,4.685714285714286
0,7,144,0,0,1,2,2,1,0,1,1,1,0,1,0,2,0,0.0,169,38,4.447368421052632
0,8,144,114,1,1,0,0,1,0,1,0,0,0,1,10,4,0,2.0,390,71,5.492957746478873
0,2,144,0,2,0,6,0,1,0,1,0,1,0,2,0,12,0,18.0,283,50,5.66
0,2,144,54,1,0,1,0,1,0,1,1,1,0,1,0,2,0,2.0,461,90,5.122222222222222
0,18,60,0,1,0,1,5,0,0,0,0,1,0,2,400,2,0,2.0,1085,194,5.592783505154639
1,0,105,82,0,2,0,0,1,0,1,1,1,0,1,0,2,0,2.0,201,43,4.674418604651163
0,2,144,114,1,1,0,0,1,0,2,0,1,0,1,0,12,0,4.0,153,27,5.666666666666667
0,3,144,0,1,1,6,0,1,0,0,0,1,0,1,0,12,0,7.0,246,41,6.0
0,2,144,0,1,0,4,5,1,0,1,0,1,0,1,0,12,0,3.0,178,33,5.393939393939394
0,1,144,114,0,0,1,1,1,0,1,1,1,0,1,20,2,0,5.0,61,11,5.545454545454546
1,8,104,106,1,0,1,0,1,1,0,0,1,0,1,0,2,0,2.0,340,66,5.151515151515151
1,2,105,0,2,0,5,5,1,0,1,1,1,0,3,0,2,0,16.0,280,57,4.912280701754386
1,15,104,0,2,0,2,5,1,1,1,2,2,0,2,0,2,0,9.0,173,32,5.40625
1,2,105,0,2,0,5,5,1,0,1,1,1,0,2,0,2,0,16.0,390,70,5.571428571428571
0,15,8,0,0,1,2,0,2,1,0,0,2,0,1,0,12,0,0.0,280,48,5.833333333333333
0,8,144,0,0,0,1,2,1,1,0,0,0,0,1,0,12,0,5.0,331,66,5.015151515151516
1,2,105,0,0,1,0,0,0,0,1,1,1,0,1,20,2,0,2.0,27,7,3.857142857142857
0,12,144,0,1,4,6,0,1,0,0,0,0,0,1,0,2,0,5.0,337,61,5.524590163934426
0,15,144,0,0,1,0,0,1,0,0,0,0,0,1,0,2,0,1.0,59,14,4.214285714285714
1,31,105,0,0,5,0,0,1,0,1,1,0,0,1,0,12,0,3.0,179,34,5.264705882352941
0,0,144,114,2,0,1,0,1,0,1,1,0,0,6,0,3,0,4.0,311,67,4.641791044776119
0,3,17,16,1,1,6,0,1,0,0,0,1,0,1,500,7,0,1.0,92,14,6.571428571428571
0,6,69,114,1,6,0,0,1,2,1,1,1,0,1,20,3,0,1.0,173,32,5.40625
0,1,144,114,2,0,1,2,0,0,1,1,1,0,8,0,12,0,1.0,33,5,6.6
0,72,54,41,0,0,1,5,1,1,0,0,1,0,1,0,2,0,1.0,12,2,6.0
1,1,104,0,2,0,5,5,1,1,1,1,1,0,3,0,12,0,13.0,2140,379,5.646437994722955
0,4,144,0,1,4,0,0,0,2,1,1,1,0,1,0,4,0,3.0,289,55,5.254545454545455
0,9,144,0,1,0,6,0,1,0,0,0,0,0,1,0,2,0,1.0,201,36,5.583333333333333
1,9,114,82,1,0,3,5,2,0,0,0,1,0,2,0,2,0,3.0,261,43,6.069767441860465
1,3,105,82,2,0,3,4,0,0,1,1,1,0,3,0,2,0,5.0,34,7,4.857142857142857
1,2,105,106,1,5,6,0,0,0,1,0,1,0,1,0,2,0,13.0,518,96,5.395833333333333
0,2,144,0,1,1,0,0,1,0,1,0,1,0,1,0,3,0,1.0,59,8,7.375
1,2,105,0,1,0,5,0,0,0,1,0,1,0,1,0,12,0,2.0,117,22,5.318181818181818
0,2,144,0,0,1,6,0,1,0,0,0,1,0,1,0,2,0,7.0,271,47,5.76595744680851
1,1,105,0,0,0,6,0,0,1,1,1,1,0,1,0,2,0,4.0,33,6,5.5
0,12,144,0,1,6,0,0,1,1,0,0,0,0,1,0,2,0,4.0,294,51,5.764705882352941
0,8,144,0,1,0,6,0,1,1,0,0,0,0,1,0,2,0,2.0,610,112,5.446428571428571
0,2,144,114,2,0,1,5,1,1,1,1,1,0,9,0,4,0,9.0,185,34,5.4411764705882355
0,84,81,0,1,0,2,5,0,0,0,0,1,0,1,0,2,0,1.0,543,103,5.271844660194175
0,3,22,114,1,0,0,0,1,0,0,0,1,0,2,0,2,0,5.0,782,139,5.625899280575539
0,108,144,114,2,1,6,0,2,0,0,0,0,0,2,0,2,3,5.0,331,49,6.755102040816326
0,61,144,114,0,0,1,0,1,1,1,1,1,0,1,0,2,0,2.0,165,30,5.5
0,12,144,0,0,3,0,0,1,0,0,0,1,0,1,0,12,0,3.0,289,53,5.452830188679245
1,4,104,81,2,0,6,0,1,1,1,2,0,0,2,0,2,0,1.0,44,9,4.888888888888889
0,2,144,114,1,0,3,0,2,0,1,0,1,0,1,50,5,0,3.0,475,85,5.588235294117647
1,2,105,0,2,5,6,0,1,0,0,0,1,0,3,0,2,0,3.0,249,47,5.297872340425532
1,0,105,82,2,0,1,5,1,0,1,1,1,0,5,0,2,0,14.0,647,124,5.217741935483871
1,6,105,0,1,0,5,5,1,1,1,1,1,0,1,0,2,0,2.0,170,35,4.857142857142857
0,7,144,0,1,0,0,0,1,0,0,0,0,0,1,0,2,0,3.0,247,51,4.8431372549019605
0,24,144,0,1,1,0,0,2,1,2,2,2,0,1,0,3,0,3.0,194,36,5.388888888888889
0,1,144,114,2,4,0,0,1,1,1,1,1,0,2,0,3,0,14.0,93,18,5.166666666666667
1,2,88,82,1,1,6,0,0,0,1,0,2,0,1,0,2,0,2.0,132,25,5.28
1,1,105,0,2,0,3,5,0,0,1,1,1,0,3,0,12,0,3.0,217,48,4.520833333333333
0,1,144,0,1,0,1,0,1,0,1,0,1,0,1,0,3,0,3.0,248,39,6.358974358974359
1,5,103,0,0,2,6,0,1,2,1,0,1,0,1,40,2,0,6.0,292,48,6.083333333333333
1,5,93,81,1,0,6,0,1,1,1,1,1,0,1,350,2,0,6.0,111,19,5.842105263157895
1,24,128,82,1,6,0,0,0,0,0,0,0,0,1,120,7,1,8.0,453,77,5.883116883116883
1,7,105,0,0,5,0,0,1,0,0,0,0,0,1,100,2,0,1.0,136,28,4.857142857142857
0,18,144,0,0,1,0,0,1,1,0,0,1,0,1,0,7,0,5.0,123,24,5.125
1,1,104,0,1,0,2,5,1,1,1,1,1,0,1,0,7,0,3.0,91,19,4.7894736842105265
0,2,69,114,1,0,1,0,1,2,1,1,1,0,2,0,4,0,1.0,292,54,5.407407407407407
1,3,104,0,0,2,0,0,0,1,1,1,1,0,1,0,2,0,3.0,357,65,5.492307692307692
0,2,144,0,1,0,1,4,1,0,1,1,1,0,4,0,2,0,1.0,104,23,4.521739130434782
1,7,105,0,1,0,1,5,0,0,0,0,0,0,1,0,2,0,3.0,725,130,5.576923076923077
0,4,144,0,1,0,6,0,1,0,0,1,1,0,1,0,5,0,2.0,70,12,5.833333333333333
0,3,144,0,1,0,1,0,1,0,1,1,1,0,1,0,2,0,3.0,338,68,4.970588235294118
1,2,96,0,1,0,1,5,1,1,1,1,1,0,1,0,12,0,4.0,405,72,5.625
0,12,144,0,1,0,1,0,1,1,1,0,1,0,1,0,3,0,2.0,131,26,5.038461538461538
0,2,144,0,1,1,0,0,1,1,0,0,1,0,2,0,2,0,3.0,420,74,5.675675675675675
1,2,105,0,0,3,6,0,0,0,1,1,1,0,1,0,12,0,4.0,536,102,5.254901960784314
1,3,105,0,0,4,0,0,0,0,2,0,2,0,1,0,12,0,1.0,136,22,6.181818181818182
0,1,144,114,0,1,0,0,1,1,1,0,1,0,1,0,2,0,1.0,14,3,4.666666666666667
0,9,165,0,1,0,6,0,2,0,2,2,0,0,1,0,7,0,8.0,398,69,5.768115942028985
0,1,144,0,0,0,1,0,1,0,2,2,2,0,3,0,2,0,1.0,1047,182,5.752747252747253
0,96,40,54,1,6,0,0,1,0,0,0,0,0,2,0,2,0,0.0,192,42,4.571428571428571
1,12,90,0,1,0,1,4,1,0,1,0,1,0,1,0,2,0,3.0,437,84,5.2023809523809526
0,2,144,114,0,0,0,0,1,0,1,1,1,0,1,0,2,0,3.0,369,76,4.855263157894737
0,2,144,0,1,1,6,0,1,0,1,1,1,0,1,0,2,0,1.0,168,31,5.419354838709677
0,3,144,4,0,1,4,0,1,0,1,0,0,0,1,0,12,0,8.0,70,11,6.363636363636363
1,3,105,101,1,1,4,0,0,0,2,2,2,0,1,0,12,0,6.0,305,52,5.865384615384615
0,9,144,131,1,0,1,0,1,0,1,0,0,0,1,0,2,0,7.0,158,31,5.096774193548387
1,6,105,82,0,3,0,0,1,0,1,1,1,0,1,0,12,0,6.0,520,102,5.098039215686274
0,4,144,51,0,0,1,5,1,1,0,0,1,0,1,0,5,0,4.0,311,61,5.098360655737705
1,3,105,0,1,0,1,3,1,0,0,0,1,0,1,0,12,0,2.0,339,59,5.745762711864407
0,24,144,0,1,4,0,0,1,1,0,0,0,0,1,100,2,0,1.0,116,23,5.043478260869565
0,2,144,0,1,0,3,0,1,0,0,0,1,0,1,0,2,0,4.0,177,30,5.9
1,4,105,0,0,0,6,0,1,0,1,1,1,0,3,0,2,0,6.0,807,103,7.834951456310679
1,7,104,82,1,1,4,5,1,1,1,1,1,0,2,0,12,0,5.0,265,48,5.520833333333333
0,24,22,114,0,1,0,0,2,0,0,0,0,0,1,0,4,0,5.0,424,75,5.653333333333333
1,3,105,0,1,4,6,0,1,0,2,2,1,0,1,0,12,0,3.0,113,17,6.647058823529412
1,5,104,0,0,0,0,0,1,1,2,2,2,0,1,0,2,0,1.0,25,5,5.0
0,2,144,0,0,0,6,0,1,0,2,2,2,0,1,0,5,0,1.0,66,14,4.714285714285714
0,84,5,0,0,0,1,0,3,0,0,0,1,0,1,0,2,0,1.0,1458,278,5.244604316546763
1,3,104,0,1,2,6,0,1,1,0,0,0,0,1,0,2,0,2.0,8,1,8.0
1,2,128,72,0,1,6,0,0,0,1,1,1,0,1,0,12,0,3.0,255,49,5.204081632653061
0,2,144,114,1,1,3,5,1,0,0,1,1,0,1,0,12,0,1.0,266,52,5.115384615384615
0,1,144,0,1,0,1,0,1,0,1,0,1,0,1,0,12,0,9.0,127,22,5.7727272727272725
0,36,47,0,0,0,4,0,2,0,0,0,0,0,1,0,2,0,4.0,1482,286,5.181818181818182
1,2,143,82,1,0,6,0,0,0,1,0,1,0,1,0,12,0,1.0,228,44,5.181818181818182
1,19,122,0,0,0,6,0,1,2,0,0,0,0,1,0,2,0,0.0,83,19,4.368421052631579
0,12,144,114,2,1,6,0,1,0,0,0,2,0,2,0,12,0,1.0,288,53,5.433962264150943
1,5,135,82,1,0,3,5,2,1,1,1,1,0,1,0,2,0,1.0,142,27,5.2592592592592595
1,12,105,0,0,0,0,0,1,0,1,0,1,0,1,1,2,0,2.0,169,36,4.694444444444445
1,36,103,0,0,0,6,0,2,2,1,1,0,0,1,0,12,0,5.0,209,37,5.648648648648648
0,8,144,0,0,2,4,4,0,1,0,0,0,0,1,0,2,0,2.0,185,32,5.78125
1,3,105,0,1,0,2,0,0,0,2,2,2,0,1,0,7,0,2.0,16,3,5.333333333333333
1,2,105,0,1,0,1,4,0,0,1,1,1,0,1,0,2,0,2.0,395,70,5.642857142857143
1,2,105,0,0,5,0,0,1,0,1,1,1,0,3,0,2,0,3.0,135,21,6.428571428571429
1,2,105,82,2,0,3,5,1,0,1,1,1,0,3,0,2,0,3.0,178,32,5.5625
1,1,104,0,0,6,0,0,0,1,1,1,1,1,1,0,2,0,2.0,138,25,5.52
0,8,144,114,1,1,2,0,0,1,2,2,2,0,1,0,12,0,3.0,195,45,4.333333333333333
0,10,8,0,0,4,0,0,2,0,0,0,1,0,1,0,12,0,1.0,12,2,6.0
0,2,144,114,2,4,6,0,1,0,1,1,1,0,6,0,2,0,5.0,475,87,5.459770114942529
1,24,105,0,1,1,0,0,2,0,1,1,1,0,6,0,12,0,4.0,364,63,5.777777777777778
0,2,144,0,1,0,0,0,1,0,0,0,1,0,1,0,12,0,5.0,166,28,5.928571428571429
0,2,144,0,0,0,1,5,1,0,1,1,1,0,1,0,2,0,7.0,239,46,5.195652173913044
1,12,105,0,1,5,0,0,0,0,2,0,1,0,1,0,12,0,5.0,111,21,5.285714285714286
1,48,95,0,1,1,4,5,2,1,0,2,1,0,1,0,2,0,10.0,1225,240,5.104166666666667
1,3,104,0,2,0,4,4,0,1,1,1,1,0,4,0,2,0,10.0,129,20,6.45
1,2,105,0,2,0,1,5,2,0,1,1,1,0,4,0,12,0,3.0,197,38,5.184210526315789
1,4,105,0,0,6,0,0,0,0,1,1,1,0,1,0,7,0,4.0,156,27,5.777777777777778
1,8,105,106,1,0,5,5,1,1,1,1,0,0,1,0,2,0,1.0,239,44,5.431818181818182
1,10,143,73,2,0,2,5,1,0,0,0,0,0,2,100,4,0,5.0,342,67,5.104477611940299
0,2,144,0,0,0,0,0,1,1,0,0,1,0,1,0,2,0,2.0,151,29,5.206896551724138
1,4,135,0,0,0,1,1,1,0,0,0,1,0,1,0,7,0,5.0,348,67,5.1940298507462686
0,3,144,0,1,1,0,0,1,1,1,1,1,0,1,0,2,0,8.0,149,24,6.208333333333333
0,24,144,12,1,4,6,0,1,1,0,0,0,0,1,350,12,0,4.0,251,42,5.976190476190476
1,4,103,101,1,0,5,5,2,2,1,0,1,0,2,200,2,0,9.0,236,35,6.742857142857143
1,3,105,0,2,0,5,5,1,1,1,0,1,0,2,0,12,0,8.0,581,105,5.533333333333333
0,2,144,0,1,1,0,0,1,1,0,0,1,0,1,0,2,0,3.0,181,34,5.323529411764706
1,3,105,0,1,1,2,3,1,1,2,2,2,0,1,0,12,0,4.0,569,117,4.863247863247863
1,2,105,0,0,1,6,0,1,0,1,1,1,0,1,0,2,0,1.0,720,128,5.625
0,2,144,0,2,0,1,5,1,1,1,0,1,0,11,0,12,0,29.0,2901,546,5.313186813186813
0,1,144,0,0,0,1,2,1,1,1,1,1,0,3,0,2,0,4.0,326,64,5.09375
1,2,103,0,2,2,4,4,1,2,1,1,1,0,11,30,2,0,6.0,291,58,5.017241379310345
0,2,144,114,1,0,1,5,1,0,1,1,1,0,5,0,3,0,9.0,619,111,5.576576576576577
1,5,105,0,1,0,1,2,1,0,1,0,1,0,1,0,12,0,3.0,305,57,5.350877192982456
1,5,104,0,1,1,4,0,0,1,1,1,1,0,1,0,2,0,6.0,278,60,4.633333333333334
1,3,104,0,1,0,6,0,1,1,1,1,2,0,1,0,2,0,4.0,464,96,4.833333333333333
0,1,144,0,2,0,1,5,1,0,2,2,2,0,11,0,7,0,0.0,46,10,4.6
0,1,144,114,1,1,0,0,1,0,1,1,0,0,1,0,2,0,3.0,73,12,6.083333333333333
1,3,105,0,0,2,0,0,1,0,0,0,1,0,1,0,2,0,6.0,118,23,5.130434782608695
0,2,144,0,0,1,6,0,1,0,1,1,1,0,1,0,3,0,1.0,107,22,4.863636363636363
1,1,105,0,2,0,2,5,0,0,1,1,1,0,2,0,2,0,5.0,657,113,5.814159292035399
0,60,144,0,2,0,1,0,1,0,0,0,0,0,3,0,4,0,3.0,379,71,5.338028169014085
0,2,144,0,0,0,1,5,1,1,1,1,1,0,5,0,3,0,1.0,57,9,6.333333333333333
0,9,57,114,1,0,0,0,2,1,0,0,0,0,1,0,2,0,1.0,148,28,5.285714285714286
0,48,159,0,1,1,0,0,1,0,2,2,2,0,1,0,2,0,4.0,1357,238,5.701680672268908
0,72,54,0,0,0,1,5,1,1,1,1,1,0,1,0,2,0,1.0,18,2,9.0
0,36,8,6,1,1,4,0,2,2,2,0,2,0,1,0,2,0,5.0,442,86,5.1395348837209305
1,2,105,0,0,2,4,5,1,0,0,0,1,0,1,0,2,0,5.0,926,162,5.716049382716049
1,4,105,0,0,0,1,4,0,0,2,2,2,0,1,0,12,0,3.0,49,11,4.454545454545454
1,12,105,0,0,0,1,5,0,0,2,2,2,0,1,0,2,0,3.0,68,11,6.181818181818182
0,1,144,0,1,2,4,0,1,1,2,2,2,0,1,0,0,0,1.0,60,10,6.0
1,24,122,96,1,4,0,0,1,2,2,2,1,0,1,0,12,0,5.0,415,76,5.4605263157894735
0,7,144,129,0,1,4,0,1,0,0,0,1,0,1,0,12,0,4.0,376,67,5.611940298507463
0,2,144,0,1,0,6,0,1,0,1,0,1,0,1,0,12,0,1.0,113,20,5.65
0,3,69,114,0,1,6,0,1,0,1,0,1,0,1,0,2,0,5.0,410,76,5.394736842105263
0,2,60,0,1,4,6,0,0,2,0,0,0,0,1,0,2,0,7.0,385,71,5.422535211267606
1,36,143,0,1,0,6,0,0,0,1,0,0,0,1,0,2,0,9.0,208,35,5.942857142857143
1,4,105,0,1,4,5,0,1,0,2,2,1,0,1,50,2,0,1.0,707,130,5.438461538461539
1,1,105,0,0,0,6,0,0,0,1,1,1,0,1,0,2,0,1.0,183,36,5.083333333333333
1,2,105,0,1,2,0,0,0,0,1,0,1,0,1,0,2,0,1.0,151,29,5.206896551724138
0,5,144,0,0,4,0,0,1,0,2,2,2,0,1,0,12,1,10.0,685,133,5.150375939849624
1,9,122,80,1,1,3,5,0,2,0,0,1,1,1,0,2,2,5.0,404,84,4.809523809523809
1,36,105,0,1,2,5,5,1,1,2,2,0,0,1,0,2,0,5.0,577,107,5.392523364485982
0,12,164,114,1,2,3,0,0,0,2,2,2,0,1,0,12,0,5.0,405,79,5.1265822784810124
0,2,144,114,1,1,6,0,1,0,1,1,1,0,1,0,2,0,1.0,92,18,5.111111111111111
0,24,144,0,0,0,6,0,1,0,0,0,0,0,1,120,2,0,1.0,499,95,5.252631578947368
1,6,126,0,0,0,1,4,1,0,2,2,1,0,1,0,2,0,5.0,179,32,5.59375
0,1,144,114,2,6,0,0,1,1,1,1,1,0,16,0,2,0,1.0,64,12,5.333333333333333
1,36,104,0,1,5,6,0,1,1,0,0,0,0,1,0,2,0,3.0,315,57,5.526315789473684
0,3,144,0,1,1,0,0,2,0,1,0,1,0,1,0,1,0,4.0,210,44,4.7727272727272725
1,5,103,0,0,0,6,0,1,1,1,0,1,1,5,10,3,0,4.0,101,19,5.315789473684211
0,4,144,0,1,0,0,0,1,1,0,0,1,0,1,0,2,0,2.0,162,35,4.628571428571429
1,2,105,0,2,0,5,5,1,0,1,0,1,0,2,0,12,0,15.0,155,23,6.739130434782608
0,2,144,114,1,2,0,0,1,1,0,0,1,0,1,0,2,0,2.0,12,2,6.0
1,12,128,81,0,0,6,0,1,1,1,1,1,0,1,250,2,0,3.0,189,32,5.90625
1,12,104,81,1,0,1,5,1,1,2,2,2,0,1,0,0,0,1.0,12,2,6.0
1,2,105,0,0,0,6,0,0,0,1,0,1,0,1,0,2,0,1.0,301,48,6.270833333333333
0,11,144,0,0,0,4,0,1,0,0,0,1,0,1,0,4,0,5.0,1141,214,5.331775700934579
0,2,144,0,1,1,0,0,1,0,0,0,0,0,1,0,2,0,5.0,662,127,5.21259842519685
1,5,104,0,0,2,3,5,1,1,0,0,1,0,1,0,2,0,2.0,69,12,5.75
0,30,41,0,1,4,6,0,1,0,0,0,1,0,1,0,12,0,2.0,423,84,5.035714285714286
1,3,105,0,1,3,6,0,1,1,0,0,1,0,1,120,2,0,5.0,194,36,5.388888888888889
0,2,144,0,1,0,1,0,1,1,1,1,1,0,1,0,12,0,5.0,54,12,4.5
1,9,103,0,0,0,6,0,1,2,1,0,1,1,1,0,12,0,2.0,1613,303,5.323432343234323
1,3,143,82,1,0,6,0,0,0,0,0,1,0,1,0,2,0,4.0,18,3,6.0
0,2,144,114,1,1,0,0,2,0,1,1,1,0,1,0,12,0,5.0,317,58,5.4655172413793105
1,2,105,0,0,6,0,0,0,0,0,0,1,0,1,0,2,0,3.0,25,3,8.333333333333334
1,72,122,0,1,1,0,0,1,2,0,0,0,0,1,0,2,0,4.0,16,3,5.333333333333333
0,1,144,0,1,1,0,0,1,0,1,0,1,0,1,0,12,0,7.0,282,54,5.222222222222222
1,1,105,0,0,0,5,0,1,0,1,1,1,0,1,0,2,0,2.0,149,27,5.518518518518518
1,19,104,81,1,0,3,5,2,1,0,2,0,0,1,0,2,0,0.0,219,42,5.214285714285714
0,1,144,114,1,0,0,0,1,1,0,0,1,0,1,0,2,0,4.0,200,33,6.0606060606060606
1,4,105,0,1,1,3,5,1,0,2,2,2,0,1,0,12,0,4.0,91,12,7.583333333333333
1,7,104,0,1,5,0,0,0,1,0,0,0,0,1,0,2,0,2.0,156,29,5.379310344827586
1,3,104,0,1,0,1,5,0,1,1,0,1,0,1,50,2,0,5.0,142,28,5.071428571428571
0,1,144,114,1,6,0,0,2,0,1,0,1,0,3,50,5,0,4.0,285,52,5.480769230769231
0,12,65,0,0,4,0,0,1,1,0,0,0,0,1,0,2,0,2.0,448,88,5.090909090909091
1,0,105,0,2,0,4,5,1,1,1,1,1,0,4,0,2,0,3.0,295,58,5.086206896551724
1,2,105,0,0,0,0,0,1,0,1,1,1,0,1,0,2,0,7.0,532,99,5.373737373737374
0,5,144,0,0,1,6,0,1,0,0,0,1,0,1,0,7,0,5.0,268,44,6.090909090909091
1,4,104,81,2,0,5,0,1,1,1,1,1,0,4,0,2,0,1.0,29,6,4.833333333333333
0,2,144,0,1,0,1,0,1,1,1,0,1,0,1,1,4,0,2.0,310,62,5.0
0,84,30,47,0,0,1,5,0,0,0,0,1,0,2,0,2,0,11.0,1028,193,5.3264248704663215
1,1,104,103,1,5,0,0,1,1,1,1,2,0,1,0,2,0,1.0,62,14,4.428571428571429
1,2,82,61,0,0,3,4,1,0,1,1,1,0,1,0,2,0,3.0,30,8,3.75
0,12,144,0,1,0,1,0,1,0,1,0,1,0,1,0,3,0,4.0,121,16,7.5625
1,1,104,0,2,0,6,0,0,1,1,1,1,0,5,0,12,0,20.0,471,90,5.233333333333333
0,60,62,114,1,2,4,5,1,1,0,0,0,0,1,0,2,0,0.0,642,111,5.783783783783784
0,24,41,114,0,1,2,5,1,1,2,2,1,0,1,0,2,0,0.0,62,14,4.428571428571429
0,15,60,0,0,0,0,0,0,0,0,0,1,0,1,0,0,0,1.0,5,1,5.0
0,48,41,0,1,6,0,0,1,1,2,0,2,0,1,0,2,0,3.0,98,17,5.764705882352941
1,4,103,0,0,0,0,0,1,2,1,1,1,0,1,150,2,1,2.0,216,46,4.695652173913044
0,7,144,0,1,1,6,0,1,0,0,0,1,0,1,0,2,0,1.0,186,40,4.65
1,1,105,0,2,3,6,0,0,0,1,1,1,0,2,0,7,0,5.0,111,19,5.842105263157895
0,2,144,0,1,1,0,0,2,1,0,0,1,0,1,0,2,0,11.0,439,88,4.988636363636363
0,36,51,0,2,0,5,5,0,1,0,0,1,0,3,0,2,0,2.0,206,33,6.242424242424242
1,7,105,0,1,2,3,5,1,0,2,2,2,0,1,0,12,0,1.0,379,77,4.922077922077922
1,5,104,0,0,3,6,0,1,1,1,1,1,0,1,0,12,0,5.0,380,74,5.135135135135135
0,2,144,131,0,0,1,3,1,0,0,0,1,0,1,200,2,0,8.0,634,113,5.610619469026549
0,3,144,0,0,0,6,0,1,0,0,0,1,0,1,0,2,0,3.0,91,17,5.352941176470588
0,2,47,114,1,0,0,0,1,0,1,1,1,0,1,0,12,0,1.0,58,9,6.444444444444445
0,4,144,114,1,6,0,0,2,0,0,0,0,0,1,50,5,0,2.0,227,41,5.536585365853658
0,2,144,0,1,1,0,0,1,0,0,0,1,0,1,0,2,1,5.0,296,60,4.933333333333334
1,7,105,82,2,2,5,5,1,0,2,2,2,0,2,0,2,0,1.0,554,105,5.276190476190476
1,3,104,0,2,0,5,0,1,1,1,1,1,0,2,0,12,0,5.0,150,27,5.555555555555555
1,4,103,0,0,0,0,0,0,2,1,0,1,0,1,0,2,0,5.0,310,58,5.344827586206897
0,3,144,0,1,0,0,0,1,0,1,1,0,0,1,0,2,0,1.0,168,31,5.419354838709677
0,8,7,114,1,3,4,5,1,2,0,0,1,0,1,0,2,0,5.0,310,43,7.209302325581396
1,24,105,0,1,0,1,0,1,0,0,0,1,0,1,0,2,0,2.0,191,37,5.162162162162162
0,5,144,0,0,1,5,5,1,0,0,0,1,0,3,0,2,0,3.0,705,135,5.222222222222222
1,1,105,0,1,0,1,0,1,0,1,1,1,0,1,0,12,0,1.0,163,33,4.9393939393939394
1,3,105,0,0,0,6,0,1,0,0,0,1,0,1,50,12,0,6.0,1049,199,5.271356783919598
0,1,144,114,1,0,1,5,1,0,1,1,1,0,2,0,7,0,2.0,1124,221,5.085972850678733
1,3,105,0,1,0,3,5,0,0,0,0,1,0,1,0,3,0,3.0,310,60,5.166666666666667
1,12,105,98,0,5,0,0,1,0,0,0,0,0,1,50,12,0,3.0,669,124,5.395161290322581
0,6,144,0,0,2,3,3,1,0,1,1,1,0,1,0,12,0,1.0,724,133,5.443609022556391
0,1,144,114,1,1,0,0,1,1,1,0,1,0,1,0,2,0,14.0,12,2,6.0
1,9,103,89,0,4,0,0,1,2,0,0,0,0,1,200,4,0,20.0,3,1,3.0
1,2,105,0,2,0,2,5,2,0,1,1,1,0,6,0,2,0,5.0,456,91,5.010989010989011
1,6,104,0,1,2,6,0,1,1,1,1,2,0,1,0,12,0,5.0,128,22,5.818181818181818
0,2,144,114,2,1,6,0,1,0,1,1,1,0,9,0,3,0,3.0,166,31,5.354838709677419
0,2,144,0,0,0,4,5,1,1,1,1,1,0,4,0,3,0,7.0,578,103,5.611650485436893
1,2,104,0,1,0,3,5,1,1,1,1,1,0,1,100,2,0,4.0,247,46,5.369565217391305
0,24,144,0,1,6,0,0,1,1,0,0,0,0,2,0,2,0,3.0,165,30,5.5
0,72,159,0,0,1,2,0,1,2,2,2,1,0,1,0,12,0,4.0,625,121,5.1652892561983474
1,5,105,0,2,0,1,2,1,1,0,0,1,0,5,0,2,0,17.0,244,48,5.083333333333333
0,1,144,0,0,1,0,0,1,0,1,1,1,0,1,0,2,0,0.0,262,56,4.678571428571429
0,6,8,0,0,2,0,0,2,2,0,0,1,0,1,0,2,0,1.0,160,22,7.2727272727272725
0,1,144,114,2,0,1,1,0,0,1,1,1,0,5,0,12,0,1.0,136,29,4.689655172413793
1,3,105,0,0,1,2,0,0,0,0,0,1,0,1,0,2,0,6.0,612,103,5.941747572815534
1,4,104,0,0,2,0,0,0,1,1,1,1,0,1,0,12,0,1.0,33,6,5.5
0,3,22,114,1,0,1,1,2,0,1,1,1,0,1,0,1,5,6.0,463,89,5.202247191011236
0,1,144,0,2,1,2,3,1,0,0,0,0,0,3,0,2,0,5.0,260,44,5.909090909090909
1,4,104,0,0,0,1,5,1,1,2,2,2,0,2,0,2,0,3.0,123,21,5.857142857142857
1,1,105,82,1,0,1,5,0,0,1,1,1,0,1,50,2,0,5.0,154,26,5.923076923076923
1,12,128,82,0,6,0,0,2,0,2,2,1,0,1,0,2,0,4.0,185,35,5.285714285714286
0,2,144,0,2,0,1,0,0,1,1,1,1,0,9,0,4,0,6.0,312,56,5.571428571428571
0,1,144,114,2,0,1,0,1,1,1,1,1,0,3,0,2,0,6.0,69,12,5.75
1,4,105,0,2,0,1,3,0,2,2,2,2,0,3,50,2,0,3.0,150,23,6.521739130434782
0,2,144,0,1,1,0,0,1,0,1,1,1,0,1,20,3,0,1.0,144,25,5.76
1,12,105,0,0,1,6,0,1,0,1,1,1,0,2,0,7,0,4.0,157,29,5.413793103448276
1,1,105,0,1,0,1,5,1,0,1,0,1,0,1,0,12,0,2.0,59,9,6.555555555555555
0,7,144,0,1,1,6,0,1,0,2,2,2,0,1,0,12,0,1.0,236,43,5.488372093023256
1,2,105,0,1,0,1,5,1,1,1,0,1,0,1,0,2,0,13.0,808,151,5.3509933774834435
0,10,144,0,2,0,1,3,1,1,2,2,2,1,5,0,2,0,1.0,939,174,5.396551724137931
0,1,144,0,0,1,0,0,1,1,1,0,1,0,1,38,2,0,17.0,303,57,5.315789473684211
1,4,135,0,0,1,6,0,1,0,2,0,0,0,2,0,12,0,5.0,260,50,5.2
1,2,96,0,2,0,3,5,1,1,1,1,1,0,2,0,2,0,5.0,155,29,5.344827586206897
0,84,144,39,0,5,6,0,1,1,0,0,0,0,1,100,2,0,1.0,180,33,5.454545454545454
0,12,10,0,1,0,0,0,3,0,0,0,1,1,1,0,12,0,3.0,351,74,4.743243243243243
1,36,105,0,0,0,1,2,0,0,1,1,1,1,1,0,9,0,5.0,1342,256,5.2421875
1,15,104,0,0,2,6,0,1,1,0,0,1,0,1,0,7,0,3.0,36,7,5.142857142857143
0,1,144,114,2,0,1,5,1,0,1,1,1,0,2,0,3,0,1.0,156,30,5.2
0,11,47,0,1,0,1,0,2,0,0,0,0,0,1,400,2,0,7.0,1625,290,5.603448275862069
1,48,135,88,2,5,0,0,1,0,0,0,0,0,2,0,2,0,5.0,1335,252,5.2976190476190474
0,1,144,114,2,0,1,3,1,1,1,1,1,0,6,0,4,0,6.0,156,28,5.571428571428571
0,18,144,9,1,0,2,3,1,0,0,0,0,0,1,0,2,0,10.0,214,42,5.095238095238095
0,36,144,0,0,1,0,0,1,1,0,0,0,0,1,0,12,0,5.0,497,87,5.712643678160919
0,2,25,0,1,1,4,0,1,0,1,0,2,0,1,0,12,0,1.0,135,32,4.21875
1,2,96,0,1,0,3,5,1,0,1,0,1,0,1,0,2,0,12.0,908,171,5.309941520467836
1,5,128,0,1,6,0,0,1,1,1,0,1,0,1,0,2,0,1.0,159,29,5.482758620689655
1,2,105,0,0,0,3,5,1,0,1,1,1,0,1,50,2,0,3.0,238,40,5.95
1,3,104,0,2,0,6,0,1,1,1,1,1,0,3,50,3,0,5.0,166,26,6.384615384615385
1,16,105,0,0,0,6,0,1,0,0,0,0,0,2,500,12,0,3.0,633,111,5.702702702702703
0,24,69,114,1,0,1,5,1,0,0,0,0,0,1,0,2,0,7.0,330,65,5.076923076923077
1,3,114,80,1,6,0,0,1,2,1,1,1,0,1,500,2,0,4.0,62,9,6.888888888888889
0,60,54,16,0,0,1,5,2,0,2,2,0,0,1,0,2,0,5.0,392,73,5.36986301369863
1,1,135,82,0,0,1,4,1,0,1,0,1,0,1,50,2,0,5.0,774,143,5.4125874125874125
0,1,144,59,0,0,1,5,1,1,1,0,1,0,1,80,2,2,10.0,612,116,5.275862068965517
0,12,144,0,1,0,0,0,1,0,0,0,0,0,1,250,12,0,2.0,129,24,5.375
1,6,128,0,1,0,0,0,1,0,0,0,1,0,1,0,12,0,12.0,924,144,6.416666666666667
1,5,104,0,0,5,6,0,1,1,0,0,0,0,1,100,12,3,11.0,1135,199,5.703517587939698
0,2,144,114,0,0,1,0,1,1,0,0,1,0,1,0,2,0,1.0,12,2,6.0
0,3,4,114,1,0,1,0,1,1,1,1,1,0,1,0,12,0,2.0,116,26,4.461538461538462
0,1,8,42,0,2,0,0,1,1,1,1,2,0,1,0,12,0,1.0,215,38,5.657894736842105
1,12,142,0,1,2,4,0,1,1,2,0,0,0,1,0,2,0,2.0,330,70,4.714285714285714
0,3,144,0,2,0,3,0,1,1,1,1,1,1,2,0,12,0,4.0,213,36,5.916666666666667
1,6,112,0,0,2,0,0,1,1,1,1,1,0,1,0,2,0,2.0,121,27,4.481481481481482
1,2,96,0,2,1,2,5,1,0,2,0,2,0,4,0,3,0,2.0,247,42,5.880952380952381
0,2,144,0,2,0,1,2,1,0,1,1,1,0,20,0,2,0,2.0,890,158,5.632911392405063
0,2,144,0,2,0,1,5,1,0,2,2,2,0,5,0,2,0,5.0,325,60,5.416666666666667
1,2,84,0,2,0,5,5,0,0,2,2,2,0,6,0,12,0,1.0,82,13,6.3076923076923075
1,6,128,0,0,1,4,4,1,0,1,1,1,0,1,0,2,0,4.0,42,5,8.4
0,12,144,0,1,1,6,0,0,1,0,0,2,0,1,0,12,0,3.0,682,123,5.544715447154472
0,12,144,0,0,0,1,5,1,1,0,0,0,0,1,0,7,0,6.0,1540,270,5.703703703703703
0,4,144,0,1,0,1,0,1,0,0,0,1,0,1,0,2,0,1.0,251,50,5.02
1,5,105,0,0,3,6,0,1,0,1,1,1,0,1,0,2,0,9.0,209,40,5.225
1,12,104,0,1,6,0,0,1,1,1,2,2,0,1,0,0,0,1.0,10,2,5.0
0,18,165,114,0,0,6,0,1,1,0,0,0,0,1,0,2,0,3.0,374,71,5.267605633802817
1,3,105,82,1,5,6,0,1,0,1,0,1,0,1,0,12,0,6.0,164,28,5.857142857142857
0,2,144,0,1,0,4,0,1,0,1,1,1,0,1,0,2,0,8.0,822,143,5.748251748251748
1,2,105,0,1,3,6,0,0,0,1,1,1,1,1,0,2,0,4.0,562,108,5.203703703703703
1,4,122,81,0,0,6,0,1,1,0,0,1,0,1,0,2,0,3.0,366,57,6.421052631578948
1,34,128,96,1,1,4,0,1,2,2,0,2,0,1,0,2,0,4.0,238,47,5.0638297872340425
0,120,47,0,0,0,0,0,2,2,0,0,1,0,1,0,12,0,2.0,315,68,4.632352941176471
1,12,105,0,1,0,6,0,1,0,2,2,2,0,1,0,2,0,3.0,67,16,4.1875
1,4,128,81,1,0,1,5,1,1,1,0,0,0,1,50,12,0,10.0,71,12,5.916666666666667
0,6,144,0,1,0,1,0,1,0,0,0,1,0,1,0,2,0,3.0,274,53,5.169811320754717
1,8,105,0,0,5,6,0,1,1,0,0,1,0,1,150,12,0,3.0,157,31,5.064516129032258
0,12,144,114,0,1,0,0,1,1,0,0,0,0,1,0,2,0,1.0,12,2,6.0
0,56,60,0,0,0,1,5,0,0,0,0,1,0,1,0,12,0,2.0,1252,231,5.41991341991342
0,24,22,0,1,0,0,0,2,1,0,0,2,0,1,300,2,0,1.0,223,41,5.439024390243903
1,4,105,0,1,1,3,3,1,0,1,0,1,0,1,0,2,0,2.0,376,73,5.1506849315068495
0,2,144,114,0,1,0,0,1,0,1,1,1,0,1,0,2,0,3.0,208,44,4.7272727272727275
1,2,105,0,1,2,6,0,1,0,1,0,1,0,1,30,2,0,5.0,25,5,5.0
0,2,144,0,1,4,0,0,1,0,0,0,1,0,1,0,2,0,5.0,407,74,5.5
1,10,135,82,0,0,2,5,1,1,0,0,0,0,2,0,12,1,7.0,2176,393,5.536895674300254
0,2,144,0,1,0,1,3,1,1,1,1,1,0,5,0,2,0,5.0,351,49,7.163265306122449
1,12,105,0,1,0,1,5,1,0,1,0,1,0,1,0,2,0,5.0,628,127,4.94488188976378
0,1,144,0,1,1,0,0,1,0,1,0,1,0,1,0,5,0,2.0,582,115,5.060869565217391
1,2,105,0,0,0,1,0,0,0,1,1,1,0,1,0,12,0,1.0,259,53,4.886792452830188
1,1,105,82,1,1,4,5,0,0,1,1,1,0,2,0,12,0,2.0,61,10,6.1
1,2,105,0,0,2,6,0,1,0,1,0,1,0,1,0,5,0,4.0,564,95,5.936842105263158
1,4,105,0,0,2,6,0,1,0,0,0,1,0,1,0,12,6,7.0,1099,205,5.360975609756098
1,2,105,81,0,1,3,5,1,0,1,1,1,1,2,0,2,0,2.0,154,31,4.967741935483871
1,24,103,0,1,0,3,3,1,2,1,1,1,0,1,0,2,0,5.0,77,14,5.5
1,2,128,81,0,6,0,0,0,1,1,0,1,1,1,0,2,0,5.0,332,49,6.775510204081633
0,2,69,129,1,1,0,0,1,1,0,0,1,0,1,250,12,0,4.0,402,65,6.184615384615385
1,1,105,0,2,0,1,1,1,0,1,1,1,0,2,0,2,4,11.0,1052,184,5.717391304347826
1,5,105,0,0,0,6,0,1,0,1,0,1,0,1,0,2,1,15.0,365,67,5.447761194029851
1,1,104,0,1,0,5,5,0,0,1,1,1,0,1,0,12,0,11.0,584,120,4.866666666666666
0,0,144,0,2,0,1,5,0,0,1,1,1,0,6,0,2,0,22.0,125,23,5.434782608695652
1,1,105,0,1,0,6,0,1,0,1,1,1,0,1,0,2,0,1.0,43,9,4.777777777777778
1,7,120,0,1,0,0,0,1,0,0,0,0,0,1,0,3,0,1.0,16,3,5.333333333333333
0,17,144,0,0,0,1,0,1,0,0,0,0,0,1,0,12,0,7.0,450,84,5.357142857142857
1,4,105,0,2,3,5,5,1,0,1,0,1,0,3,0,2,0,3.0,341,62,5.5
0,60,65,114,0,0,6,0,0,1,0,0,0,0,1,0,12,0,2.0,2224,438,5.077625570776256
0,1,144,0,1,0,0,0,1,0,1,1,1,0,1,0,3,0,1.0,144,21,6.857142857142857
1,12,105,0,0,5,0,0,1,0,0,0,0,0,1,0,12,0,5.0,430,90,4.777777777777778
1,2,128,0,0,1,4,0,1,1,1,0,1,0,1,0,2,0,11.0,294,55,5.345454545454546
0,4,144,0,1,1,6,0,2,0,1,1,1,0,2,0,2,0,2.0,146,24,6.083333333333333
0,1,144,114,1,1,0,0,1,1,0,0,1,0,1,0,2,0,1.0,12,2,6.0
0,24,144,0,1,0,1,0,0,1,0,0,0,0,1,100,3,0,3.0,706,135,5.229629629629629
0,32,60,0,0,6,0,0,0,2,2,2,2,0,1,0,2,0,4.0,776,152,5.105263157894737
0,1,144,0,1,1,2,0,1,0,1,1,1,0,1,150,12,0,1.0,129,27,4.777777777777778
0,25,144,114,1,0,1,0,1,0,1,1,1,0,1,0,12,0,1.0,577,113,5.106194690265487
0,1,144,0,1,0,1,2,0,1,1,1,1,0,1,0,2,0,4.0,234,44,5.318181818181818
1,3,105,0,2,0,0,0,0,0,1,0,1,0,2,0,2,0,2.0,338,61,5.540983606557377
0,1,144,0,0,1,0,0,1,0,1,1,1,0,1,0,2,0,8.0,337,62,5.435483870967742
1,1,105,0,2,3,5,5,1,0,1,1,1,0,3,0,2,0,5.0,1147,217,5.285714285714286
0,3,144,0,1,1,0,0,1,2,1,1,1,0,1,0,2,0,3.0,255,51,5.0
0,48,144,0,0,0,1,0,2,0,2,2,1,1,1,0,2,0,2.0,448,86,5.209302325581396
0,3,144,0,0,1,0,0,1,1,0,0,1,0,1,0,2,0,2.0,153,26,5.884615384615385
1,60,122,82,0,2,4,5,1,2,0,0,0,2,1,0,12,0,14.0,672,128,5.25
0,5,144,0,2,0,1,5,1,0,1,1,1,0,4,0,2,0,4.0,139,30,4.633333333333334
0,2,165,114,0,0,6,0,1,1,1,0,1,0,1,0,12,0,5.0,50,9,5.555555555555555
0,4,144,0,1,1,6,0,1,0,0,0,1,0,1,0,2,0,1.0,112,22,5.090909090909091
1,2,103,0,1,0,1,4,0,2,1,1,1,0,1,0,2,0,5.0,31,10,3.1
1,5,105,0,1,2,6,0,0,0,1,1,1,0,1,0,12,0,1.0,38,8,4.75
0,1,144,114,1,0,1,0,1,0,1,1,1,0,1,0,2,0,5.0,96,17,5.647058823529412
1,9,105,0,0,0,6,0,1,0,0,0,1,0,1,0,12,0,3.0,455,88,5.170454545454546
0,2,144,0,1,0,1,0,0,0,1,1,1,0,1,0,2,0,1.0,192,40,4.8
1,1,104,0,2,1,3,5,0,1,1,0,1,0,5,0,2,0,5.0,507,81,6.2592592592592595
1,3,103,0,0,1,6,0,2,2,1,0,1,0,1,50,2,0,4.0,355,69,5.144927536231884
1,30,105,0,0,2,0,0,2,0,0,0,0,0,1,0,2,0,2.0,636,115,5.530434782608696
0,2,144,0,2,0,1,1,1,0,1,0,1,0,3,0,2,0,6.0,310,61,5.081967213114754
1,2,104,0,1,1,0,0,2,1,1,0,2,0,1,0,2,0,2.0,286,47,6.085106382978723
0,2,47,0,1,0,2,0,2,1,2,2,1,0,1,300,2,0,2.0,101,19,5.315789473684211
1,2,103,80,2,0,5,0,1,2,2,2,2,0,2,0,12,0,3.0,119,23,5.173913043478261
1,2,105,0,0,2,3,0,0,0,1,1,1,0,1,0,2,0,5.0,954,152,6.276315789473684
1,5,105,0,0,0,6,0,1,0,1,0,1,0,1,30,2,0,4.0,627,119,5.26890756302521
1,1,105,0,2,0,2,5,0,0,1,1,1,0,6,0,2,0,3.0,228,45,5.066666666666666
0,2,144,0,0,6,0,0,1,0,1,0,2,0,1,0,2,0,3.0,46,10,4.6
0,2,144,0,0,1,4,0,1,1,1,0,1,0,1,0,12,0,1.0,142,26,5.461538461538462
1,11,103,0,1,1,3,5,1,2,1,0,1,0,1,1,2,0,9.0,202,40,5.05
0,2,144,0,0,1,0,0,1,1,0,0,1,0,1,0,2,0,2.0,40,7,5.714285714285714
0,12,144,0,0,1,6,0,1,1,1,0,0,0,1,0,7,0,2.0,239,38,6.2894736842105265
0,3,144,0,1,0,4,0,1,1,1,0,1,0,1,0,2,0,5.0,375,70,5.357142857142857
0,2,144,0,1,0,6,0,1,0,1,0,1,0,1,100,2,0,2.0,651,125,5.208
0,7,144,0,1,1,0,0,1,0,0,0,0,0,1,0,2,2,6.0,552,105,5.257142857142857
1,1,104,0,0,0,6,0,0,1,1,1,1,0,1,0,2,1,1.0,171,31,5.516129032258065
1,4,105,0,1,6,0,0,1,0,0,0,1,0,1,0,2,0,3.0,225,43,5.232558139534884
0,2,144,33,0,0,6,0,1,1,1,1,1,0,1,0,12,0,3.0,104,19,5.473684210526316
0,2,144,0,1,1,0,0,0,0,0,0,1,0,1,0,2,0,0.0,162,30,5.4
0,2,144,0,1,1,0,0,0,0,1,1,1,0,1,0,2,0,2.0,74,16,4.625
0,4,144,0,0,0,1,1,2,1,0,0,0,0,3,0,12,2,16.0,433,69,6.27536231884058
0,1,144,114,0,1,0,0,1,1,1,1,1,0,1,0,5,0,1.0,104,19,5.473684210526316
1,4,105,0,1,0,0,0,1,0,1,1,1,0,1,5,2,0,1.0,355,68,5.220588235294118
0,2,69,114,1,0,2,3,1,1,1,1,1,0,2,0,2,0,9.0,102,20,5.1
0,2,144,114,1,0,1,0,1,1,0,0,1,0,1,0,2,0,3.0,12,2,6.0
0,6,144,12,0,0,1,5,1,1,0,0,1,0,1,0,2,0,4.0,389,78,4.987179487179487
0,2,144,0,1,0,1,5,1,0,2,2,1,0,1,0,2,0,1.0,122,21,5.809523809523809
1,24,105,0,1,0,3,5,1,0,0,0,0,0,1,50,2,0,5.0,132,25,5.28
0,2,144,0,2,0,1,5,1,0,1,0,1,0,3,0,12,0,4.0,584,112,5.214285714285714
1,5,105,0,1,1,5,5,0,0,0,0,1,0,1,0,2,0,8.0,787,153,5.143790849673203
0,1,144,0,1,0,1,5,1,0,0,2,2,0,2,45,2,0,3.0,405,78,5.1923076923076925
0,3,144,0,0,0,1,5,1,0,1,0,1,0,1,0,7,0,6.0,323,53,6.09433962264151
1,3,105,0,1,0,6,0,0,0,1,1,1,0,1,0,12,0,1.0,155,28,5.535714285714286
0,5,17,130,1,0,1,5,1,0,2,2,1,0,1,0,2,0,5.0,287,55,5.218181818181818
0,24,60,0,0,0,1,5,1,2,0,0,0,0,1,0,2,0,1.0,157,30,5.233333333333333
0,1,144,0,0,2,0,0,1,0,1,1,1,0,1,0,2,0,1.0,75,11,6.818181818181818
1,24,122,0,0,2,3,3,2,2,2,2,2,0,1,0,12,0,1.0,331,65,5.092307692307692
0,6,144,0,1,0,0,0,1,0,0,0,0,0,1,0,2,0,4.0,390,76,5.131578947368421
0,48,30,0,1,0,1,1,1,0,0,0,0,0,1,0,12,0,3.0,54,9,6.0
1,2,128,72,0,1,4,0,1,0,1,0,1,0,1,100,2,0,5.0,198,33,6.0
1,1,105,0,1,0,6,0,1,0,1,0,1,0,3,50,3,0,8.0,1058,197,5.370558375634518
0,9,144,114,1,1,0,0,1,0,0,0,0,0,1,0,2,0,3.0,525,102,5.147058823529412
0,4,144,0,1,4,0,0,1,0,2,2,1,0,1,0,2,0,1.0,249,50,4.98
1,6,126,82,1,5,0,0,1,1,1,0,1,0,1,150,2,0,3.0,209,37,5.648648648648648
0,24,144,0,1,1,0,0,1,0,0,0,0,0,1,500,2,0,6.0,17,2,8.5
1,1,105,0,0,0,6,0,0,0,1,1,1,0,1,0,2,0,4.0,156,22,7.090909090909091
0,48,17,0,0,1,6,0,0,0,1,1,1,0,1,0,2,0,3.0,520,97,5.360824742268041
0,1,144,0,2,0,1,3,1,1,0,0,1,0,5,0,12,0,11.0,393,73,5.383561643835616
1,2,105,0,0,0,1,5,1,0,1,1,1,0,1,0,12,0,3.0,289,47,6.148936170212766
1,6,105,0,1,0,6,0,0,0,2,2,2,0,1,0,2,0,3.0,175,33,5.303030303030303
0,84,74,30,1,6,0,0,1,1,2,2,2,1,2,400,2,0,2.0,538,103,5.223300970873787
1,14,104,94,0,0,1,5,2,1,0,0,0,0,1,10,2,0,1.0,144,20,7.2
1,7,103,82,0,5,6,0,1,1,2,0,1,0,1,0,2,0,12.0,732,147,4.979591836734694
0,6,166,114,1,0,1,0,1,0,0,0,0,0,1,0,2,0,1.0,105,18,5.833333333333333
0,2,144,114,1,0,0,0,1,0,0,0,2,0,1,0,12,0,2.0,46,7,6.571428571428571
0,2,144,0,1,1,0,0,1,0,0,0,1,0,1,0,12,0,1.0,38,6,6.333333333333333
0,8,144,0,0,3,6,0,2,0,1,1,1,0,1,0,7,0,1.0,912,175,5.211428571428572
0,24,144,0,1,0,0,0,2,0,0,0,0,0,1,0,2,0,1.0,77,14,5.5
0,60,54,0,0,1,6,0,1,0,2,2,0,0,1,300,12,0,4.0,162,31,5.225806451612903
0,2,144,114,2,0,1,5,1,1,0,0,1,0,4,100,2,0,14.0,282,59,4.779661016949152
0,48,38,0,0,1,6,0,2,0,0,0,0,0,1,350,2,0,5.0,314,57,5.508771929824562
1,24,140,96,1,0,1,1,1,2,2,1,2,0,1,0,2,0,1.0,168,31,5.419354838709677
1,3,122,80,0,3,0,0,0,1,1,1,1,0,1,0,2,0,5.0,41,5,8.2
1,3,105,0,1,1,4,4,0,0,1,1,1,0,1,0,12,0,5.0,567,112,5.0625
0,2,144,0,0,4,6,0,1,0,1,0,1,0,1,0,2,0,1.0,38,6,6.333333333333333
1,2,105,0,1,0,3,5,1,0,1,1,1,0,1,50,2,0,3.0,295,51,5.784313725490196
0,2,144,0,1,0,1,5,1,0,0,0,1,0,1,0,2,0,6.0,140,24,5.833333333333333
0,2,144,0,0,0,3,0,2,0,1,1,1,0,1,0,4,0,5.0,188,40,4.7
0,6,18,0,1,1,6,0,0,0,0,0,1,0,1,500,12,0,3.0,660,109,6.055045871559633
1,4,104,0,2,0,6,0,1,1,1,1,1,0,2,0,3,0,3.0,30,6,5.0
0,2,144,0,1,0,1,5,1,1,0,0,1,0,1,0,2,0,1.0,100,18,5.555555555555555
0,2,144,114,1,0,1,0,1,0,1,1,1,0,1,0,1,0,1.0,373,70,5.328571428571428
0,12,22,114,1,1,0,0,1,1,0,0,0,0,2,0,2,0,2.0,636,122,5.213114754098361
0,2,144,0,1,1,6,0,1,0,1,0,1,0,1,0,2,0,5.0,469,99,4.737373737373737
1,17,105,0,0,3,0,0,1,0,0,0,1,0,1,0,12,0,5.0,891,174,5.120689655172414
1,1,104,0,0,0,6,0,1,1,2,2,2,0,1,0,2,0,5.0,355,59,6.016949152542373
0,6,41,18,1,0,1,5,0,0,0,0,2,0,1,600,2,0,4.0,1661,316,5.256329113924051
1,12,105,82,2,4,5,5,1,0,2,2,2,0,7,0,2,0,1.0,586,104,5.634615384615385
0,54,8,0,0,2,0,0,2,1,2,2,1,1,1,0,7,0,6.0,1601,279,5.738351254480286
1,24,122,0,1,2,3,5,1,1,2,2,1,0,1,0,12,0,1.0,238,48,4.958333333333333
0,2,144,114,1,4,0,0,1,1,1,0,1,0,1,0,2,0,8.0,12,2,6.0
0,2,144,0,0,1,2,0,1,0,1,0,1,0,1,0,12,0,2.0,476,85,5.6
0,3,144,4,0,0,1,0,1,1,0,0,1,0,1,0,2,0,5.0,14,3,4.666666666666667
1,1,122,80,0,2,4,0,1,2,1,0,1,0,1,100,2,0,4.0,1068,191,5.591623036649215
0,4,5,114,0,0,1,0,1,0,0,1,1,0,1,0,2,0,5.0,671,123,5.455284552845528
1,12,105,0,1,0,3,5,1,0,0,0,0,0,1,0,12,0,2.0,59,11,5.363636363636363
1,2,105,0,1,0,3,5,1,0,1,0,1,0,6,0,2,0,1.0,138,21,6.571428571428571
1,0,135,0,1,1,5,0,1,0,1,1,1,0,1,0,2,0,3.0,352,70,5.0285714285714285
0,2,144,114,0,4,0,0,1,1,0,0,1,0,1,0,2,0,1.0,12,2,6.0
1,4,104,0,1,6,0,0,1,1,0,0,1,0,1,0,2,0,12.0,248,48,5.166666666666667
1,1,104,0,0,2,3,0,2,1,1,1,1,0,1,0,2,0,3.0,99,17,5.823529411764706
1,1,83,0,2,0,1,1,1,2,1,0,2,0,2,250,2,0,0.0,154,26,5.923076923076923
1,12,104,82,1,0,1,5,1,1,1,0,0,0,2,0,2,0,14.0,1296,244,5.311475409836065
0,6,144,0,1,1,6,0,1,0,0,0,1,0,1,0,12,0,5.0,177,28,6.321428571428571
1,4,103,0,0,1,0,0,0,2,0,0,1,0,1,0,12,0,1.0,741,138,5.369565217391305
1,3,105,0,2,1,3,0,1,0,0,0,0,0,5,100,2,0,5.0,322,52,6.1923076923076925
1,1,105,0,0,0,0,0,0,1,1,1,1,0,1,0,2,0,3.0,58,11,5.2727272727272725
1,2,105,0,1,0,0,0,1,1,1,0,1,0,1,0,12,0,25.0,89,16,5.5625
0,3,144,0,1,1,0,0,2,0,1,0,1,0,1,0,1,0,6.0,247,45,5.488888888888889
0,2,144,0,0,6,0,0,1,0,0,2,2,0,1,50,7,0,1.0,287,53,5.415094339622642
1,12,105,0,0,2,0,0,1,0,1,1,2,0,1,0,12,0,2.0,107,20,5.35
0,2,144,0,0,4,0,0,1,0,1,1,1,0,1,0,2,1,4.0,1101,211,5.218009478672986
1,8,104,0,2,2,3,0,1,1,1,0,1,0,4,0,2,0,0.0,365,75,4.866666666666666
0,2,144,0,1,1,0,0,1,0,0,0,1,0,1,0,2,0,9.0,144,25,5.76
0,1,144,0,2,0,1,2,1,0,0,0,0,0,3,0,2,0,4.0,236,41,5.7560975609756095
0,5,144,0,0,0,6,0,1,1,0,1,1,0,1,0,2,0,1.0,39,7,5.571428571428571
0,1,144,0,1,0,1,0,0,0,1,1,1,0,1,0,12,0,1.0,1,1,1.0
1,1,104,0,1,0,1,4,0,1,1,2,2,0,1,0,12,0,3.0,154,31,4.967741935483871
1,2,105,80,1,1,4,5,1,1,1,1,1,0,1,20,2,0,4.0,515,111,4.63963963963964
0,60,54,0,1,4,0,0,1,0,0,0,0,0,1,0,2,0,2.0,92,17,5.411764705882353
0,6,144,114,2,0,4,0,1,1,0,0,0,0,2,0,4,0,2.0,347,66,5.257575757575758
0,60,65,0,0,6,0,0,1,1,1,1,1,0,1,0,4,0,3.0,54,8,6.75
1,2,104,0,0,0,5,0,1,1,1,1,1,0,4,0,2,0,1.0,598,103,5.805825242718447
1,2,105,0,2,0,3,5,1,0,1,1,1,0,4,0,2,0,4.0,918,185,4.962162162162162
0,5,166,114,1,0,1,0,1,1,0,0,0,0,1,0,2,0,5.0,202,40,5.05
0,2,144,0,1,0,1,0,1,0,0,0,1,0,2,0,12,0,11.0,252,47,5.361702127659575
0,4,144,0,1,4,0,0,1,1,1,1,1,0,1,0,2,0,2.0,38,9,4.222222222222222
1,24,105,0,2,1,5,5,1,0,1,1,1,1,2,0,12,0,2.0,282,51,5.529411764705882
0,24,144,0,1,1,6,0,1,1,0,0,0,0,1,0,2,0,5.0,426,79,5.3924050632911396
1,12,105,0,0,1,5,5,1,0,1,0,0,0,1,0,12,0,5.0,581,105,5.533333333333333
0,4,144,0,1,1,4,5,1,1,0,0,1,0,4,0,3,0,5.0,142,25,5.68
1,12,135,0,0,2,3,0,1,0,2,2,1,0,1,0,2,0,1.0,95,21,4.523809523809524
0,9,144,114,2,0,1,0,1,0,0,0,1,0,2,30,2,0,3.0,474,87,5.448275862068965
0,1,144,0,0,1,6,0,1,1,1,1,1,0,1,0,2,0,1.0,106,21,5.0476190476190474
0,1,144,0,2,1,4,0,1,0,0,0,0,0,2,0,2,0,1.0,157,26,6.038461538461538
0,2,31,0,0,1,0,0,1,0,1,0,1,0,1,0,12,0,0.0,100,20,5.0
1,1,105,82,2,0,4,5,1,0,0,0,1,0,2,0,12,0,1.0,399,67,5.955223880597015
0,48,38,0,1,5,0,0,1,0,0,0,0,0,2,400,2,0,5.0,326,58,5.620689655172414
1,2,105,0,0,4,0,0,0,0,1,1,1,0,1,0,2,0,5.0,112,23,4.869565217391305
0,2,144,0,0,0,1,0,1,0,0,0,1,0,1,0,2,2,4.0,696,136,5.117647058823529
1,2,128,0,1,4,0,0,0,0,1,1,1,0,1,0,12,0,3.0,375,74,5.0675675675675675
1,2,128,81,0,4,6,0,1,1,1,1,1,0,3,0,12,0,1.0,42,6,7.0
0,46,41,0,1,4,6,0,0,2,0,0,0,0,1,0,12,0,1.0,16,3,5.333333333333333
1,3,104,0,0,3,5,5,1,1,1,1,1,0,3,0,2,0,8.0,73,13,5.615384615384615
0,3,69,114,0,1,6,0,1,0,1,1,1,0,1,0,2,0,2.0,276,50,5.52
0,2,144,0,1,0,0,0,1,1,1,1,1,0,1,0,2,0,3.0,54,7,7.714285714285714
1,15,105,0,1,0,1,5,2,0,2,2,2,0,1,0,12,0,5.0,603,108,5.583333333333333
0,96,159,126,0,1,2,3,1,1,0,0,1,0,2,0,2,0,4.0,873,176,4.9602272727272725
1,9,103,0,1,6,0,0,1,1,0,0,0,0,1,0,2,0,3.0,128,19,6.7368421052631575
0,18,54,114,1,1,6,0,1,0,0,0,0,0,1,0,12,0,10.0,22,4,5.5
1,1,105,0,2,1,5,5,1,1,2,2,2,0,3,0,12,0,5.0,340,61,5.573770491803279
1,8,105,0,0,0,6,0,1,0,0,0,0,0,1,0,2,0,3.0,43,9,4.777777777777778
0,2,144,0,0,0,6,0,1,0,0,0,0,0,1,0,4,0,3.0,52,9,5.777777777777778
1,3,104,0,1,1,2,5,0,1,0,0,1,1,1,0,2,0,4.0,652,124,5.258064516129032
0,4,144,0,1,1,0,0,1,0,1,0,1,0,1,80,2,0,1.0,127,23,5.521739130434782
0,1,144,0,1,0,1,3,1,1,1,1,1,0,1,0,12,0,14.0,145,26,5.576923076923077
0,2,144,0,0,0,1,5,1,1,1,1,1,0,4,0,2,0,5.0,302,52,5.8076923076923075
0,12,144,0,1,1,2,5,0,0,2,2,2,0,1,0,4,0,5.0,522,95,5.494736842105263
0,3,144,0,1,0,4,4,1,0,1,1,1,0,1,20,3,0,1.0,117,20,5.85
0,3,144,114,2,0,1,5,1,1,1,1,1,0,6,0,2,0,4.0,22,3,7.333333333333333
1,24,131,104,2,0,1,5,1,1,2,2,2,0,5,0,7,0,0.0,43,9,4.777777777777778
0,12,144,0,1,0,6,0,1,1,2,2,0,0,1,0,3,0,1.0,229,46,4.978260869565218
0,3,144,0,1,0,0,0,0,1,2,2,1,0,1,0,12,0,2.0,298,55,5.418181818181818
0,3,144,0,0,1,6,0,1,1,1,1,1,0,1,0,12,0,1.0,39,8,4.875
0,3,69,39,1,2,4,5,1,1,2,2,2,0,1,0,2,0,1.0,40,5,8.0
0,1,47,114,0,0,1,0,1,1,1,1,1,0,1,0,2,0,5.0,35,6,5.833333333333333
0,2,69,114,0,0,6,0,1,0,1,0,1,0,1,0,2,0,3.0,451,85,5.305882352941176
1,2,128,82,2,6,0,0,0,0,1,1,1,0,2,0,5,0,1.0,24,4,6.0
0,2,144,0,2,0,1,3,1,1,0,0,1,0,5,0,12,0,5.0,38,6,6.333333333333333
0,5,144,0,0,0,1,2,1,0,0,0,1,0,1,0,4,0,3.0,465,90,5.166666666666667
1,3,105,0,0,0,6,0,1,1,0,0,0,0,1,0,12,0,3.0,463,93,4.978494623655914
1,12,135,0,1,1,2,0,1,0,0,0,0,0,1,0,12,0,3.0,237,45,5.266666666666667
1,2,104,0,1,5,0,0,1,0,1,1,1,0,1,0,2,0,5.0,56,11,5.090909090909091
1,1,105,0,2,0,5,5,0,0,1,0,1,1,3,0,2,0,7.0,286,53,5.39622641509434
1,4,105,81,0,0,4,0,1,1,0,0,1,0,1,0,3,0,3.0,780,132,5.909090909090909
1,108,84,0,0,2,0,0,1,1,0,2,0,0,1,0,2,0,4.0,125,24,5.208333333333333
0,15,166,114,0,0,1,0,1,0,0,0,0,0,1,0,12,0,1.0,739,147,5.0272108843537415
1,2,105,0,2,3,5,5,0,0,1,1,1,0,2,0,12,0,7.0,17,3,5.666666666666667
1,3,105,0,1,0,2,5,0,0,1,1,2,1,1,0,2,0,0.0,623,133,4.684210526315789
1,1,104,0,0,2,3,3,2,1,1,1,1,0,1,0,2,0,4.0,867,176,4.926136363636363
0,1,144,114,0,1,0,0,1,0,0,0,1,0,1,0,2,0,7.0,413,74,5.581081081081081
1,1,105,0,1,1,0,0,2,0,1,0,1,0,1,0,2,0,4.0,181,38,4.7631578947368425
0,2,144,114,1,0,1,5,1,0,2,2,1,0,5,0,2,0,0.0,22,4,5.5
0,30,144,0,1,0,4,0,1,0,0,0,0,0,1,0,2,0,1.0,371,73,5.082191780821918
1,12,137,107,2,1,5,0,1,0,1,1,0,0,2,0,7,0,2.0,106,20,5.3
1,36,103,0,0,5,0,0,1,2,2,2,2,0,1,0,2,0,5.0,498,103,4.834951456310679
0,2,144,0,1,0,1,0,1,1,0,0,1,0,1,0,4,0,1.0,243,45,5.4
0,2,144,114,1,0,3,0,1,0,1,0,1,0,2,0,3,0,3.0,129,24,5.375
1,2,105,0,1,0,0,0,0,0,0,0,1,0,1,0,12,0,5.0,156,30,5.2
0,2,144,0,1,1,3,5,1,0,2,2,2,0,2,0,3,0,1.0,138,26,5.3076923076923075
0,2,26,0,0,6,0,0,0,2,0,0,1,0,1,200,2,0,0.0,230,41,5.609756097560975
1,3,105,0,1,0,1,1,0,0,1,2,1,0,1,0,3,0,5.0,616,119,5.176470588235294
0,1,144,114,1,0,3,0,1,0,1,1,1,0,1,0,3,0,2.0,112,21,5.333333333333333
1,4,105,0,0,2,3,5,0,0,1,0,1,0,1,0,12,0,7.0,466,88,5.295454545454546
1,12,103,0,1,5,6,0,1,2,2,2,1,0,1,0,2,0,4.0,817,157,5.203821656050955
0,2,144,0,0,1,0,0,1,0,1,1,1,0,1,0,2,0,4.0,645,119,5.420168067226891
1,4,140,81,1,1,4,4,1,1,0,0,1,0,1,0,2,1,7.0,267,50,5.34
0,2,144,0,1,1,6,0,1,0,1,1,1,0,1,0,12,0,2.0,33,5,6.6
0,24,144,0,0,1,0,0,0,1,0,0,1,0,1,0,2,0,5.0,116,21,5.523809523809524
0,48,22,0,1,4,0,0,2,1,0,0,0,0,1,250,2,0,3.0,300,56,5.357142857142857
1,3,88,66,2,0,5,5,1,1,1,0,2,1,2,0,12,0,3.0,331,54,6.12962962962963
1,8,105,0,0,2,0,0,1,0,1,0,0,0,1,0,2,0,3.0,762,146,5.219178082191781
1,1,104,0,2,1,5,5,1,1,1,1,1,0,2,0,12,0,5.0,208,40,5.2
1,8,135,0,0,0,5,5,0,0,0,0,0,0,1,0,2,0,4.0,272,51,5.333333333333333
0,1,162,114,1,0,6,0,1,0,2,2,1,0,1,0,2,0,4.0,127,22,5.7727272727272725
0,51,41,47,1,0,0,0,0,1,0,0,2,0,1,50,12,0,3.0,226,44,5.136363636363637
1,1,104,0,1,0,1,5,1,1,2,2,2,0,1,0,12,0,4.0,168,32,5.25
0,3,144,129,1,0,3,5,1,0,0,0,1,0,2,0,2,0,9.0,326,54,6.037037037037037
0,20,5,0,0,1,0,0,2,2,0,2,0,0,1,0,2,0,0.0,866,176,4.920454545454546
0,2,144,0,2,1,6,0,1,0,1,1,1,0,4,0,12,0,1.0,70,13,5.384615384615385
0,36,17,114,1,1,6,0,1,0,0,0,0,0,1,300,2,0,4.0,375,53,7.0754716981132075
0,2,144,0,0,0,1,5,1,0,0,0,1,0,1,0,12,0,2.0,120,25,4.8
0,4,144,0,2,0,1,3,0,1,1,1,1,0,6,0,2,0,1.0,168,31,5.419354838709677
1,6,96,0,1,0,1,2,1,0,0,0,0,0,1,0,12,0,5.0,205,35,5.857142857142857
0,5,144,0,2,0,1,3,1,0,1,1,1,0,2,0,3,0,0.0,229,47,4.872340425531915
1,180,104,0,0,0,6,0,1,1,0,0,0,0,1,0,2,0,1.0,736,138,5.333333333333333
1,1,104,82,2,0,4,5,0,1,1,1,1,0,3,0,5,0,5.0,268,37,7.243243243243243
1,2,105,0,2,0,1,5,1,0,1,1,1,0,2,0,12,0,4.0,152,27,5.62962962962963
0,36,60,0,1,2,5,5,0,2,2,2,2,0,1,0,2,0,1.0,227,43,5.27906976744186
1,2,105,0,1,0,6,0,1,0,1,0,1,0,1,0,2,0,5.0,295,41,7.195121951219512
0,2,144,0,0,0,1,0,1,1,0,0,1,0,1,50,2,0,1.0,67,12,5.583333333333333
1,3,122,80,2,1,3,4,0,1,1,1,1,0,4,30,12,0,5.0,410,81,5.061728395061729
0,2,22,114,0,0,0,0,2,1,2,0,2,0,1,0,12,0,3.0,636,130,4.892307692307693
0,48,144,0,0,0,1,5,1,0,0,0,2,0,1,0,2,0,3.0,71,15,4.733333333333333
1,2,104,81,1,0,2,5,1,1,1,1,1,0,1,0,2,0,3.0,165,25,6.6
1,12,104,0,0,0,0,0,1,1,1,1,1,0,1,0,2,0,1.0,384,72,5.333333333333333
0,35,60,0,0,0,6,0,1,1,0,0,0,0,1,188,2,0,3.0,318,63,5.0476190476190474
1,3,96,0,1,0,3,5,1,1,1,0,1,0,1,80,12,0,5.0,799,156,5.121794871794871
0,24,17,0,0,1,6,0,0,0,2,2,0,0,1,0,12,0,5.0,302,53,5.69811320754717
1,48,104,0,0,0,5,5,2,2,2,2,2,0,1,10,12,0,4.0,99,22,4.5
1,31,135,0,1,0,1,3,2,0,0,0,0,0,1,0,12,0,5.0,370,66,5.606060606060606
0,3,144,0,0,1,0,0,1,0,0,0,1,0,1,0,2,0,3.0,103,21,4.904761904761905
0,3,144,0,1,0,1,5,1,1,1,0,1,0,1,0,12,0,1.0,263,46,5.717391304347826
1,0,105,90,2,0,2,5,1,0,1,1,1,0,4,0,2,0,0.0,237,41,5.780487804878049
1,6,135,0,0,1,2,3,1,0,1,0,1,0,1,0,12,0,5.0,329,61,5.39344262295082
0,3,144,0,1,1,4,0,1,1,0,0,0,0,3,0,12,0,5.0,106,18,5.888888888888889
1,4,105,80,0,0,1,3,1,1,1,1,1,0,1,99,2,0,5.0,459,69,6.6521739130434785
0,5,8,114,1,2,0,0,0,1,2,1,1,0,1,0,2,0,8.0,463,96,4.822916666666667
0,18,144,0,1,1,6,0,1,1,0,0,0,0,1,0,4,0,7.0,232,48,4.833333333333333
1,3,93,96,1,0,1,5,1,1,0,0,0,0,1,200,12,0,2.0,243,46,5.282608695652174
0,2,144,0,1,4,0,0,1,0,0,0,0,0,1,0,2,1,4.0,419,80,5.2375
0,2,79,114,1,1,0,0,1,0,2,2,1,0,1,0,2,0,3.0,124,22,5.636363636363637
1,6,105,0,0,1,4,4,1,0,1,1,2,0,1,0,2,0,1.0,61,13,4.6923076923076925
0,60,41,0,1,6,0,0,0,1,0,0,2,0,1,1,7,0,1.0,238,45,5.288888888888889
1,3,105,0,2,0,4,5,0,0,1,1,1,0,3,0,2,0,3.0,123,23,5.3478260869565215
0,60,38,0,0,5,0,0,2,0,0,2,0,0,1,0,5,0,2.0,1633,334,4.889221556886228
0,8,165,129,1,0,6,0,0,0,1,1,1,0,1,0,12,4,11.0,53,3,17.666666666666668
0,2,144,0,1,0,1,5,1,1,1,1,1,0,1,0,3,0,2.0,180,26,6.923076923076923
0,30,144,0,1,0,2,5,1,0,0,0,0,0,1,0,2,0,1.0,431,82,5.2560975609756095
1,3,105,106,1,2,4,0,1,1,1,1,1,0,1,0,7,0,3.0,274,48,5.708333333333333
0,1,144,0,1,0,1,5,1,0,2,2,2,0,1,0,12,0,2.0,272,54,5.037037037037037
1,5,105,0,0,0,1,0,1,0,0,0,0,0,1,100,12,0,1.0,59,9,6.555555555555555
0,1,144,0,2,1,6,0,0,0,1,1,1,0,5,0,2,0,2.0,391,75,5.213333333333333
0,24,144,0,1,6,0,0,2,0,2,2,0,1,1,0,3,0,2.0,256,48,5.333333333333333
1,1,104,0,0,5,0,0,0,1,1,0,1,0,1,0,12,0,5.0,108,21,5.142857142857143
1,2,103,0,2,0,2,5,0,2,1,1,1,0,5,0,2,0,8.0,253,49,5.163265306122449
0,2,144,114,1,0,6,0,1,1,1,0,1,0,1,0,2,0,4.0,12,2,6.0
1,9,105,0,1,3,6,0,0,0,0,0,0,0,1,0,7,0,3.0,133,18,7.388888888888889
0,7,144,48,1,0,6,0,1,0,0,0,1,0,1,100,2,0,3.0,155,24,6.458333333333333
0,2,144,0,1,0,1,1,1,1,2,2,2,0,1,0,2,0,7.0,618,123,5.024390243902439
0,2,144,0,1,6,0,0,1,0,1,1,1,0,1,20,3,0,1.0,141,25,5.64
1,4,120,0,1,4,0,0,1,1,1,1,1,0,1,0,7,0,4.0,83,14,5.928571428571429
0,2,144,114,1,1,0,0,1,1,0,0,1,0,1,0,2,0,3.0,12,2,6.0
0,2,144,114,1,1,2,3,1,0,2,2,2,0,1,0,2,0,3.0,91,17,5.352941176470588
0,2,45,114,1,1,6,0,1,0,1,1,1,0,1,0,12,0,2.0,69,15,4.6
0,12,144,0,0,0,0,0,1,0,1,1,1,0,1,0,7,0,4.0,236,44,5.363636363636363
0,2,144,0,0,0,1,0,1,0,0,0,1,0,1,0,2,0,1.0,191,41,4.658536585365853
1,1,104,0,1,0,1,0,1,1,1,1,1,0,2,20,2,0,1.0,467,76,6.144736842105263
0,7,144,114,0,0,1,2,1,0,0,0,2,0,1,0,7,0,0.0,140,29,4.827586206896552
0,6,144,0,0,6,0,0,1,0,0,0,0,0,1,0,2,0,2.0,89,16,5.5625
0,5,22,0,1,4,0,0,1,0,0,0,0,0,1,0,12,0,5.0,1101,228,4.828947368421052
0,30,30,114,2,2,4,0,0,0,2,2,2,0,2,0,3,0,5.0,326,56,5.821428571428571
0,84,17,0,1,1,6,0,1,0,0,0,0,0,1,0,12,0,1.0,113,21,5.380952380952381
0,2,144,0,1,1,0,0,1,0,0,2,1,0,1,0,2,0,4.0,125,21,5.9523809523809526
1,8,122,0,0,2,3,0,2,1,0,0,0,0,1,0,2,0,3.0,524,104,5.038461538461538
1,2,126,94,0,5,0,0,0,1,1,0,1,0,1,0,4,0,2.0,49,9,5.444444444444445
0,80,54,0,0,0,1,5,1,0,0,0,0,0,1,200,2,0,3.0,1383,244,5.668032786885246
0,2,144,114,0,1,6,0,1,0,0,0,1,0,1,0,12,0,3.0,241,43,5.604651162790698
1,2,105,0,0,4,0,0,0,0,1,1,1,0,1,50,2,0,2.0,164,25,6.56
0,11,144,114,1,1,0,0,1,0,0,0,1,0,1,0,2,1,8.0,733,138,5.311594202898551
0,36,5,114,0,0,1,0,2,1,0,0,0,0,1,0,4,0,1.0,409,80,5.1125
0,2,144,0,0,1,0,0,1,1,0,0,1,0,1,0,2,0,3.0,239,39,6.128205128205129
1,3,105,82,2,0,5,5,1,1,2,2,2,0,6,0,12,0,4.0,222,35,6.3428571428571425
0,12,144,0,1,1,6,0,1,0,1,1,0,0,1,0,3,0,2.0,1109,201,5.517412935323383
1,2,105,0,1,0,6,0,0,1,1,1,1,0,1,0,12,0,1.0,12,2,6.0
0,1,144,0,0,1,0,0,1,0,1,1,1,0,1,0,0,0,4.0,1091,214,5.098130841121495
0,2,146,114,0,0,1,0,1,0,0,0,1,0,1,100,12,2,6.0,358,65,5.507692307692308
0,3,144,0,2,1,0,0,1,0,1,1,1,0,2,0,2,0,4.0,355,67,5.298507462686567
1,2,105,0,0,0,6,0,1,0,1,0,1,0,1,0,12,0,12.0,1727,318,5.430817610062893
0,5,144,0,0,1,0,0,1,0,0,0,0,0,1,0,2,0,5.0,206,34,6.0588235294117645
0,36,30,0,1,0,1,1,0,0,0,0,1,0,1,0,2,0,1.0,178,31,5.741935483870968
0,1,144,0,1,0,1,5,1,2,1,1,1,1,1,0,2,0,5.0,226,46,4.913043478260869
0,3,144,0,2,0,1,5,1,1,1,1,1,0,7,0,2,0,0.0,425,81,5.246913580246914
0,3,99,0,1,1,0,0,3,1,0,2,1,0,1,0,7,0,1.0,334,58,5.758620689655173
1,2,105,0,2,0,5,0,1,1,1,1,1,0,5,0,2,0,12.0,243,44,5.5227272727272725
0,1,144,0,0,1,0,0,1,0,1,0,1,0,1,0,12,0,3.0,314,60,5.233333333333333
1,2,105,0,1,0,5,0,1,0,1,1,1,0,2,0,2,0,0.0,574,108,5.314814814814815
1,2,105,0,0,5,0,0,1,0,1,1,1,0,1,0,2,0,4.0,66,9,7.333333333333333
0,2,165,114,2,0,6,0,1,1,1,2,1,0,2,0,3,1,7.0,116,19,6.105263157894737
1,2,105,81,0,0,5,0,1,0,1,2,1,0,1,0,2,0,8.0,396,63,6.285714285714286
1,5,105,0,0,4,0,0,1,0,0,0,0,0,1,0,2,0,11.0,347,70,4.957142857142857
1,2,105,82,2,0,6,0,0,0,1,1,2,0,2,0,2,0,4.0,353,59,5.983050847457627
0,84,22,0,0,0,0,0,2,0,2,2,2,0,1,0,2,0,1.0,513,107,4.794392523364486
0,1,144,0,0,0,1,0,1,2,1,1,1,0,1,0,3,0,2.0,112,22,5.090909090909091
0,2,144,0,2,0,1,5,1,0,2,2,2,0,8,0,12,0,5.0,169,29,5.827586206896552
1,3,104,0,0,0,0,0,0,1,1,1,1,0,1,0,2,0,1.0,75,12,6.25
1,3,84,0,2,1,3,0,0,1,1,1,1,0,2,0,2,0,4.0,265,55,4.818181818181818
1,1,104,0,2,0,1,0,1,1,1,1,1,0,2,0,12,0,5.0,77,15,5.133333333333334
1,48,105,106,1,0,1,5,1,0,0,0,0,0,1,0,2,0,9.0,659,119,5.53781512605042
1,120,105,0,0,2,0,0,2,0,0,0,0,0,1,0,2,0,1.0,736,138,5.333333333333333
1,2,108,0,0,1,6,0,1,1,0,0,1,0,1,50,2,0,4.0,786,148,5.3108108108108105
1,2,104,0,2,0,5,5,0,1,1,1,1,0,7,0,3,0,3.0,581,113,5.1415929203539825
1,1,104,0,0,2,6,0,0,1,1,1,1,0,1,0,2,0,7.0,119,20,5.95
1,4,105,0,1,2,4,5,0,0,1,1,1,0,1,0,12,0,5.0,252,46,5.478260869565218
1,4,104,0,1,6,0,0,1,1,1,1,1,0,1,100,2,0,5.0,85,14,6.071428571428571
0,3,144,114,1,1,6,0,1,1,1,1,1,0,1,0,5,0,1.0,72,13,5.538461538461538
1,4,143,0,0,0,1,5,1,1,1,0,1,0,1,0,2,0,5.0,275,52,5.288461538461538
0,2,144,0,2,0,4,0,1,0,1,0,1,0,3,0,2,0,4.0,129,19,6.7894736842105265
0,2,144,0,1,0,1,5,1,0,1,0,1,0,1,0,12,1,6.0,594,111,5.351351351351352
1,1,105,113,0,0,5,5,1,0,1,0,1,0,1,0,2,0,3.0,483,77,6.2727272727272725
1,3,135,0,0,3,6,0,1,0,2,2,2,0,1,0,7,0,4.0,42,10,4.2
0,3,144,0,1,1,0,0,1,0,0,0,1,0,1,0,12,0,7.0,204,35,5.828571428571428
0,36,144,0,0,4,0,0,0,1,2,2,1,0,1,0,12,0,1.0,407,80,5.0875
0,1,144,0,1,0,1,5,1,0,1,0,1,0,1,90,2,0,1.0,80,15,5.333333333333333
0,2,144,0,0,4,0,0,1,0,0,0,2,0,2,0,3,0,2.0,128,25,5.12
0,3,144,0,1,0,3,0,2,0,2,0,2,0,2,0,2,0,1.0,122,21,5.809523809523809
0,2,144,0,0,6,0,0,1,0,1,1,1,0,1,20,3,0,1.0,117,20,5.85
1,1,128,103,0,0,6,0,0,0,1,1,2,0,1,0,2,0,2.0,513,102,5.029411764705882
1,1,104,0,0,0,3,5,1,1,1,1,1,0,1,0,2,0,1.0,208,37,5.621621621621622
0,2,144,0,1,0,6,0,1,0,1,0,1,0,1,0,2,0,6.0,306,58,5.275862068965517
0,2,38,114,2,0,0,0,1,0,1,0,1,0,3,200,12,0,3.0,475,93,5.10752688172043
0,12,69,116,0,1,4,0,1,1,2,2,2,0,1,0,2,0,4.0,522,94,5.553191489361702
1,1,105,82,2,0,6,0,1,0,0,0,1,0,2,1,12,0,3.0,309,57,5.421052631578948
0,18,144,0,1,4,6,0,0,0,0,0,0,0,1,100,2,0,3.0,121,21,5.761904761904762
1,4,96,0,1,0,2,5,1,2,1,0,0,0,1,100,12,0,5.0,93,12,7.75
1,2,105,82,2,0,1,5,1,0,1,1,1,0,2,0,2,0,1.0,128,21,6.095238095238095
0,3,144,0,1,2,0,0,1,1,0,0,1,0,1,200,2,1,3.0,64,12,5.333333333333333
0,60,60,0,0,1,6,0,1,1,0,0,1,1,1,0,2,0,1.0,403,80,5.0375
1,36,96,0,1,0,2,5,1,0,0,0,1,0,1,100,4,0,5.0,533,103,5.174757281553398
1,6,128,0,2,1,5,5,1,1,0,0,0,0,2,0,12,0,5.0,253,42,6.023809523809524
0,42,42,114,0,1,0,0,1,1,1,1,0,1,1,0,2,0,1.0,165,32,5.15625
1,5,113,0,0,5,6,0,1,1,1,0,1,0,1,0,2,0,5.0,90,12,7.5
1,3,105,73,1,0,3,5,0,0,0,0,1,0,1,0,3,1,7.0,39,10,3.9
1,29,135,0,0,1,2,2,1,0,1,1,1,0,1,0,2,0,1.0,96,17,5.647058823529412
1,3,122,81,0,4,0,0,0,2,1,0,1,0,1,300,2,0,4.0,98,19,5.157894736842105
1,36,105,0,1,0,1,5,0,0,0,0,1,0,3,0,2,0,1.0,255,48,5.3125
1,2,133,0,2,2,5,5,0,1,1,1,1,0,7,0,2,0,5.0,171,29,5.896551724137931
0,2,144,0,1,0,6,0,1,0,0,2,2,0,1,0,3,0,1.0,81,17,4.764705882352941
1,2,105,0,2,0,5,0,1,0,1,1,1,0,5,0,2,0,5.0,333,67,4.970149253731344
0,2,144,0,1,1,0,0,1,0,0,0,1,0,1,0,2,0,1.0,136,24,5.666666666666667
1,3,104,0,1,1,4,4,0,1,1,1,1,0,3,0,2,0,9.0,745,138,5.398550724637682
1,4,105,0,1,5,0,0,0,0,1,0,0,0,1,0,12,0,5.0,197,34,5.794117647058823
0,12,144,0,1,0,0,0,1,1,1,1,0,0,1,0,12,0,4.0,276,10,27.6
1,1,105,0,1,0,3,5,0,0,1,1,1,0,1,0,2,0,4.0,161,24,6.708333333333333
0,2,144,0,2,1,4,5,1,0,0,0,1,0,4,35,12,0,6.0,185,37,5.0
0,32,43,0,0,0,4,0,0,0,0,0,1,0,2,0,2,0,2.0,317,56,5.660714285714286
1,2,104,101,2,0,1,5,1,1,1,0,1,0,5,0,12,0,6.0,141,22,6.409090909090909
0,2,144,0,0,0,0,0,1,0,1,0,1,0,1,0,12,0,1.0,109,22,4.954545454545454
1,13,128,0,0,1,3,5,1,0,2,2,2,0,1,0,12,0,1.0,393,79,4.974683544303797
0,48,144,0,0,0,6,0,1,0,0,0,2,0,1,0,2,0,2.0,71,15,4.733333333333333
1,2,135,0,1,0,1,1,1,0,1,0,1,0,2,0,12,1,5.0,1361,233,5.8412017167381975
0,5,144,0,0,0,1,0,2,0,0,0,1,0,1,0,7,0,8.0,329,61,5.39344262295082
1,2,105,0,0,0,0,0,1,0,0,0,1,0,1,0,2,0,3.0,50,10,5.0
1,2,120,0,2,0,3,5,0,0,1,1,1,0,4,0,3,0,3.0,209,40,5.225
1,1,104,0,2,0,1,5,0,1,1,1,1,0,4,0,2,0,9.0,477,76,6.276315789473684
1,8,128,65,0,1,6,0,2,0,1,1,1,0,1,0,12,0,4.0,527,100,5.27
0,1,144,0,2,0,6,0,1,0,1,0,1,0,7,0,12,0,2.0,57,10,5.7
1,2,105,0,0,5,6,0,0,0,2,2,2,0,1,0,2,0,3.0,237,47,5.042553191489362
1,2,105,0,1,0,3,5,1,0,1,1,1,0,6,30,2,0,6.0,712,133,5.353383458646617
1,3,105,0,0,3,6,0,1,0,1,1,1,0,3,0,12,0,5.0,17,4,4.25
0,1,144,114,1,0,1,0,0,0,1,1,2,0,1,0,2,0,1.0,381,71,5.366197183098592
1,2,105,0,1,0,6,0,1,0,1,1,1,0,1,0,2,0,8.0,245,44,5.568181818181818
0,2,144,114,0,0,0,0,1,1,1,0,1,0,3,0,2,0,8.0,450,80,5.625
0,3,144,0,2,0,1,3,1,2,1,1,1,0,5,0,2,0,7.0,275,53,5.188679245283019
1,30,105,0,0,0,5,5,1,1,1,0,0,0,2,0,2,0,2.0,1377,250,5.508
0,2,144,0,1,0,1,0,1,1,0,0,1,0,1,80,3,0,1.0,255,42,6.071428571428571
0,5,144,0,1,4,0,0,1,0,0,0,1,0,1,0,2,0,1.0,113,18,6.277777777777778
1,4,105,0,0,2,4,5,0,0,1,0,1,0,1,0,2,0,3.0,359,64,5.609375
0,2,144,114,2,0,3,5,1,0,1,1,1,0,5,0,3,0,5.0,121,24,5.041666666666667
0,1,144,114,1,0,6,0,1,0,1,0,1,0,2,0,12,0,26.0,910,174,5.2298850574712645
0,2,144,0,1,4,0,0,1,1,0,0,1,0,1,0,2,0,8.0,199,38,5.2368421052631575
1,2,135,0,1,0,6,0,1,0,1,1,1,0,1,0,2,0,5.0,106,20,5.3
0,18,144,114,1,0,0,0,1,0,0,0,0,0,1,0,2,0,3.0,147,4,36.75
0,24,144,20,1,0,1,0,1,0,0,0,0,0,1,0,3,0,2.0,305,57,5.350877192982456
0,2,144,0,0,0,6,0,1,0,1,0,1,0,1,0,3,0,2.0,206,30,6.866666666666666
0,4,144,6,0,2,0,0,1,1,0,1,0,0,1,0,2,0,2.0,127,25,5.08
1,3,105,0,0,2,4,0,1,0,1,0,1,0,1,0,2,0,2.0,83,15,5.533333333333333
0,12,144,42,0,0,4,0,1,0,2,2,1,0,1,0,2,0,1.0,286,58,4.931034482758621
0,3,144,114,1,0,1,0,1,1,0,0,1,0,1,0,2,0,2.0,12,2,6.0
1,3,105,0,0,0,5,5,1,0,0,0,1,0,1,0,2,0,3.0,372,73,5.095890410958904
0,42,29,19,2,1,0,0,1,0,0,0,1,0,2,0,2,0,0.0,45,8,5.625
0,3,144,0,0,0,0,0,1,0,0,0,1,0,1,0,2,0,3.0,817,168,4.863095238095238
0,1,144,0,2,0,1,5,1,0,1,1,1,0,6,0,12,0,13.0,1044,202,5.1683168316831685
0,1,144,114,2,0,2,2,0,0,1,1,1,0,6,0,2,0,4.0,26,5,5.2
0,1,144,0,2,0,1,3,1,1,1,1,1,0,5,0,2,0,11.0,198,36,5.5
0,1,144,0,1,6,0,0,1,0,0,0,1,0,1,0,2,0,2.0,56,8,7.0
1,6,105,0,1,0,0,0,2,0,1,0,1,0,1,0,12,0,5.0,223,44,5.068181818181818
0,1,144,54,1,1,6,0,1,2,1,1,1,1,1,20,3,0,2.0,175,31,5.645161290322581
0,1,144,0,1,1,0,0,1,0,1,1,1,0,1,0,4,0,2.0,207,43,4.813953488372093
0,11,22,0,0,4,0,0,2,1,0,0,1,0,1,0,12,0,4.0,168,34,4.9411764705882355
1,12,105,0,1,0,0,0,1,0,0,0,0,0,3,50,8,0,3.0,68,14,4.857142857142857
0,2,144,0,1,0,6,0,1,0,1,1,1,0,1,0,2,0,2.0,175,34,5.147058823529412
0,54,41,47,0,6,0,0,1,1,0,0,0,0,1,0,2,0,2.0,82,15,5.466666666666667
0,48,60,0,1,1,6,0,0,2,0,0,0,0,1,300,2,0,1.0,1355,232,5.8405172413793105
0,27,144,0,1,1,3,5,1,0,0,0,1,0,1,0,12,0,7.0,445,89,5.0
0,2,144,0,1,1,0,0,1,1,0,0,1,0,1,350,7,0,2.0,672,106,6.339622641509434
1,36,128,109,1,0,1,2,1,0,1,0,1,0,2,0,2,0,5.0,185,34,5.4411764705882355
0,3,144,0,0,1,6,0,1,0,0,0,0,0,1,0,2,0,3.0,385,77,5.0
1,2,105,0,1,0,0,0,0,0,1,1,1,0,1,0,12,0,3.0,168,34,4.9411764705882355
0,1,144,0,1,1,6,0,1,1,1,0,1,0,1,0,2,0,4.0,301,53,5.679245283018868
1,3,135,80,0,2,0,0,1,1,1,0,1,0,1,100,12,0,5.0,534,95,5.621052631578947
1,2,105,0,2,0,5,0,1,0,1,1,1,0,3,0,2,0,3.0,20,4,5.0
1,5,88,101,2,4,0,0,1,1,1,1,2,0,3,0,2,0,4.0,1388,222,6.252252252252252
1,10,128,96,0,4,6,0,2,1,1,1,2,0,1,0,2,0,3.0,281,61,4.60655737704918
1,2,105,0,1,0,2,5,0,0,1,1,1,0,1,0,12,0,3.0,222,45,4.933333333333334
0,1,144,0,2,1,4,5,1,0,2,2,2,0,3,100,3,0,3.0,197,36,5.472222222222222
0,3,144,0,1,0,0,0,1,1,0,0,1,1,1,0,2,0,1.0,49,9,5.444444444444445
0,4,144,0,1,1,0,0,1,0,0,0,0,0,1,0,2,0,2.0,426,75,5.68
0,1,144,114,1,1,6,0,1,1,1,0,1,0,1,0,2,0,1.0,14,3,4.666666666666667
0,24,175,0,1,6,0,0,1,2,0,0,0,0,1,0,2,0,1.0,327,60,5.45
1,1,103,98,1,4,5,5,1,1,1,0,1,0,1,100,2,0,5.0,1335,233,5.7296137339055795
0,3,144,0,1,1,4,0,1,0,0,0,1,0,1,0,3,0,4.0,197,30,6.566666666666666
0,1,144,0,0,0,4,0,0,1,1,1,1,0,1,0,12,0,3.0,123,21,5.857142857142857
0,6,144,0,1,0,2,5,0,1,1,1,1,0,1,0,2,0,4.0,85,16,5.3125
1,12,105,0,1,3,0,0,1,0,0,0,0,0,1,0,12,0,1.0,267,44,6.068181818181818
1,4,105,0,0,3,6,0,1,0,1,1,1,0,2,100,2,0,3.0,481,97,4.958762886597938
1,12,143,0,1,0,6,0,1,0,0,0,0,0,1,0,12,0,2.0,221,43,5.1395348837209305
1,5,105,0,2,6,0,0,1,0,1,0,1,0,2,0,2,0,4.0,282,47,6.0
0,12,144,0,1,4,0,0,0,0,0,1,1,0,1,0,12,0,2.0,511,95,5.378947368421053
1,2,104,0,1,0,0,0,1,1,1,0,1,0,1,50,2,0,5.0,1238,235,5.268085106382979
1,2,105,82,2,0,3,5,1,1,1,1,1,0,2,0,3,0,3.0,33,6,5.5
0,3,144,0,0,1,6,0,1,0,1,0,1,0,1,0,4,0,1.0,292,59,4.9491525423728815
0,16,144,0,0,4,0,0,1,0,0,0,0,0,1,0,2,0,4.0,304,60,5.066666666666666
0,1,144,0,0,0,1,5,1,0,1,1,1,0,1,0,2,0,1.0,46,9,5.111111111111111
1,6,82,89,1,0,5,0,0,2,2,2,2,1,1,0,2,0,3.0,207,40,5.175
1,9,105,0,1,0,0,0,1,0,1,1,1,0,1,0,2,0,5.0,268,40,6.7
0,48,43,0,1,0,4,0,1,0,0,0,0,0,1,0,2,0,2.0,428,85,5.035294117647059
1,3,105,0,0,5,6,0,1,0,1,1,1,0,1,0,2,0,3.0,193,33,5.848484848484849
0,11,60,47,1,0,4,5,0,0,2,2,2,0,1,0,12,0,2.0,347,68,5.102941176470588
0,3,144,0,2,0,4,5,1,0,0,0,1,0,2,0,2,0,4.0,589,114,5.166666666666667
1,8,85,107,1,0,1,5,1,0,1,1,0,0,1,0,2,0,6.0,397,82,4.841463414634147
0,0,144,0,2,0,1,0,1,0,1,1,1,0,6,0,2,0,11.0,861,158,5.449367088607595
1,6,104,0,0,2,0,0,1,1,1,1,1,0,1,50,2,0,5.0,118,22,5.363636363636363
1,60,126,0,0,5,0,0,2,1,0,0,0,0,1,300,2,0,14.0,893,165,5.412121212121212
0,18,144,0,1,0,1,0,1,0,0,0,0,0,1,0,2,0,3.0,756,134,5.641791044776119
0,1,144,0,0,1,6,0,1,1,1,1,1,0,1,0,2,0,4.0,18,3,6.0
0,2,144,0,0,0,1,1,0,0,1,1,1,0,1,150,2,1,4.0,122,25,4.88
1,4,128,0,2,0,4,5,1,0,1,1,1,0,3,0,2,0,1.0,259,54,4.796296296296297
1,2,105,0,0,3,6,0,1,0,1,1,1,0,1,0,2,0,2.0,163,26,6.269230769230769
0,2,144,0,1,0,2,3,1,0,1,1,1,0,3,0,2,0,9.0,544,99,5.494949494949495
1,2,105,81,1,0,5,5,1,0,1,1,1,0,1,0,2,0,5.0,228,37,6.162162162162162
1,48,105,0,1,0,6,0,2,0,0,0,0,0,1,100,12,0,5.0,736,131,5.6183206106870225
1,7,105,0,1,2,0,0,1,0,0,0,0,0,1,30,12,0,2.0,383,72,5.319444444444445
0,2,144,0,1,1,0,0,1,0,0,0,1,0,1,0,2,0,13.0,1518,282,5.382978723404255
0,17,21,10,2,0,4,5,2,1,0,0,1,0,2,0,12,0,2.0,478,89,5.370786516853933
0,1,144,0,1,0,6,0,1,1,0,0,2,0,1,0,7,0,2.0,484,93,5.204301075268817
0,2,144,0,1,0,1,0,1,0,2,2,1,0,1,0,2,0,2.0,106,17,6.235294117647059
0,48,144,0,1,2,4,0,1,1,1,0,0,0,1,0,1,0,1.0,348,68,5.117647058823529
0,12,8,0,1,2,6,0,1,1,0,0,0,0,1,0,2,0,3.0,132,24,5.5
0,1,144,16,1,0,0,0,1,1,1,0,0,0,2,0,2,0,13.0,302,54,5.592592592592593
1,5,105,82,2,6,0,0,1,0,1,2,2,0,2,0,3,0,4.0,66,11,6.0
0,39,144,0,1,1,0,0,1,0,0,0,2,0,1,0,2,0,1.0,260,48,5.416666666666667
1,3,104,0,2,0,2,5,1,0,2,2,1,0,2,10,3,0,3.0,276,53,5.2075471698113205
1,4,105,0,0,0,0,0,1,0,1,1,1,0,1,0,2,0,2.0,81,14,5.785714285714286
1,2,105,0,1,0,1,1,0,1,1,0,1,1,1,0,2,0,4.0,969,198,4.893939393939394
0,5,51,0,0,5,0,0,0,0,0,0,1,0,1,0,12,0,2.0,482,102,4.7254901960784315
1,2,105,0,1,6,0,0,1,0,1,0,1,0,3,0,2,0,4.0,79,11,7.181818181818182
0,2,144,0,2,0,6,0,1,0,1,0,1,0,2,0,2,0,9.0,353,65,5.430769230769231
0,3,30,114,1,0,1,0,1,0,1,0,1,0,1,0,2,0,3.0,292,54,5.407407407407407
1,2,105,0,1,6,0,0,1,0,1,1,1,0,1,0,12,0,2.0,319,62,5.145161290322581
1,1,105,0,1,1,0,0,1,0,1,0,1,0,1,0,2,0,9.0,450,80,5.625
1,3,105,82,2,0,5,5,0,0,1,1,1,0,5,0,2,0,4.0,31,7,4.428571428571429
0,18,144,0,1,0,6,0,1,0,0,0,0,0,1,0,12,0,8.0,718,139,5.16546762589928
0,24,144,114,2,0,4,0,1,1,2,2,2,1,2,30,2,0,5.0,1008,192,5.25
1,1,105,0,0,0,0,0,1,1,1,0,1,0,1,0,12,0,2.0,661,128,5.1640625
1,6,104,0,0,0,1,4,1,1,1,0,0,1,1,100,6,0,5.0,504,97,5.195876288659794
0,6,144,0,0,0,6,0,1,1,0,0,2,0,1,0,12,0,1.0,69,12,5.75
1,1,135,0,2,0,1,5,0,0,1,1,1,0,4,0,2,0,2.0,271,52,5.211538461538462
1,2,105,0,0,2,0,0,0,0,1,0,1,0,1,50,2,1,4.0,734,136,5.397058823529412
0,48,43,47,0,0,1,3,0,0,0,0,1,0,1,0,2,0,3.0,48,7,6.857142857142857
0,3,144,0,2,0,1,3,1,0,2,2,2,0,2,0,12,0,2.0,172,28,6.142857142857143
1,5,84,82,1,2,0,0,1,0,0,0,2,0,1,0,3,0,5.0,364,74,4.918918918918919
1,1,105,0,2,0,6,0,1,0,1,1,1,0,3,0,12,1,10.0,106,20,5.3
0,2,144,0,0,1,0,0,1,0,1,0,1,0,1,0,2,0,3.0,416,80,5.2
0,1,144,0,2,2,4,5,1,1,1,0,1,0,4,0,2,0,13.0,250,37,6.756756756756757
1,5,104,0,1,0,6,0,1,1,1,1,1,0,1,0,2,0,1.0,29,6,4.833333333333333
0,5,69,114,1,6,0,0,1,1,1,1,1,0,1,50,2,0,4.0,109,17,6.411764705882353
0,4,144,114,0,4,0,0,1,0,0,0,0,0,1,0,2,0,3.0,231,46,5.021739130434782
0,15,144,114,1,6,0,0,1,0,0,0,0,0,1,0,2,0,1.0,402,69,5.826086956521739
0,13,166,0,0,0,1,0,3,0,0,0,1,0,1,100,2,0,1.0,97,18,5.388888888888889
1,3,105,82,1,0,3,5,1,0,0,0,1,0,2,0,2,0,3.0,515,89,5.786516853932584
0,2,144,0,1,0,1,5,1,0,1,0,1,0,1,0,2,0,1.0,164,35,4.685714285714286
0,2,144,0,0,0,1,0,2,0,2,2,1,0,1,0,2,0,3.0,91,15,6.066666666666666
0,12,43,0,1,4,0,0,0,0,0,0,1,0,1,350,2,0,1.0,193,40,4.825
1,2,105,0,0,1,4,0,0,0,1,0,1,0,1,0,12,0,3.0,104,16,6.5
1,12,105,0,1,0,6,0,0,0,2,0,0,0,1,0,12,0,3.0,418,72,5.805555555555555
1,12,105,0,1,0,0,0,1,1,1,1,1,0,1,0,12,0,1.0,249,40,6.225
1,12,135,0,0,0,5,5,1,0,1,0,1,0,1,0,2,0,1.0,8,1,8.0
1,4,96,81,1,1,3,5,1,1,0,0,1,0,1,150,2,0,1.0,483,92,5.25
0,2,144,114,1,1,0,0,1,1,1,0,1,0,1,0,2,0,3.0,14,3,4.666666666666667
1,7,105,0,1,0,1,4,1,0,1,1,1,0,1,1,2,0,1.0,220,39,5.641025641025641
0,19,166,0,1,0,1,3,2,0,0,0,1,0,1,500,2,0,4.0,794,157,5.057324840764331
0,3,144,0,0,0,1,0,1,0,0,0,0,0,2,0,2,0,3.0,422,82,5.146341463414634
1,3,104,0,1,3,6,0,1,1,1,1,1,0,1,50,2,0,3.0,154,24,6.416666666666667
1,84,122,81,1,0,3,5,1,1,2,2,0,0,1,50,2,0,3.0,486,87,5.586206896551724
0,7,144,0,1,6,0,0,1,1,0,0,0,0,1,200,2,0,5.0,215,38,5.657894736842105
0,1,144,35,2,0,5,0,1,0,2,2,1,0,2,0,2,0,3.0,252,46,5.478260869565218
0,36,144,0,1,1,0,0,2,1,0,0,0,0,1,0,2,0,10.0,634,123,5.154471544715447
1,3,105,0,0,1,4,0,0,0,1,1,1,1,1,0,12,0,1.0,171,31,5.516129032258065
1,3,105,0,1,0,1,3,1,0,0,0,1,0,1,0,2,0,1.0,371,67,5.537313432835821
0,1,144,0,1,1,4,5,1,1,0,1,1,0,1,0,3,0,5.0,114,20,5.7
0,8,144,0,0,1,0,0,1,0,0,0,0,0,1,0,2,0,9.0,179,28,6.392857142857143
0,2,69,114,1,2,0,0,1,1,1,1,1,0,1,0,2,0,4.0,297,59,5.033898305084746
0,24,69,114,0,0,0,0,1,1,2,2,0,0,1,0,7,0,5.0,335,64,5.234375
0,2,144,0,1,6,0,0,1,1,0,0,1,0,1,0,2,0,1.0,79,14,5.642857142857143
0,2,144,0,1,0,1,0,1,0,0,0,0,0,1,0,2,0,8.0,627,114,5.5
0,2,144,0,1,0,1,5,1,1,0,1,1,0,1,0,3,0,1.0,218,36,6.055555555555555
0,3,144,0,1,0,1,3,1,1,0,0,1,0,1,0,2,1,5.0,329,67,4.91044776119403
0,42,28,0,1,0,1,0,1,1,0,2,2,0,1,0,2,0,1.0,71,14,5.071428571428571
1,2,135,0,0,0,1,0,0,1,1,1,1,0,1,0,2,0,4.0,191,36,5.305555555555555
0,1,144,0,2,0,1,3,1,1,1,1,1,0,8,0,2,0,17.0,1363,260,5.242307692307692
0,5,144,0,1,1,6,0,1,1,0,0,0,0,1,0,4,0,1.0,193,35,5.514285714285714
1,2,105,82,1,0,1,0,1,0,1,1,1,0,1,0,3,0,1.0,194,37,5.243243243243243
1,12,105,0,1,0,0,0,0,0,0,0,0,0,1,100,12,0,3.0,227,34,6.676470588235294
1,3,105,0,0,2,0,0,1,0,1,1,1,0,1,0,12,0,6.0,566,112,5.053571428571429
1,1,105,0,2,1,3,5,1,0,1,1,1,0,3,0,7,0,6.0,757,144,5.256944444444445
0,1,144,0,2,0,1,0,0,0,1,1,1,0,4,0,2,0,1.0,169,31,5.451612903225806
0,1,144,0,1,1,0,0,1,0,1,0,1,0,1,0,12,0,8.0,464,86,5.395348837209302
0,13,144,114,1,6,0,0,0,0,1,1,0,0,1,0,2,0,1.0,165,30,5.5
0,23,41,47,1,4,0,0,1,1,0,0,1,1,1,0,2,0,0.0,21,5,4.2
1,5,105,0,0,0,6,0,1,1,1,1,1,0,1,0,12,0,5.0,535,107,5.0
1,3,105,0,0,0,0,0,0,0,1,0,1,0,1,0,12,0,3.0,720,143,5.034965034965035
1,2,104,0,0,0,1,4,1,1,1,0,1,0,1,50,2,1,5.0,781,144,5.423611111111111
0,1,144,114,2,1,4,0,1,0,1,1,1,0,2,0,12,0,3.0,144,31,4.645161290322581
0,2,144,0,2,0,1,3,1,0,2,2,2,0,5,0,12,0,3.0,178,38,4.684210526315789
0,2,144,0,1,1,0,0,1,1,0,0,1,0,1,0,2,0,1.0,217,43,5.046511627906977
0,2,144,114,0,1,0,0,1,1,0,0,1,0,1,0,2,0,4.0,12,2,6.0
0,3,144,0,1,5,0,0,1,0,1,0,1,0,3,0,2,0,5.0,94,14,6.714285714285714
0,2,22,114,2,0,0,0,1,1,2,2,2,0,3,0,3,0,3.0,529,94,5.627659574468085
0,2,144,0,1,5,6,0,1,0,1,1,1,0,1,0,12,0,2.0,464,92,5.043478260869565
1,3,105,0,1,0,5,5,1,0,1,0,1,0,1,0,2,0,2.0,361,62,5.82258064516129
0,2,144,0,0,0,0,0,1,0,0,0,1,0,1,0,2,0,1.0,172,32,5.375
0,2,144,0,1,0,1,5,0,0,0,0,1,0,1,0,2,0,3.0,91,16,5.6875
0,36,144,76,1,1,0,0,1,0,0,0,0,0,1,200,7,0,5.0,553,110,5.027272727272727
0,8,144,41,1,0,1,0,1,0,0,0,0,0,1,0,2,0,3.0,295,52,5.673076923076923
0,1,144,114,0,1,6,0,1,1,1,1,1,0,1,0,12,0,3.0,70,13,5.384615384615385
0,12,144,0,1,0,0,0,1,1,0,0,0,0,1,0,12,0,1.0,164,33,4.96969696969697
1,2,105,0,1,0,3,5,1,0,1,0,2,0,1,0,2,0,5.0,250,39,6.410256410256411
0,2,144,0,0,0,1,3,1,1,1,0,1,0,3,0,2,0,14.0,301,53,5.679245283018868
1,12,104,0,1,6,0,0,1,1,1,0,0,0,1,0,2,0,14.0,149,24,6.208333333333333
1,4,104,0,0,1,0,0,0,1,2,2,2,0,1,0,2,0,4.0,336,64,5.25
0,24,144,0,0,4,0,0,0,0,2,2,0,0,1,0,12,0,1.0,127,27,4.703703703703703
0,64,8,0,0,1,2,2,2,1,0,0,1,0,1,0,2,0,2.0,178,32,5.5625
0,11,54,114,1,0,1,5,1,0,1,1,1,0,1,0,2,0,2.0,193,39,4.948717948717949
0,24,144,0,0,1,0,0,1,1,0,0,0,0,1,0,12,0,3.0,527,92,5.728260869565218
1,3,105,0,0,0,6,0,1,0,2,0,1,0,1,0,12,0,5.0,511,107,4.775700934579439
0,1,144,0,2,1,0,0,1,1,1,1,1,0,4,0,2,0,4.0,457,82,5.573170731707317
1,2,105,0,0,0,5,0,1,0,1,0,1,0,1,50,2,0,5.0,686,127,5.4015748031496065
1,9,104,0,1,0,0,0,1,1,1,1,1,0,1,0,7,0,2.0,448,91,4.923076923076923
0,4,30,114,1,0,1,0,1,0,0,0,0,0,1,0,4,0,11.0,360,58,6.206896551724138
0,3,144,0,1,0,1,0,1,1,0,0,1,0,1,0,2,0,2.0,229,45,5.088888888888889
0,60,30,0,0,1,0,0,0,0,2,2,1,1,1,0,12,0,1.0,151,27,5.592592592592593
0,2,144,33,1,6,0,0,1,1,1,1,1,0,1,0,12,0,2.0,104,19,5.473684210526316
1,8,105,0,1,6,0,0,0,0,1,1,1,0,1,0,12,1,13.0,262,49,5.346938775510204
1,2,105,0,0,0,1,4,0,0,1,0,1,0,1,0,2,0,7.0,322,62,5.193548387096774
0,4,144,0,1,0,1,0,1,0,0,0,1,0,3,0,12,0,2.0,199,42,4.738095238095238
1,36,103,0,0,0,5,0,2,2,1,1,0,0,1,0,2,0,8.0,493,99,4.97979797979798
0,4,144,0,0,4,0,0,1,0,0,0,1,0,1,150,12,0,13.0,239,46,5.195652173913044
0,4,144,0,1,1,6,0,0,0,1,1,1,0,1,0,2,0,5.0,106,20,5.3
0,1,17,41,0,1,0,0,1,1,2,2,2,0,1,0,7,2,11.0,1566,297,5.2727272727272725
1,1,105,0,2,0,3,5,1,0,1,0,1,0,6,0,2,1,9.0,119,21,5.666666666666667
1,2,104,0,1,1,0,0,0,1,2,0,1,0,1,0,2,0,7.0,53,9,5.888888888888889
0,4,144,0,1,0,1,5,1,0,0,0,1,0,1,0,2,0,4.0,660,138,4.782608695652174
1,1,105,0,1,2,3,0,1,0,1,1,1,0,1,5,12,0,1.0,199,40,4.975
1,2,96,81,0,0,3,5,1,1,1,0,1,0,1,0,12,0,12.0,1588,312,5.089743589743589
1,2,105,0,1,2,0,0,0,0,1,0,1,0,1,0,2,0,1.0,151,29,5.206896551724138
0,6,144,0,1,0,1,1,0,1,2,2,2,0,1,0,12,1,5.0,278,53,5.245283018867925
0,3,144,0,0,0,1,1,2,0,1,1,1,0,1,0,2,0,2.0,136,21,6.476190476190476
1,24,105,0,1,5,6,0,0,0,0,0,0,0,1,100,3,0,2.0,120,22,5.454545454545454
0,2,144,0,1,1,0,0,1,1,1,0,1,0,1,0,3,0,2.0,483,90,5.366666666666666
0,12,40,114,0,3,0,0,0,1,2,2,2,0,1,0,12,0,2.0,612,108,5.666666666666667
1,5,104,0,1,0,5,0,1,1,1,0,1,0,2,0,12,0,1.0,169,30,5.633333333333334
0,1,144,114,1,0,0,0,1,2,0,0,1,0,1,0,2,0,3.0,344,51,6.745098039215686
0,2,144,0,1,0,4,5,1,0,1,1,1,0,1,0,4,1,7.0,1239,230,5.386956521739131
1,1,105,0,1,5,6,0,0,0,1,1,1,0,1,0,7,0,1.0,194,35,5.542857142857143
1,5,104,0,0,0,0,0,1,1,0,0,0,0,1,150,12,1,20.0,810,164,4.939024390243903
0,2,144,0,2,0,1,3,1,0,1,1,1,0,6,0,7,0,20.0,2273,408,5.571078431372549
1,2,104,0,0,3,6,0,1,1,1,0,1,0,1,0,12,0,4.0,44,10,4.4
0,1,69,114,1,1,4,0,1,0,1,0,1,0,1,0,2,0,2.0,270,45,6.0
0,1,144,114,0,0,1,0,1,1,1,1,1,0,1,0,2,0,2.0,12,2,6.0
1,5,135,0,0,3,4,0,1,0,0,0,1,0,1,0,2,0,4.0,353,67,5.268656716417911
0,2,144,0,1,1,6,0,1,0,0,0,0,0,1,50,3,0,9.0,253,40,6.325
0,4,144,0,1,0,0,0,1,1,0,0,1,0,1,0,2,0,1.0,285,54,5.277777777777778
0,12,166,16,0,0,1,0,1,0,0,0,2,0,2,0,3,0,2.0,307,60,5.116666666666666
0,3,166,130,1,0,6,0,2,0,0,0,1,0,1,0,12,0,2.0,269,54,4.981481481481482
0,7,144,114,1,0,1,0,1,0,1,1,0,0,1,0,7,0,5.0,273,41,6.658536585365853
1,20,104,0,0,5,6,0,1,1,0,0,0,0,1,0,2,0,4.0,32,6,5.333333333333333
0,4,144,0,1,1,0,0,1,0,0,0,1,0,1,0,2,0,1.0,123,21,5.857142857142857
0,0,144,0,0,1,6,0,1,0,1,0,1,0,1,0,2,0,4.0,263,51,5.1568627450980395
0,1,144,0,0,0,1,0,1,0,0,0,1,0,1,0,2,0,6.0,210,33,6.363636363636363
1,2,142,82,0,6,0,0,0,0,1,1,1,0,1,50,2,0,2.0,163,25,6.52
0,1,144,114,2,0,1,5,1,0,0,0,1,0,4,0,2,0,8.0,442,73,6.054794520547945
1,1,104,96,2,0,1,5,0,2,1,1,1,0,2,0,7,0,1.0,133,25,5.32
1,1,84,0,2,0,1,0,0,0,1,1,1,0,3,0,2,0,3.0,300,59,5.084745762711864
1,3,103,91,0,0,0,0,1,2,0,0,1,0,1,100,2,0,2.0,586,113,5.185840707964601
0,30,144,0,0,0,0,0,1,1,0,0,0,0,1,0,2,0,1.0,257,52,4.9423076923076925
0,1,144,0,2,0,1,0,1,0,1,1,1,0,6,0,2,0,1.0,232,38,6.105263157894737
1,2,103,0,1,0,3,5,0,2,1,0,1,0,1,0,12,1,2.0,420,58,7.241379310344827
0,2,144,114,1,1,0,0,1,0,1,0,1,0,1,0,2,0,1.0,307,60,5.116666666666666
0,36,47,114,1,0,0,0,2,0,2,2,2,0,1,350,2,1,1.0,766,150,5.1066666666666665
0,2,144,16,2,4,6,0,2,0,0,0,1,0,3,0,2,1,8.0,344,51,6.745098039215686
1,3,137,0,1,6,0,0,1,1,1,1,1,0,1,0,3,0,1.0,131,24,5.458333333333333
0,2,144,114,1,1,0,0,1,1,0,0,1,0,1,0,2,0,2.0,14,3,4.666666666666667
1,12,104,0,1,0,1,5,1,1,2,2,1,0,2,0,12,0,8.0,714,134,5.3283582089552235
1,4,105,0,1,0,6,0,0,0,0,0,0,0,1,0,12,0,1.0,62,11,5.636363636363637
1,7,104,0,0,1,6,0,2,1,1,2,1,0,1,0,2,0,5.0,649,124,5.233870967741935
0,3,144,16,0,4,0,0,1,1,2,2,1,0,1,0,2,0,3.0,93,16,5.8125
0,4,144,114,1,6,0,0,0,0,1,1,1,0,1,0,2,0,1.0,182,31,5.870967741935484
0,2,144,0,2,0,1,4,1,1,1,1,2,0,5,0,4,0,1.0,787,149,5.281879194630872
1,3,128,66,1,3,4,5,0,0,1,1,1,0,1,50,2,0,1.0,20,3,6.666666666666667
1,5,105,0,0,0,0,0,1,0,0,0,1,0,1,0,12,0,5.0,298,60,4.966666666666667
0,1,144,0,2,4,6,0,0,1,1,1,1,0,2,0,12,0,0.0,209,39,5.358974358974359
0,3,144,114,2,0,1,3,1,1,1,1,1,0,7,0,12,0,5.0,368,67,5.492537313432836
0,2,144,0,0,0,1,0,0,0,1,1,0,0,1,0,5,0,1.0,19,4,4.75
1,5,135,66,1,0,5,5,1,1,1,1,1,0,1,0,2,0,7.0,471,87,5.413793103448276
0,48,60,0,1,1,4,0,0,2,0,0,0,0,1,0,6,0,1.0,70,15,4.666666666666667
1,3,104,0,1,4,0,0,0,1,0,1,1,1,1,0,2,0,4.0,66,14,4.714285714285714
0,3,144,0,1,0,1,0,1,1,0,0,0,0,1,0,2,0,3.0,519,108,4.805555555555555
1,3,105,81,2,0,4,5,1,1,0,0,1,0,2,0,12,0,11.0,1706,283,6.028268551236749
1,12,105,70,0,0,1,0,1,0,0,0,0,0,1,0,2,1,17.0,1858,294,6.319727891156463
1,2,105,0,1,1,5,5,1,0,1,1,1,0,4,0,2,0,5.0,271,39,6.948717948717949
0,2,144,0,2,1,6,0,1,0,1,1,1,0,5,0,2,0,2.0,256,51,5.019607843137255
0,5,144,114,1,0,6,0,1,0,0,0,0,0,1,0,12,0,1.0,30,5,6.0
0,4,144,0,1,6,0,0,0,0,1,1,1,0,1,20,3,0,1.0,113,19,5.947368421052632
0,4,144,54,1,1,6,0,1,0,0,0,1,0,1,0,2,0,16.0,366,67,5.462686567164179
1,1,105,0,0,0,5,0,0,0,1,1,1,0,1,0,12,0,4.0,940,174,5.402298850574713
0,60,41,14,1,0,0,0,0,0,2,0,1,0,1,1,2,0,2.0,287,57,5.035087719298246
1,8,105,0,1,4,5,5,2,0,1,0,0,0,1,0,2,0,10.0,605,129,4.689922480620155
1,18,105,82,1,5,0,0,1,0,0,0,0,0,1,0,2,0,2.0,89,6,14.833333333333334
0,48,144,0,1,1,6,0,1,1,0,0,2,0,1,0,3,0,2.0,520,85,6.117647058823529
0,1,144,0,1,0,1,0,1,0,1,1,2,0,9,0,2,0,6.0,36,8,4.5
1,3,105,0,2,4,5,5,1,0,1,1,1,0,4,0,5,0,4.0,162,31,5.225806451612903
