Type,Age,Breed1,Breed2,Gender,Color1,Color2,Color3,MaturitySize,FurLength,Vaccinated,Dewormed,Sterilized,Health,Quantity,Fee,State,VideoAmt,PhotoAmt,desc_length,desc_words,average_word_length
0,1,144,0,0,1,6,0,1,1,0,0,1,0,1,0,2,0,7.0,393,69,5.695652173913044
1,12,103,80,0,0,0,0,1,2,1,1,2,0,1,300,2,0,3.0,400,78,5.128205128205129
0,2,144,0,1,0,0,0,1,0,1,0,1,0,1,0,12,0,8.0,680,139,4.892086330935252
1,3,105,0,0,1,6,0,0,0,1,0,1,0,1,0,12,0,19.0,209,42,4.976190476190476
1,36,122,71,0,2,0,0,2,1,0,0,0,0,1,0,2,0,3.0,345,64,5.390625
1,5,104,0,0,3,6,0,0,2,0,0,1,0,1,0,2,0,13.0,424,78,5.435897435897436
1,1,105,0,1,3,0,0,1,0,1,1,1,0,1,0,2,0,5.0,264,53,4.981132075471698
0,9,144,0,0,1,4,0,1,0,0,0,2,0,1,0,3,0,2.0,358,70,5.114285714285714
0,1,38,133,2,0,1,5,1,1,1,1,1,0,9,100,6,0,5.0,1878,267,7.033707865168539
0,2,144,0,1,1,4,0,1,0,1,0,1,0,1,0,7,0,1.0,148,30,4.933333333333334
0,3,62,0,0,0,1,0,0,2,0,0,2,0,1,750,2,0,2.0,246,48,5.125
0,3,144,16,0,4,0,0,1,1,2,2,1,0,1,0,2,0,3.0,93,16,5.8125
0,24,144,0,0,1,6,0,1,0,1,1,1,0,1,0,7,0,3.0,89,16,5.5625
0,1,144,114,1,0,1,5,1,1,0,0,1,0,1,0,2,0,1.0,12,2,6.0
1,2,140,82,2,0,1,0,1,0,1,1,1,0,2,0,5,0,2.0,102,14,7.285714285714286
1,7,96,110,1,0,3,5,1,0,0,0,1,0,1,0,2,0,7.0,16,3,5.333333333333333
1,12,142,0,1,2,4,0,1,1,2,0,0,0,1,0,2,0,2.0,330,70,4.714285714285714
1,2,128,72,0,1,4,0,0,0,1,1,1,0,1,0,12,0,1.0,262,50,5.24
0,12,144,0,1,0,1,0,1,1,1,0,1,0,1,0,3,0,2.0,131,26,5.038461538461538
1,3,105,0,0,0,6,0,0,0,0,0,1,0,1,0,12,0,9.0,1315,243,5.411522633744856
1,0,128,106,2,1,4,0,1,0,1,1,1,1,3,0,2,0,1.0,112,27,4.148148148148148
0,2,144,16,2,4,6,0,2,0,0,0,1,0,3,0,2,1,8.0,344,51,6.745098039215686
0,37,144,0,1,1,2,5,1,0,0,0,0,0,1,0,2,0,5.0,552,101,5.465346534653466
0,5,144,0,0,0,1,0,1,0,2,2,2,0,1,0,2,0,0.0,10,2,5.0
0,2,144,0,0,0,1,5,1,1,0,0,1,0,1,0,2,0,1.0,17,3,5.666666666666667
0,22,60,0,1,4,6,0,1,0,0,0,1,0,1,0,2,0,3.0,460,80,5.75
1,8,135,0,0,2,0,0,1,0,0,0,0,0,1,0,2,0,2.0,99,17,5.823529411764706
1,9,105,0,0,0,5,5,1,0,0,0,0,0,2,0,2,0,0.0,794,135,5.881481481481481
1,2,105,0,1,1,3,3,1,0,1,1,1,0,3,0,12,0,4.0,20,4,5.0
0,3,144,10,0,4,6,0,1,1,1,1,1,0,1,0,3,0,4.0,491,90,5.455555555555556
1,3,128,0,0,0,6,0,0,0,1,1,1,0,1,0,12,0,1.0,84,13,6.461538461538462
0,2,144,4,1,0,1,0,1,1,1,0,1,0,1,250,12,0,13.0,157,28,5.607142857142857
1,1,104,0,1,0,3,5,1,2,1,0,1,0,1,0,2,2,10.0,986,171,5.766081871345029
0,1,144,0,1,0,1,5,0,0,1,1,1,0,1,0,2,0,1.0,16,3,5.333333333333333
0,3,144,0,0,0,0,0,1,0,2,0,2,0,1,0,2,0,2.0,239,49,4.877551020408164
0,2,144,0,0,1,0,0,1,0,0,0,1,0,1,0,12,0,1.0,11,2,5.5
1,2,105,82,2,0,5,5,1,0,1,0,1,0,4,0,12,0,8.0,191,30,6.366666666666666
0,74,60,0,0,1,6,0,1,1,2,0,2,0,1,0,2,0,2.0,331,71,4.661971830985915
0,48,41,0,0,6,0,0,0,0,0,0,1,0,1,0,12,0,1.0,41,7,5.857142857142857
1,3,103,0,0,0,6,0,1,2,1,0,1,0,1,0,2,0,5.0,314,56,5.607142857142857
0,18,144,114,1,0,0,0,1,0,0,0,0,0,1,0,2,0,3.0,147,4,36.75
0,2,144,0,0,0,1,3,1,0,0,0,1,0,1,0,2,1,14.0,562,103,5.456310679611651
0,7,91,69,1,1,0,0,2,1,0,0,1,0,1,0,2,0,1.0,12,2,6.0
1,1,105,110,1,0,1,0,1,0,1,0,1,0,1,0,2,0,3.0,47,10,4.7
0,1,144,0,2,0,1,5,1,0,2,2,2,0,5,0,2,0,15.0,1,1,1.0
0,2,144,0,1,1,0,0,1,1,0,0,1,0,1,0,2,0,1.0,173,35,4.942857142857143
1,12,135,0,0,2,4,5,1,0,1,0,0,0,1,100,12,1,10.0,1078,195,5.528205128205128
0,5,163,128,0,0,6,0,0,1,0,0,1,0,1,0,2,0,10.0,24,4,6.0
1,5,105,0,0,0,1,5,1,0,2,2,2,0,1,0,2,0,1.0,46,9,5.111111111111111
0,2,144,0,1,0,1,0,1,0,1,1,1,0,1,0,12,0,4.0,273,51,5.352941176470588
0,5,144,0,1,1,0,0,0,0,2,2,2,0,1,0,2,0,3.0,153,26,5.884615384615385
0,12,13,114,0,0,1,5,1,1,0,0,0,0,1,150,3,0,5.0,120,17,7.0588235294117645
1,9,103,0,0,0,6,0,1,2,1,0,1,1,1,0,12,0,2.0,1613,303,5.323432343234323
0,12,41,0,0,5,0,0,1,0,0,0,0,0,1,0,2,0,7.0,262,50,5.24
0,84,30,54,0,1,2,0,0,0,2,2,2,0,1,0,12,0,1.0,25,5,5.0
0,72,8,0,1,2,4,0,2,2,0,0,0,0,1,0,2,0,0.0,234,32,7.3125
0,12,144,0,1,0,0,0,0,1,2,2,1,0,1,0,12,0,0.0,461,92,5.010869565217392
0,2,47,114,0,0,4,0,2,1,1,1,1,0,2,100,12,0,3.0,241,42,5.738095238095238
1,0,105,0,0,0,6,0,1,0,1,1,1,0,1,0,12,0,2.0,187,36,5.194444444444445
1,1,105,81,1,6,0,0,0,1,1,1,1,0,1,0,2,0,4.0,158,32,4.9375
0,3,144,0,0,0,1,0,1,0,0,0,1,0,1,0,2,0,2.0,45,10,4.5
0,12,144,0,2,1,0,0,1,1,2,2,2,0,4,0,12,0,7.0,2150,366,5.8743169398907105
0,1,144,114,1,0,0,0,1,2,0,0,1,0,1,0,2,0,3.0,344,51,6.745098039215686
0,1,144,0,1,2,4,0,1,1,2,2,2,0,1,0,0,0,1.0,60,10,6.0
1,2,115,77,1,5,0,0,1,1,0,0,1,0,1,100,2,0,4.0,910,174,5.2298850574712645
1,2,105,0,1,2,3,0,1,0,1,1,1,0,1,0,2,0,4.0,98,19,5.157894736842105
0,4,144,0,1,2,3,0,1,0,0,0,1,0,1,0,12,0,1.0,287,50,5.74
1,3,128,104,1,1,6,0,0,0,2,2,2,0,1,0,12,0,1.0,193,35,5.514285714285714
0,2,144,0,2,1,3,0,1,1,0,0,2,0,2,0,5,0,2.0,240,42,5.714285714285714
0,2,144,114,1,0,0,0,1,1,1,0,1,0,1,0,2,0,5.0,12,2,6.0
0,24,144,0,1,1,4,0,1,0,0,0,0,0,1,0,12,0,6.0,763,151,5.052980132450331
1,4,104,0,0,6,0,0,1,0,0,0,1,0,1,30,3,0,1.0,33,7,4.714285714285714
1,3,105,81,1,1,2,5,1,0,1,1,1,0,1,0,2,0,4.0,289,54,5.351851851851852
1,23,105,0,2,0,2,5,1,0,1,0,0,0,3,100,2,0,11.0,609,123,4.951219512195122
0,2,144,54,0,1,6,0,1,0,1,0,1,0,1,0,2,0,4.0,217,41,5.2926829268292686
0,3,144,0,1,0,1,0,1,0,0,0,1,0,1,0,2,0,3.0,266,54,4.925925925925926
1,14,105,0,0,0,6,0,2,0,1,1,1,0,1,0,12,0,2.0,55,10,5.5
1,3,105,0,2,0,1,2,1,0,1,1,1,0,2,0,12,0,9.0,20,3,6.666666666666667
0,4,144,0,1,0,0,0,2,0,0,0,1,0,1,0,3,0,1.0,139,27,5.148148148148148
1,4,105,0,2,0,3,5,1,0,1,1,1,0,2,0,12,1,8.0,736,137,5.372262773722627
1,1,105,0,2,1,5,0,0,0,1,1,1,0,2,0,5,2,12.0,685,113,6.061946902654867
0,18,24,0,0,5,6,0,1,2,0,0,0,0,1,0,2,0,2.0,628,117,5.367521367521367
0,12,69,114,0,0,0,0,1,1,2,2,2,0,1,0,12,0,3.0,1199,235,5.102127659574468
0,1,144,0,1,0,1,0,1,1,1,0,1,0,1,0,4,0,3.0,220,44,5.0
1,6,105,0,0,0,6,0,0,0,1,1,1,0,1,0,2,0,3.0,91,15,6.066666666666666
1,16,105,0,0,4,6,0,1,0,0,0,0,0,1,100,2,0,3.0,297,53,5.60377358490566
1,1,105,0,1,0,6,0,1,0,1,1,1,0,1,0,2,0,1.0,164,34,4.823529411764706
0,12,22,0,0,1,0,0,2,0,2,2,1,0,1,0,2,0,2.0,342,64,5.34375
1,1,105,0,0,0,1,3,1,0,1,1,1,0,5,0,2,0,26.0,142,29,4.896551724137931
0,2,144,0,1,1,0,0,0,0,0,0,1,0,1,0,2,0,0.0,162,30,5.4
1,6,137,0,1,0,1,2,1,1,2,2,2,0,1,0,2,0,0.0,139,26,5.346153846153846
1,3,105,0,0,3,6,0,1,0,1,1,1,0,1,0,2,0,1.0,65,11,5.909090909090909
0,1,161,114,0,0,4,0,1,0,1,1,1,0,1,0,2,0,5.0,485,90,5.388888888888889
1,5,135,63,1,0,5,0,1,0,2,2,1,0,1,0,12,0,1.0,191,42,4.5476190476190474
0,2,144,0,1,0,1,5,1,0,1,1,1,0,1,0,2,0,2.0,447,80,5.5875
1,4,105,0,2,0,3,5,0,0,1,1,0,0,4,0,2,0,8.0,106,21,5.0476190476190474
0,3,144,0,1,1,0,0,2,1,1,1,0,0,1,0,2,0,1.0,327,60,5.45
0,18,144,114,2,0,6,0,2,0,0,0,0,0,2,0,2,0,2.0,1592,303,5.254125412541254
0,24,144,114,1,1,6,0,1,1,2,2,2,0,2,0,3,0,4.0,342,68,5.029411764705882
1,24,132,101,0,4,0,0,0,0,0,0,0,0,1,500,12,0,1.0,94,18,5.222222222222222
0,60,60,0,0,1,4,5,0,2,0,0,0,0,1,100,2,0,1.0,119,20,5.95
1,6,105,0,0,6,0,0,1,0,0,0,0,0,1,100,12,0,1.0,67,9,7.444444444444445
1,3,105,0,0,1,2,5,0,0,1,1,1,0,1,0,2,0,3.0,307,61,5.032786885245901
0,3,144,0,1,6,0,0,1,0,1,1,1,0,1,0,2,0,1.0,279,52,5.365384615384615
0,72,60,0,0,0,6,0,0,0,2,2,2,2,1,0,2,0,3.0,715,146,4.897260273972603
0,7,144,0,0,0,1,5,1,1,1,1,1,0,1,0,2,0,0.0,163,33,4.9393939393939394
0,2,99,114,0,0,1,0,2,0,0,0,1,0,1,0,2,0,4.0,105,20,5.25
0,60,65,0,0,6,0,0,1,1,0,0,0,0,1,0,2,0,1.0,321,51,6.294117647058823
1,1,105,82,2,1,2,5,1,1,1,0,1,0,2,0,2,0,2.0,50,9,5.555555555555555
1,11,105,0,0,1,4,5,1,0,0,0,0,0,1,0,12,0,6.0,228,44,5.181818181818182
0,6,144,0,1,0,0,0,1,0,0,0,0,0,1,0,2,0,4.0,390,76,5.131578947368421
0,9,55,0,1,4,0,0,1,0,1,1,1,0,1,0,2,0,1.0,179,38,4.7105263157894735
1,3,105,0,1,2,0,0,0,0,1,1,1,0,2,0,2,0,10.0,248,44,5.636363636363637
1,2,105,0,2,0,6,0,2,0,1,0,1,0,2,0,12,1,2.0,347,60,5.783333333333333
0,4,144,0,1,0,0,0,1,0,0,0,1,1,1,0,12,0,3.0,440,85,5.176470588235294
0,3,144,0,1,1,0,0,2,1,0,0,1,0,1,0,2,0,5.0,158,26,6.076923076923077
1,2,103,0,2,0,1,2,2,2,1,1,1,0,2,250,2,0,2.0,265,46,5.760869565217392
0,2,144,0,1,4,0,0,1,0,1,1,1,0,1,0,2,0,3.0,419,77,5.441558441558442
1,36,104,0,1,0,3,5,1,1,1,1,2,0,1,0,12,0,1.0,79,11,7.181818181818182
0,2,166,114,1,0,1,0,1,1,0,0,1,0,1,0,2,0,5.0,161,26,6.1923076923076925
1,36,105,0,1,1,3,5,1,0,0,0,0,0,1,0,12,0,5.0,300,59,5.084745762711864
0,2,144,0,1,1,6,0,1,1,0,0,2,0,1,0,0,0,1.0,90,16,5.625
0,12,144,0,1,0,1,0,2,0,0,0,0,0,1,0,2,0,2.0,247,50,4.94
0,72,60,0,1,1,4,0,0,0,2,0,2,0,1,0,2,0,2.0,458,91,5.032967032967033
1,5,105,0,1,5,6,0,0,0,0,0,0,0,1,70,2,0,5.0,105,16,6.5625
1,7,104,0,0,0,6,0,1,1,0,0,0,0,1,0,2,0,5.0,175,32,5.46875
0,24,144,0,1,4,0,0,1,0,0,0,0,0,1,80,2,0,3.0,113,16,7.0625
1,72,103,81,1,0,1,4,1,1,2,2,2,0,1,0,2,0,5.0,527,99,5.3232323232323235
1,1,135,82,2,0,1,5,0,1,1,0,1,0,3,0,2,0,3.0,20,3,6.666666666666667
0,3,144,0,1,1,6,0,2,0,2,2,1,0,1,0,2,0,2.0,119,21,5.666666666666667
0,14,144,0,1,0,0,0,1,0,0,0,0,0,1,0,12,1,2.0,805,158,5.094936708860759
1,6,104,81,1,0,6,0,1,1,1,1,1,0,1,89,2,0,2.0,630,94,6.702127659574468
1,24,103,0,1,0,6,0,1,2,0,0,1,0,1,0,12,0,3.0,329,61,5.39344262295082
0,24,144,114,2,1,6,0,1,0,2,2,2,0,2,0,3,0,3.0,522,96,5.4375
0,5,144,0,1,4,0,0,0,0,1,1,2,0,3,0,12,0,3.0,94,19,4.947368421052632
0,4,144,0,1,0,0,0,1,0,0,0,1,0,1,0,2,0,5.0,55,10,5.5
1,3,105,0,0,0,5,5,1,0,1,1,1,0,1,0,2,0,5.0,141,24,5.875
0,1,144,0,1,1,6,0,0,0,1,1,2,0,1,0,12,0,4.0,243,50,4.86
0,2,144,114,1,0,1,5,1,1,1,0,1,0,1,0,2,0,2.0,12,2,6.0
0,3,144,0,0,0,6,0,1,0,0,0,1,0,1,0,2,2,15.0,345,52,6.634615384615385
1,1,104,0,0,0,6,0,0,1,1,1,1,0,1,0,2,0,1.0,304,54,5.62962962962963
0,2,144,9,0,0,1,5,1,0,0,0,1,0,1,0,2,0,7.0,308,52,5.923076923076923
0,48,26,0,1,6,0,0,0,2,0,0,1,0,1,300,7,0,2.0,838,155,5.406451612903226
0,1,144,0,1,1,0,0,1,1,1,1,1,0,1,0,2,0,3.0,115,21,5.476190476190476
0,2,144,0,0,0,1,0,1,0,2,2,1,0,1,0,2,0,3.0,88,16,5.5
0,0,144,0,1,0,1,5,1,1,0,0,0,0,1,0,12,0,1.0,139,23,6.043478260869565
0,24,144,0,1,4,0,0,1,1,0,0,0,0,1,100,2,0,1.0,116,23,5.043478260869565
0,24,8,16,1,2,6,0,1,0,2,2,2,0,1,0,12,0,3.0,31,5,6.2
0,18,144,0,1,1,6,0,0,0,0,0,1,0,1,0,2,0,5.0,250,46,5.434782608695652
0,60,60,0,0,2,4,5,0,1,2,2,0,0,1,0,2,0,13.0,537,108,4.972222222222222
0,2,31,0,0,1,0,0,1,0,1,0,1,0,1,0,12,0,0.0,100,20,5.0
1,4,105,0,0,5,0,0,1,0,0,0,1,0,1,0,12,0,2.0,25,4,6.25
1,2,105,0,0,1,2,3,1,0,1,1,1,0,1,0,2,0,7.0,264,48,5.5
0,1,144,0,2,0,1,1,0,0,1,1,2,0,7,0,2,0,1.0,162,34,4.764705882352941
0,2,144,0,0,1,6,0,1,0,1,1,1,0,1,0,12,0,2.0,273,51,5.352941176470588
0,6,144,0,1,1,0,0,1,0,0,0,0,0,1,0,2,0,1.0,672,135,4.977777777777778
0,2,144,0,1,0,2,3,1,0,1,1,1,0,3,0,2,0,9.0,544,99,5.494949494949495
1,34,122,0,1,4,5,5,0,1,2,2,2,0,1,0,7,0,5.0,218,38,5.7368421052631575
1,14,103,81,1,2,4,5,1,2,1,1,1,0,1,0,12,0,2.0,959,185,5.183783783783784
0,2,144,0,1,1,0,0,0,0,1,1,1,0,1,0,5,0,2.0,81,14,5.785714285714286
1,2,105,0,1,0,3,5,1,0,1,0,1,0,6,0,2,0,1.0,138,21,6.571428571428571
1,2,122,82,2,0,1,5,0,1,1,1,1,0,3,0,2,0,3.0,675,115,5.869565217391305
1,12,105,81,1,0,1,3,1,1,1,1,0,0,2,0,12,0,1.0,662,125,5.296
1,9,128,0,0,6,0,0,1,0,0,0,1,0,1,0,2,0,2.0,136,24,5.666666666666667
0,4,144,0,1,1,6,0,1,0,0,0,1,0,1,0,2,0,5.0,491,92,5.336956521739131
1,2,105,0,2,0,2,5,1,0,1,1,1,0,4,0,2,0,2.0,216,39,5.538461538461538
0,24,144,0,0,0,1,0,1,0,0,0,0,0,1,0,12,0,7.0,931,162,5.746913580246914
1,18,105,0,2,0,3,5,1,0,0,0,0,0,4,0,2,0,4.0,972,181,5.370165745856354
1,4,105,0,0,0,6,0,0,0,1,1,1,0,1,0,1,0,4.0,258,45,5.733333333333333
1,3,105,0,1,0,0,0,1,0,1,0,1,0,1,0,2,0,2.0,306,62,4.935483870967742
0,6,144,0,0,1,0,0,0,1,0,0,1,0,1,0,2,0,1.0,106,18,5.888888888888889
0,2,144,114,0,1,0,0,1,1,0,0,1,0,1,0,2,0,1.0,12,2,6.0
0,2,144,114,1,0,0,0,1,0,2,2,2,0,1,0,2,0,3.0,367,72,5.097222222222222
1,11,135,0,1,2,0,0,1,0,0,0,0,0,1,50,12,0,3.0,192,39,4.923076923076923
0,3,144,129,1,1,0,0,0,0,0,0,1,0,1,0,3,0,3.0,32,5,6.4
1,1,105,0,1,0,1,5,0,0,1,1,1,0,3,0,2,0,4.0,112,26,4.3076923076923075
0,7,144,0,0,0,1,0,2,2,0,0,1,0,1,0,7,0,2.0,838,178,4.707865168539326
1,12,105,0,0,1,0,0,1,0,0,0,0,0,1,350,2,0,3.0,423,78,5.423076923076923
1,2,105,0,1,5,6,0,1,0,0,0,0,0,1,0,2,0,4.0,220,43,5.116279069767442
0,3,144,4,0,0,1,0,1,0,1,0,1,0,2,0,2,3,8.0,1982,372,5.327956989247312
0,1,144,114,2,1,3,0,2,0,1,1,1,0,3,0,12,0,5.0,41,8,5.125
0,3,144,114,1,0,1,0,0,0,1,0,1,0,2,0,6,0,4.0,3,1,3.0
0,12,144,0,1,2,0,0,1,0,0,0,0,0,1,0,2,0,3.0,159,33,4.818181818181818
0,12,65,114,0,1,4,0,0,1,2,2,2,0,1,0,12,0,1.0,1566,264,5.931818181818182
1,3,103,82,2,0,3,4,1,1,1,0,1,0,4,0,12,0,7.0,302,56,5.392857142857143
0,2,144,0,0,0,1,5,1,1,1,1,1,0,1,0,2,0,2.0,220,23,9.565217391304348
1,1,105,0,2,0,3,4,2,0,1,1,1,0,3,0,2,0,3.0,207,45,4.6
0,2,144,0,0,0,1,0,1,0,0,0,1,0,1,0,2,0,10.0,475,84,5.654761904761905
1,6,105,0,1,5,0,0,1,1,1,1,0,1,1,0,2,0,4.0,279,50,5.58
0,2,144,0,1,0,1,0,1,1,0,0,1,0,1,0,2,0,1.0,274,52,5.269230769230769
1,12,104,0,0,2,0,0,1,1,1,0,0,1,1,0,2,0,3.0,446,82,5.439024390243903
0,2,166,0,2,0,6,0,1,0,1,1,1,2,2,0,2,0,1.0,933,163,5.723926380368098
0,2,144,33,0,0,0,0,2,0,1,0,1,0,4,0,2,1,18.0,344,51,6.745098039215686
0,1,144,0,1,1,0,0,1,0,1,1,1,0,1,0,12,0,2.0,211,39,5.410256410256411
0,4,144,0,1,1,0,0,1,0,0,0,1,0,1,0,12,0,10.0,332,58,5.724137931034483
0,1,144,0,2,0,1,5,1,1,1,1,1,0,4,0,2,0,12.0,238,45,5.288888888888889
0,31,144,0,1,0,1,5,1,1,0,0,0,0,2,0,12,0,3.0,3,1,3.0
1,4,105,0,0,0,1,5,0,0,0,0,1,0,1,0,12,0,1.0,118,22,5.363636363636363
1,36,105,0,0,1,6,0,2,0,0,0,0,0,1,0,2,0,5.0,1007,187,5.385026737967914
0,72,60,0,1,2,6,0,0,2,0,0,0,0,1,0,2,0,1.0,157,30,5.233333333333333
0,2,144,0,2,1,6,0,1,0,1,1,1,0,4,0,12,0,1.0,70,13,5.384615384615385
1,2,105,0,1,0,5,5,1,0,0,0,1,0,2,0,12,0,2.0,16,3,5.333333333333333
1,0,104,82,1,2,0,0,0,1,1,1,1,0,1,0,2,0,3.0,162,33,4.909090909090909
0,4,144,0,0,0,5,5,1,0,0,0,0,0,1,200,12,0,1.0,195,34,5.735294117647059
1,2,104,0,0,4,0,0,1,1,1,1,1,0,1,0,3,0,2.0,49,7,7.0
0,12,144,130,1,0,6,0,2,0,0,1,0,0,1,0,12,0,5.0,130,22,5.909090909090909
0,1,144,114,1,0,1,0,1,1,1,1,1,0,1,0,2,0,1.0,12,2,6.0
0,4,144,0,1,0,1,0,1,0,0,0,1,0,3,0,12,0,0.0,256,47,5.446808510638298
1,1,105,0,2,0,1,1,1,0,1,1,1,0,2,0,2,4,11.0,1052,184,5.717391304347826
0,36,22,0,1,0,0,0,2,1,2,2,0,0,1,0,2,0,5.0,441,65,6.7846153846153845
1,12,135,0,1,5,6,0,2,0,2,0,0,0,6,0,2,0,2.0,248,49,5.061224489795919
0,18,144,0,0,0,1,5,1,0,0,0,0,0,1,0,2,0,6.0,174,32,5.4375
0,18,38,0,0,5,0,0,1,0,0,0,1,0,1,10,2,0,2.0,676,131,5.1603053435114505
0,5,144,0,1,0,1,5,1,0,1,1,1,0,1,0,12,0,5.0,429,96,4.46875
0,2,144,0,0,0,0,0,1,0,1,0,1,0,1,0,2,0,4.0,160,28,5.714285714285714
0,11,144,0,1,0,0,0,1,0,0,0,0,0,1,0,2,0,3.0,68,12,5.666666666666667
0,2,144,0,1,1,0,0,1,0,0,0,1,0,1,0,12,0,15.0,1931,378,5.108465608465608
0,1,144,0,1,0,1,0,1,1,1,0,1,0,1,0,12,0,3.0,225,40,5.625
1,2,103,0,2,1,2,0,1,2,1,1,1,0,2,0,2,0,17.0,536,109,4.91743119266055
0,1,144,0,0,1,0,0,1,0,1,1,1,0,1,20,3,0,1.0,122,21,5.809523809523809
0,1,144,0,2,0,3,5,1,1,1,1,1,0,3,0,2,0,5.0,385,70,5.5
0,2,144,114,1,1,0,0,1,1,1,0,1,0,1,0,2,0,5.0,12,2,6.0
0,3,144,0,1,0,1,0,1,0,1,1,1,0,1,0,12,0,1.0,39,9,4.333333333333333
0,2,144,0,1,4,0,0,1,0,0,1,1,0,1,0,2,0,2.0,971,171,5.678362573099415
0,3,144,0,0,0,0,0,1,1,1,0,1,0,1,0,12,0,5.0,97,16,6.0625
1,24,82,0,1,0,1,1,1,2,2,2,2,0,1,0,12,0,1.0,77,11,7.0
0,3,54,114,1,1,6,0,1,0,0,0,1,0,1,0,2,0,3.0,195,37,5.27027027027027
1,2,105,0,0,0,3,5,1,0,1,1,1,0,1,50,2,0,4.0,279,47,5.9361702127659575
0,2,144,0,0,1,4,0,1,1,1,0,1,0,1,0,12,0,1.0,142,26,5.461538461538462
0,2,144,35,0,0,1,0,1,1,1,1,1,0,1,0,12,0,3.0,224,40,5.6
0,1,144,0,1,0,1,0,2,0,1,1,1,0,1,50,2,0,2.0,362,69,5.246376811594203
0,1,144,0,1,0,6,0,1,0,1,0,1,0,1,0,2,0,5.0,160,27,5.925925925925926
0,12,144,0,0,1,0,0,2,0,0,0,0,0,1,0,2,1,4.0,536,104,5.153846153846154
1,3,105,0,0,0,1,5,1,0,1,1,1,0,1,0,12,0,3.0,121,21,5.761904761904762
0,60,80,0,0,1,0,0,1,1,2,0,1,0,1,0,2,0,1.0,104,24,4.333333333333333
0,60,65,114,0,0,6,0,0,1,0,0,0,0,1,0,12,0,2.0,2224,438,5.077625570776256
0,2,144,114,1,6,0,0,1,0,1,1,1,0,1,0,2,0,2.0,177,36,4.916666666666667
0,4,144,0,1,0,6,0,2,1,1,1,1,0,1,0,12,0,1.0,233,45,5.177777777777778
1,3,128,0,1,0,5,0,1,1,0,0,1,0,1,150,12,0,6.0,208,42,4.9523809523809526
1,6,105,0,1,3,6,0,1,2,1,1,1,0,1,0,12,0,1.0,72,14,5.142857142857143
0,1,144,0,0,0,0,0,1,1,1,1,1,0,1,0,7,0,5.0,411,76,5.407894736842105
1,7,122,0,1,0,0,0,1,2,1,1,1,0,1,0,12,0,5.0,669,133,5.030075187969925
0,3,144,0,1,0,1,0,1,0,1,0,1,0,2,0,12,0,3.0,639,123,5.195121951219512
1,3,105,0,1,0,0,0,1,0,1,1,1,0,1,0,2,0,11.0,255,47,5.425531914893617
0,24,17,114,1,1,4,5,0,1,0,0,0,0,1,0,2,0,4.0,334,42,7.9523809523809526
0,1,144,0,2,0,5,5,1,0,1,1,1,0,6,0,5,0,0.0,104,19,5.473684210526316
1,4,103,0,2,0,0,0,0,2,1,1,1,0,2,50,2,0,4.0,179,29,6.172413793103448
0,3,144,0,2,0,1,3,1,0,1,1,2,0,6,50,12,0,4.0,538,91,5.912087912087912
0,4,144,0,0,0,6,0,1,0,0,0,0,0,1,0,2,0,4.0,462,87,5.310344827586207
0,12,144,0,1,1,0,0,1,1,0,0,0,0,1,0,2,0,4.0,182,34,5.352941176470588
0,15,36,0,1,6,0,0,2,1,0,0,2,0,1,150,2,0,2.0,717,139,5.158273381294964
1,18,103,0,1,0,0,0,2,2,0,0,1,0,1,300,2,0,2.0,295,49,6.020408163265306
0,12,144,0,0,1,0,0,2,1,0,0,2,0,1,0,2,0,3.0,631,132,4.78030303030303
1,6,105,0,0,0,0,0,1,0,1,1,1,0,1,0,12,0,2.0,253,50,5.06
0,0,144,0,0,0,0,0,0,0,2,2,2,0,1,0,2,0,3.0,191,34,5.617647058823529
0,6,144,0,1,6,0,0,1,0,2,2,2,0,1,0,2,0,3.0,196,34,5.764705882352941
0,2,144,0,1,3,4,0,1,0,1,0,1,0,1,0,2,0,1.0,77,15,5.133333333333334
1,2,105,82,0,1,4,0,1,0,0,0,1,0,1,0,12,0,4.0,297,59,5.033898305084746
0,2,144,0,2,0,1,5,1,1,0,0,1,0,13,0,2,0,5.0,82,14,5.857142857142857
0,5,144,114,2,0,4,5,1,0,0,0,1,0,2,0,2,0,5.0,440,85,5.176470588235294
1,3,105,0,1,5,6,0,0,0,1,0,1,0,1,0,12,0,2.0,19,3,6.333333333333333
0,1,144,0,2,0,6,0,0,1,1,1,1,0,2,0,2,0,1.0,270,53,5.09433962264151
1,2,93,84,0,0,0,0,0,1,1,1,1,0,1,0,12,0,0.0,45,7,6.428571428571429
0,5,144,0,2,2,0,0,1,0,0,0,1,0,2,0,12,1,6.0,50,11,4.545454545454546
0,2,144,0,1,1,6,0,1,0,0,0,1,0,5,0,2,0,5.0,275,49,5.612244897959184
1,1,105,82,2,5,0,0,0,0,1,1,1,0,3,0,2,0,4.0,80,15,5.333333333333333
0,2,8,114,1,0,1,3,1,1,0,0,1,0,4,0,12,0,15.0,110,22,5.0
1,4,105,0,0,0,0,0,1,0,1,1,1,0,1,0,2,0,2.0,81,14,5.785714285714286
0,84,62,0,0,0,1,5,1,0,0,0,0,0,1,0,3,0,2.0,74,16,4.625
1,18,105,0,2,3,0,0,2,0,1,1,1,0,5,0,9,0,1.0,407,74,5.5
0,36,55,0,1,1,0,0,1,0,2,2,2,0,1,300,12,0,1.0,46,8,5.75
1,12,105,0,1,0,1,5,1,0,1,1,1,0,1,0,12,0,1.0,125,23,5.434782608695652
1,2,104,0,1,5,0,0,1,1,0,0,1,0,1,100,12,0,5.0,761,144,5.284722222222222
1,12,140,0,1,1,4,5,1,0,1,1,0,0,1,0,2,0,3.0,519,88,5.8977272727272725
0,2,144,114,0,6,0,0,1,0,1,0,1,0,1,0,2,0,1.0,166,32,5.1875
0,2,144,0,1,1,2,0,0,0,1,0,2,0,1,0,7,0,3.0,432,81,5.333333333333333
1,2,105,0,0,0,6,0,1,0,1,1,1,0,1,0,12,0,6.0,413,74,5.581081081081081
1,24,127,0,1,4,5,0,0,0,0,0,0,0,2,300,12,0,1.0,3493,647,5.398763523956723
1,1,121,104,1,0,6,0,0,0,1,1,1,0,1,0,12,0,1.0,476,92,5.173913043478261
0,1,144,0,2,0,1,3,1,0,1,1,1,0,4,0,2,0,5.0,362,71,5.098591549295775
0,2,144,0,1,0,1,5,1,0,2,2,1,0,1,0,2,0,3.0,125,22,5.681818181818182
1,8,105,0,1,1,5,5,1,0,1,0,1,0,1,0,12,0,2.0,242,43,5.627906976744186
1,4,135,0,0,3,6,0,1,0,0,0,2,0,1,0,2,0,2.0,55,8,6.875
1,1,105,0,0,0,0,0,0,0,1,1,1,0,1,0,2,0,1.0,182,35,5.2
0,60,155,12,2,0,1,5,0,0,0,0,0,0,2,0,2,0,4.0,268,44,6.090909090909091
0,2,144,0,0,1,0,0,1,0,0,0,1,0,1,0,2,0,3.0,243,52,4.673076923076923
0,39,144,0,1,1,0,0,1,0,0,0,2,0,1,0,2,0,1.0,260,48,5.416666666666667
0,1,147,54,2,0,4,5,1,0,1,0,1,0,4,0,12,5,5.0,271,50,5.42
0,6,144,0,2,1,2,0,1,0,0,0,0,0,2,0,2,0,8.0,201,30,6.7
1,4,105,0,1,1,0,0,0,0,0,0,1,0,1,100,6,0,1.0,204,38,5.368421052631579
1,60,115,82,1,0,5,5,1,1,0,0,0,0,2,0,3,0,2.0,830,156,5.32051282051282
0,24,22,114,1,1,0,0,2,0,0,0,2,0,1,100,3,0,2.0,151,32,4.71875
1,5,105,0,2,0,5,5,0,0,1,1,1,0,4,0,2,0,6.0,45,7,6.428571428571429
0,12,144,0,1,1,2,0,1,0,1,1,0,0,1,0,2,0,5.0,795,167,4.7604790419161676
0,4,144,0,1,1,0,0,1,0,1,1,1,0,2,0,2,0,2.0,82,17,4.823529411764706
0,2,144,0,1,1,0,0,1,0,0,0,1,0,1,0,2,1,5.0,296,60,4.933333333333334
0,1,144,0,1,1,0,0,1,0,0,0,0,0,1,0,2,0,1.0,206,42,4.904761904761905
1,4,105,81,0,0,6,0,1,1,0,0,1,0,1,0,3,0,3.0,748,126,5.936507936507937
1,2,128,0,1,1,6,0,0,0,2,2,2,0,1,0,12,0,4.0,276,53,5.2075471698113205
0,1,144,0,1,4,0,0,1,0,1,0,1,0,1,0,2,0,1.0,537,98,5.479591836734694
1,2,104,0,0,1,2,0,1,0,2,0,1,0,1,0,5,0,1.0,194,37,5.243243243243243
1,2,105,0,1,0,0,0,0,0,1,1,1,0,1,0,12,0,3.0,168,34,4.9411764705882355
0,24,144,0,0,0,0,0,2,1,0,0,0,0,1,30,5,0,4.0,72,14,5.142857142857143
0,52,13,0,0,0,4,4,1,1,0,0,1,0,1,100,12,0,5.0,199,36,5.527777777777778
0,36,8,114,0,2,0,0,3,1,0,0,0,0,1,0,2,0,1.0,307,51,6.019607843137255
1,3,105,106,0,0,5,5,0,0,0,0,1,0,1,0,3,1,4.0,44,10,4.4
0,2,144,114,2,0,3,5,1,0,1,1,1,0,5,0,3,0,5.0,121,24,5.041666666666667
1,5,105,0,0,0,1,5,0,0,2,2,2,0,1,0,2,0,9.0,353,71,4.971830985915493
0,1,144,0,1,1,6,0,1,0,2,2,2,0,1,0,2,0,3.0,102,18,5.666666666666667
1,9,105,103,0,5,0,0,1,1,1,0,1,0,1,10,12,0,3.0,441,89,4.955056179775281
1,3,0,82,2,0,3,5,0,0,1,0,1,0,3,0,12,0,11.0,116,23,5.043478260869565
0,8,41,114,0,6,0,0,1,1,2,2,2,0,1,0,12,0,1.0,428,83,5.156626506024097
1,7,122,82,2,1,6,0,1,1,0,0,1,0,2,250,12,0,16.0,17,3,5.666666666666667
1,7,135,0,0,0,5,5,0,0,0,0,0,0,1,100,2,0,5.0,212,39,5.435897435897436
1,1,105,101,2,0,5,5,0,0,1,1,1,0,3,0,7,0,4.0,102,20,5.1
1,5,105,0,2,3,4,5,0,0,1,1,2,0,4,0,2,0,1.0,256,53,4.830188679245283
1,3,105,0,0,0,6,0,1,0,0,0,1,0,1,120,2,0,4.0,178,33,5.393939393939394
0,2,144,0,1,1,2,5,1,1,1,1,1,0,1,0,2,0,2.0,175,34,5.147058823529412
0,7,60,0,2,1,2,5,0,0,0,0,1,0,2,500,2,0,1.0,572,104,5.5
1,3,104,81,2,3,5,0,1,0,1,1,1,0,2,0,2,0,1.0,161,27,5.962962962962963
0,8,144,0,0,0,0,0,1,0,1,1,1,0,1,0,3,0,1.0,34,7,4.857142857142857
1,1,104,0,0,0,0,0,1,1,1,1,1,0,1,0,7,0,1.0,75,16,4.6875
1,8,85,107,1,0,1,5,1,0,1,1,0,0,1,0,2,0,6.0,397,82,4.841463414634147
0,48,77,0,0,6,0,0,2,2,0,0,1,0,1,0,12,0,3.0,659,131,5.030534351145038
0,24,144,114,1,1,0,0,1,1,2,2,2,0,1,0,12,0,4.0,251,44,5.704545454545454
1,1,105,0,0,5,0,0,1,0,1,1,1,0,1,0,2,0,3.0,261,49,5.326530612244898
0,1,144,0,2,1,4,5,1,0,1,1,1,0,7,0,2,0,15.0,227,42,5.404761904761905
0,3,144,0,1,1,0,0,1,0,0,0,1,0,1,0,2,0,7.0,308,62,4.967741935483871
0,2,144,114,2,1,4,5,1,1,0,0,1,0,4,0,2,3,13.0,334,50,6.68
1,3,103,0,1,1,2,4,1,2,2,2,2,0,3,0,2,0,6.0,407,60,6.783333333333333
0,4,144,0,1,0,0,0,1,0,0,0,1,0,1,0,3,0,7.0,334,60,5.566666666666666
0,1,144,0,2,0,1,0,1,1,1,1,1,0,4,0,12,0,5.0,347,68,5.102941176470588
1,2,104,0,2,0,4,5,0,1,1,1,1,0,3,0,2,0,0.0,363,61,5.950819672131147
0,18,22,0,1,1,2,0,2,0,0,0,0,0,1,0,2,0,0.0,115,21,5.476190476190476
0,2,144,0,1,0,1,1,1,0,1,0,1,0,5,0,2,0,1.0,84,13,6.461538461538462
1,3,104,0,1,0,1,5,1,1,1,1,1,0,1,0,2,0,1.0,14,2,7.0
0,1,144,0,1,0,1,0,1,1,1,1,1,0,1,20,3,0,1.0,122,21,5.809523809523809
0,3,144,0,1,1,6,0,0,0,0,0,1,1,1,0,12,0,2.0,246,47,5.23404255319149
1,3,132,101,1,1,4,5,1,0,1,0,1,0,1,50,3,0,2.0,64,10,6.4
0,60,60,54,0,0,6,0,0,1,0,0,1,0,1,0,2,0,4.0,508,94,5.404255319148936
1,4,120,94,1,2,5,5,0,0,1,1,1,0,1,0,12,0,2.0,58,9,6.444444444444445
0,2,144,0,0,0,1,0,1,1,0,0,1,0,1,60,3,0,3.0,247,41,6.024390243902439
0,4,144,0,1,3,6,0,1,0,2,2,2,0,1,100,3,0,1.0,84,15,5.6
1,2,105,0,0,2,6,0,1,0,0,0,1,0,1,0,2,0,1.0,27,6,4.5
1,11,104,0,0,1,3,5,1,1,1,0,1,0,1,0,12,0,2.0,118,25,4.72
0,4,144,0,0,1,0,0,1,0,2,2,2,0,1,0,0,0,3.0,58,10,5.8
1,2,135,81,0,5,0,0,0,2,1,0,1,0,1,0,4,0,3.0,72,11,6.545454545454546
0,8,54,114,0,0,1,5,1,0,0,0,0,0,1,0,2,0,3.0,454,86,5.27906976744186
1,6,82,0,1,0,2,3,1,1,1,2,2,0,2,0,2,0,5.0,186,33,5.636363636363637
0,1,144,0,2,1,0,0,1,0,1,1,1,0,7,0,3,0,2.0,118,16,7.375
1,2,105,0,0,5,6,0,1,0,1,1,1,0,1,0,2,0,4.0,440,85,5.176470588235294
1,36,105,0,1,0,5,5,1,2,0,0,2,0,1,300,2,0,2.0,36,7,5.142857142857143
1,2,105,0,1,0,2,5,1,0,1,1,1,0,1,0,2,0,4.0,603,115,5.243478260869566
1,6,122,81,0,5,6,0,1,1,0,0,1,0,1,0,2,0,3.0,8,1,8.0
1,12,141,80,1,4,6,0,1,2,0,0,0,0,1,0,2,0,5.0,482,97,4.969072164948454
1,2,105,0,0,0,6,0,2,0,1,1,1,0,4,0,2,0,3.0,290,56,5.178571428571429
1,5,104,0,0,5,6,0,1,1,0,0,0,0,1,100,12,3,11.0,1135,199,5.703517587939698
1,4,135,0,1,3,6,0,1,0,0,0,2,0,1,0,2,0,2.0,55,8,6.875
1,5,104,96,1,0,5,5,1,1,0,0,0,0,1,0,2,0,2.0,223,41,5.439024390243903
1,2,105,0,1,0,1,2,0,0,1,1,1,0,3,0,0,0,1.0,68,13,5.230769230769231
1,3,119,94,0,0,2,0,1,1,1,0,1,0,2,0,2,0,1.0,166,32,5.1875
0,5,144,0,1,1,0,0,1,0,0,0,0,0,1,0,2,0,2.0,1088,192,5.666666666666667
0,4,54,0,0,0,1,5,1,0,0,0,1,0,1,600,2,0,1.0,470,90,5.222222222222222
1,5,88,0,0,0,1,0,0,0,0,0,0,0,1,0,12,0,5.0,27,4,6.75
0,2,144,114,0,0,1,0,1,1,0,0,1,0,1,0,2,0,1.0,12,2,6.0
1,2,135,0,0,1,2,3,1,0,1,0,1,0,1,0,2,0,5.0,284,55,5.163636363636364
1,12,105,0,1,5,0,0,1,0,0,0,0,0,1,0,2,0,5.0,134,22,6.090909090909091
0,1,144,0,1,1,6,0,1,0,1,1,1,0,1,0,12,0,1.0,301,53,5.679245283018868
1,7,128,0,0,0,6,0,1,1,0,0,1,0,1,0,2,0,2.0,315,64,4.921875
1,2,103,81,0,5,6,0,0,1,1,0,1,0,1,0,2,0,7.0,228,45,5.066666666666666
1,5,105,0,1,1,0,0,0,0,2,2,2,0,1,0,12,0,4.0,39,8,4.875
1,1,104,0,2,3,5,0,0,0,1,0,1,0,3,0,12,0,5.0,138,25,5.52
1,5,103,81,1,3,0,0,2,2,1,1,1,0,1,0,12,0,5.0,14,3,4.666666666666667
1,36,105,0,1,0,1,5,0,0,0,0,1,0,2,0,2,0,2.0,304,57,5.333333333333333
1,3,105,0,1,0,1,5,1,0,0,0,0,0,1,0,3,0,5.0,1103,219,5.036529680365297
1,3,105,0,0,0,6,0,1,0,0,0,1,0,1,0,2,0,2.0,548,96,5.708333333333333
1,4,105,0,0,5,6,0,0,0,1,0,1,0,1,0,12,0,4.0,1111,219,5.073059360730594
0,3,144,114,1,0,1,5,1,1,0,0,1,0,4,0,4,0,4.0,200,38,5.2631578947368425
0,4,144,0,1,1,2,0,1,0,0,0,1,0,1,150,2,0,1.0,1411,281,5.0213523131672595
0,2,144,114,1,1,0,0,1,1,0,0,1,0,1,0,2,0,1.0,12,2,6.0
1,2,105,0,1,2,3,0,1,1,2,2,2,0,1,0,2,0,6.0,105,20,5.25
0,18,41,0,0,6,0,0,0,1,2,2,2,1,1,120,2,0,3.0,771,155,4.974193548387097
1,18,105,0,1,1,0,0,1,0,2,0,0,0,1,0,12,0,3.0,717,138,5.195652173913044
0,3,147,114,1,0,6,0,1,1,0,0,0,0,1,200,2,0,1.0,364,53,6.867924528301887
1,2,135,106,2,1,2,3,0,0,0,0,1,0,2,0,2,0,5.0,136,20,6.8
1,3,105,0,0,0,5,5,1,0,1,1,1,0,1,0,12,0,3.0,371,75,4.946666666666666
0,4,144,0,1,4,6,0,1,0,0,0,0,0,1,0,4,0,3.0,416,78,5.333333333333333
0,2,165,0,0,0,6,0,2,0,0,0,1,0,1,300,7,0,4.0,234,49,4.775510204081633
1,1,105,0,0,0,0,0,1,1,1,0,1,0,1,0,12,0,2.0,661,128,5.1640625
0,2,144,0,1,1,0,0,1,1,1,1,1,0,1,0,2,0,5.0,381,75,5.08
1,2,128,0,1,4,0,0,0,0,1,1,1,0,1,0,12,0,3.0,375,74,5.0675675675675675
0,3,144,0,0,1,0,0,1,1,2,2,2,0,1,0,4,0,4.0,272,51,5.333333333333333
1,12,93,78,1,5,0,0,1,1,0,0,1,0,1,160,2,0,3.0,371,64,5.796875
0,1,144,0,2,4,6,0,0,1,1,1,1,0,2,0,12,0,0.0,209,39,5.358974358974359
0,3,144,0,0,4,0,0,2,0,1,1,1,0,1,50,2,0,1.0,425,80,5.3125
0,1,144,0,1,0,1,0,1,1,1,1,1,0,1,0,4,0,1.0,705,132,5.340909090909091
0,3,144,131,1,0,1,0,1,0,0,0,1,0,1,200,2,0,5.0,668,119,5.61344537815126
0,3,144,0,0,0,2,0,1,0,1,1,1,0,1,0,12,0,4.0,258,43,6.0
0,2,144,114,1,1,6,0,1,0,0,1,1,0,1,100,2,0,6.0,446,83,5.373493975903615
0,3,144,0,1,1,0,0,2,0,0,0,1,0,1,0,2,0,3.0,323,58,5.568965517241379
0,2,69,129,1,4,0,0,1,1,0,0,2,0,1,250,12,0,5.0,402,65,6.184615384615385
0,2,144,0,0,1,6,0,1,0,0,0,1,0,1,0,3,0,7.0,18,3,6.0
0,2,69,41,1,0,1,5,0,1,0,0,1,0,1,0,12,0,4.0,974,191,5.099476439790576
0,72,69,18,1,1,4,0,1,1,0,0,0,0,1,0,2,0,3.0,770,157,4.904458598726115
1,2,105,0,1,0,6,0,1,0,0,2,2,0,1,5,7,0,3.0,230,46,5.0
0,24,147,0,0,0,6,0,1,2,2,2,0,0,1,0,12,0,3.0,334,63,5.301587301587301
0,24,8,0,1,2,0,0,1,1,0,0,1,0,1,0,2,0,2.0,138,29,4.758620689655173
0,84,17,0,1,1,6,0,0,0,0,0,0,0,1,0,12,0,3.0,280,51,5.490196078431373
0,12,144,0,0,3,0,0,1,0,0,0,1,0,1,0,12,0,3.0,289,53,5.452830188679245
0,60,26,0,0,6,0,0,0,2,0,0,0,0,1,0,12,0,5.0,508,89,5.707865168539326
0,0,144,0,2,0,1,5,0,0,1,1,0,0,8,0,4,1,2.0,201,35,5.742857142857143
0,1,144,0,0,0,6,0,1,1,1,1,2,0,1,0,3,0,1.0,425,81,5.246913580246914
0,4,144,0,0,0,0,0,1,0,0,0,1,0,1,50,2,0,5.0,296,60,4.933333333333334
1,3,104,0,2,0,6,0,1,1,1,1,1,0,2,0,2,0,3.0,165,25,6.6
1,2,120,0,2,0,5,5,0,0,1,1,1,0,3,0,5,0,4.0,250,47,5.319148936170213
1,3,105,82,0,6,0,0,1,0,1,0,1,0,1,0,12,0,1.0,377,75,5.026666666666666
0,2,144,0,2,0,1,5,1,0,1,1,1,0,4,0,2,0,5.0,67,12,5.583333333333333
0,2,144,0,1,1,6,0,0,0,0,0,1,0,1,0,12,0,2.0,534,100,5.34
0,84,41,0,1,1,0,0,1,1,0,0,2,0,1,0,10,0,1.0,463,88,5.261363636363637
0,2,144,0,2,0,0,0,1,0,1,1,1,0,2,1,3,0,4.0,134,17,7.882352941176471
1,7,143,113,0,0,1,0,1,0,1,0,1,0,1,0,2,0,1.0,2,1,2.0
1,2,104,0,1,6,0,0,1,1,1,1,1,0,1,0,2,0,12.0,528,100,5.28
0,108,41,0,1,6,0,0,0,2,0,0,0,0,1,200,2,0,3.0,535,100,5.35
0,1,144,114,0,1,0,0,1,0,1,1,1,0,1,0,12,0,5.0,30,4,7.5
0,18,144,0,1,0,6,0,1,0,0,0,0,0,1,0,12,0,8.0,718,139,5.16546762589928
1,5,135,0,1,0,6,0,0,0,0,0,1,0,1,0,12,0,3.0,973,187,5.2032085561497325
1,1,88,0,0,5,0,0,0,0,1,1,1,0,1,0,2,0,2.0,307,62,4.951612903225806
0,12,144,0,1,1,6,0,1,1,0,0,0,0,1,100,3,0,3.0,509,103,4.941747572815534
0,2,144,0,0,0,0,0,0,0,0,0,0,0,1,0,12,0,1.0,381,83,4.590361445783133
1,12,135,0,0,1,5,0,1,0,1,1,0,0,1,0,2,0,1.0,13,3,4.333333333333333
1,12,105,0,0,6,0,0,2,0,0,0,0,0,1,0,2,0,2.0,988,188,5.25531914893617
0,2,144,0,0,0,1,0,1,1,0,1,1,0,1,40,3,0,3.0,370,63,5.873015873015873
0,13,41,0,0,2,0,0,0,2,0,0,1,0,1,0,2,0,4.0,140,27,5.185185185185185
1,4,104,0,1,2,6,0,1,1,1,0,1,0,2,0,12,0,9.0,440,82,5.365853658536586
0,29,4,114,0,0,1,0,1,0,0,0,2,0,1,0,3,0,2.0,99,21,4.714285714285714
0,1,69,0,1,0,1,3,1,0,1,1,1,0,2,0,2,0,1.0,127,24,5.291666666666667
0,120,30,0,1,0,0,0,0,0,0,0,1,1,1,0,2,0,3.0,195,37,5.27027027027027
1,2,105,82,2,5,0,0,1,1,1,1,1,0,2,0,2,0,4.0,312,61,5.114754098360656
0,2,144,0,1,0,1,0,1,0,1,0,1,0,1,0,2,0,1.0,51,9,5.666666666666667
1,3,104,0,0,0,6,0,1,1,0,0,1,0,1,50,2,0,2.0,88,18,4.888888888888889
0,10,69,0,0,1,0,0,1,1,1,0,1,0,1,0,2,0,3.0,45,7,6.428571428571429
0,1,144,114,1,0,6,0,1,0,1,0,1,0,2,0,12,0,26.0,910,174,5.2298850574712645
1,0,105,82,2,0,1,5,1,0,1,1,1,0,5,0,12,0,1.0,118,19,6.2105263157894735
1,1,105,0,2,0,3,5,1,0,1,1,1,0,4,0,2,0,7.0,732,141,5.191489361702128
0,1,144,0,0,0,6,0,1,0,1,1,1,0,1,20,3,0,1.0,141,25,5.64
0,48,144,0,1,1,4,0,1,0,0,0,0,0,1,0,12,0,1.0,244,47,5.191489361702128
0,3,57,114,1,1,3,5,1,1,2,2,2,0,2,0,2,0,24.0,9,2,4.5
1,1,105,0,1,0,3,5,0,0,1,1,1,0,1,0,12,0,0.0,222,43,5.162790697674419
1,3,104,0,2,0,3,4,0,1,1,1,1,0,2,0,12,0,6.0,520,99,5.252525252525253
1,5,105,0,2,0,3,5,1,0,0,0,0,0,2,0,2,0,3.0,719,135,5.325925925925926
1,3,105,0,1,0,6,0,1,0,2,0,1,0,1,0,12,0,5.0,56,13,4.3076923076923075
0,3,144,0,0,0,1,5,1,0,1,0,1,0,1,50,5,0,2.0,232,44,5.2727272727272725
0,3,144,0,1,0,1,0,1,0,1,0,1,0,1,0,2,0,2.0,177,27,6.555555555555555
0,4,144,0,1,0,1,5,1,0,1,0,2,0,1,0,2,0,2.0,167,32,5.21875
0,1,144,0,2,1,2,3,1,0,0,0,0,0,3,0,2,0,5.0,260,44,5.909090909090909
0,12,144,0,1,0,0,0,1,1,0,0,0,0,1,0,12,0,1.0,164,33,4.96969696969697
0,48,144,114,0,0,1,0,2,1,2,0,1,0,1,0,1,0,2.0,598,125,4.784
1,4,105,0,2,0,1,2,1,0,1,1,1,0,4,0,2,3,6.0,554,97,5.711340206185567
0,84,3,0,0,2,6,0,1,0,0,0,1,0,1,100,3,0,7.0,591,112,5.276785714285714
0,3,144,114,2,2,4,5,1,0,2,2,2,0,2,0,2,0,5.0,294,53,5.547169811320755
1,3,105,0,1,0,3,5,1,0,0,0,1,0,1,0,2,0,1.0,25,3,8.333333333333334
1,3,105,0,0,5,6,0,0,0,0,0,0,0,1,50,2,0,8.0,455,85,5.352941176470588
0,3,144,0,1,1,4,0,1,0,0,0,1,0,1,0,2,1,2.0,406,82,4.951219512195122
1,4,105,106,2,0,6,0,1,0,0,0,2,0,2,0,7,0,2.0,688,133,5.172932330827067
1,13,104,0,2,3,5,5,0,1,1,1,1,0,4,50,2,0,1.0,287,48,5.979166666666667
1,6,128,0,0,1,4,4,1,0,1,1,1,0,1,0,2,0,4.0,42,5,8.4
0,60,65,0,0,6,0,0,1,1,1,1,1,0,1,0,4,0,3.0,54,8,6.75
1,2,105,0,0,1,2,5,1,0,1,1,1,0,1,0,3,0,2.0,116,22,5.2727272727272725
0,2,144,0,0,1,0,0,1,0,1,0,1,0,1,90,2,0,1.0,85,15,5.666666666666667
1,4,105,0,1,0,5,0,1,0,1,1,1,0,1,10,2,0,4.0,97,21,4.619047619047619
0,3,22,114,1,0,1,0,1,0,0,0,1,0,1,0,2,0,4.0,79,14,5.642857142857143
0,22,8,0,1,1,6,0,1,0,0,0,1,0,1,0,2,0,2.0,285,62,4.596774193548387
1,2,103,0,0,1,2,2,1,1,1,0,1,0,1,0,2,0,2.0,211,41,5.146341463414634
0,2,144,114,1,1,6,0,1,1,0,0,1,0,1,0,2,0,1.0,12,2,6.0
1,1,122,0,2,0,1,2,1,2,1,1,0,0,4,0,2,0,3.0,38,7,5.428571428571429
1,12,140,0,1,0,1,1,0,1,0,0,0,0,1,300,2,0,4.0,320,56,5.714285714285714
1,2,103,0,0,0,6,0,0,2,1,1,1,0,1,250,2,0,3.0,165,29,5.689655172413793
0,1,144,0,0,0,1,0,1,0,2,2,1,0,1,0,2,0,3.0,90,17,5.294117647058823
0,14,144,0,0,0,1,0,1,1,0,0,0,0,1,0,12,0,2.0,92,18,5.111111111111111
1,1,105,81,1,5,0,0,1,1,0,0,1,0,1,0,2,0,4.0,158,32,4.9375
0,36,144,114,1,0,1,3,1,1,0,0,0,0,1,0,2,0,1.0,69,13,5.3076923076923075
0,6,144,0,1,0,6,0,1,1,0,0,1,0,1,0,2,0,5.0,499,99,5.040404040404041
0,17,144,0,1,0,5,0,2,1,0,0,0,0,1,0,2,0,5.0,815,146,5.582191780821918
0,1,144,0,1,2,0,0,1,0,1,1,1,0,1,0,2,0,1.0,78,16,4.875
0,2,144,0,2,0,1,4,1,1,1,1,2,0,5,0,4,0,1.0,787,149,5.281879194630872
1,3,105,0,0,0,0,0,1,0,1,1,1,0,1,0,2,0,2.0,180,33,5.454545454545454
1,8,104,0,1,1,3,0,1,1,2,2,0,0,1,0,2,0,3.0,56,5,11.2
1,5,135,82,1,0,3,5,2,1,1,1,1,0,1,0,2,0,1.0,142,27,5.2592592592592595
0,3,144,16,0,1,4,5,1,1,0,0,0,0,1,0,4,0,4.0,661,116,5.698275862068965
0,60,36,47,1,1,2,5,0,1,0,0,1,0,1,0,2,0,5.0,769,145,5.303448275862069
1,5,104,0,1,2,6,0,1,1,1,0,1,0,1,150,3,0,5.0,788,140,5.628571428571429
0,0,144,0,2,0,1,3,1,1,1,1,1,0,2,0,2,0,5.0,481,90,5.344444444444444
0,2,144,0,2,1,6,0,1,1,1,1,1,0,3,0,2,0,3.0,205,41,5.0
0,3,144,0,1,0,1,3,1,1,0,0,1,0,1,0,2,1,5.0,329,67,4.91044776119403
1,19,104,0,1,0,6,0,1,1,0,0,0,0,1,150,2,0,2.0,543,96,5.65625
1,3,105,0,1,0,3,5,1,0,1,1,1,0,3,0,2,0,6.0,585,110,5.318181818181818
1,3,105,82,1,0,3,5,1,0,1,0,1,0,1,0,2,0,5.0,333,60,5.55
1,2,105,81,0,5,6,0,1,0,0,1,1,0,1,100,12,0,3.0,376,68,5.529411764705882
1,24,84,63,1,5,6,0,0,0,0,0,0,0,2,0,2,0,3.0,168,28,6.0
1,5,105,0,1,0,1,4,0,0,0,0,2,0,1,0,7,0,2.0,136,27,5.037037037037037
1,3,105,0,1,0,0,0,1,0,2,2,2,0,1,0,12,0,1.0,126,22,5.7272727272727275
0,1,9,0,1,6,0,0,1,2,1,1,1,0,1,0,12,0,4.0,385,82,4.695121951219512
0,5,144,0,0,1,6,0,1,0,1,0,0,0,4,50,12,0,4.0,927,175,5.297142857142857
1,30,105,0,0,0,1,5,2,0,0,0,0,0,2,0,5,0,3.0,224,41,5.463414634146342
0,9,41,0,0,0,6,0,0,1,0,1,1,0,1,10,3,0,1.0,155,28,5.535714285714286
1,0,105,0,2,0,1,5,0,0,1,1,1,0,3,0,2,0,4.0,174,32,5.4375
1,8,135,0,0,0,5,5,0,0,0,0,0,0,1,0,2,0,4.0,272,51,5.333333333333333
1,5,105,0,1,5,6,0,1,1,0,1,0,0,3,0,12,0,2.0,174,30,5.8
1,27,105,0,1,0,5,5,1,0,0,0,0,0,1,0,2,0,3.0,127,25,5.08
1,1,105,0,1,0,6,0,0,0,1,1,1,0,1,0,2,0,4.0,396,77,5.142857142857143
1,2,103,81,1,0,2,5,1,2,1,0,1,0,1,50,2,0,5.0,616,109,5.651376146788991
0,10,144,0,1,0,1,0,0,0,0,0,0,0,1,0,2,0,2.0,107,24,4.458333333333333
1,2,105,0,2,1,5,5,0,0,1,0,1,0,5,0,12,0,5.0,30,6,5.0
0,2,144,0,0,1,6,0,1,0,1,1,1,0,1,0,3,0,1.0,107,22,4.863636363636363
1,12,105,0,0,0,0,0,1,1,2,2,1,1,1,0,12,0,3.0,187,36,5.194444444444445
0,10,147,22,1,0,6,0,1,1,0,0,0,0,1,0,1,0,3.0,595,113,5.265486725663717
1,6,122,110,1,0,1,2,0,1,1,1,1,0,1,0,12,0,3.0,634,121,5.239669421487603
0,2,144,0,0,0,1,0,1,0,0,0,0,0,2,0,2,0,4.0,1161,201,5.776119402985074
0,2,144,114,2,0,6,0,1,1,0,0,1,0,2,0,2,4,17.0,845,158,5.348101265822785
0,1,144,54,1,0,6,0,1,0,1,1,1,0,1,0,2,0,2.0,236,38,6.2105263157894735
1,36,103,0,0,0,6,0,2,2,1,1,0,0,1,0,12,0,5.0,209,37,5.648648648648648
0,5,144,0,0,4,0,0,1,0,0,0,1,0,1,350,7,0,2.0,642,109,5.889908256880734
1,53,105,0,0,0,5,5,1,1,0,0,0,0,1,0,12,0,4.0,350,72,4.861111111111111
0,3,144,114,1,1,0,0,1,0,0,0,1,0,1,0,2,0,9.0,592,116,5.103448275862069
0,2,144,0,0,1,3,0,1,1,0,0,1,0,1,0,2,0,4.0,384,73,5.260273972602739
0,84,173,0,1,1,0,0,2,1,0,0,0,1,1,0,2,0,1.0,589,117,5.034188034188034
1,4,105,0,0,0,0,0,1,0,0,0,1,0,1,0,2,0,6.0,20,3,6.666666666666667
0,24,144,0,0,1,0,0,1,1,0,0,2,0,1,0,12,0,5.0,577,101,5.712871287128713
1,12,104,0,0,0,6,0,1,1,0,0,0,0,1,0,5,0,3.0,80,15,5.333333333333333
0,3,144,0,0,0,0,0,1,1,2,2,2,0,1,0,2,2,1.0,357,73,4.890410958904109
0,8,144,114,0,0,0,0,1,0,0,0,1,0,2,100,2,0,2.0,1117,209,5.344497607655502
1,3,104,0,1,0,6,0,0,1,2,0,2,0,1,0,12,0,15.0,743,106,7.009433962264151
0,4,69,114,0,4,6,0,1,0,0,0,1,0,1,0,2,0,4.0,293,60,4.883333333333334
0,2,144,0,0,1,6,0,1,0,0,0,1,0,1,0,12,0,3.0,425,81,5.246913580246914
0,1,144,0,0,2,0,0,0,0,1,1,2,0,1,0,12,0,2.0,110,24,4.583333333333333
0,6,144,0,1,1,4,0,1,0,0,0,0,0,2,0,12,0,2.0,801,129,6.209302325581396
1,2,105,0,1,6,0,0,1,0,0,0,1,0,1,30,2,0,1.0,371,66,5.621212121212121
0,6,5,114,1,0,0,0,2,1,0,0,1,0,1,0,2,0,2.0,430,84,5.119047619047619
1,3,105,0,1,0,6,0,0,0,1,1,1,0,1,0,12,0,15.0,611,127,4.811023622047244
1,2,105,0,1,0,1,4,1,0,1,0,1,0,1,0,2,0,2.0,711,135,5.266666666666667
0,3,144,0,0,1,4,5,1,1,1,1,1,0,5,0,3,0,12.0,58,10,5.8
0,24,144,0,1,0,6,0,2,1,0,0,0,0,1,0,2,0,1.0,454,89,5.101123595505618
0,12,144,0,1,1,0,0,0,0,0,0,1,0,1,0,2,0,0.0,1141,213,5.356807511737089
0,1,144,0,1,0,3,0,1,1,1,1,1,0,2,0,12,1,6.0,136,23,5.913043478260869
1,2,105,66,0,5,6,0,0,0,1,1,1,0,1,0,7,0,2.0,269,50,5.38
1,6,105,0,0,6,0,0,0,0,0,0,1,0,1,0,3,0,2.0,85,16,5.3125
1,4,105,0,1,6,0,0,1,0,1,1,1,0,1,0,12,0,2.0,274,54,5.074074074074074
1,12,105,0,1,6,0,0,1,0,0,0,0,0,1,0,2,0,1.0,270,52,5.1923076923076925
1,1,128,0,0,6,0,0,0,0,1,0,1,0,1,0,12,0,1.0,562,101,5.564356435643564
1,2,105,0,0,0,0,0,0,0,1,0,1,0,1,0,12,0,12.0,647,111,5.828828828828829
1,3,104,81,2,0,6,0,1,1,2,2,2,0,2,0,2,0,7.0,453,81,5.592592592592593
0,4,144,0,0,0,6,0,1,0,0,0,1,0,1,0,2,0,1.0,288,57,5.052631578947368
1,2,104,0,1,0,1,0,1,1,1,1,1,0,1,0,2,0,8.0,1994,378,5.275132275132275
1,4,104,81,2,0,6,0,1,1,1,2,0,0,2,0,2,0,1.0,44,9,4.888888888888889
0,2,144,0,1,1,4,5,1,2,0,0,1,0,1,0,2,0,2.0,179,31,5.774193548387097
1,3,135,0,1,0,1,5,0,0,1,0,0,0,5,30,2,0,0.0,249,49,5.081632653061225
0,2,144,131,1,0,1,0,1,0,0,0,0,0,1,0,2,0,13.0,339,65,5.2153846153846155
0,3,144,0,1,4,0,0,1,1,1,1,1,0,1,0,2,0,6.0,379,71,5.338028169014085
1,84,105,0,0,0,5,5,2,0,0,0,0,0,1,0,12,0,5.0,27,7,3.857142857142857
0,3,144,0,1,0,1,2,0,0,0,0,1,0,1,0,2,0,2.0,171,30,5.7
1,1,105,0,0,0,5,0,0,0,1,1,1,0,1,30,7,0,8.0,281,49,5.73469387755102
0,1,144,0,1,0,1,1,0,1,1,1,1,0,1,0,2,0,4.0,40,7,5.714285714285714
0,1,144,0,0,0,1,5,0,0,1,1,2,0,1,0,12,0,5.0,380,73,5.205479452054795
0,20,144,0,1,0,1,0,1,1,1,1,1,0,1,0,9,0,1.0,170,28,6.071428571428571
1,4,105,0,0,2,3,5,0,0,1,0,1,0,1,0,12,0,7.0,466,88,5.295454545454546
1,108,105,0,0,0,1,3,1,0,2,2,0,0,1,0,12,0,10.0,760,141,5.390070921985815
0,1,144,0,1,0,1,0,1,0,0,0,1,0,1,0,2,0,1.0,244,40,6.1
1,3,105,82,1,0,3,5,0,0,1,0,1,0,1,0,12,0,5.0,224,41,5.463414634146342
1,12,104,0,0,5,0,0,1,1,0,0,1,0,1,0,2,0,3.0,346,63,5.492063492063492
0,4,144,0,1,1,0,0,1,0,0,0,0,0,1,0,4,0,3.0,371,66,5.621212121212121
0,7,144,129,2,0,4,0,0,0,0,0,1,0,2,400,2,0,3.0,257,43,5.976744186046512
1,9,116,0,1,0,0,0,1,2,0,0,1,0,1,10,2,0,3.0,133,26,5.115384615384615
1,2,105,81,0,0,6,0,0,0,1,1,0,0,1,0,2,0,4.0,226,46,4.913043478260869
0,2,144,0,1,1,6,0,1,0,1,0,1,0,1,0,4,0,1.0,297,59,5.033898305084746
0,10,144,0,2,0,1,3,1,1,2,2,2,1,5,0,2,0,1.0,939,174,5.396551724137931
1,2,105,0,1,0,1,5,0,0,1,1,1,0,3,0,12,0,3.0,17,3,5.666666666666667
0,3,144,0,1,1,0,0,1,0,0,0,1,0,1,0,2,0,4.0,229,38,6.026315789473684
1,6,135,0,0,2,0,0,0,0,2,2,2,0,1,1,2,0,3.0,172,31,5.548387096774194
1,5,105,0,1,0,1,4,1,0,1,1,1,0,3,0,12,0,1.0,37,7,5.285714285714286
0,2,144,114,0,1,4,5,1,0,0,0,1,0,1,0,2,0,8.0,227,38,5.973684210526316
1,24,103,0,1,1,0,0,1,2,0,0,0,0,1,150,7,0,1.0,211,36,5.861111111111111
1,3,104,0,2,0,4,4,0,1,1,1,1,0,4,0,2,0,10.0,129,20,6.45
0,14,160,0,0,1,0,0,1,0,0,0,2,0,1,500,4,0,2.0,38,7,5.428571428571429
0,2,144,114,1,0,0,0,1,1,0,0,1,0,1,0,12,0,3.0,279,47,5.9361702127659575
1,36,119,0,1,0,5,5,2,2,0,0,1,1,1,0,2,0,1.0,283,43,6.5813953488372094
1,5,103,0,1,5,0,0,1,1,1,0,1,1,1,100,3,0,6.0,331,70,4.728571428571429
1,2,105,0,1,0,3,5,0,0,1,1,1,0,1,0,2,0,11.0,332,62,5.354838709677419
0,8,144,0,0,0,1,3,1,1,0,0,0,0,2,0,2,0,1.0,315,61,5.163934426229508
1,18,105,0,0,1,0,0,0,0,2,0,2,0,1,0,12,0,6.0,22,5,4.4
0,3,144,0,1,0,1,0,1,0,0,0,1,0,1,200,12,0,2.0,236,41,5.7560975609756095
0,24,41,0,0,4,0,0,1,1,0,0,1,0,1,0,2,0,4.0,147,28,5.25
0,4,144,114,1,1,6,0,1,1,1,0,1,0,1,0,12,0,7.0,138,20,6.9
0,3,166,130,1,0,6,0,2,0,0,0,1,0,1,0,12,0,2.0,269,54,4.981481481481482
0,84,37,0,2,0,2,0,0,1,0,0,0,0,2,0,2,0,1.0,235,44,5.340909090909091
0,60,8,0,0,2,4,5,2,2,0,0,0,0,1,500,2,0,1.0,1444,268,5.388059701492537
0,84,99,0,1,0,1,0,2,1,0,0,0,1,1,600,12,0,4.0,3098,564,5.49290780141844
1,8,84,0,1,1,6,0,1,1,1,1,2,0,1,0,2,0,4.0,170,29,5.862068965517241
0,2,144,0,0,0,0,0,1,0,1,0,1,0,1,0,2,0,3.0,124,21,5.904761904761905
0,1,144,0,0,0,1,0,1,1,1,1,1,0,1,0,3,0,1.0,131,22,5.954545454545454
0,1,144,0,1,0,1,0,1,1,1,1,1,0,1,0,2,0,4.0,67,10,6.7
0,36,60,0,0,0,0,0,1,0,0,0,2,0,1,0,12,0,2.0,150,24,6.25
1,2,105,95,1,1,5,5,0,0,1,1,1,0,1,0,2,0,4.0,281,52,5.403846153846154
1,1,105,0,0,0,5,5,0,0,1,1,1,0,1,0,12,0,0.0,347,67,5.17910447761194
1,7,105,0,0,5,0,0,1,0,0,0,0,0,1,60,12,0,3.0,353,59,5.983050847457627
1,9,104,0,1,6,0,0,1,1,0,0,1,0,1,40,2,0,4.0,116,19,6.105263157894737
1,24,105,0,1,1,2,5,1,0,0,0,0,0,1,0,2,0,7.0,291,54,5.388888888888889
0,2,144,2,0,1,6,0,1,0,0,0,1,0,1,200,2,0,3.0,416,74,5.621621621621622
1,4,122,81,0,0,6,0,1,1,0,0,1,0,1,0,2,0,3.0,366,57,6.421052631578948
1,3,105,0,0,0,5,5,1,0,1,0,1,0,1,0,2,0,1.0,418,79,5.291139240506329
1,3,105,63,1,6,0,0,0,0,0,0,1,0,1,0,2,0,2.0,94,16,5.875
0,2,144,114,1,1,0,0,1,1,1,0,1,0,1,0,2,0,2.0,14,3,4.666666666666667
1,3,105,101,1,1,4,0,0,0,2,2,2,0,1,0,12,0,6.0,305,52,5.865384615384615
1,2,105,74,1,1,0,0,2,0,1,1,1,0,3,0,2,0,5.0,438,78,5.615384615384615
1,24,103,0,0,0,0,0,1,2,1,1,0,0,1,0,2,0,1.0,31,5,6.2
0,3,144,0,1,0,1,0,1,0,1,0,1,0,1,90,2,0,1.0,80,15,5.333333333333333
0,60,144,0,0,6,0,0,0,1,2,2,2,0,1,0,12,0,4.0,98,18,5.444444444444445
0,3,144,0,1,0,6,0,1,0,0,0,1,0,1,0,12,0,9.0,179,33,5.424242424242424
0,1,144,0,2,0,1,0,1,0,1,1,0,0,7,20,2,0,1.0,31,7,4.428571428571429
1,6,105,0,0,1,6,0,1,0,0,0,1,0,1,0,2,0,4.0,610,104,5.865384615384615
0,1,144,0,1,1,2,0,0,0,0,1,1,0,1,30,12,0,5.0,185,37,5.0
1,4,105,0,2,0,1,5,1,0,0,0,1,0,4,0,12,0,9.0,595,116,5.129310344827586
1,24,103,81,1,1,5,5,0,1,1,1,1,0,5,0,1,0,2.0,362,61,5.934426229508197
0,11,144,114,1,0,4,0,1,1,0,0,0,0,1,0,2,0,6.0,487,85,5.729411764705882
1,2,128,0,0,1,4,0,1,1,1,0,1,0,1,50,2,2,6.0,597,104,5.740384615384615
0,48,60,30,0,6,0,0,0,0,0,0,1,0,1,0,2,0,4.0,483,92,5.25
1,6,103,0,0,0,0,0,1,1,1,0,1,0,1,0,2,0,5.0,12,1,12.0
1,1,105,101,0,0,6,0,0,0,1,1,1,0,1,0,2,0,2.0,121,18,6.722222222222222
1,0,128,0,2,0,4,5,1,1,1,1,1,0,5,0,2,0,5.0,377,78,4.833333333333333
1,3,105,82,1,0,3,5,1,0,0,0,1,0,2,0,2,0,3.0,515,89,5.786516853932584
1,24,105,0,1,0,5,5,1,0,0,0,0,0,1,0,2,0,17.0,429,83,5.168674698795181
0,1,144,0,1,6,0,0,1,1,1,1,1,0,1,0,3,0,5.0,99,17,5.823529411764706
0,1,144,0,0,0,0,0,1,1,1,1,1,0,1,0,2,0,2.0,240,45,5.333333333333333
1,6,105,0,1,0,1,0,1,0,1,1,1,0,1,30,12,0,1.0,123,24,5.125
1,3,105,81,1,0,6,0,1,0,2,2,2,0,1,0,2,0,1.0,279,52,5.365384615384615
0,1,144,0,1,0,1,0,1,0,1,1,1,0,1,0,2,0,5.0,196,37,5.297297297297297
0,17,51,0,1,5,0,0,0,1,2,0,0,0,1,0,2,0,4.0,371,68,5.455882352941177
0,2,144,0,2,0,4,5,1,0,1,0,1,0,3,0,4,0,2.0,630,117,5.384615384615385
1,6,135,0,1,5,0,0,1,0,1,1,1,0,1,50,2,0,4.0,215,42,5.119047619047619
1,1,103,113,1,0,6,0,1,2,0,0,1,0,1,0,2,1,10.0,1085,186,5.833333333333333
1,2,105,0,0,0,0,0,0,0,1,1,1,0,1,0,2,0,4.0,487,90,5.411111111111111
0,2,144,0,1,1,0,0,1,0,1,1,1,0,1,20,3,0,1.0,144,25,5.76
1,4,128,82,2,3,4,4,1,1,0,0,1,0,2,0,3,0,4.0,841,150,5.6066666666666665
0,1,144,0,0,0,2,5,1,0,0,0,1,0,1,0,2,0,6.0,1650,269,6.133828996282528
1,12,105,0,1,0,0,0,0,0,0,0,0,0,1,100,12,0,3.0,227,34,6.676470588235294
1,4,105,82,0,5,0,0,1,0,1,0,1,0,1,0,2,0,5.0,527,110,4.790909090909091
1,1,105,0,0,0,5,5,1,0,1,0,1,0,1,0,2,0,3.0,452,79,5.7215189873417724
0,1,144,0,1,0,0,0,1,1,1,1,1,0,1,0,3,0,1.0,133,22,6.045454545454546
1,3,133,0,0,0,1,3,2,1,1,1,1,0,1,0,1,0,4.0,36,9,4.0
1,5,104,0,0,3,6,0,1,1,0,0,1,0,1,0,2,0,1.0,57,10,5.7
0,42,41,114,0,4,0,0,0,1,0,0,0,0,1,200,2,0,3.0,364,53,6.867924528301887
0,72,144,0,1,3,4,0,1,1,0,0,0,0,1,0,2,0,9.0,467,92,5.076086956521739
1,18,104,0,0,5,6,0,2,1,1,1,0,0,1,0,12,1,9.0,1563,290,5.389655172413793
1,3,104,0,0,4,5,5,1,1,1,1,1,0,1,0,10,0,1.0,120,20,6.0
1,4,103,0,1,0,0,0,2,2,1,0,1,0,1,100,12,0,4.0,111,22,5.045454545454546
0,1,144,0,0,0,1,0,1,0,1,0,1,0,4,0,2,0,4.0,334,64,5.21875
0,3,144,0,1,1,0,0,1,0,0,0,1,0,1,50,2,0,4.0,124,22,5.636363636363637
0,8,144,0,1,0,0,0,1,0,0,0,1,0,1,0,4,1,9.0,644,118,5.4576271186440675
0,2,144,0,1,1,0,0,1,0,0,0,0,0,1,0,2,0,5.0,662,127,5.21259842519685
1,2,104,82,2,0,5,5,0,1,0,0,1,0,2,200,2,0,11.0,21,4,5.25
1,7,103,82,1,1,0,0,2,2,1,0,1,0,1,15,2,0,2.0,77,14,5.5
0,2,144,0,0,1,6,0,1,0,0,0,1,0,1,0,2,0,5.0,150,27,5.555555555555555
1,2,105,82,2,0,1,5,1,1,1,1,1,0,2,0,2,0,3.0,151,23,6.565217391304348
0,2,144,0,1,1,6,0,1,0,1,1,1,0,1,0,2,0,1.0,181,37,4.891891891891892
0,3,55,0,0,4,6,0,2,0,1,0,0,0,1,200,12,0,10.0,187,33,5.666666666666667
0,1,144,114,0,0,1,1,0,0,1,1,2,0,1,0,2,0,4.0,177,29,6.103448275862069
1,1,105,0,0,5,6,0,1,0,0,0,1,0,1,0,7,0,2.0,365,74,4.9324324324324325
1,1,105,0,0,1,5,5,1,0,1,0,1,0,1,0,2,1,4.0,958,173,5.53757225433526
0,12,158,0,0,1,2,0,0,2,2,2,0,0,1,0,2,0,1.0,691,120,5.758333333333334
0,2,144,0,0,0,6,0,1,0,2,2,1,0,1,0,2,0,2.0,88,16,5.5
0,36,60,0,1,1,4,0,0,1,0,0,0,0,1,0,2,0,1.0,299,51,5.862745098039215
0,1,144,0,1,4,6,0,1,1,1,1,1,0,1,0,2,0,10.0,114,20,5.7
1,3,105,0,2,0,3,5,1,0,1,1,1,0,2,0,12,0,1.0,73,15,4.866666666666666
0,2,144,114,0,0,1,0,1,1,1,0,1,0,1,0,2,0,1.0,12,2,6.0
0,2,144,0,1,1,0,0,1,0,0,2,1,0,1,0,2,0,4.0,125,21,5.9523809523809526
1,12,105,0,0,1,6,0,2,0,1,1,1,0,1,0,2,0,5.0,790,157,5.031847133757962
0,10,144,0,1,0,3,0,0,0,0,0,0,0,1,0,2,0,1.0,59,12,4.916666666666667
0,3,144,35,1,0,1,0,1,1,0,0,1,0,1,0,2,1,5.0,445,91,4.8901098901098905
0,7,144,0,1,1,0,0,1,0,0,0,1,0,1,0,2,0,5.0,259,50,5.18
1,2,104,0,2,1,3,4,0,1,1,1,1,0,3,0,2,0,6.0,587,111,5.288288288288288
0,2,144,0,2,0,1,5,1,1,0,0,1,0,2,0,0,0,2.0,64,13,4.923076923076923
1,4,105,0,0,0,5,5,1,0,0,0,1,0,1,10,2,0,6.0,761,136,5.595588235294118
1,1,28,0,0,0,6,0,0,0,1,1,1,0,1,0,9,0,1.0,29,6,4.833333333333333
0,24,144,0,0,1,0,0,1,1,2,2,2,0,1,0,2,0,2.0,157,29,5.413793103448276
1,3,88,0,0,1,6,0,1,1,1,1,1,0,1,0,12,0,3.0,113,18,6.277777777777778
0,3,144,0,0,1,0,0,1,1,2,2,2,0,1,0,2,0,3.0,170,25,6.8
0,4,144,0,1,3,6,0,1,0,1,0,1,0,1,0,4,0,2.0,110,23,4.782608695652174
1,3,104,0,1,1,3,0,0,1,1,1,1,0,1,0,2,0,1.0,206,40,5.15
1,3,105,0,1,2,3,5,0,1,1,1,1,0,1,0,5,0,4.0,264,59,4.47457627118644
0,2,47,114,1,0,6,0,2,1,0,0,2,0,1,0,12,0,2.0,514,98,5.244897959183674
0,3,144,0,0,0,1,0,1,0,0,0,1,0,1,0,2,0,4.0,291,58,5.017241379310345
0,54,8,0,0,2,0,0,2,1,2,2,1,1,1,0,7,0,6.0,1601,279,5.738351254480286
0,2,144,0,0,0,1,0,0,1,1,1,1,0,3,0,2,0,5.0,228,39,5.846153846153846
1,4,122,81,1,0,2,0,0,1,1,0,1,0,1,200,2,0,1.0,83,14,5.928571428571429
1,48,83,82,0,0,6,0,2,0,0,0,0,0,1,20,2,0,4.0,539,101,5.336633663366337
1,1,105,0,1,1,6,0,1,0,2,2,1,0,1,0,2,0,3.0,89,16,5.5625
1,24,104,0,2,0,1,0,0,1,1,1,1,0,6,0,12,0,5.0,117,24,4.875
0,12,144,0,2,0,1,3,1,1,2,2,2,0,4,0,12,0,1.0,1567,264,5.9356060606060606
1,4,104,0,0,1,6,0,1,1,1,0,2,0,1,0,12,0,14.0,500,98,5.1020408163265305
0,24,60,0,0,5,6,0,0,2,0,0,0,0,1,0,12,0,2.0,217,38,5.7105263157894735
0,1,144,0,2,0,1,3,1,0,1,1,0,0,9,0,4,0,18.0,33,6,5.5
0,3,144,0,1,4,6,0,1,0,1,1,1,0,1,0,2,1,5.0,815,155,5.258064516129032
0,9,144,0,1,1,0,0,0,0,1,1,1,0,2,0,4,0,0.0,159,31,5.129032258064516
0,8,144,114,1,6,0,0,1,0,0,0,0,0,1,0,2,1,1.0,248,48,5.166666666666667
1,36,105,0,1,1,4,0,1,0,0,0,0,0,1,100,12,0,3.0,1172,211,5.5545023696682465
0,1,144,114,2,0,1,1,0,0,1,1,1,0,5,0,12,0,1.0,136,29,4.689655172413793
1,5,105,0,2,3,4,5,0,0,1,1,1,0,4,0,12,0,1.0,640,116,5.517241379310345
0,7,144,0,1,0,0,0,1,0,0,0,0,0,1,0,2,0,3.0,204,41,4.975609756097561
1,48,120,94,1,0,6,0,1,0,0,0,0,0,1,0,12,0,1.0,280,56,5.0
1,1,96,0,1,0,1,5,0,1,1,1,1,0,2,0,2,0,2.0,594,112,5.303571428571429
0,2,144,0,1,0,6,0,1,0,1,0,1,0,1,0,4,0,1.0,334,67,4.985074626865671
1,6,105,0,0,2,6,0,1,0,1,0,1,0,1,30,2,0,1.0,318,57,5.578947368421052
0,1,144,0,0,1,0,0,1,1,0,0,1,0,1,0,2,0,3.0,18,3,6.0
0,3,5,53,1,0,0,0,1,1,0,0,1,0,1,0,2,0,9.0,1203,214,5.621495327102804
1,3,135,82,1,0,0,0,0,0,1,0,1,0,1,0,7,0,1.0,191,37,5.162162162162162
1,4,105,0,0,1,6,0,1,0,1,0,1,0,1,150,2,0,3.0,160,28,5.714285714285714
0,3,144,0,2,0,1,0,1,0,1,1,1,0,5,0,3,0,1.0,126,24,5.25
0,1,144,0,1,0,6,0,1,0,2,0,1,0,1,0,2,0,3.0,242,44,5.5
0,18,144,0,1,4,0,0,1,1,0,0,0,0,1,0,4,0,10.0,904,174,5.195402298850575
0,2,144,0,2,1,0,0,1,0,1,1,1,0,4,0,2,0,5.0,424,81,5.234567901234568
1,6,84,0,0,1,6,0,0,1,1,1,0,0,1,0,2,0,4.0,92,19,4.842105263157895
0,3,22,53,0,1,0,0,1,0,2,2,2,0,1,0,3,0,2.0,629,121,5.198347107438017
0,1,144,0,1,0,1,5,0,1,0,0,1,0,1,0,4,0,5.0,188,40,4.7
0,24,62,0,1,0,1,4,0,1,0,0,0,0,1,0,2,0,2.0,325,59,5.508474576271187
0,1,144,76,0,0,1,0,2,1,0,0,1,0,1,0,2,0,3.0,279,47,5.9361702127659575
0,2,144,0,1,0,6,0,1,1,1,1,1,0,1,0,12,0,6.0,30,5,6.0
0,72,54,0,0,1,6,0,1,0,0,0,0,0,1,0,2,0,2.0,1402,236,5.940677966101695
0,12,144,0,1,0,0,0,1,1,1,0,0,0,1,0,7,0,6.0,315,62,5.080645161290323
1,7,105,0,1,1,3,4,1,0,1,0,0,0,1,0,2,0,5.0,114,16,7.125
1,2,105,82,2,0,1,1,1,0,1,1,1,0,4,0,2,0,3.0,397,78,5.089743589743589
1,3,105,0,1,0,1,5,1,0,0,0,1,0,1,0,12,0,8.0,994,186,5.344086021505376
0,60,41,0,0,1,0,0,0,2,2,2,1,0,1,0,12,0,2.0,483,92,5.25
0,1,144,114,2,1,4,0,1,0,1,1,1,0,4,0,2,0,4.0,339,60,5.65
1,7,105,0,0,3,6,0,1,1,1,1,1,0,1,0,12,0,1.0,39,4,9.75
1,3,105,0,2,3,6,0,0,0,0,0,1,0,2,100,2,0,4.0,545,86,6.337209302325581
0,2,144,0,1,1,6,0,1,0,0,0,1,0,1,0,2,0,1.0,105,21,5.0
0,2,144,0,1,4,6,0,1,1,1,0,1,0,1,0,3,0,3.0,182,26,7.0
0,24,13,0,0,5,6,0,2,1,0,0,0,0,1,500,2,0,4.0,444,79,5.620253164556962
0,1,144,0,0,0,6,0,1,0,1,1,1,0,1,0,2,0,8.0,409,74,5.527027027027027
0,2,144,0,0,0,1,0,1,0,1,1,1,0,1,20,3,0,1.0,117,20,5.85
0,1,144,0,0,0,3,0,1,0,2,2,1,0,1,0,2,0,1.0,76,13,5.846153846153846
1,6,82,0,0,0,6,0,1,1,1,1,1,0,1,0,2,0,1.0,1147,226,5.075221238938053
1,3,105,82,1,2,3,3,1,1,1,0,1,0,1,0,12,0,0.0,87,15,5.8
1,1,128,81,2,1,4,5,1,1,1,1,1,0,2,0,7,0,1.0,181,29,6.241379310344827
0,48,38,0,1,5,0,0,1,0,0,0,0,0,2,400,2,0,5.0,326,58,5.620689655172414
0,10,144,0,0,0,0,0,1,0,0,1,2,0,1,0,2,0,3.0,271,53,5.113207547169812
1,5,105,0,1,1,0,0,1,0,1,1,1,0,1,0,0,0,1.0,38,7,5.428571428571429
1,4,84,0,0,0,6,0,1,1,1,0,1,0,1,0,12,0,3.0,129,21,6.142857142857143
1,1,104,0,0,3,4,0,1,1,1,1,1,0,1,0,2,0,9.0,229,50,4.58
0,60,41,0,1,1,0,0,0,1,0,0,0,0,1,200,2,2,7.0,278,56,4.964285714285714
0,11,144,0,1,1,2,0,2,1,0,0,2,0,1,0,7,0,1.0,207,39,5.3076923076923075
0,12,144,0,1,0,5,5,1,1,1,1,1,0,1,0,2,0,2.0,145,32,4.53125
0,2,144,0,1,1,6,0,1,0,1,1,1,0,1,0,12,0,2.0,33,5,6.6
0,12,144,0,0,0,1,4,0,1,2,2,2,0,1,0,2,0,5.0,192,37,5.1891891891891895
0,156,144,0,1,0,1,0,1,1,0,0,2,0,1,0,2,0,1.0,328,62,5.290322580645161
0,2,144,0,0,0,0,0,1,0,1,0,1,0,1,0,2,0,5.0,869,166,5.234939759036145
0,4,144,114,1,0,1,0,1,1,1,1,1,0,1,0,4,0,7.0,235,41,5.7317073170731705
0,8,144,114,1,5,0,0,1,0,0,0,0,0,1,0,2,0,4.0,141,4,35.25
1,3,105,0,0,1,2,0,1,0,0,0,1,0,1,10,2,0,8.0,936,174,5.379310344827586
0,3,144,0,2,1,6,0,1,0,1,1,1,0,3,0,2,0,4.0,243,44,5.5227272727272725
1,1,105,0,0,0,1,0,0,0,2,2,2,1,1,0,12,0,4.0,32,8,4.0
1,24,104,0,1,0,3,5,1,1,0,0,0,0,1,0,12,0,1.0,34,7,4.857142857142857
1,4,104,0,0,3,0,0,1,1,1,0,1,0,1,100,7,0,8.0,71,13,5.461538461538462
1,1,105,0,2,2,4,0,0,0,1,1,1,0,2,0,12,0,6.0,110,21,5.238095238095238
0,1,69,0,2,1,2,4,0,1,2,2,2,0,8,0,7,0,3.0,56,10,5.6
0,2,144,0,1,0,1,0,1,0,2,2,1,0,1,0,2,0,2.0,133,23,5.782608695652174
0,7,144,0,1,1,0,0,1,0,0,0,1,0,2,0,12,0,3.0,557,102,5.46078431372549
0,8,144,0,0,1,0,0,2,0,2,2,2,1,1,0,12,0,1.0,62,12,5.166666666666667
0,1,144,0,0,1,0,0,1,0,1,0,1,0,1,0,1,0,2.0,65,12,5.416666666666667
0,36,22,0,0,1,2,0,2,0,0,0,1,0,1,0,2,0,3.0,283,55,5.1454545454545455
0,1,144,114,1,1,0,0,1,1,1,0,1,0,1,150,2,1,14.0,355,72,4.930555555555555
1,2,105,0,1,1,0,0,0,0,1,1,1,0,1,0,2,0,1.0,311,64,4.859375
0,1,144,114,0,6,0,0,1,1,0,0,1,0,1,0,2,0,2.0,12,2,6.0
0,3,164,41,1,0,1,5,1,0,1,1,1,0,1,0,12,1,7.0,241,41,5.878048780487805
0,4,144,114,0,0,1,5,1,0,1,0,1,0,1,0,3,0,2.0,144,31,4.645161290322581
1,1,105,82,2,0,3,5,1,0,1,1,2,0,3,0,2,0,2.0,151,27,5.592592592592593
0,1,144,0,0,0,0,0,1,0,1,0,1,0,1,0,12,0,4.0,41,10,4.1
0,1,144,0,1,0,1,0,1,0,2,2,1,0,1,0,2,0,2.0,127,22,5.7727272727272725
0,2,144,0,1,0,1,5,1,0,2,0,1,0,1,0,12,0,2.0,176,33,5.333333333333333
0,1,144,0,1,0,1,0,1,1,1,1,1,0,1,0,3,0,2.0,142,21,6.761904761904762
0,2,144,4,1,0,1,0,1,0,2,2,2,0,1,10,2,0,2.0,54,9,6.0
1,3,105,0,1,6,0,0,0,0,1,1,1,0,1,0,3,0,2.0,16,3,5.333333333333333
0,0,144,0,2,0,5,0,0,1,1,1,1,0,6,0,7,0,1.0,484,92,5.260869565217392
1,2,105,0,0,3,0,0,1,0,1,1,1,0,1,0,12,0,1.0,188,40,4.7
1,16,111,0,0,1,5,5,1,1,0,0,0,0,3,0,2,0,4.0,276,56,4.928571428571429
1,8,103,81,2,1,3,3,2,2,2,2,2,0,6,100,2,0,0.0,586,122,4.80327868852459
0,1,144,0,2,0,1,5,1,0,1,0,1,0,9,0,2,0,8.0,103,19,5.421052631578948
1,1,105,0,2,0,1,0,0,0,1,1,1,0,4,0,2,0,3.0,306,62,4.935483870967742
1,12,104,0,1,0,6,0,1,1,0,0,0,0,1,150,2,0,3.0,694,124,5.596774193548387
1,7,120,0,1,0,1,5,1,0,0,0,1,0,1,250,2,0,3.0,244,45,5.4222222222222225
1,3,135,0,0,0,0,0,1,0,2,2,2,0,1,0,7,0,2.0,42,10,4.2
0,19,144,6,1,1,0,0,1,1,0,0,0,0,1,0,2,0,8.0,475,92,5.163043478260869
1,5,105,0,0,0,6,0,1,0,0,0,1,0,2,0,3,0,2.0,144,28,5.142857142857143
1,2,135,82,0,2,0,0,2,1,1,0,1,0,1,0,2,0,7.0,889,159,5.591194968553459
1,12,105,0,1,2,0,0,1,0,0,0,0,0,1,50,12,0,1.0,46,9,5.111111111111111
1,4,105,0,1,1,2,5,1,0,1,1,1,0,1,0,12,0,3.0,263,48,5.479166666666667
0,3,144,0,1,0,1,0,1,1,0,0,1,0,1,0,2,0,2.0,204,44,4.636363636363637
1,3,105,0,1,0,3,5,0,0,0,0,1,0,1,0,12,0,4.0,369,70,5.271428571428571
0,4,144,0,1,0,1,3,1,1,0,0,1,0,1,0,2,0,6.0,662,138,4.797101449275362
1,3,84,0,1,6,0,0,1,0,1,0,2,0,3,0,2,0,5.0,141,27,5.222222222222222
0,48,62,114,1,0,4,4,1,1,0,0,0,0,1,0,2,0,3.0,622,117,5.316239316239316
0,3,144,0,1,1,0,0,1,0,1,0,1,0,1,0,2,0,4.0,215,42,5.119047619047619
1,2,105,101,2,0,1,5,1,1,1,0,1,0,3,0,4,0,11.0,324,60,5.4
0,2,144,0,0,0,0,0,1,1,0,0,1,0,1,0,2,0,5.0,92,18,5.111111111111111
0,2,144,0,1,1,6,0,1,1,0,1,1,0,1,0,3,0,1.0,218,36,6.055555555555555
1,2,105,0,0,3,4,0,0,0,1,1,1,0,1,0,2,0,4.0,519,99,5.242424242424242
1,4,93,101,0,2,3,4,1,1,0,0,1,0,1,0,2,0,0.0,202,43,4.6976744186046515
1,4,105,0,1,0,3,5,1,0,0,0,1,0,1,0,12,1,3.0,226,43,5.255813953488372
0,4,144,0,1,1,0,0,1,0,0,0,1,0,1,0,2,0,8.0,522,94,5.553191489361702
1,2,105,0,1,0,4,5,0,0,1,1,1,0,1,0,2,2,5.0,313,59,5.305084745762712
0,17,144,0,1,0,0,0,0,0,0,0,0,0,1,80,2,0,6.0,488,101,4.8316831683168315
1,2,105,0,0,0,6,0,1,0,1,0,1,0,1,0,2,0,16.0,640,113,5.663716814159292
0,34,144,0,1,0,1,0,1,0,0,0,0,0,1,100,2,0,4.0,90,9,10.0
1,2,104,0,1,0,1,2,1,1,1,1,1,0,1,0,6,0,4.0,497,81,6.135802469135802
0,65,43,0,1,4,0,0,0,0,0,0,0,0,1,0,12,0,1.0,142,30,4.733333333333333
1,6,105,0,2,0,6,0,1,0,1,1,1,0,2,0,2,0,6.0,124,19,6.526315789473684
0,27,54,20,0,0,1,0,1,0,0,0,0,0,1,0,2,0,5.0,1163,220,5.286363636363636
1,112,105,0,0,0,6,0,0,0,1,1,1,0,1,0,12,0,5.0,271,50,5.42
1,11,105,0,1,1,2,4,0,0,0,0,0,0,1,0,2,0,5.0,350,69,5.072463768115942
0,132,22,114,1,1,4,0,1,1,0,0,0,0,1,0,2,0,4.0,391,76,5.144736842105263
1,2,84,66,2,0,1,5,1,0,1,1,1,0,5,0,2,0,8.0,452,90,5.022222222222222
1,7,135,80,0,5,6,0,1,2,1,0,1,0,1,0,2,0,3.0,878,163,5.386503067484663
0,3,22,114,1,1,0,0,1,0,0,0,1,0,1,0,2,0,2.0,254,49,5.183673469387755
1,12,105,0,1,1,4,0,1,0,1,1,1,0,1,0,12,0,3.0,344,59,5.830508474576271
0,4,165,0,1,0,6,0,1,0,1,1,1,0,1,0,2,0,3.0,906,187,4.8449197860962565
1,4,135,0,1,0,2,5,1,0,0,0,1,0,1,0,2,0,1.0,274,50,5.48
1,1,104,81,2,0,3,5,1,1,2,2,2,0,4,0,2,0,8.0,174,33,5.2727272727272725
1,2,105,0,1,3,6,0,0,0,1,1,1,0,1,0,2,0,3.0,670,133,5.037593984962406
0,4,144,114,1,1,6,0,0,1,2,0,0,0,1,0,2,0,2.0,83,13,6.384615384615385
1,2,105,0,2,0,4,5,0,0,2,2,2,0,8,0,2,0,1.0,70,14,5.0
1,4,90,0,0,0,5,5,1,1,0,0,1,0,1,0,2,0,7.0,245,40,6.125
1,24,105,0,1,0,1,5,0,0,0,0,0,0,1,0,2,0,2.0,435,81,5.37037037037037
0,5,5,114,1,0,1,0,1,1,2,2,1,0,1,0,2,0,3.0,122,21,5.809523809523809
1,12,140,81,1,3,5,0,1,1,0,0,0,0,1,0,12,0,5.0,313,55,5.6909090909090905
0,24,47,0,0,0,0,0,3,1,0,0,0,0,1,0,4,0,3.0,220,34,6.470588235294118
0,6,144,0,0,5,0,0,1,0,2,2,2,0,1,0,4,0,0.0,199,38,5.2368421052631575
0,36,51,0,0,5,6,0,0,0,2,2,1,0,1,200,2,0,2.0,418,79,5.291139240506329
0,1,144,0,1,1,6,0,1,0,1,1,1,0,1,0,7,0,1.0,165,30,5.5
0,2,144,0,1,4,6,0,1,0,1,1,1,0,3,0,12,0,2.0,358,67,5.343283582089552
1,3,105,0,1,5,6,0,1,1,1,0,1,0,1,0,12,0,5.0,535,105,5.095238095238095
0,4,144,0,1,1,0,0,1,0,0,0,0,0,1,0,4,0,11.0,270,46,5.869565217391305
0,32,144,12,1,1,6,0,1,0,0,1,0,0,1,0,12,0,1.0,148,29,5.103448275862069
1,4,93,0,0,2,3,5,1,1,0,0,1,0,1,50,12,2,5.0,494,102,4.8431372549019605
1,1,105,0,0,0,6,0,1,0,1,0,1,0,1,0,2,0,6.0,240,45,5.333333333333333
1,4,104,0,0,0,5,5,1,1,0,0,0,0,1,0,12,0,10.0,1037,207,5.009661835748792
0,60,144,0,0,1,2,0,1,0,0,0,1,0,1,0,2,0,1.0,66,10,6.6
0,9,144,0,0,1,2,0,1,1,0,2,1,0,1,0,2,0,3.0,633,115,5.504347826086956
1,3,105,0,0,0,5,5,1,0,0,0,1,0,2,0,2,0,11.0,801,152,5.269736842105263
1,6,104,0,1,2,6,0,1,1,0,0,0,0,1,0,2,0,13.0,509,96,5.302083333333333
1,12,104,0,0,3,4,5,1,1,0,0,0,0,1,0,2,0,3.0,293,52,5.634615384615385
1,2,105,0,1,0,2,5,0,0,0,0,1,0,1,0,3,0,5.0,252,51,4.9411764705882355
0,2,144,45,1,0,1,5,1,1,1,0,1,0,1,50,2,0,4.0,233,43,5.4186046511627906
0,2,144,0,1,0,1,0,1,0,0,0,1,0,1,0,12,0,2.0,167,28,5.964285714285714
0,2,144,0,1,0,1,0,1,0,1,0,1,0,1,0,2,0,1.0,38,7,5.428571428571429
0,1,144,0,0,0,0,0,1,0,1,1,1,0,1,0,7,0,2.0,125,27,4.62962962962963
0,7,144,0,1,1,0,0,1,0,0,0,0,0,1,0,2,0,6.0,319,64,4.984375
0,30,150,114,0,6,0,0,1,0,0,0,0,0,1,200,2,0,2.0,361,52,6.9423076923076925
1,1,88,106,0,0,5,5,1,0,1,0,1,0,1,0,2,1,6.0,1006,148,6.797297297297297
0,3,144,0,2,0,3,0,1,1,1,1,1,0,2,0,12,0,2.0,193,30,6.433333333333334
0,3,144,0,1,0,1,5,1,1,0,0,1,0,1,200,2,0,2.0,120,24,5.0
0,2,144,0,1,0,1,0,1,0,0,0,0,0,1,0,2,0,5.0,662,127,5.21259842519685
0,12,144,0,0,1,6,0,1,1,0,0,0,0,2,0,12,0,1.0,2489,435,5.7218390804597705
0,3,144,0,1,0,1,0,1,0,0,0,1,0,1,0,2,1,6.0,213,42,5.071428571428571
1,1,105,0,1,0,6,0,0,0,1,1,1,0,1,0,12,0,2.0,137,25,5.48
0,6,144,0,1,1,4,0,0,0,0,0,1,0,1,0,2,0,4.0,71,15,4.733333333333333
0,2,144,0,0,1,0,0,1,1,1,1,1,0,1,0,12,0,2.0,307,60,5.116666666666666
1,4,87,0,1,2,0,0,1,1,1,0,1,1,1,0,12,0,0.0,140,22,6.363636363636363
1,1,105,0,0,0,5,5,1,0,1,1,1,0,1,0,2,0,2.0,269,53,5.0754716981132075
1,1,105,0,0,2,0,0,1,0,1,1,1,0,1,0,2,0,5.0,349,68,5.132352941176471
1,1,105,0,2,0,6,0,0,1,2,2,2,0,2,0,2,0,2.0,21,4,5.25
0,2,144,114,1,0,1,0,1,1,1,1,1,0,1,0,7,0,1.0,210,40,5.25
1,9,135,0,0,0,1,4,1,0,0,0,0,0,1,0,2,0,4.0,113,19,5.947368421052632
0,24,163,129,1,0,1,0,0,1,2,2,2,0,1,0,2,0,5.0,12,2,6.0
0,3,144,0,1,0,4,5,1,0,0,0,2,0,1,100,3,0,1.0,69,13,5.3076923076923075
0,10,41,30,0,2,4,0,1,2,2,2,2,0,1,300,2,0,5.0,101,18,5.611111111111111
0,3,144,0,1,1,0,0,1,0,1,1,1,0,1,0,2,0,3.0,140,26,5.384615384615385
1,24,122,81,1,0,1,4,1,1,2,2,1,0,1,0,12,0,2.0,340,66,5.151515151515151
1,3,122,0,0,6,0,0,0,1,1,1,1,0,1,0,12,0,0.0,172,30,5.733333333333333
0,9,69,114,0,2,4,0,1,0,0,0,1,0,1,0,2,0,3.0,269,51,5.2745098039215685
1,3,105,0,0,0,5,5,0,1,1,1,1,0,3,0,12,0,3.0,16,3,5.333333333333333
0,84,60,0,0,1,6,0,1,1,2,2,2,0,1,0,2,0,3.0,171,29,5.896551724137931
0,48,51,0,0,5,6,0,0,1,0,0,0,0,1,200,2,1,9.0,419,84,4.988095238095238
0,18,8,0,0,2,0,0,2,0,0,0,1,0,1,200,2,0,3.0,521,103,5.058252427184466
1,36,60,0,0,1,4,5,1,2,2,2,1,0,1,0,7,0,2.0,2745,510,5.382352941176471
0,2,144,0,1,0,1,0,1,1,1,1,1,0,3,0,2,0,3.0,37,6,6.166666666666667
0,60,51,0,0,5,0,0,1,0,1,0,1,0,1,0,12,0,1.0,22,5,4.4
0,8,144,0,0,0,0,0,1,1,0,0,0,0,1,0,2,0,3.0,884,157,5.630573248407643
0,24,144,0,1,1,0,0,1,0,0,0,0,0,1,300,2,0,3.0,488,71,6.873239436619718
1,2,105,82,2,0,1,5,0,0,1,0,1,0,2,0,12,0,5.0,155,28,5.535714285714286
0,0,17,0,2,6,0,0,1,0,1,1,1,0,4,0,2,0,3.0,329,64,5.140625
0,1,144,0,2,0,1,5,2,0,0,0,1,0,4,0,12,0,5.0,1521,286,5.318181818181818
1,2,105,0,2,2,5,0,0,0,1,0,1,0,2,0,12,1,5.0,119,21,5.666666666666667
0,0,144,0,1,0,1,0,1,1,2,2,2,0,5,0,12,0,9.0,149,28,5.321428571428571
1,9,135,0,1,1,0,0,1,0,0,0,0,0,1,0,2,0,1.0,177,27,6.555555555555555
0,36,8,6,1,2,0,0,2,2,1,0,1,1,1,0,12,0,5.0,1005,185,5.4324324324324325
0,0,144,0,1,0,1,5,0,0,2,2,2,1,1,0,2,0,1.0,651,129,5.046511627906977
1,2,105,0,0,0,6,0,1,0,1,0,1,0,1,0,2,0,3.0,307,61,5.032786885245901
1,1,104,0,2,1,3,5,0,1,1,0,1,0,5,0,2,0,5.0,507,81,6.2592592592592595
0,2,144,0,2,1,5,0,1,0,0,0,1,0,7,0,2,0,2.0,185,36,5.138888888888889
1,1,104,0,1,1,4,5,1,1,1,1,1,0,1,0,7,0,2.0,87,15,5.8
1,24,105,0,1,1,5,5,0,0,1,0,0,0,1,0,2,0,3.0,157,29,5.413793103448276
1,1,120,0,1,1,2,5,1,0,0,0,1,0,1,0,2,0,8.0,344,60,5.733333333333333
0,1,144,0,0,0,1,0,0,0,2,2,2,0,1,0,2,0,0.0,408,79,5.1645569620253164
0,4,144,0,0,0,1,5,1,1,0,0,1,0,1,0,3,0,5.0,269,55,4.890909090909091
1,14,103,80,1,0,6,0,2,2,0,0,0,0,1,100,2,0,5.0,106,19,5.578947368421052
1,3,103,0,2,0,3,5,1,2,1,1,1,0,4,0,12,0,1.0,378,69,5.478260869565218
1,4,105,0,1,0,0,0,1,0,1,1,1,0,1,0,2,0,4.0,356,64,5.5625
1,8,105,106,1,5,6,0,1,0,1,1,0,0,1,0,2,0,2.0,200,36,5.555555555555555
1,2,128,0,1,6,0,0,0,2,0,0,1,0,1,0,2,0,0.0,47,9,5.222222222222222
1,4,104,0,2,1,4,5,1,1,0,0,1,0,2,0,12,0,11.0,1081,196,5.51530612244898
0,2,144,0,2,0,1,3,1,0,1,1,1,0,4,0,2,0,4.0,277,50,5.54
1,4,104,0,0,0,0,0,1,1,1,1,1,0,1,0,2,2,11.0,548,111,4.936936936936937
1,30,105,0,0,0,5,5,1,1,1,0,0,0,2,0,2,0,2.0,1377,250,5.508
0,3,147,114,1,0,4,5,1,1,1,0,1,0,1,0,2,0,9.0,507,94,5.3936170212765955
1,6,105,0,0,3,6,0,1,1,1,0,0,0,1,100,12,0,8.0,221,41,5.390243902439025
1,1,105,106,1,2,5,0,1,0,1,1,1,1,2,0,2,0,6.0,612,111,5.513513513513513
1,24,92,0,0,0,0,0,1,0,1,1,2,0,1,0,2,0,1.0,88,19,4.631578947368421
1,7,105,104,1,3,0,0,1,0,0,0,0,0,1,0,12,0,9.0,1884,369,5.105691056910569
0,2,144,114,0,0,1,5,1,1,0,0,1,0,1,0,2,0,5.0,12,2,6.0
1,1,105,0,2,2,5,5,0,0,1,1,1,0,4,0,2,0,3.0,481,91,5.285714285714286
1,8,104,0,1,5,0,0,1,1,0,0,0,0,1,0,12,0,5.0,12,2,6.0
0,1,144,0,2,0,1,0,1,0,1,0,1,0,6,0,12,0,3.0,454,86,5.27906976744186
0,1,144,0,0,1,0,0,1,0,0,0,1,0,1,0,2,0,1.0,221,40,5.525
0,3,144,114,1,1,6,0,1,0,0,0,1,0,1,0,3,0,4.0,232,41,5.658536585365853
0,7,144,0,0,0,1,5,1,1,0,0,1,0,1,0,7,0,1.0,529,101,5.237623762376238
0,1,144,0,2,0,4,5,1,0,2,2,2,1,4,0,12,0,1.0,2178,373,5.839142091152815
0,8,144,0,1,1,4,0,1,0,0,0,0,0,1,0,2,0,3.0,8,1,8.0
1,1,105,0,2,0,3,5,0,0,1,1,1,0,3,0,12,0,4.0,130,24,5.416666666666667
0,168,159,0,0,2,0,0,1,2,2,2,2,0,1,0,2,0,5.0,326,66,4.9393939393939394
1,3,105,0,1,0,1,5,0,0,1,0,1,0,1,0,12,0,2.0,390,78,5.0
1,12,105,106,1,5,6,0,0,0,0,0,0,0,1,0,2,0,2.0,445,81,5.493827160493828
1,18,105,0,1,0,1,4,0,0,0,0,0,0,1,0,2,0,5.0,713,138,5.166666666666667
0,18,13,114,0,1,4,5,1,0,0,0,1,0,1,0,3,0,4.0,828,161,5.142857142857143
0,3,144,0,1,1,6,0,1,1,0,0,1,0,1,0,2,0,5.0,298,61,4.885245901639344
1,3,93,96,1,0,1,5,1,1,0,0,0,0,1,200,12,0,2.0,243,46,5.282608695652174
1,9,135,0,1,0,1,1,1,1,0,0,0,0,1,0,2,0,5.0,632,115,5.495652173913044
0,4,144,0,0,1,6,0,1,0,1,0,2,0,1,0,12,0,1.0,137,26,5.269230769230769
0,1,144,0,1,0,1,0,1,0,2,2,1,0,1,0,2,0,3.0,124,21,5.904761904761905
1,2,105,0,1,1,2,2,1,0,1,1,1,0,1,0,2,0,5.0,101,19,5.315789473684211
1,1,105,0,1,1,6,0,2,0,1,0,1,0,1,0,2,0,3.0,157,35,4.485714285714286
0,2,144,114,1,1,0,0,1,0,1,1,1,0,2,0,2,0,5.0,214,42,5.095238095238095
1,4,88,80,1,0,3,0,0,2,1,1,1,0,1,300,2,0,2.0,124,25,4.96
0,36,8,114,1,1,4,0,1,1,0,0,0,0,1,0,2,0,23.0,331,64,5.171875
0,12,144,0,0,0,1,0,1,0,0,0,0,0,1,0,2,0,3.0,507,91,5.571428571428571
0,2,144,114,0,3,4,5,1,0,1,1,1,0,1,0,12,0,2.0,83,15,5.533333333333333
0,2,144,0,2,0,1,5,1,0,0,0,1,0,5,0,12,0,13.0,852,163,5.226993865030675
1,3,135,81,1,0,1,4,0,1,1,0,1,0,1,0,12,0,1.0,902,183,4.9289617486338795
1,8,105,0,1,4,5,5,2,0,1,0,0,0,1,0,2,0,10.0,605,129,4.689922480620155
1,4,105,0,0,0,6,0,0,0,1,1,1,0,1,0,12,0,1.0,24,4,6.0
0,2,144,0,2,0,1,0,1,0,1,1,1,0,4,0,2,0,9.0,289,52,5.5576923076923075
0,4,144,0,1,4,0,0,1,0,0,0,1,0,1,0,2,0,1.0,162,32,5.0625
1,16,105,0,1,0,6,0,1,0,0,0,0,0,1,50,2,0,13.0,1033,189,5.465608465608466
0,15,144,0,1,6,0,0,1,0,0,0,0,0,1,0,2,0,3.0,80,15,5.333333333333333
0,24,41,0,0,6,0,0,0,1,2,2,2,0,1,0,12,0,3.0,161,27,5.962962962962963
1,24,135,0,1,5,0,0,1,0,0,0,0,0,1,0,2,0,4.0,185,34,5.4411764705882355
1,1,105,0,0,3,6,0,0,0,1,0,1,0,1,0,2,0,4.0,76,12,6.333333333333333
0,36,8,6,0,4,0,0,2,1,2,2,1,1,1,0,2,1,5.0,247,46,5.369565217391305
1,3,105,0,2,0,1,0,2,0,1,1,1,0,4,0,12,0,23.0,10,3,3.3333333333333335
0,1,144,114,1,1,6,0,1,1,0,0,1,0,1,0,2,0,1.0,12,2,6.0
0,4,144,114,0,0,0,0,1,0,0,0,1,0,1,150,2,0,1.0,82,15,5.466666666666667
1,10,105,0,1,0,2,5,1,0,2,2,1,0,1,0,2,0,1.0,164,34,4.823529411764706
1,7,105,82,1,0,5,0,1,0,0,0,1,0,1,0,2,0,2.0,96,19,5.052631578947368
1,6,128,82,1,0,1,0,0,0,0,0,0,0,1,0,12,0,7.0,373,69,5.405797101449275
1,2,105,81,1,0,5,5,0,1,1,0,1,0,2,100,2,0,10.0,391,64,6.109375
1,2,105,82,2,4,5,5,0,0,1,1,1,0,2,0,2,0,13.0,191,34,5.617647058823529
1,5,105,0,1,0,1,4,0,0,1,1,1,0,1,0,2,0,4.0,287,59,4.864406779661017
0,1,144,76,1,4,6,0,2,1,0,0,1,0,1,0,2,0,3.0,279,47,5.9361702127659575
1,3,105,0,2,1,0,0,1,0,1,0,1,0,2,0,12,0,3.0,90,16,5.625
0,19,41,0,0,1,2,0,1,1,0,0,1,0,1,100,4,0,3.0,141,28,5.035714285714286
1,5,135,82,0,2,6,0,1,0,1,0,1,0,1,0,12,0,8.0,1842,329,5.598784194528875
0,36,144,0,0,0,1,0,1,1,0,0,2,0,1,0,2,0,3.0,71,15,4.733333333333333
1,18,105,81,1,1,2,5,1,0,1,0,1,0,1,0,12,0,3.0,121,22,5.5
0,3,144,0,2,0,1,1,1,0,1,1,1,0,4,0,2,0,1.0,689,123,5.6016260162601625
0,3,13,50,0,0,6,0,1,2,0,0,1,0,1,250,2,0,7.0,84,16,5.25
0,96,62,0,0,1,0,0,0,1,2,2,1,0,1,0,2,0,1.0,377,71,5.309859154929577
1,3,105,0,0,5,6,0,1,0,1,0,1,0,1,0,6,0,6.0,286,44,6.5
0,24,144,0,0,6,0,0,1,0,2,2,2,1,1,20,0,0,1.0,114,21,5.428571428571429
0,5,144,0,1,0,1,5,1,1,0,0,1,0,1,150,3,1,2.0,306,62,4.935483870967742
1,1,103,0,0,0,6,0,1,1,1,0,1,0,1,0,2,0,1.0,667,139,4.798561151079137
0,1,144,0,0,0,1,5,1,0,1,1,1,0,1,0,2,0,4.0,268,53,5.056603773584905
0,4,144,114,0,1,0,0,1,0,0,0,1,0,1,0,2,0,4.0,256,43,5.953488372093023
0,2,99,114,1,0,1,0,1,1,2,2,1,0,1,0,2,0,4.0,115,20,5.75
0,2,144,0,0,1,0,0,1,0,2,2,1,0,1,0,2,0,1.0,109,23,4.739130434782608
0,26,17,114,1,1,4,5,1,0,0,0,0,0,1,0,2,1,5.0,384,66,5.818181818181818
0,8,144,0,0,1,0,0,1,1,0,0,1,0,1,50,2,0,3.0,46,10,4.6
0,72,22,0,0,4,0,0,2,0,0,0,1,0,1,0,2,0,3.0,203,40,5.075
1,1,104,106,1,2,4,5,1,1,1,0,1,0,1,0,2,0,11.0,2385,390,6.115384615384615
0,12,164,114,1,0,1,0,1,1,0,0,2,0,3,0,3,0,2.0,568,111,5.117117117117117
1,31,96,81,1,0,2,5,1,1,0,0,1,0,2,0,2,0,23.0,2991,553,5.4086799276672695
0,4,144,6,0,2,0,0,1,1,0,1,0,0,1,0,2,0,3.0,109,20,5.45
1,2,105,0,0,5,0,0,0,0,1,0,1,1,1,8,2,0,8.0,568,99,5.737373737373737
1,4,134,0,1,3,4,5,0,0,1,1,1,1,1,0,12,0,2.0,541,109,4.963302752293578
1,3,135,0,2,1,2,3,1,0,1,1,1,0,3,0,2,0,5.0,140,28,5.0
0,3,144,0,2,0,4,5,1,0,0,0,1,0,2,0,2,0,4.0,589,114,5.166666666666667
0,2,144,0,0,1,6,0,1,1,0,0,1,0,1,0,2,0,3.0,278,57,4.87719298245614
0,2,69,114,1,0,1,0,0,0,1,0,1,0,1,0,2,0,10.0,171,28,6.107142857142857
0,2,144,0,1,1,4,5,1,1,1,1,1,0,1,0,4,1,4.0,991,187,5.2994652406417115
0,2,144,0,2,0,1,3,1,0,2,2,2,0,5,0,12,0,3.0,178,38,4.684210526315789
1,2,105,0,0,0,5,5,1,0,0,0,1,0,1,0,2,0,2.0,36,7,5.142857142857143
1,36,105,0,0,5,6,0,1,0,0,0,0,0,2,0,2,0,5.0,330,64,5.15625
0,8,144,0,0,0,1,1,1,0,1,1,1,0,3,0,2,0,5.0,207,42,4.928571428571429
0,12,158,0,0,1,0,0,1,2,2,0,1,0,1,0,12,0,5.0,498,94,5.297872340425532
0,72,54,41,0,0,1,5,1,1,0,0,1,0,1,0,2,0,1.0,12,2,6.0
0,10,61,6,2,0,2,5,2,2,0,0,0,0,3,0,2,0,4.0,947,168,5.636904761904762
1,4,104,0,1,0,1,5,1,1,2,2,0,0,1,0,1,0,1.0,293,53,5.528301886792453
1,12,105,0,1,5,0,0,1,0,0,0,0,0,1,50,12,0,2.0,11,2,5.5
1,1,105,0,1,0,6,0,0,0,1,0,1,1,1,0,2,0,1.0,428,80,5.35
0,2,144,0,0,0,0,0,1,0,1,2,1,0,1,0,2,0,4.0,186,35,5.314285714285714
1,3,105,0,0,0,1,3,1,0,0,0,1,0,1,0,12,0,8.0,901,171,5.269005847953216
1,2,105,0,2,0,1,5,1,0,0,0,1,0,2,0,2,0,12.0,917,161,5.695652173913044
0,0,144,0,0,0,0,0,1,0,0,0,0,0,1,0,2,0,1.0,62,10,6.2
1,24,105,0,0,0,1,0,1,0,0,0,0,0,1,100,2,0,7.0,322,56,5.75
0,2,144,0,0,1,0,0,1,0,2,0,1,0,1,0,12,0,3.0,167,23,7.260869565217392
0,2,5,114,0,0,1,0,1,1,2,2,1,0,1,0,2,0,1.0,80,13,6.153846153846154
1,2,105,0,2,0,1,5,1,1,1,1,1,0,5,0,2,0,3.0,1906,362,5.265193370165746
1,3,105,0,0,5,0,0,0,0,1,0,1,0,1,0,12,0,5.0,214,38,5.631578947368421
1,2,105,0,0,0,0,0,0,0,1,0,1,1,1,0,7,0,2.0,515,93,5.537634408602151
1,24,105,0,0,0,6,0,1,0,0,0,0,0,1,0,2,0,2.0,460,85,5.411764705882353
1,5,105,0,1,1,2,0,0,1,0,0,1,0,1,0,12,0,3.0,335,63,5.317460317460317
0,3,144,0,2,0,1,1,0,0,2,2,2,0,4,0,3,0,1.0,145,24,6.041666666666667
1,2,104,0,0,1,4,4,1,1,0,0,1,0,1,350,12,0,30.0,260,46,5.6521739130434785
0,2,144,0,0,4,6,0,1,0,0,0,1,0,1,0,12,0,3.0,194,32,6.0625
1,12,103,96,0,3,4,5,1,1,0,0,0,0,1,100,12,0,2.0,271,55,4.927272727272728
0,3,144,0,1,1,0,0,1,0,0,0,0,0,1,0,2,0,20.0,369,64,5.765625
0,4,144,0,0,1,0,0,1,0,0,0,1,0,1,0,2,0,5.0,2,1,2.0
0,60,20,0,1,0,0,0,1,0,2,2,2,0,1,0,12,0,2.0,65,13,5.0
0,1,144,0,1,0,1,3,1,0,1,0,1,0,1,0,2,0,3.0,221,37,5.972972972972973
0,1,144,0,1,1,0,0,1,0,1,1,1,0,2,0,2,0,13.0,80,11,7.2727272727272725
0,1,144,0,0,0,1,0,1,0,2,0,1,0,1,0,2,0,1.0,89,17,5.235294117647059
0,1,144,0,0,0,1,5,1,0,1,1,1,0,1,0,4,0,2.0,643,119,5.4033613445378155
1,12,105,0,1,1,4,0,0,0,1,0,0,0,1,0,12,0,2.0,78,13,6.0
1,6,105,0,1,0,1,5,1,0,0,0,0,0,1,0,2,0,5.0,593,116,5.112068965517241
0,4,144,0,1,1,0,0,1,0,1,0,1,0,1,0,3,0,1.0,750,144,5.208333333333333
0,2,144,0,1,1,6,0,1,0,1,1,1,0,1,0,2,0,1.0,92,18,5.111111111111111
1,3,105,0,0,3,0,0,0,0,1,1,1,0,1,0,12,2,7.0,243,46,5.282608695652174
1,3,119,94,0,1,3,5,0,1,1,2,1,0,2,0,7,0,2.0,524,95,5.515789473684211
0,84,60,0,0,4,6,0,0,1,2,2,2,1,1,0,3,0,2.0,405,77,5.259740259740259
0,52,60,0,0,1,2,5,1,0,0,0,1,0,1,0,2,0,2.0,636,126,5.0476190476190474
1,12,105,0,1,6,0,0,0,0,2,2,2,0,1,0,2,0,1.0,469,93,5.043010752688172
0,3,5,114,0,0,1,0,2,1,1,0,1,1,1,300,2,0,3.0,58,12,4.833333333333333
0,5,144,0,1,2,4,0,1,0,0,0,0,0,1,0,2,0,4.0,262,46,5.695652173913044
1,1,105,0,0,0,3,5,1,0,1,0,1,0,2,100,2,0,14.0,932,182,5.1208791208791204
1,3,105,0,0,0,6,0,1,1,1,1,1,0,1,0,4,0,5.0,173,36,4.805555555555555
1,4,105,113,2,0,6,0,0,0,1,1,1,0,4,0,2,0,5.0,658,123,5.349593495934959
1,1,105,0,2,3,5,5,0,0,1,1,1,0,5,0,7,0,5.0,77,14,5.5
1,4,105,0,1,0,2,4,1,1,1,0,1,0,1,30,2,0,1.0,410,76,5.394736842105263
0,3,144,0,1,0,6,0,1,0,0,2,2,0,1,0,3,0,1.0,81,15,5.4
0,3,42,0,1,0,3,5,0,0,2,2,2,0,1,0,2,0,4.0,255,47,5.425531914893617
0,6,144,0,1,0,1,3,1,0,0,0,0,0,1,0,2,0,3.0,391,68,5.75
1,12,105,96,2,1,4,5,1,1,1,1,1,0,3,0,2,0,5.0,178,33,5.393939393939394
0,14,166,114,1,1,0,0,1,1,0,0,0,0,1,0,12,0,2.0,190,35,5.428571428571429
0,4,144,0,2,3,4,0,1,1,0,0,1,0,2,0,7,0,3.0,248,47,5.276595744680851
0,84,69,114,1,0,4,0,1,2,0,0,0,0,2,0,2,0,3.0,496,89,5.573033707865169
0,2,69,114,1,0,1,0,1,1,0,2,1,0,1,0,2,0,3.0,136,24,5.666666666666667
1,1,104,0,0,2,3,0,2,1,1,1,1,0,1,0,2,0,3.0,99,17,5.823529411764706
0,120,155,0,1,3,6,0,1,0,2,2,2,0,1,0,2,0,2.0,651,124,5.25
0,3,144,114,0,1,6,0,1,1,1,1,1,0,1,0,5,0,1.0,42,7,6.0
1,2,105,0,2,0,1,4,1,0,1,1,1,0,5,15,2,0,3.0,67,13,5.153846153846154
0,3,144,4,0,0,1,0,1,0,1,0,0,0,1,0,12,0,4.0,99,20,4.95
0,48,8,0,1,2,0,0,2,2,0,0,1,0,1,0,2,0,0.0,160,28,5.714285714285714
1,2,135,80,0,0,6,0,1,2,1,1,1,0,1,0,2,0,2.0,341,63,5.412698412698413
0,15,41,0,1,1,0,0,0,1,0,0,1,0,2,300,5,0,1.0,103,21,4.904761904761905
1,18,104,101,0,6,0,0,1,1,0,0,0,0,1,0,2,1,10.0,304,63,4.825396825396825
1,1,105,0,2,0,1,3,1,1,1,1,1,0,2,0,2,0,30.0,363,58,6.258620689655173
0,2,144,0,2,0,1,5,1,0,1,1,1,0,5,0,12,0,3.0,1228,239,5.138075313807532
0,2,144,0,1,0,1,0,1,0,0,0,1,0,1,0,12,0,3.0,194,33,5.878787878787879
1,4,104,0,1,5,6,0,1,1,2,2,1,0,1,50,2,0,1.0,707,127,5.566929133858268
0,1,144,114,1,1,6,0,1,1,1,0,1,0,1,0,2,0,3.0,12,2,6.0
0,12,144,0,1,0,1,0,1,1,1,1,2,0,1,0,2,0,4.0,568,109,5.2110091743119265
0,2,144,0,1,0,6,0,1,0,1,0,1,0,1,0,2,0,3.0,453,89,5.089887640449438
1,6,105,0,1,0,6,0,0,0,1,0,1,0,1,0,4,0,5.0,47,8,5.875
1,2,105,0,0,0,5,0,0,0,1,1,1,0,1,0,2,0,2.0,471,97,4.855670103092783
0,2,144,0,1,0,1,0,1,0,2,2,1,0,1,0,2,0,2.0,200,36,5.555555555555555
0,2,144,0,0,0,0,0,1,0,1,0,1,0,1,0,2,0,4.0,279,45,6.2
0,1,144,114,2,1,4,0,1,0,1,1,1,0,2,0,12,0,3.0,144,31,4.645161290322581
1,1,92,0,0,0,0,0,0,1,1,1,2,0,1,0,12,0,3.0,18,3,6.0
0,2,144,114,0,0,1,5,1,1,0,0,1,0,1,0,2,0,1.0,79,13,6.076923076923077
1,1,105,0,0,2,3,5,0,0,1,1,1,0,1,0,2,0,2.0,321,55,5.836363636363636
0,5,144,0,2,1,4,0,1,1,0,0,1,0,2,0,12,0,5.0,187,31,6.032258064516129
1,4,104,0,1,0,6,0,1,1,0,0,0,0,1,0,2,0,2.0,1191,240,4.9625
0,4,144,114,1,1,0,0,1,0,0,0,1,0,1,0,2,0,4.0,121,21,5.761904761904762
1,36,135,0,0,0,1,5,2,1,0,0,0,0,1,0,12,0,5.0,527,99,5.3232323232323235
0,3,22,114,1,6,0,0,1,1,2,2,2,0,1,0,2,0,1.0,381,73,5.219178082191781
1,24,103,68,1,2,4,5,1,2,1,1,0,0,1,0,12,0,5.0,21,4,5.25
1,4,105,0,1,5,6,0,0,0,1,0,1,0,1,0,2,0,9.0,234,39,6.0
0,24,155,0,0,0,1,0,0,0,0,1,1,0,2,0,2,0,2.0,291,52,5.596153846153846
0,9,144,0,1,0,0,0,2,1,2,2,2,0,1,0,2,0,1.0,415,76,5.4605263157894735
0,60,47,0,0,0,0,0,2,0,0,0,1,0,1,0,2,0,0.0,238,42,5.666666666666667
0,2,144,0,1,2,6,0,1,0,1,0,1,0,1,0,2,0,3.0,318,57,5.578947368421052
0,10,52,114,1,6,0,0,1,0,2,2,2,0,2,0,12,0,5.0,412,82,5.024390243902439
0,2,144,0,1,5,0,0,1,0,1,1,2,0,4,0,5,0,5.0,245,49,5.0
1,4,103,0,0,0,0,0,1,2,1,1,1,0,1,150,2,1,2.0,216,46,4.695652173913044
0,1,144,0,0,1,0,0,1,1,1,1,1,0,1,0,3,0,3.0,162,29,5.586206896551724
0,2,144,0,1,4,0,0,1,1,0,0,1,0,1,0,2,0,8.0,199,38,5.2368421052631575
0,96,159,126,0,1,2,3,1,1,0,0,1,0,2,0,2,0,4.0,873,176,4.9602272727272725
0,6,144,0,1,1,0,0,0,0,0,0,1,0,1,0,2,0,2.0,71,15,4.733333333333333
0,1,144,0,1,0,4,5,1,0,1,1,1,0,6,0,2,0,1.0,32,5,6.4
0,4,144,130,1,0,1,5,1,0,0,0,1,0,1,0,4,0,3.0,113,22,5.136363636363637
1,2,105,0,2,0,5,5,1,0,1,1,1,0,2,0,2,0,16.0,390,70,5.571428571428571
1,3,104,0,1,0,3,5,1,1,1,0,1,0,1,100,2,0,2.0,514,92,5.586956521739131
1,1,105,81,2,5,0,0,0,1,1,1,2,0,3,0,12,0,3.0,354,65,5.446153846153846
1,2,105,0,0,2,0,0,0,0,1,1,1,0,1,50,2,0,4.0,172,30,5.733333333333333
1,9,105,82,0,0,6,0,1,0,0,0,0,0,1,0,2,0,2.0,67,14,4.785714285714286
0,2,144,0,1,1,0,0,1,0,1,1,1,0,1,0,2,0,4.0,1141,229,4.9825327510917035
1,3,104,0,0,5,6,0,1,1,0,0,1,0,1,50,2,0,7.0,409,85,4.811764705882353
0,5,8,16,2,4,0,0,1,0,0,0,1,0,2,0,13,0,2.0,496,94,5.276595744680851
0,1,144,114,2,0,1,5,1,0,1,0,1,0,3,150,2,0,4.0,291,52,5.596153846153846
0,10,144,0,0,0,1,0,1,0,0,0,0,0,1,0,2,0,5.0,422,80,5.275
0,4,22,114,1,0,0,0,1,0,0,0,1,0,1,5,2,0,2.0,16,3,5.333333333333333
0,24,144,0,0,2,0,0,2,1,1,0,0,0,1,0,2,0,8.0,3655,695,5.258992805755396
0,2,144,0,1,4,0,0,1,1,1,0,1,0,1,100,2,0,7.0,85,16,5.3125
0,3,144,114,0,0,6,0,1,1,0,0,1,0,1,0,2,0,1.0,14,3,4.666666666666667
0,4,47,114,1,0,4,0,1,0,1,1,1,0,3,0,2,0,2.0,144,25,5.76
1,5,104,0,1,2,0,0,1,1,1,0,1,0,1,0,0,0,2.0,26,4,6.5
0,12,144,0,0,2,0,0,1,1,2,2,2,1,1,0,12,0,1.0,2150,366,5.8743169398907105
0,1,144,0,2,0,1,5,1,0,1,0,1,0,3,0,2,0,5.0,514,88,5.840909090909091
1,4,105,82,0,2,0,0,1,1,1,1,1,0,1,0,2,0,0.0,19,3,6.333333333333333
1,1,105,0,0,5,6,0,0,0,1,1,1,0,1,0,2,0,3.0,605,112,5.401785714285714
0,6,144,12,0,0,1,5,1,1,0,0,1,0,1,0,2,0,4.0,389,78,4.987179487179487
1,18,105,0,1,5,6,0,0,0,1,0,0,0,4,0,3,1,2.0,45,7,6.428571428571429
0,2,144,114,0,0,1,5,1,0,0,0,1,0,1,0,2,1,3.0,333,64,5.203125
1,24,128,0,0,1,6,0,1,1,0,0,0,0,1,0,12,0,2.0,101,14,7.214285714285714
1,1,105,0,2,2,6,0,1,0,1,1,1,0,5,0,12,0,3.0,232,37,6.27027027027027
1,1,104,81,2,5,0,0,1,1,1,1,1,0,2,0,12,0,5.0,74,13,5.6923076923076925
0,72,41,54,1,5,0,0,1,1,0,0,0,0,1,200,2,0,1.0,578,89,6.49438202247191
1,0,135,81,0,1,2,0,1,1,1,1,1,0,1,0,2,0,4.0,742,130,5.707692307692308
0,3,144,0,2,0,1,5,1,0,1,1,1,0,3,0,12,0,5.0,266,43,6.186046511627907
1,1,105,0,1,5,0,0,0,0,1,0,1,0,1,0,12,0,5.0,167,33,5.0606060606060606
1,12,104,81,1,1,0,0,1,1,0,0,0,0,1,100,2,0,3.0,52,3,17.333333333333332
0,2,144,0,0,4,6,0,1,0,0,0,1,0,1,0,12,0,3.0,217,39,5.564102564102564
0,24,51,0,1,5,6,0,0,1,2,2,2,0,1,0,2,0,4.0,304,55,5.527272727272727
0,1,144,114,1,0,1,5,1,1,1,0,1,0,1,0,2,0,3.0,12,2,6.0
0,4,144,0,1,0,1,0,0,1,0,0,0,0,3,0,2,0,2.0,137,23,5.956521739130435
0,18,41,0,0,1,4,0,0,1,0,0,0,0,1,0,2,0,4.0,9,2,4.5
1,29,105,0,0,0,1,0,1,0,0,0,0,0,1,90,12,0,11.0,2050,343,5.97667638483965
1,3,105,81,0,3,6,0,0,1,0,0,1,0,1,50,2,0,3.0,190,29,6.551724137931035
1,12,105,0,1,3,0,0,1,0,1,1,1,0,4,0,12,1,2.0,151,23,6.565217391304348
1,1,104,0,0,0,6,0,1,1,1,1,1,0,1,0,2,0,1.0,82,14,5.857142857142857
1,5,135,0,1,0,5,5,0,0,2,2,2,0,1,0,12,0,1.0,112,22,5.090909090909091
0,18,144,114,1,6,0,0,1,0,0,0,0,0,1,0,2,0,2.0,239,46,5.195652173913044
0,36,99,114,1,0,1,0,2,1,2,2,2,0,1,0,2,0,1.0,202,38,5.315789473684211
0,24,144,0,0,1,4,5,1,0,0,0,0,0,1,0,4,0,4.0,417,80,5.2125
1,18,105,0,0,0,0,0,2,0,0,0,1,0,1,0,2,0,5.0,270,52,5.1923076923076925
0,24,144,0,2,0,4,5,1,0,1,0,2,0,5,0,6,0,5.0,99,16,6.1875
1,1,105,0,2,0,3,5,1,0,1,1,1,0,6,0,2,0,10.0,813,164,4.9573170731707314
0,88,8,0,0,1,2,0,1,1,0,0,2,0,1,0,4,0,4.0,150,24,6.25
1,1,105,82,2,0,6,0,1,0,1,1,1,0,4,0,12,0,21.0,1108,221,5.013574660633484
1,2,104,82,0,0,0,0,2,1,1,1,1,0,1,15,2,0,2.0,136,27,5.037037037037037
1,7,120,101,0,4,6,0,1,0,2,0,0,0,1,10,2,0,5.0,142,20,7.1
1,2,105,0,1,0,1,4,0,0,1,0,1,0,1,0,2,0,6.0,333,62,5.370967741935484
1,4,84,0,1,6,0,0,1,0,1,1,0,0,1,0,2,0,6.0,80,15,5.333333333333333
0,0,144,114,2,0,1,0,1,0,1,1,0,0,6,0,3,0,4.0,311,67,4.641791044776119
0,2,144,0,0,1,6,0,1,0,1,1,1,0,1,0,3,0,8.0,44,4,11.0
1,5,104,96,1,0,2,5,0,0,0,0,1,0,1,100,2,0,2.0,58,6,9.666666666666666
1,2,83,80,1,4,0,0,1,2,1,0,1,0,1,650,2,0,6.0,60,12,5.0
0,4,144,0,1,0,1,0,1,0,0,0,1,0,1,0,2,0,3.0,1013,194,5.221649484536083
0,2,144,0,1,6,0,0,1,1,1,1,1,0,1,0,2,1,1.0,368,70,5.257142857142857
0,3,144,0,1,0,0,0,1,1,0,0,1,0,1,0,2,0,1.0,71,14,5.071428571428571
0,2,144,0,0,0,0,0,1,1,1,1,1,0,1,0,2,0,5.0,672,126,5.333333333333333
0,2,144,0,1,1,0,0,1,1,1,0,1,0,1,0,2,0,1.0,122,20,6.1
1,3,128,82,0,4,6,0,0,0,0,0,1,0,1,0,2,0,1.0,67,11,6.090909090909091
1,3,105,0,1,0,6,0,0,0,1,1,1,0,1,0,12,0,1.0,241,45,5.355555555555555
1,12,105,0,2,0,3,5,1,0,1,1,1,0,10,0,12,0,4.0,129,23,5.608695652173913
1,1,104,0,2,0,6,0,1,1,1,1,1,0,2,0,2,0,1.0,133,26,5.115384615384615
0,2,144,0,1,0,1,0,1,1,0,0,1,0,1,50,2,0,3.0,58,12,4.833333333333333
1,2,105,0,2,0,3,5,1,0,1,1,1,0,4,0,2,0,4.0,918,185,4.962162162162162
0,2,144,0,0,4,0,0,1,1,2,2,1,0,1,0,2,0,2.0,89,16,5.5625
0,2,144,0,2,0,1,5,1,0,1,1,1,0,5,30,12,0,5.0,393,76,5.171052631578948
0,6,144,0,1,3,4,0,1,0,0,0,0,0,1,0,12,0,10.0,140,27,5.185185185185185
0,2,144,0,1,0,1,3,1,0,1,0,1,0,2,0,12,0,10.0,75,12,6.25
0,3,144,114,1,0,1,1,0,0,2,2,2,0,1,0,12,0,1.0,50,10,5.0
1,4,83,72,2,0,1,5,2,2,0,0,1,0,2,0,2,0,5.0,520,100,5.2
1,2,104,0,1,0,3,5,1,1,1,0,2,0,1,0,2,0,5.0,876,136,6.4411764705882355
1,12,104,0,1,0,0,0,2,1,2,2,2,0,1,0,3,0,2.0,479,91,5.263736263736264
1,3,105,0,1,0,1,0,1,0,1,0,1,0,1,0,12,0,7.0,257,45,5.711111111111111
1,12,103,0,0,0,0,0,0,2,0,0,0,0,1,0,12,0,3.0,314,51,6.1568627450980395
0,9,22,114,1,0,6,0,2,0,0,0,0,0,1,300,2,0,4.0,175,35,5.0
0,60,51,0,1,5,0,0,1,1,0,0,0,0,1,0,2,0,1.0,662,135,4.9037037037037035
0,2,144,0,0,0,1,5,1,0,1,0,1,1,1,0,7,0,2.0,712,138,5.159420289855072
0,24,144,27,0,1,0,0,1,0,0,0,0,0,1,0,2,0,8.0,354,70,5.057142857142857
0,0,152,114,0,1,0,0,1,0,1,1,1,0,1,0,12,0,4.0,90,17,5.294117647058823
0,1,144,122,2,1,5,5,0,0,1,1,1,0,8,0,12,0,5.0,20,3,6.666666666666667
1,24,119,80,0,0,0,0,2,2,2,2,1,0,1,0,2,0,5.0,1270,256,4.9609375
0,2,144,0,0,0,1,0,0,0,1,1,1,0,1,0,12,0,1.0,91,16,5.6875
1,6,105,0,1,3,6,0,1,0,1,1,1,0,1,20,10,0,1.0,260,46,5.6521739130434785
0,1,144,0,2,0,1,5,1,1,1,1,1,0,6,0,2,0,1.0,474,83,5.710843373493976
0,2,144,54,1,0,1,5,1,1,0,0,1,0,1,0,2,0,6.0,212,34,6.235294117647059
0,12,144,0,1,1,0,0,1,1,0,0,0,0,1,0,2,0,3.0,1121,203,5.522167487684729
0,30,144,114,0,1,0,0,1,0,2,2,2,0,1,20,2,0,1.0,161,32,5.03125
0,2,144,114,1,0,1,0,1,0,1,1,1,0,2,0,4,0,1.0,4,1,4.0
1,2,105,0,1,5,0,0,1,0,0,0,1,0,1,0,2,0,9.0,203,37,5.486486486486487
1,3,104,0,1,0,5,5,1,1,1,1,1,0,1,30,1,0,4.0,458,86,5.325581395348837
1,8,105,81,2,1,3,5,1,0,1,0,1,0,3,0,3,0,2.0,268,47,5.702127659574468
1,2,105,0,2,0,3,0,1,1,1,0,1,0,2,0,12,0,4.0,353,60,5.883333333333334
0,3,155,114,0,0,2,0,0,0,1,1,1,0,2,0,2,0,2.0,222,38,5.842105263157895
1,2,105,82,1,2,3,0,1,1,1,1,1,0,1,0,2,0,5.0,254,41,6.195121951219512
0,24,144,0,0,0,3,0,1,1,0,0,0,0,1,0,2,0,5.0,277,52,5.326923076923077
0,12,147,114,1,0,1,5,1,0,0,0,0,0,1,0,2,0,8.0,436,80,5.45
0,12,144,54,0,4,0,0,1,0,0,0,0,0,1,0,2,0,14.0,290,52,5.576923076923077
0,2,144,0,1,2,4,0,1,1,1,1,1,1,1,0,7,1,1.0,271,52,5.211538461538462
1,12,105,0,1,0,1,5,1,1,0,0,0,0,1,0,2,0,1.0,88,11,8.0
1,3,93,80,0,0,6,0,1,1,1,1,1,0,1,250,2,0,7.0,93,18,5.166666666666667
0,2,144,0,0,1,0,0,1,1,1,1,1,0,1,0,2,0,1.0,63,11,5.7272727272727275
0,12,69,114,1,1,4,0,1,1,2,0,1,0,1,0,2,0,5.0,481,93,5.172043010752688
0,3,144,0,1,0,1,0,1,1,0,0,1,0,1,0,2,0,2.0,229,41,5.585365853658536
1,3,103,82,2,1,3,5,1,1,1,0,1,0,2,0,12,0,8.0,103,19,5.421052631578948
0,3,144,0,1,0,1,0,1,1,1,1,1,0,1,0,7,0,2.0,31,6,5.166666666666667
1,2,105,0,0,2,0,0,1,0,1,1,1,0,1,0,2,0,2.0,24,6,4.0
1,3,135,107,0,3,0,0,1,1,0,0,0,0,1,0,2,0,4.0,145,23,6.304347826086956
1,3,96,101,1,3,4,5,1,0,0,0,1,0,1,0,2,2,9.0,375,71,5.28169014084507
0,3,144,114,1,0,1,0,1,0,1,0,1,0,2,0,2,0,7.0,714,141,5.0638297872340425
0,1,47,114,1,0,1,0,2,0,2,2,2,0,1,0,7,0,3.0,48,9,5.333333333333333
1,2,104,81,2,0,3,0,1,1,1,1,1,0,4,0,12,0,1.0,290,62,4.67741935483871
1,3,131,0,0,6,0,0,0,0,2,2,2,0,1,0,12,0,1.0,319,59,5.406779661016949
0,5,65,114,0,0,1,5,1,1,1,0,1,0,1,0,2,0,2.0,338,63,5.365079365079365
1,6,104,0,0,0,0,0,1,1,0,0,0,0,1,0,12,0,3.0,280,56,5.0
1,28,82,0,2,6,0,0,1,0,1,1,1,0,4,0,2,1,4.0,456,83,5.493975903614458
1,11,105,0,0,2,0,0,1,0,0,0,0,0,1,0,2,0,3.0,193,35,5.514285714285714
1,3,104,0,2,0,3,5,1,1,1,1,1,0,2,0,2,0,6.0,192,36,5.333333333333333
1,2,103,81,0,3,4,5,0,1,1,1,1,0,2,0,10,0,2.0,79,13,6.076923076923077
1,36,88,0,1,1,4,5,0,0,0,0,0,0,1,250,12,0,1.0,104,18,5.777777777777778
0,1,144,0,2,0,5,5,1,0,1,1,1,0,6,0,5,0,0.0,104,19,5.473684210526316
0,48,40,0,0,1,2,5,0,2,0,0,1,0,1,200,2,0,2.0,193,38,5.078947368421052
0,24,64,0,1,3,0,0,0,1,0,0,0,0,1,300,12,0,5.0,600,104,5.769230769230769
0,2,144,0,0,0,1,5,1,1,1,0,1,0,1,0,12,0,5.0,612,120,5.1
0,3,144,4,0,0,1,0,1,1,0,0,1,0,1,0,2,0,5.0,14,3,4.666666666666667
0,2,144,114,1,4,0,0,1,1,1,1,1,0,1,0,3,0,12.0,47,9,5.222222222222222
0,16,144,0,1,1,4,0,1,0,0,0,0,0,1,0,2,0,6.0,632,123,5.138211382113822
0,2,144,0,0,1,0,0,1,1,0,0,1,0,1,0,2,0,2.0,323,64,5.046875
0,3,144,0,1,1,0,0,1,1,1,0,1,0,1,0,12,0,1.0,327,64,5.109375
0,10,144,114,1,6,0,0,1,1,1,2,2,0,1,0,2,0,1.0,29,5,5.8
1,2,104,0,2,0,2,4,0,1,1,1,1,0,4,0,2,0,7.0,623,116,5.370689655172414
0,8,41,53,1,1,0,0,1,1,1,1,1,0,1,0,4,0,3.0,349,69,5.057971014492754
1,10,103,0,1,1,6,0,0,2,0,0,0,0,1,0,2,0,3.0,395,78,5.064102564102564
0,2,144,0,2,0,4,5,1,0,0,0,1,0,7,0,2,1,8.0,205,36,5.694444444444445
1,3,104,0,0,5,0,0,0,1,1,1,1,0,1,0,12,0,1.0,383,66,5.803030303030303
1,3,105,0,0,0,6,0,0,0,1,0,1,0,1,0,12,0,5.0,455,88,5.170454545454546
1,24,128,0,0,0,6,0,3,1,0,0,1,0,1,0,2,0,4.0,300,58,5.172413793103448
1,1,105,0,2,0,5,5,1,0,1,0,1,0,5,50,2,0,5.0,285,49,5.816326530612245
1,12,104,0,0,2,6,0,1,1,0,0,0,0,1,0,12,0,5.0,69,11,6.2727272727272725
0,36,156,49,0,0,2,5,0,1,0,0,0,0,1,0,2,0,1.0,31,5,6.2
1,3,135,0,2,0,2,4,1,0,0,0,1,0,2,200,2,2,4.0,138,22,6.2727272727272725
0,48,43,0,0,1,0,0,1,0,0,0,1,0,1,50,12,0,0.0,155,30,5.166666666666667
1,12,104,0,0,6,0,0,1,1,2,2,2,0,1,0,12,2,4.0,424,89,4.764044943820225
1,2,128,82,2,1,6,0,0,1,1,1,1,0,4,0,12,0,4.0,544,103,5.281553398058253
0,3,144,0,2,1,5,0,1,0,0,0,1,0,2,0,2,0,3.0,181,33,5.484848484848484
1,2,94,82,1,0,0,0,0,1,1,1,1,0,1,0,2,0,2.0,336,64,5.25
1,1,105,0,2,0,1,1,0,0,1,1,1,0,4,0,12,0,3.0,236,42,5.619047619047619
0,2,144,0,1,1,0,0,1,1,0,0,1,0,1,0,2,0,1.0,169,35,4.828571428571428
1,3,105,0,1,0,2,5,0,0,0,0,1,0,1,0,3,0,3.0,88,16,5.5
0,12,144,50,0,5,6,0,1,2,0,0,0,0,1,0,2,1,4.0,990,178,5.561797752808989
0,1,144,0,1,1,4,5,1,1,1,1,1,0,1,0,3,0,0.0,265,47,5.638297872340425
1,10,105,0,0,1,6,0,1,0,1,1,1,0,1,0,5,0,3.0,114,18,6.333333333333333
1,3,104,0,2,0,3,5,0,1,0,0,0,0,6,0,2,0,3.0,200,39,5.128205128205129
0,2,144,0,1,1,4,0,1,0,0,0,1,0,2,0,12,0,15.0,20,3,6.666666666666667
0,1,144,114,0,1,0,0,0,0,2,2,1,0,1,0,6,0,3.0,1407,287,4.902439024390244
1,12,104,0,1,2,0,0,1,1,1,1,1,0,1,0,7,0,3.0,400,86,4.651162790697675
0,1,144,0,0,0,1,0,1,0,2,2,1,0,1,0,2,0,5.0,126,22,5.7272727272727275
1,4,105,0,0,3,0,0,1,0,0,0,1,0,1,0,2,0,11.0,373,71,5.253521126760563
1,5,105,0,0,2,4,5,1,0,1,0,1,0,1,0,12,0,5.0,292,53,5.509433962264151
1,3,135,0,2,3,5,5,1,0,2,2,2,0,4,0,7,0,5.0,53,11,4.818181818181818
0,36,144,54,0,0,6,0,1,0,1,1,0,0,1,0,2,0,5.0,396,75,5.28
0,9,13,46,0,0,6,0,1,1,0,0,2,0,1,250,2,2,5.0,631,119,5.302521008403361
0,1,144,114,2,0,4,0,0,0,1,1,1,0,6,0,5,0,1.0,259,46,5.630434782608695
1,84,117,0,1,1,2,0,1,2,0,0,0,0,1,0,2,0,2.0,96,19,5.052631578947368
1,6,105,0,0,1,4,4,1,0,1,1,2,0,1,0,2,0,1.0,61,13,4.6923076923076925
0,2,144,0,1,0,1,0,1,0,2,2,1,0,1,0,2,0,1.0,105,18,5.833333333333333
1,33,105,0,1,1,0,0,1,0,0,0,0,0,1,80,12,0,5.0,264,54,4.888888888888889
0,4,38,130,0,0,1,5,1,0,1,1,1,0,1,0,2,0,4.0,83,13,6.384615384615385
0,2,144,0,1,0,6,0,1,0,0,0,1,0,4,0,2,0,12.0,171,36,4.75
0,2,144,0,0,1,0,0,1,1,0,0,1,0,1,0,2,0,3.0,310,61,5.081967213114754
0,2,144,0,1,2,6,0,1,0,1,1,1,0,1,20,3,0,1.0,122,21,5.809523809523809
1,1,105,82,0,0,6,0,1,0,1,1,1,0,1,0,2,0,10.0,140,26,5.384615384615385
0,1,144,0,0,1,0,0,2,0,1,1,1,0,1,0,3,0,4.0,51,9,5.666666666666667
0,8,144,0,1,1,6,0,1,0,0,0,0,0,1,0,2,0,4.0,895,177,5.056497175141243
0,84,5,114,1,0,1,5,1,0,0,0,0,0,1,0,2,0,1.0,107,22,4.863636363636363
1,12,105,0,0,5,6,0,1,0,1,0,1,0,1,0,2,0,2.0,8,1,8.0
1,2,135,0,2,0,5,0,1,0,0,0,1,0,2,0,2,0,4.0,17,3,5.666666666666667
1,4,105,0,1,1,6,0,1,0,0,0,1,0,1,0,2,0,1.0,211,38,5.552631578947368
1,2,104,0,0,0,6,0,0,1,1,1,1,0,1,0,2,0,5.0,31,10,3.1
1,3,105,82,0,3,5,5,1,0,1,0,1,0,1,30,2,0,1.0,157,27,5.814814814814815
1,2,140,82,1,0,1,0,0,0,1,0,1,0,1,0,12,0,1.0,159,28,5.678571428571429
0,2,144,0,0,1,6,0,1,0,0,0,1,0,1,0,2,0,2.0,261,50,5.22
1,1,104,0,2,0,1,5,0,1,1,1,1,0,4,0,2,0,9.0,477,76,6.276315789473684
1,2,105,0,2,2,5,0,0,0,1,1,1,0,2,0,2,0,4.0,161,28,5.75
0,2,144,0,1,1,6,0,1,0,1,0,1,0,1,0,2,0,2.0,206,38,5.421052631578948
1,30,139,82,1,1,2,3,1,0,0,0,0,0,1,10,12,0,4.0,339,61,5.557377049180328
0,72,17,0,0,1,6,0,1,0,0,0,0,0,1,250,12,0,1.0,1322,244,5.418032786885246
1,2,104,80,0,0,1,5,1,1,2,0,1,0,2,0,3,0,1.0,74,12,6.166666666666667
1,4,104,0,2,0,4,0,0,1,0,0,1,0,3,0,2,0,3.0,653,126,5.182539682539683
1,1,104,82,1,2,6,0,0,1,1,1,1,0,1,0,2,0,4.0,521,103,5.058252427184466
1,21,105,0,0,0,6,0,1,0,0,0,0,0,1,0,2,0,3.0,490,98,5.0
0,1,69,114,0,1,0,0,1,0,1,0,1,0,1,0,2,0,2.0,273,46,5.934782608695652
0,1,144,0,1,0,1,4,1,1,1,1,1,0,2,0,3,0,5.0,437,68,6.426470588235294
1,1,105,0,1,0,1,0,0,0,1,1,1,0,1,0,1,0,1.0,228,38,6.0
1,12,105,0,1,0,1,4,0,0,0,0,0,0,1,0,2,0,6.0,704,133,5.293233082706767
0,12,13,0,0,3,6,0,1,0,0,0,0,0,1,0,2,0,2.0,152,25,6.08
0,12,144,0,0,0,1,5,1,1,2,2,2,0,1,0,2,0,1.0,139,22,6.318181818181818
1,3,96,0,1,0,3,5,0,1,1,0,1,0,1,50,2,0,5.0,377,73,5.164383561643835
0,12,144,114,1,0,4,5,2,0,0,0,0,0,1,0,2,0,1.0,72,13,5.538461538461538
0,3,144,124,1,0,0,0,0,0,0,0,1,0,1,0,2,0,8.0,349,53,6.584905660377358
1,3,104,101,2,0,1,5,0,1,1,1,2,0,2,150,4,0,1.0,87,16,5.4375
0,3,144,114,1,0,0,0,1,0,0,0,1,0,1,0,2,0,2.0,149,29,5.137931034482759
0,5,144,0,0,1,4,5,1,0,0,0,0,0,2,0,2,1,20.0,356,60,5.933333333333334
1,2,105,0,0,0,1,5,2,0,0,0,1,0,1,0,2,0,5.0,65,10,6.5
1,4,105,0,2,0,1,0,0,0,0,0,1,0,4,0,2,0,4.0,242,48,5.041666666666667
1,24,135,0,0,3,0,0,1,1,2,2,2,1,1,1,9,0,2.0,189,36,5.25
1,2,105,82,0,1,4,5,0,0,2,0,1,0,1,0,12,0,1.0,123,21,5.857142857142857
0,1,144,0,2,0,1,5,1,1,1,1,2,0,5,0,3,0,8.0,116,23,5.043478260869565
0,5,54,114,0,1,0,0,1,0,1,0,1,0,1,0,2,0,1.0,171,33,5.181818181818182
0,2,144,0,1,0,2,0,1,0,1,0,1,0,1,0,4,0,11.0,976,193,5.05699481865285
0,14,6,4,1,0,2,5,0,1,0,0,1,0,1,150,2,0,3.0,129,24,5.375
0,3,144,114,1,0,1,3,1,0,1,1,1,0,1,0,2,0,1.0,29,6,4.833333333333333
1,8,143,70,0,0,6,0,2,1,1,1,1,0,1,0,12,0,4.0,580,113,5.132743362831858
1,1,105,0,0,1,6,0,1,0,1,1,1,0,1,0,12,0,2.0,129,22,5.863636363636363
0,2,144,114,2,0,1,4,1,0,1,0,1,0,2,80,7,0,4.0,1190,228,5.219298245614035
0,3,144,0,1,0,1,0,1,0,0,0,1,0,1,0,2,0,3.0,239,44,5.431818181818182
0,60,60,0,0,1,6,0,1,1,0,0,1,1,1,0,2,0,1.0,403,80,5.0375
0,2,144,114,1,0,1,0,1,0,2,2,2,0,1,0,2,0,2.0,211,40,5.275
0,24,60,0,1,1,6,0,0,1,0,0,0,0,1,0,2,0,1.0,16,3,5.333333333333333
1,1,105,82,2,0,5,5,0,0,1,1,1,0,5,0,12,0,5.0,749,140,5.35
0,3,144,114,2,0,1,5,1,0,0,0,1,0,5,0,2,0,5.0,180,33,5.454545454545454
1,3,122,82,0,0,1,5,1,0,1,0,1,0,3,0,2,0,5.0,158,25,6.32
1,3,105,0,1,1,2,5,1,0,1,0,1,0,7,0,1,0,18.0,758,143,5.300699300699301
0,48,8,0,2,2,0,0,2,2,0,0,1,0,2,0,12,0,3.0,325,56,5.803571428571429
1,5,84,0,1,2,3,3,1,0,2,2,1,0,1,0,2,0,2.0,137,27,5.074074074074074
0,32,144,0,0,0,1,0,1,0,0,0,1,0,1,0,2,0,1.0,181,34,5.323529411764706
0,39,144,114,1,1,0,0,1,0,0,0,0,0,1,0,2,0,3.0,146,4,36.5
1,2,105,0,2,1,3,5,1,0,2,2,2,1,2,0,3,0,4.0,316,62,5.096774193548387
0,17,144,114,2,0,3,5,1,0,2,2,0,0,2,0,3,0,2.0,299,54,5.537037037037037
0,6,144,0,0,2,0,0,0,0,0,0,0,0,1,0,2,0,4.0,86,16,5.375
1,1,105,0,1,3,6,0,1,0,1,1,1,0,1,0,12,0,4.0,195,32,6.09375
0,2,144,0,0,0,1,5,1,0,1,1,1,0,1,0,2,0,4.0,377,75,5.026666666666666
0,17,144,0,1,0,1,0,0,0,0,0,0,0,1,100,2,0,2.0,140,24,5.833333333333333
0,2,144,114,0,0,0,0,0,0,2,2,2,0,1,0,2,0,5.0,23,4,5.75
1,2,140,0,2,0,1,5,1,0,1,1,1,0,3,0,12,0,9.0,475,90,5.277777777777778
1,1,105,0,0,3,6,0,1,0,1,0,1,0,1,0,2,0,3.0,54,9,6.0
1,12,143,0,1,0,6,0,1,0,0,0,0,0,1,0,12,0,2.0,221,43,5.1395348837209305
0,1,144,0,1,0,1,5,1,1,1,1,1,0,1,0,3,0,1.0,105,15,7.0
0,4,144,0,1,0,0,0,1,1,0,0,1,0,1,0,2,0,1.0,285,54,5.277777777777778
1,5,105,82,0,4,6,0,1,0,1,1,1,0,1,0,12,0,3.0,6,1,6.0
0,12,144,0,1,0,6,0,1,1,2,2,0,0,1,0,3,0,1.0,229,46,4.978260869565218
1,2,105,0,1,5,0,0,1,0,1,1,1,0,1,0,2,0,1.0,137,25,5.48
0,1,144,114,1,1,6,0,1,0,1,1,1,0,1,50,2,0,5.0,820,157,5.222929936305732
0,2,144,54,2,0,1,1,1,2,1,1,1,0,2,0,4,0,2.0,257,48,5.354166666666667
0,36,8,0,0,2,0,0,1,1,0,0,2,0,1,0,5,0,2.0,47,9,5.222222222222222
1,6,105,0,0,0,1,5,1,0,0,0,0,0,1,0,2,0,6.0,519,102,5.088235294117647
1,19,105,82,0,3,0,0,1,0,0,0,0,0,1,0,2,0,5.0,116,7,16.571428571428573
0,19,17,0,0,0,1,5,1,0,0,0,1,0,1,500,2,0,4.0,653,132,4.946969696969697
1,5,105,0,0,0,3,0,0,0,0,0,1,0,1,0,2,0,1.0,232,49,4.73469387755102
0,2,144,0,0,0,1,0,1,0,1,0,1,0,1,50,3,0,3.0,154,21,7.333333333333333
1,23,105,0,0,0,6,0,2,0,0,0,1,0,1,200,2,0,3.0,4286,706,6.070821529745042
1,1,105,0,0,0,5,0,0,1,1,1,1,0,1,0,2,2,9.0,645,128,5.0390625
0,100,60,0,0,4,5,5,0,0,0,2,1,1,1,0,2,0,5.0,661,142,4.654929577464789
1,8,125,81,1,2,6,0,1,1,1,0,1,0,1,250,12,0,2.0,316,65,4.861538461538461
0,24,1,0,2,3,0,0,1,0,0,0,0,0,2,0,4,0,5.0,803,150,5.3533333333333335
0,3,144,0,1,1,0,0,1,0,2,2,1,0,1,0,3,0,2.0,213,37,5.756756756756757
0,2,144,114,2,0,4,5,1,0,1,1,1,0,3,0,2,0,0.0,312,67,4.656716417910448
0,60,144,0,0,0,1,1,0,1,2,2,2,0,1,0,2,0,2.0,82,15,5.466666666666667
1,48,105,0,1,0,1,0,1,0,0,0,0,0,1,0,2,0,1.0,736,138,5.333333333333333
1,2,105,0,1,0,6,0,1,0,1,0,1,0,1,0,2,0,5.0,295,41,7.195121951219512
1,16,105,0,1,0,3,5,0,0,1,1,1,0,15,0,2,0,4.0,387,71,5.450704225352113
1,1,105,0,2,6,0,0,0,0,1,1,1,0,2,0,2,0,2.0,1046,213,4.910798122065728
0,2,144,0,1,1,6,0,1,1,0,0,1,0,1,0,2,0,4.0,188,36,5.222222222222222
0,1,144,0,1,1,0,0,1,0,1,1,1,0,1,0,2,0,1.0,124,21,5.904761904761905
1,5,105,0,1,0,6,0,1,0,1,0,1,0,1,0,12,0,1.0,76,15,5.066666666666666
0,1,144,0,1,0,1,0,1,0,1,0,0,0,1,0,2,0,3.0,36,4,9.0
1,3,104,0,0,0,5,0,1,1,1,1,1,0,1,0,12,0,2.0,170,32,5.3125
0,120,166,4,0,0,3,0,2,0,2,2,1,2,1,0,3,0,4.0,462,88,5.25
1,15,135,106,1,3,0,0,1,0,0,1,1,0,3,0,9,0,1.0,99,18,5.5
0,12,155,114,1,1,0,0,1,0,1,1,0,0,1,0,2,0,1.0,183,34,5.382352941176471
1,21,96,81,1,0,1,5,1,1,0,0,0,0,1,0,2,1,1.0,415,79,5.253164556962025
0,60,41,0,1,4,0,0,0,0,0,0,2,0,1,0,2,0,5.0,782,139,5.625899280575539
1,2,105,106,1,5,6,0,0,0,1,0,1,0,1,0,2,0,13.0,518,96,5.395833333333333
0,36,41,0,0,0,5,5,0,0,0,0,0,0,1,300,2,1,8.0,1131,209,5.411483253588517
1,1,104,0,2,0,1,3,1,1,1,1,1,0,5,0,2,0,3.0,301,60,5.016666666666667
0,1,144,114,0,0,1,0,1,1,1,0,1,0,1,0,2,0,1.0,14,3,4.666666666666667
0,1,144,0,1,1,0,0,1,0,1,0,1,0,1,0,2,0,19.0,707,134,5.276119402985074
0,1,144,0,0,0,1,5,1,1,2,2,2,0,1,0,2,0,5.0,129,21,6.142857142857143
0,4,144,114,0,1,4,5,1,0,0,0,1,0,1,0,2,0,2.0,248,47,5.276595744680851
0,7,144,54,0,0,6,0,0,1,0,0,1,0,1,0,2,0,3.0,228,46,4.956521739130435
1,2,105,113,0,0,6,0,0,0,1,1,1,0,1,0,2,0,5.0,741,122,6.073770491803279
1,3,105,0,1,0,1,0,1,0,1,1,1,0,2,0,12,0,4.0,38,6,6.333333333333333
1,3,135,96,2,0,2,5,1,0,1,0,1,0,3,0,2,0,1.0,28,5,5.6
1,3,105,0,0,0,6,0,1,0,0,0,0,0,1,0,2,0,15.0,368,68,5.411764705882353
1,10,104,0,0,3,6,0,2,1,0,0,1,1,1,0,2,0,3.0,137,22,6.2272727272727275
1,3,135,0,0,1,5,0,0,1,1,0,1,0,1,0,12,0,3.0,1213,230,5.273913043478261
1,1,105,0,1,5,6,0,1,0,0,0,1,0,3,0,2,0,1.0,208,32,6.5
1,2,104,106,0,0,1,4,1,1,0,0,1,0,1,0,3,0,7.0,1311,234,5.602564102564102
0,36,47,114,0,0,0,0,2,0,2,2,2,0,1,350,2,0,1.0,816,162,5.037037037037037
1,17,105,0,2,0,3,3,1,1,1,2,0,0,15,0,12,0,2.0,38,8,4.75
0,2,144,0,1,0,6,0,1,1,0,0,1,0,3,0,2,0,4.0,359,65,5.523076923076923
0,36,3,0,1,3,0,0,0,0,1,1,2,1,1,0,2,0,1.0,217,43,5.046511627906977
1,2,84,0,1,6,0,0,0,0,1,1,0,0,1,100,7,0,4.0,250,51,4.901960784313726
0,1,144,114,1,6,0,0,2,0,1,0,1,0,3,50,5,0,4.0,285,52,5.480769230769231
0,48,144,0,1,0,1,3,1,0,0,0,0,0,2,0,12,0,2.0,1253,209,5.9952153110047846
1,3,104,0,2,0,2,5,0,1,0,0,1,0,5,0,2,0,0.0,392,87,4.505747126436781
0,10,30,0,0,0,1,0,0,0,0,0,0,0,2,50,2,0,5.0,317,62,5.112903225806452
1,3,105,82,2,0,5,5,0,0,1,1,1,0,5,0,2,0,4.0,31,7,4.428571428571429
1,4,104,0,1,4,0,0,1,1,0,0,1,0,1,0,2,0,3.0,97,15,6.466666666666667
0,24,144,114,1,0,1,5,1,1,2,0,2,0,1,0,7,0,1.0,436,80,5.45
0,1,144,114,0,0,1,0,1,1,1,1,1,0,1,0,2,0,1.0,12,2,6.0
0,3,144,0,0,1,0,0,1,0,0,0,1,0,1,0,2,0,1.0,150,28,5.357142857142857
1,2,105,0,0,2,4,0,1,0,1,0,1,0,1,0,12,0,10.0,49,7,7.0
0,48,8,114,1,1,2,0,1,1,0,0,1,0,1,0,5,0,3.0,651,124,5.25
1,2,103,0,1,0,1,4,0,2,1,1,1,0,1,0,2,0,5.0,31,10,3.1
0,3,144,0,2,1,0,0,2,0,1,1,1,0,3,0,12,0,1.0,283,49,5.775510204081633
1,4,128,0,0,0,1,5,0,0,1,0,1,0,1,50,12,0,5.0,889,175,5.08
0,1,144,0,2,0,1,5,1,0,1,0,1,0,4,0,4,0,7.0,570,117,4.871794871794871
0,1,144,0,1,1,0,0,1,1,1,0,1,0,4,0,2,0,12.0,358,59,6.067796610169491
0,48,144,0,0,0,6,0,1,0,0,0,2,0,1,0,2,0,2.0,71,15,4.733333333333333
0,2,144,0,0,6,0,0,1,0,1,0,1,0,1,0,2,0,9.0,435,80,5.4375
1,1,105,82,1,3,6,0,0,1,0,0,1,1,1,50,2,0,10.0,330,56,5.892857142857143
0,2,144,0,1,1,4,5,1,1,1,1,1,0,4,0,2,0,5.0,79,14,5.642857142857143
0,2,29,114,2,0,1,3,1,0,0,0,1,0,6,0,12,0,5.0,371,66,5.621212121212121
1,8,105,106,1,0,5,5,1,1,1,1,0,0,1,0,2,0,1.0,239,44,5.431818181818182
0,12,144,0,0,0,0,0,1,0,2,2,2,0,2,0,12,0,3.0,16,3,5.333333333333333
1,1,104,0,1,0,6,0,0,0,1,1,1,0,1,0,12,0,3.0,112,21,5.333333333333333
1,3,93,0,2,0,4,4,1,1,1,1,1,0,3,50,12,0,4.0,51,10,5.1
0,3,144,0,2,0,1,1,1,0,0,0,1,0,3,15,2,0,8.0,311,60,5.183333333333334
1,2,105,82,2,0,6,0,0,0,1,1,2,0,2,0,2,0,4.0,353,59,5.983050847457627
0,13,22,0,1,2,0,0,2,0,0,0,0,0,1,0,2,0,3.0,423,82,5.158536585365853
0,36,144,0,1,0,1,0,1,0,1,1,0,0,1,0,2,0,3.0,3,1,3.0
0,4,65,53,0,0,1,1,1,0,2,2,2,0,1,100,2,0,5.0,271,52,5.211538461538462
0,2,144,0,1,1,0,0,1,0,0,0,1,0,1,0,2,0,1.0,105,21,5.0
1,2,105,0,2,0,1,5,1,0,1,1,1,0,4,0,12,0,5.0,80,16,5.0
0,2,144,0,1,1,6,0,1,0,1,1,1,0,1,0,2,1,8.0,280,57,4.912280701754386
0,1,144,0,1,1,4,5,1,0,1,0,1,0,1,0,2,0,11.0,621,126,4.928571428571429
0,2,144,0,1,0,1,0,1,0,0,0,1,0,1,0,2,0,3.0,104,21,4.9523809523809526
0,5,144,0,0,1,0,0,1,0,0,0,1,0,1,0,2,0,4.0,253,45,5.622222222222222
0,3,144,0,1,1,0,0,1,0,1,1,1,0,1,0,0,0,5.0,28,5,5.6
1,4,94,0,1,3,4,5,1,0,1,1,1,0,2,0,2,0,1.0,153,30,5.1
1,3,104,0,0,0,0,0,0,1,0,0,1,0,1,0,2,0,2.0,1072,222,4.828828828828829
0,2,144,114,1,1,0,0,1,0,1,0,1,0,1,0,12,0,7.0,777,129,6.023255813953488
0,2,144,0,1,4,0,0,1,0,2,2,1,0,1,0,2,0,2.0,125,22,5.681818181818182
0,12,60,0,0,1,6,0,1,1,0,2,2,0,1,0,2,0,1.0,70,12,5.833333333333333
0,1,144,114,2,1,4,5,1,1,1,1,0,0,5,0,2,0,12.0,152,29,5.241379310344827
0,24,60,0,0,0,1,5,1,2,0,0,0,0,1,0,2,0,1.0,157,30,5.233333333333333
0,3,144,0,0,1,0,0,1,0,1,1,1,0,1,0,12,0,2.0,112,21,5.333333333333333
1,2,104,0,1,0,3,5,2,1,1,0,2,0,1,40,2,0,4.0,660,106,6.226415094339623
1,2,116,0,2,0,5,5,0,0,2,2,2,0,3,0,5,0,2.0,47,10,4.7
0,9,144,0,0,1,6,0,1,0,0,0,1,0,1,0,2,0,1.0,588,110,5.345454545454546
0,2,144,0,0,0,1,0,1,0,0,0,1,0,1,0,2,0,2.0,200,42,4.761904761904762
1,2,104,0,1,4,0,0,0,1,1,0,1,0,1,0,2,0,1.0,167,31,5.387096774193548
1,5,125,82,0,0,5,5,1,0,1,0,1,0,1,0,12,0,1.0,449,90,4.988888888888889
0,2,144,0,0,0,1,3,2,0,0,0,1,0,3,0,2,0,4.0,313,55,5.6909090909090905
1,1,105,0,2,0,1,5,0,0,2,2,2,0,3,0,2,0,5.0,395,78,5.064102564102564
0,48,144,0,0,0,0,0,1,0,2,2,2,0,1,0,2,0,4.0,630,125,5.04
0,2,144,0,1,1,0,0,1,0,1,0,1,0,1,80,2,0,1.0,73,14,5.214285714285714
0,2,144,0,0,0,1,0,1,1,0,0,1,0,1,0,4,0,1.0,88,16,5.5
0,30,65,114,1,1,6,0,1,0,0,0,0,0,1,0,3,0,2.0,328,62,5.290322580645161
1,13,128,96,0,4,6,0,2,0,0,0,1,0,1,0,3,0,6.0,639,117,5.461538461538462
0,6,144,0,0,6,0,0,1,0,0,0,0,0,1,0,2,0,2.0,89,16,5.5625
1,24,103,0,1,0,1,2,1,2,2,2,2,0,1,0,12,0,1.0,332,66,5.03030303030303
1,6,105,0,2,4,5,5,1,1,1,0,1,0,2,0,12,0,5.0,928,179,5.184357541899441
1,8,120,0,0,2,6,0,1,0,0,0,1,0,1,50,2,0,5.0,374,67,5.582089552238806
0,24,144,0,1,0,0,0,2,0,0,0,0,0,1,0,2,0,14.0,472,86,5.488372093023256
0,9,144,0,1,3,4,0,1,0,1,0,1,0,1,250,2,0,6.0,730,129,5.658914728682171
1,3,105,0,2,1,6,0,0,1,2,2,2,0,6,0,12,0,5.0,261,52,5.019230769230769
1,12,104,0,0,0,0,0,2,1,1,1,2,0,1,0,2,0,2.0,209,41,5.097560975609756
1,2,105,0,0,0,6,0,1,0,1,0,1,0,1,0,12,0,2.0,36,5,7.2
1,0,105,106,0,0,5,5,1,0,1,1,1,0,1,0,12,0,10.0,2013,385,5.228571428571429
0,12,144,0,0,4,0,0,1,0,0,0,0,0,1,0,2,0,1.0,776,136,5.705882352941177
1,60,104,0,0,4,5,5,2,1,0,0,0,0,1,0,12,0,8.0,298,64,4.65625
1,24,128,81,2,1,5,5,1,1,0,0,0,0,2,0,12,0,5.0,274,51,5.372549019607843
1,14,104,94,0,0,1,5,2,1,0,0,0,0,1,10,2,0,1.0,144,20,7.2
1,1,104,80,0,4,6,0,0,1,1,1,1,0,1,0,12,0,5.0,287,55,5.218181818181818
0,48,62,0,0,0,1,1,0,1,0,0,0,0,1,0,12,0,3.0,122,20,6.1
1,16,103,81,0,6,0,0,2,1,1,0,0,0,2,150,11,0,3.0,189,36,5.25
1,5,105,0,0,0,6,0,0,0,0,0,1,0,1,0,3,0,2.0,161,23,7.0
1,3,105,0,0,0,3,4,0,0,1,1,1,0,5,100,2,0,5.0,183,35,5.228571428571429
0,24,150,114,1,0,4,5,1,1,0,1,0,0,1,50,3,0,2.0,211,38,5.552631578947368
0,12,144,0,1,4,6,0,1,0,0,0,0,0,1,0,2,0,5.0,337,61,5.524590163934426
0,1,144,114,1,0,0,0,1,1,1,1,1,0,2,0,3,0,9.0,129,23,5.608695652173913
1,1,105,0,1,1,3,0,0,0,1,1,1,0,1,0,2,0,6.0,355,70,5.071428571428571
1,4,104,0,1,0,3,5,2,1,1,1,2,0,1,0,2,0,2.0,131,22,5.954545454545454
1,2,120,94,2,0,5,5,0,1,2,2,2,0,4,0,2,0,4.0,67,10,6.7
1,2,82,0,1,0,1,5,1,1,1,1,2,1,1,0,7,0,1.0,169,30,5.633333333333334
0,60,30,0,0,1,0,0,0,0,2,2,1,1,1,0,12,0,1.0,151,27,5.592592592592593
0,1,144,114,0,0,1,0,1,1,1,1,1,0,1,0,2,0,1.0,12,2,6.0
0,1,144,114,1,0,1,3,0,0,1,0,2,0,2,0,2,0,2.0,254,42,6.0476190476190474
0,2,79,114,1,1,0,0,1,0,2,2,1,0,1,0,2,0,2.0,123,21,5.857142857142857
1,14,105,0,0,2,0,0,1,0,0,0,0,0,1,0,7,0,10.0,905,146,6.198630136986301
0,1,144,114,0,6,0,0,1,0,1,1,1,0,1,0,12,0,3.0,157,27,5.814814814814815
1,2,105,82,1,0,6,0,0,0,0,0,1,0,1,0,2,1,4.0,356,61,5.836065573770492
0,2,65,114,1,4,0,0,0,1,1,0,1,0,1,0,2,0,2.0,332,65,5.107692307692307
0,3,144,0,2,0,1,0,1,1,0,0,2,0,4,0,0,0,1.0,76,14,5.428571428571429
1,3,105,0,0,3,6,0,1,0,1,1,1,0,3,0,12,0,5.0,17,4,4.25
0,13,40,0,0,4,0,0,0,1,0,0,0,0,1,0,5,0,3.0,137,29,4.724137931034483
1,1,104,0,2,2,4,4,1,1,1,1,1,0,4,0,7,0,4.0,167,31,5.387096774193548
0,4,144,0,1,1,0,0,1,0,0,0,0,0,1,190,12,0,4.0,122,25,4.88
0,10,49,114,0,1,6,0,1,1,0,0,1,0,1,0,2,0,4.0,375,71,5.28169014084507
1,3,126,113,0,5,6,0,1,1,1,0,1,0,1,0,2,0,5.0,1563,269,5.810408921933085
0,36,144,0,1,1,6,0,2,0,0,0,0,1,1,0,2,0,4.0,1388,272,5.102941176470588
1,1,105,0,0,1,0,0,0,0,1,1,1,0,1,0,12,0,4.0,37,5,7.4
0,3,144,0,1,1,0,0,1,1,0,0,1,0,1,200,2,1,3.0,125,23,5.434782608695652
1,36,104,0,0,5,6,0,1,1,0,0,1,0,1,0,12,0,5.0,132,20,6.6
1,24,104,0,1,1,3,0,0,1,0,0,0,0,1,0,2,0,1.0,397,73,5.438356164383562
0,2,144,0,1,1,4,0,1,0,1,1,1,0,2,0,12,0,3.0,378,71,5.323943661971831
0,2,144,0,0,0,1,5,1,0,2,2,1,0,1,0,2,0,6.0,141,30,4.7
