Type,Age,Breed1,Breed2,Gender,Color1,Color2,Color3,MaturitySize,FurLength,Vaccinated,Dewormed,Sterilized,Health,Quantity,Fee,State,VideoAmt,PhotoAmt,desc_length,desc_words,average_word_length
1,3,105,0,1,4,5,0,1,0,1,1,1,0,1,0,2,0,2.0,87,18,4.833333333333333
0,3,144,0,1,1,4,5,1,1,2,2,2,0,1,0,12,0,2.0,485,67,7.2388059701492535
0,4,60,54,2,1,6,0,0,1,0,0,0,0,2,0,2,0,5.0,215,40,5.375
1,1,105,0,2,0,1,5,0,0,1,1,1,0,3,0,2,0,1.0,94,17,5.529411764705882
1,24,128,96,1,6,0,0,1,2,2,2,2,1,6,0,2,0,1.0,138,25,5.52
0,1,144,0,2,0,1,0,1,0,2,2,1,0,9,0,2,0,3.0,118,25,4.72
0,9,144,0,0,1,4,0,1,0,0,0,2,0,1,0,3,0,2.0,358,70,5.114285714285714
1,4,105,0,0,0,2,0,0,0,1,0,1,0,2,0,12,0,1.0,367,65,5.6461538461538465
0,1,144,114,1,0,1,0,1,1,1,0,1,0,1,0,2,0,1.0,14,3,4.666666666666667
0,2,144,0,1,1,4,0,1,0,1,0,1,0,1,0,7,0,1.0,148,30,4.933333333333334
0,1,144,0,0,1,0,0,1,0,1,1,1,0,1,0,4,0,5.0,643,119,5.4033613445378155
1,1,103,0,2,4,5,0,0,1,1,1,1,0,2,0,12,0,1.0,210,43,4.883720930232558
0,24,13,114,1,0,5,5,1,1,2,2,0,0,1,0,2,0,2.0,448,84,5.333333333333333
0,5,161,31,0,4,6,0,1,0,0,0,0,0,1,0,12,0,6.0,92,14,6.571428571428571
1,7,96,110,1,0,3,5,1,0,0,0,1,0,1,0,2,0,7.0,16,3,5.333333333333333
0,2,144,0,2,0,3,5,1,0,0,0,1,0,3,30,2,0,3.0,422,79,5.341772151898734
1,3,105,0,0,3,0,0,1,0,2,0,1,0,1,0,12,0,3.0,354,61,5.80327868852459
1,48,135,0,0,0,1,5,2,0,0,0,1,0,1,20,2,0,4.0,707,133,5.315789473684211
0,36,144,0,0,2,0,0,1,1,2,2,1,0,1,0,2,0,3.0,1439,271,5.3099630996309966
0,2,144,0,0,4,0,0,1,1,2,2,1,0,1,0,2,0,1.0,88,16,5.5
0,2,144,0,0,0,1,0,1,0,1,1,1,0,1,0,12,0,4.0,26,4,6.5
1,13,105,0,1,1,2,0,1,0,1,0,1,0,1,0,2,0,5.0,589,113,5.212389380530974
1,11,105,0,1,0,3,5,1,0,0,0,0,0,1,50,2,0,5.0,204,37,5.513513513513513
1,4,125,96,1,0,6,0,0,2,1,1,2,0,1,250,2,0,3.0,200,38,5.2631578947368425
0,4,144,0,1,0,1,0,1,1,1,0,1,0,1,1,12,0,1.0,132,25,5.28
1,3,105,81,1,0,3,5,1,0,1,0,1,0,4,0,2,0,5.0,644,128,5.03125
1,1,105,0,0,0,6,0,0,0,2,2,2,0,1,0,3,0,1.0,74,14,5.285714285714286
1,9,135,0,1,1,4,4,0,0,0,0,0,0,1,0,12,0,3.0,869,158,5.5
0,1,144,0,1,1,0,0,1,0,1,1,1,0,1,0,4,0,2.0,205,42,4.880952380952381
0,36,65,0,1,2,4,0,1,1,2,2,0,0,1,0,2,0,9.0,443,83,5.337349397590361
1,1,105,0,0,0,6,0,1,0,1,0,1,0,1,0,2,0,6.0,837,151,5.543046357615894
1,28,89,80,0,0,0,0,2,2,0,0,1,0,1,0,12,0,5.0,90,17,5.294117647058823
0,8,144,0,0,3,0,0,1,0,0,0,1,0,1,0,12,0,2.0,287,49,5.857142857142857
1,2,104,0,0,0,6,0,0,1,1,1,1,0,1,0,12,0,4.0,119,18,6.611111111111111
0,1,144,114,1,0,1,0,1,1,1,0,1,0,1,0,2,0,1.0,14,3,4.666666666666667
0,12,144,114,1,1,0,0,1,1,1,0,1,0,1,0,3,0,1.0,23,4,5.75
0,3,144,114,1,1,6,0,1,1,1,0,1,0,1,0,2,0,3.0,14,3,4.666666666666667
0,3,144,0,1,2,0,0,1,0,0,0,0,0,1,0,3,0,7.0,84,15,5.6
0,2,144,0,1,0,1,0,1,1,1,1,1,0,1,0,4,0,1.0,143,29,4.931034482758621
1,6,135,0,2,2,3,5,2,1,2,2,2,0,2,0,2,0,11.0,587,115,5.104347826086957
1,1,105,0,2,0,3,5,1,0,1,0,1,0,4,0,6,0,4.0,215,36,5.972222222222222
0,3,18,114,1,0,6,0,0,1,2,0,1,0,1,0,2,0,1.0,285,54,5.277777777777778
1,14,105,0,1,1,0,0,1,0,2,2,2,0,1,0,2,0,2.0,213,40,5.325
0,10,22,6,1,0,6,0,1,1,0,0,1,0,1,0,2,0,2.0,280,51,5.490196078431373
1,7,105,0,0,5,6,0,1,0,1,0,1,0,2,0,2,0,3.0,74,12,6.166666666666667
0,4,65,114,1,0,1,5,1,0,2,0,2,0,4,0,12,0,5.0,337,65,5.184615384615385
1,1,104,0,2,1,2,0,0,1,1,1,1,0,2,0,2,0,3.0,161,32,5.03125
0,48,38,114,1,1,0,0,1,0,1,1,1,0,1,0,2,0,4.0,835,165,5.0606060606060606
0,24,144,114,1,3,0,0,2,2,1,1,1,0,1,0,12,0,2.0,272,53,5.132075471698113
1,16,105,96,0,6,0,0,2,1,0,0,0,0,1,0,2,0,0.0,77,14,5.5
1,2,128,81,1,1,4,0,1,1,1,1,1,0,1,0,12,0,5.0,447,86,5.1976744186046515
1,2,104,0,1,0,1,2,1,1,1,0,1,1,1,0,2,0,2.0,937,171,5.47953216374269
1,3,105,0,0,0,0,0,1,0,1,1,1,0,1,0,12,0,1.0,39,8,4.875
0,2,144,114,2,1,0,0,1,0,1,1,1,0,2,0,12,0,1.0,39,8,4.875
0,2,144,0,1,0,0,0,1,0,0,0,1,0,1,0,4,0,2.0,387,74,5.22972972972973
0,0,144,0,2,0,1,5,1,0,1,1,1,0,8,0,2,0,7.0,113,19,5.947368421052632
1,1,105,0,0,2,6,0,0,0,1,1,1,0,1,0,2,0,3.0,166,26,6.384615384615385
0,60,54,0,0,0,1,5,1,1,1,0,1,1,1,0,12,0,5.0,1392,285,4.88421052631579
0,2,144,0,1,2,0,0,1,0,1,0,1,0,1,0,12,0,1.0,103,22,4.681818181818182
0,5,144,114,2,0,1,5,1,0,1,1,2,0,2,0,2,0,2.0,193,35,5.514285714285714
1,12,105,110,1,0,1,0,0,0,0,0,0,0,1,0,2,0,7.0,752,136,5.529411764705882
0,7,8,6,1,1,0,0,2,2,0,0,1,0,1,500,2,0,1.0,12,2,6.0
1,1,104,82,1,1,6,0,1,1,2,2,1,0,3,0,2,0,3.0,282,52,5.423076923076923
1,12,104,0,1,1,6,0,1,1,2,0,2,0,2,0,2,0,4.0,23,4,5.75
1,3,105,81,2,2,6,0,0,1,1,1,1,0,2,0,2,0,3.0,461,95,4.852631578947369
1,36,105,110,1,0,1,5,1,0,0,0,0,0,1,0,2,0,4.0,1233,222,5.554054054054054
1,2,137,0,1,0,5,5,1,1,1,1,1,0,1,0,2,0,10.0,889,172,5.1686046511627906
0,1,51,0,0,6,0,0,0,0,1,0,1,0,1,0,2,0,1.0,18,3,6.0
0,5,144,6,0,0,6,0,1,1,1,0,1,0,1,0,2,0,13.0,252,43,5.8604651162790695
0,72,60,0,0,1,4,5,0,0,0,0,1,2,1,0,2,0,0.0,288,58,4.9655172413793105
1,24,105,0,1,0,6,0,1,0,0,0,0,0,1,0,2,0,1.0,4,1,4.0
1,2,105,0,1,5,0,0,1,0,1,0,1,0,1,0,2,0,5.0,402,80,5.025
1,3,105,0,1,0,6,0,1,0,1,1,1,0,12,0,2,0,4.0,260,50,5.2
0,3,144,0,0,1,0,0,1,0,1,0,1,0,1,0,2,0,1.0,101,21,4.809523809523809
0,8,69,0,1,1,6,0,1,0,0,0,0,0,1,0,2,0,1.0,144,30,4.8
0,4,144,0,1,0,0,0,2,0,0,0,1,0,1,0,3,0,1.0,139,27,5.148148148148148
1,1,105,0,2,1,5,0,0,0,1,1,1,0,2,0,5,2,12.0,685,113,6.061946902654867
1,3,104,0,0,0,6,0,1,1,0,0,1,0,1,0,2,5,14.0,473,86,5.5
0,3,144,0,1,6,0,0,1,0,1,1,1,0,1,0,2,0,1.0,391,80,4.8875
0,12,5,114,1,0,0,0,2,1,0,0,1,0,1,0,2,0,2.0,23,4,5.75
0,3,144,0,1,0,1,2,1,0,0,2,2,0,1,0,2,0,1.0,479,95,5.042105263157895
1,4,105,0,1,0,6,0,0,1,1,1,1,0,1,0,12,0,5.0,18,3,6.0
0,2,144,114,0,0,1,5,1,0,1,1,1,0,8,0,2,0,7.0,50,7,7.142857142857143
0,2,30,0,1,0,0,0,0,0,2,2,2,0,1,100,3,0,1.0,40,7,5.714285714285714
0,2,30,0,0,0,1,0,0,0,1,0,1,0,1,0,12,0,6.0,402,72,5.583333333333333
0,36,13,0,1,1,4,0,2,1,2,2,0,0,1,0,2,0,3.0,299,61,4.901639344262295
1,2,104,0,0,2,3,0,0,1,1,0,1,0,1,0,12,0,3.0,16,3,5.333333333333333
1,6,105,0,0,0,6,0,0,0,1,1,1,0,1,0,2,0,3.0,91,15,6.066666666666666
0,12,144,53,1,1,6,0,1,1,1,1,0,0,1,0,2,0,7.0,352,70,5.0285714285714285
0,2,144,0,0,1,0,0,1,0,0,0,1,0,1,90,2,0,1.0,99,18,5.5
0,60,54,114,0,0,6,0,1,0,0,0,0,0,1,0,2,0,8.0,477,84,5.678571428571429
0,1,144,114,0,4,0,0,1,0,0,0,0,0,1,200,12,0,7.0,365,67,5.447761194029851
0,1,144,0,2,0,1,5,0,0,1,0,1,0,9,30,2,0,0.0,27,4,6.75
0,2,144,0,1,1,0,0,0,0,0,2,1,0,1,0,3,0,3.0,200,40,5.0
0,8,144,0,1,1,0,0,1,0,0,0,0,0,1,0,12,0,9.0,229,37,6.1891891891891895
0,2,144,0,0,1,4,5,1,1,0,0,1,0,1,0,12,0,5.0,217,39,5.564102564102564
1,2,122,82,1,0,2,0,0,1,1,1,1,0,1,100,3,0,3.0,181,31,5.838709677419355
0,7,144,0,0,0,1,5,1,1,0,0,1,0,1,0,7,0,0.0,497,96,5.177083333333333
0,60,65,114,1,0,0,0,1,1,0,0,2,0,1,0,2,3,4.0,246,46,5.3478260869565215
1,3,105,0,1,5,6,0,1,0,1,1,1,0,1,0,2,1,7.0,415,80,5.1875
1,2,105,0,0,0,6,0,1,0,1,0,1,0,1,0,12,0,3.0,170,30,5.666666666666667
0,24,144,0,0,4,6,0,2,0,2,2,2,0,1,0,2,0,2.0,184,35,5.257142857142857
0,4,144,0,1,0,1,0,1,1,1,0,1,0,1,0,2,0,5.0,408,82,4.975609756097561
0,8,144,114,0,1,0,0,1,1,0,0,0,0,1,0,2,0,2.0,12,2,6.0
0,6,17,41,0,1,4,5,1,0,0,0,1,0,1,0,2,0,3.0,354,67,5.2835820895522385
0,2,144,76,1,0,1,0,2,0,1,0,1,0,1,0,2,0,4.0,220,43,5.116279069767442
0,15,41,0,0,6,0,0,0,0,0,0,1,0,1,0,2,1,12.0,522,104,5.019230769230769
0,7,144,0,0,0,1,5,1,1,1,1,1,0,1,0,2,0,0.0,163,33,4.9393939393939394
0,49,8,0,0,2,3,0,2,1,0,0,1,0,1,0,3,0,2.0,367,65,5.6461538461538465
1,9,105,0,1,2,0,0,0,0,2,2,1,0,1,1,2,0,2.0,23,1,23.0
1,2,104,0,2,4,5,5,1,1,2,2,2,0,2,0,2,0,4.0,257,46,5.586956521739131
0,1,144,114,1,6,0,0,1,1,0,0,1,0,1,0,2,0,2.0,12,2,6.0
0,12,164,41,0,0,1,0,0,1,0,0,2,0,2,0,2,0,2.0,330,59,5.593220338983051
0,48,41,0,0,4,0,0,0,1,1,0,1,0,1,0,2,0,2.0,13,2,6.5
1,24,105,0,1,0,6,0,1,0,0,0,0,0,1,0,12,0,5.0,98,21,4.666666666666667
1,4,105,0,1,0,1,0,0,0,1,1,1,0,2,0,12,0,2.0,150,28,5.357142857142857
0,3,144,0,1,1,0,0,1,1,0,0,1,0,1,50,2,0,2.0,127,26,4.884615384615385
0,1,144,114,2,0,6,0,1,0,0,0,1,0,5,0,2,1,2.0,417,80,5.2125
1,6,105,0,1,1,6,0,1,0,0,0,1,0,1,0,2,0,1.0,288,54,5.333333333333333
0,2,144,0,0,1,0,0,1,1,1,1,1,0,1,1,12,3,3.0,638,128,4.984375
1,0,104,0,2,0,1,5,0,0,1,1,1,0,3,0,12,0,0.0,133,26,5.115384615384615
1,1,105,0,2,0,6,0,1,1,1,1,1,0,2,0,2,0,4.0,149,27,5.518518518518518
0,1,144,0,1,1,0,0,1,0,1,1,1,0,3,0,2,0,3.0,215,37,5.8108108108108105
1,5,88,82,0,0,6,0,2,0,0,0,1,0,1,50,2,0,3.0,139,20,6.95
0,2,144,0,1,2,3,0,1,1,1,1,1,0,1,0,2,0,2.0,133,28,4.75
1,11,105,0,2,0,3,5,1,0,2,2,1,0,14,0,12,0,3.0,429,84,5.107142857142857
1,1,105,0,1,0,3,5,0,0,1,1,1,0,2,0,2,0,3.0,131,24,5.458333333333333
1,2,105,0,1,2,0,0,0,0,1,1,1,0,1,0,12,0,5.0,98,19,5.157894736842105
0,24,144,0,1,0,2,0,1,0,2,2,1,0,1,0,2,0,3.0,663,117,5.666666666666667
0,12,60,47,0,0,1,5,0,2,0,0,0,0,1,300,12,0,5.0,233,46,5.065217391304348
1,2,135,0,1,0,6,0,1,0,1,0,1,0,1,0,2,0,1.0,88,11,8.0
1,36,122,80,0,4,0,0,1,2,1,0,0,1,1,30,2,0,3.0,182,34,5.352941176470588
0,1,47,0,1,0,1,0,0,0,0,0,1,0,1,50,4,0,1.0,214,39,5.487179487179487
0,12,144,0,2,0,1,0,0,0,2,2,2,0,3,0,2,0,3.0,128,23,5.565217391304348
1,0,105,0,0,3,4,0,1,0,1,1,1,0,2,0,2,0,10.0,252,44,5.7272727272727275
1,2,142,0,1,0,6,0,1,1,1,0,1,0,1,0,2,0,1.0,38,6,6.333333333333333
0,72,60,0,1,1,4,0,0,0,2,0,2,0,1,0,2,0,2.0,458,91,5.032967032967033
0,6,144,0,0,1,4,5,0,0,0,0,1,0,1,0,2,0,3.0,71,15,4.733333333333333
1,10,105,0,0,1,6,0,1,0,1,0,0,0,1,5,2,0,3.0,274,55,4.9818181818181815
0,24,144,0,1,4,0,0,1,0,0,0,0,0,1,80,2,0,3.0,113,16,7.0625
0,60,22,0,1,2,3,0,2,0,2,2,2,0,1,0,2,0,2.0,191,37,5.162162162162162
0,14,144,0,1,0,0,0,1,0,0,0,0,0,1,0,12,1,2.0,805,158,5.094936708860759
0,3,144,114,0,0,0,0,1,0,1,0,1,0,1,0,7,0,5.0,91,16,5.6875
1,1,105,0,0,5,6,0,1,0,1,1,1,0,1,0,12,0,1.0,164,28,5.857142857142857
0,5,144,114,0,3,0,0,0,0,1,1,1,0,1,0,4,0,1.0,27,4,6.75
0,3,144,0,1,4,0,0,1,1,0,0,1,0,1,0,2,0,1.0,15,4,3.75
0,36,54,0,1,0,1,5,1,0,0,0,2,0,1,0,12,0,1.0,636,120,5.3
1,1,83,63,2,0,1,5,0,1,0,0,2,0,2,0,2,0,3.0,576,108,5.333333333333333
1,3,105,0,2,1,4,5,1,0,1,1,1,0,3,0,3,0,4.0,356,55,6.472727272727273
0,6,144,0,0,2,3,5,1,1,1,0,1,0,1,0,2,0,4.0,161,28,5.75
0,48,5,4,1,0,1,0,2,2,0,0,0,0,1,0,2,0,3.0,14,3,4.666666666666667
0,2,144,0,1,4,0,0,1,0,1,1,1,0,1,150,2,0,5.0,238,42,5.666666666666667
1,1,105,0,1,1,3,5,0,0,1,1,1,0,1,0,2,0,1.0,93,18,5.166666666666667
0,24,41,0,1,1,0,0,0,0,0,0,0,0,1,0,2,0,1.0,1,1,1.0
1,2,104,0,2,0,1,4,1,1,1,1,1,0,4,0,2,0,3.0,397,78,5.089743589743589
0,4,5,4,0,1,0,0,0,1,2,2,2,0,1,150,2,0,0.0,5,1,5.0
0,18,144,0,1,1,6,0,0,0,0,0,1,0,1,0,2,0,5.0,250,46,5.434782608695652
0,51,67,0,0,6,0,0,2,2,0,0,1,0,1,0,2,0,1.0,144,24,6.0
0,1,144,0,2,0,1,5,0,0,1,1,1,0,6,0,3,0,2.0,47,11,4.2727272727272725
0,36,159,0,1,0,6,0,0,1,0,0,0,0,1,0,2,0,5.0,521,100,5.21
1,12,104,0,0,3,6,0,1,1,2,2,2,0,1,0,0,0,1.0,9,2,4.5
1,3,105,0,1,0,0,0,0,0,1,0,1,0,1,0,5,0,2.0,16,3,5.333333333333333
0,1,149,0,1,0,1,5,2,0,2,1,2,0,2,450,2,0,5.0,93,17,5.470588235294118
0,2,144,0,1,0,1,0,1,1,0,0,2,0,2,0,12,0,1.0,353,69,5.115942028985507
0,48,5,114,0,0,1,0,2,1,0,0,0,0,1,0,2,0,1.0,322,50,6.44
0,36,144,118,0,1,3,0,1,0,2,2,2,0,1,0,2,0,5.0,388,78,4.9743589743589745
1,6,104,0,1,0,6,0,1,1,0,0,1,0,1,0,2,0,5.0,238,45,5.288888888888889
1,12,111,0,1,0,6,0,1,1,0,0,0,0,1,0,12,0,1.0,41,8,5.125
1,1,112,0,2,0,2,5,0,0,1,0,1,0,5,0,12,0,1.0,20,3,6.666666666666667
0,2,144,0,1,0,1,0,1,0,0,0,1,0,2,0,2,0,4.0,338,62,5.451612903225806
1,9,128,0,0,6,0,0,1,0,0,0,1,0,1,0,2,0,2.0,136,24,5.666666666666667
0,4,144,0,1,1,6,0,1,0,0,0,1,0,1,0,2,0,5.0,491,92,5.336956521739131
1,3,122,66,1,0,1,1,1,1,1,1,1,0,3,0,12,0,3.0,276,48,5.75
1,8,105,66,2,0,1,5,1,0,0,0,1,0,6,0,12,0,6.0,590,108,5.462962962962963
0,1,144,0,0,0,1,0,1,0,1,1,2,0,1,0,2,0,3.0,199,36,5.527777777777778
1,1,105,0,0,2,3,5,1,0,1,1,1,0,1,0,12,0,5.0,396,72,5.5
0,5,147,34,0,0,6,0,1,1,0,0,1,0,1,0,2,0,2.0,273,52,5.25
1,2,105,0,1,2,4,4,0,0,1,0,1,0,1,0,12,0,3.0,390,78,5.0
1,2,105,0,0,3,6,0,0,0,1,0,1,0,1,0,12,0,5.0,104,19,5.473684210526316
1,5,105,0,0,0,0,0,0,1,0,0,1,0,1,0,12,0,3.0,268,48,5.583333333333333
0,3,144,129,1,1,0,0,0,0,0,0,1,0,1,0,3,0,3.0,32,5,6.4
1,3,105,0,0,2,4,0,1,0,1,0,1,0,2,0,12,0,3.0,314,53,5.9245283018867925
0,1,144,114,2,0,1,0,1,0,1,1,1,0,2,0,12,0,1.0,57,12,4.75
1,3,105,96,2,0,1,5,0,1,1,0,1,0,5,0,12,0,5.0,191,34,5.617647058823529
0,24,22,0,1,0,0,0,2,0,2,0,0,0,1,0,12,0,2.0,327,61,5.360655737704918
0,6,144,0,1,1,0,0,0,0,0,0,0,0,1,0,12,0,2.0,1276,276,4.6231884057971016
1,1,82,112,1,0,6,0,0,0,0,0,1,0,1,0,2,0,2.0,535,110,4.863636363636363
0,7,144,0,0,0,1,0,2,2,0,0,1,0,1,0,7,0,2.0,838,178,4.707865168539326
0,3,144,4,0,0,1,0,1,0,1,0,1,0,2,0,2,3,8.0,1982,372,5.327956989247312
0,2,144,0,1,0,1,0,1,0,0,0,1,0,1,0,12,0,1.0,23,5,4.6
1,3,105,0,1,3,6,0,1,0,1,0,1,0,1,0,2,0,3.0,78,13,6.0
1,5,122,66,1,0,3,5,1,0,1,1,1,0,1,0,12,0,5.0,91,17,5.352941176470588
1,12,105,0,1,0,6,0,1,0,0,0,0,0,1,0,12,0,5.0,107,20,5.35
0,5,144,9,1,0,1,5,1,1,0,0,0,0,1,0,2,0,3.0,218,45,4.844444444444444
1,2,105,0,0,1,5,5,1,0,0,0,1,0,2,50,6,0,5.0,442,76,5.815789473684211
1,5,105,66,0,2,3,0,1,0,0,0,1,0,1,100,6,0,1.0,204,38,5.368421052631579
0,0,144,114,2,0,1,2,1,1,1,1,1,0,7,0,12,0,1.0,83,16,5.1875
0,3,69,39,1,0,5,0,1,1,0,0,0,0,1,300,12,0,9.0,299,43,6.953488372093023
0,1,144,0,1,0,1,5,1,0,1,1,1,0,1,0,2,0,9.0,841,133,6.323308270676692
1,2,105,0,2,0,1,5,1,0,1,1,1,0,4,0,2,0,4.0,219,45,4.866666666666666
0,2,144,0,1,1,6,0,1,0,0,0,1,0,1,0,2,0,4.0,244,52,4.6923076923076925
0,2,144,0,1,0,1,0,1,1,0,0,1,0,1,0,2,0,1.0,274,52,5.269230769230769
0,2,69,114,0,0,6,0,1,0,1,1,1,0,1,0,2,0,1.0,323,60,5.383333333333334
0,5,144,0,1,0,1,0,1,0,0,0,0,0,1,0,2,0,5.0,245,45,5.444444444444445
1,12,105,0,1,1,4,5,0,0,0,0,0,0,1,0,12,0,1.0,14,3,4.666666666666667
1,5,105,0,1,2,0,0,1,0,1,1,1,0,1,60,12,0,2.0,70,13,5.384615384615385
0,24,144,0,1,0,0,0,1,1,0,0,0,0,1,100,2,0,2.0,424,75,5.653333333333333
0,72,8,0,0,2,0,0,2,2,0,0,1,0,1,0,2,0,2.0,406,82,4.951219512195122
1,2,105,0,2,1,3,5,0,0,1,1,1,0,3,0,2,0,4.0,83,13,6.384615384615385
0,18,41,0,1,1,0,0,0,1,1,0,0,0,1,0,7,0,5.0,350,62,5.645161290322581
1,5,114,101,0,0,6,0,2,1,1,0,1,0,1,50,2,0,5.0,369,60,6.15
1,4,104,91,2,6,0,0,2,1,0,0,0,0,2,100,11,0,2.0,50,10,5.0
0,2,144,0,0,0,1,0,1,0,0,0,1,0,1,50,3,0,2.0,154,21,7.333333333333333
1,14,105,0,0,1,6,0,1,0,0,0,0,0,1,0,12,0,2.0,404,73,5.534246575342466
0,2,144,0,0,0,5,5,0,0,1,1,1,0,3,0,7,0,3.0,318,66,4.818181818181818
1,2,120,0,1,5,6,0,1,0,0,0,1,0,1,0,2,0,1.0,17,3,5.666666666666667
0,4,144,0,1,1,0,0,1,0,0,0,1,0,1,0,2,0,7.0,77,16,4.8125
0,6,38,0,1,0,6,0,1,0,0,0,1,0,1,0,2,0,3.0,645,124,5.201612903225806
0,8,166,114,0,1,0,0,2,0,2,2,1,0,1,0,2,0,6.0,448,90,4.977777777777778
0,7,43,0,1,1,4,0,1,0,0,0,0,0,1,1,12,0,2.0,192,38,5.052631578947368
0,12,144,130,1,0,6,0,2,0,0,1,0,0,1,0,12,0,5.0,130,22,5.909090909090909
0,1,144,0,0,0,6,0,1,0,1,1,1,0,1,50,2,2,4.0,706,137,5.153284671532846
0,24,36,0,0,1,0,0,1,2,0,0,1,0,1,400,2,0,1.0,81,16,5.0625
1,7,105,0,1,1,6,0,1,0,0,0,1,0,1,0,2,0,6.0,493,112,4.401785714285714
0,2,144,0,0,0,0,0,1,0,1,1,1,0,1,0,12,0,1.0,102,20,5.1
0,14,144,44,1,1,0,0,1,1,0,0,0,0,1,0,12,0,4.0,154,24,6.416666666666667
1,6,128,0,1,1,0,0,1,0,1,0,1,0,1,100,12,0,3.0,257,60,4.283333333333333
0,36,22,0,1,0,0,0,2,1,2,2,0,0,1,0,2,0,5.0,441,65,6.7846153846153845
1,1,104,0,1,3,0,0,0,1,1,1,1,0,1,0,2,0,1.0,11,2,5.5
1,6,122,81,0,0,6,0,2,1,1,0,1,0,1,0,2,0,5.0,261,46,5.673913043478261
0,2,144,114,2,0,6,0,1,1,0,0,2,0,2,0,0,0,2.0,139,24,5.791666666666667
0,0,144,114,1,0,6,0,1,0,1,1,1,0,1,0,7,0,1.0,202,39,5.17948717948718
0,1,144,114,2,1,0,0,1,1,1,1,1,0,2,0,3,0,6.0,182,36,5.055555555555555
1,1,105,0,2,1,2,0,0,0,1,1,1,0,4,0,2,0,3.0,307,58,5.293103448275862
0,5,144,114,1,3,0,0,1,1,0,0,1,0,1,0,12,2,3.0,494,96,5.145833333333333
0,5,144,0,1,0,6,0,1,2,0,0,1,0,2,1,2,0,2.0,47,9,5.222222222222222
0,24,144,0,1,4,6,0,1,0,0,0,1,0,1,50,2,0,3.0,311,54,5.7592592592592595
0,1,144,0,1,0,1,0,1,1,1,0,1,0,1,0,12,0,3.0,225,40,5.625
1,48,105,0,1,0,5,5,2,0,0,0,0,0,1,0,2,0,1.0,171,32,5.34375
1,2,96,82,2,0,2,5,0,0,0,0,1,0,2,0,2,0,9.0,458,83,5.518072289156627
1,0,105,0,2,0,1,5,0,0,2,2,2,0,3,0,2,0,3.0,234,37,6.324324324324325
1,2,104,82,1,1,4,0,1,1,1,0,1,0,1,0,2,0,5.0,945,146,6.472602739726027
0,2,144,0,1,1,0,0,1,1,1,0,1,0,1,0,4,0,2.0,23,5,4.6
0,5,144,0,0,0,1,0,1,0,0,0,1,0,1,50,2,0,8.0,568,100,5.68
0,2,144,114,1,1,0,0,1,1,0,0,1,0,1,0,12,0,1.0,176,37,4.756756756756757
1,1,105,0,0,0,6,0,1,1,1,1,1,0,1,30,2,0,2.0,239,51,4.686274509803922
0,3,144,114,1,0,1,5,1,0,1,0,1,0,2,0,2,0,2.0,568,118,4.813559322033898
1,1,105,0,0,0,0,0,0,0,2,2,2,0,1,0,2,0,4.0,178,33,5.393939393939394
0,3,54,114,1,1,6,0,1,0,0,0,1,0,1,0,2,0,3.0,195,37,5.27027027027027
1,15,104,0,1,2,6,0,1,1,0,2,2,0,1,1,12,0,1.0,13,2,6.5
0,24,144,0,0,0,6,0,1,1,1,0,1,0,1,0,12,0,5.0,68,12,5.666666666666667
0,2,144,0,1,4,6,0,1,1,0,1,1,0,1,0,3,0,2.0,145,27,5.37037037037037
0,12,48,0,0,0,1,5,0,0,2,2,2,1,1,0,5,0,3.0,149,21,7.095238095238095
1,6,105,0,0,0,1,5,0,0,0,0,0,0,1,100,2,0,3.0,323,66,4.893939393939394
1,3,120,0,1,1,6,0,1,0,2,2,2,0,1,0,2,0,2.0,49,9,5.444444444444445
0,4,144,0,0,6,0,0,1,0,2,0,1,0,1,0,2,0,1.0,343,65,5.276923076923077
0,1,144,0,0,0,0,0,1,1,1,1,1,0,1,0,7,0,5.0,411,76,5.407894736842105
0,11,144,16,2,0,1,3,1,0,2,2,2,0,5,0,3,0,7.0,193,37,5.216216216216216
1,2,104,0,1,1,2,5,0,1,1,1,1,0,3,0,2,0,5.0,122,24,5.083333333333333
0,0,144,0,1,1,0,0,1,0,1,1,0,0,1,0,2,0,5.0,113,25,4.52
1,12,105,0,0,1,0,0,1,0,0,2,0,0,1,0,2,0,2.0,91,17,5.352941176470588
1,17,105,0,1,0,5,5,0,0,0,2,2,1,1,0,2,0,4.0,564,112,5.035714285714286
1,8,105,0,0,5,0,0,1,0,1,1,1,0,1,0,12,0,3.0,25,4,6.25
1,1,103,0,0,0,1,0,0,1,1,1,1,0,1,0,2,0,1.0,182,35,5.2
0,2,144,0,1,0,1,0,2,0,0,0,1,0,1,0,2,0,5.0,96,15,6.4
1,2,105,0,1,0,4,0,1,0,1,1,1,0,1,170,2,2,4.0,608,112,5.428571428571429
1,2,104,82,2,0,3,5,0,1,1,1,1,0,4,0,12,0,1.0,280,56,5.0
0,3,144,0,0,1,3,0,1,0,0,0,2,0,1,0,5,0,3.0,174,34,5.117647058823529
0,36,144,0,0,1,4,5,1,1,0,0,0,0,1,0,4,0,4.0,901,176,5.119318181818182
0,36,144,0,0,0,0,0,1,1,1,1,2,1,1,0,4,0,3.0,235,48,4.895833333333333
0,24,17,114,1,1,4,5,0,1,0,0,0,0,1,0,2,0,4.0,334,42,7.9523809523809526
1,15,84,0,2,0,2,5,0,0,1,1,0,0,3,0,2,0,3.0,338,64,5.28125
0,12,144,16,1,6,0,0,1,0,2,2,0,0,1,0,2,0,2.0,457,88,5.193181818181818
0,36,60,0,1,1,6,0,0,2,0,0,0,0,1,0,4,0,1.0,1533,296,5.179054054054054
1,2,105,0,0,2,4,5,1,0,1,0,1,0,1,0,2,0,4.0,910,149,6.10738255033557
1,6,103,0,0,0,0,0,1,2,1,1,1,0,1,0,12,0,1.0,79,17,4.647058823529412
1,2,104,0,2,0,1,5,1,0,2,2,2,0,4,0,3,0,1.0,33,5,6.6
1,2,88,0,0,5,6,0,0,1,1,0,1,0,1,0,2,0,5.0,394,85,4.635294117647059
1,1,105,0,2,0,1,5,0,0,1,1,1,0,5,0,2,0,5.0,125,25,5.0
0,48,166,0,1,1,0,0,2,0,0,0,0,0,1,100,2,0,2.0,521,103,5.058252427184466
1,2,105,82,0,1,4,0,1,0,0,0,1,0,1,0,12,0,4.0,297,59,5.033898305084746
0,2,144,0,2,1,3,0,1,0,1,1,2,0,2,0,5,0,3.0,89,15,5.933333333333334
0,2,144,0,1,1,0,0,1,1,2,0,1,0,1,0,4,0,2.0,23,5,4.6
1,6,128,0,0,1,4,0,0,1,1,0,0,0,1,0,2,0,5.0,87,12,7.25
0,2,144,0,1,0,6,0,1,1,0,0,1,0,1,0,2,0,3.0,241,39,6.17948717948718
0,1,144,0,1,1,0,0,1,0,0,0,0,0,1,0,2,0,2.0,281,52,5.403846153846154
1,4,103,96,1,0,2,5,0,2,1,0,1,0,1,250,2,0,2.0,367,58,6.327586206896552
0,5,99,114,1,0,1,0,1,1,0,2,0,0,1,0,2,0,3.0,222,41,5.414634146341464
1,6,104,0,0,1,0,0,0,2,1,1,1,0,1,0,2,0,3.0,254,44,5.7727272727272725
0,76,144,0,0,1,4,5,1,0,0,0,0,0,1,0,12,0,1.0,394,72,5.472222222222222
1,12,105,0,1,0,1,5,1,0,1,1,1,0,1,0,12,0,1.0,125,23,5.434782608695652
0,3,144,0,0,0,1,0,1,0,0,0,1,0,1,0,12,0,3.0,444,83,5.349397590361446
1,2,135,0,0,3,5,0,1,1,1,0,1,0,2,100,12,0,3.0,137,25,5.48
1,3,105,0,1,5,6,0,0,1,1,0,1,0,1,0,5,0,1.0,25,5,5.0
1,2,105,0,1,0,6,0,0,0,1,0,1,0,1,0,3,0,3.0,81,12,6.75
1,3,105,0,1,3,6,0,1,0,0,0,1,0,1,0,2,0,2.0,4,1,4.0
1,3,104,0,1,4,5,5,1,1,0,1,1,0,1,0,2,0,5.0,450,88,5.113636363636363
1,5,97,0,2,5,0,0,1,1,1,2,2,0,5,0,2,0,0.0,42,9,4.666666666666667
0,3,144,0,1,1,6,0,1,0,0,0,1,0,1,0,2,0,9.0,258,44,5.863636363636363
1,1,105,0,0,0,0,0,0,0,1,1,1,0,1,0,2,0,1.0,182,35,5.2
0,60,155,12,2,0,1,5,0,0,0,0,0,0,2,0,2,0,4.0,268,44,6.090909090909091
0,5,144,0,0,1,0,0,1,0,0,0,1,0,1,0,4,0,4.0,523,110,4.754545454545455
0,2,144,0,2,0,1,5,1,1,1,1,1,0,5,0,4,0,6.0,67,12,5.583333333333333
1,21,135,0,0,2,6,0,2,0,0,0,2,0,1,0,12,0,6.0,539,104,5.1826923076923075
0,2,144,0,0,0,1,0,0,0,0,0,1,0,1,0,3,0,5.0,265,47,5.638297872340425
1,4,84,61,1,1,3,0,0,1,2,2,0,0,1,0,3,0,4.0,145,27,5.37037037037037
0,12,41,0,0,4,0,0,0,1,2,2,1,0,1,0,2,0,2.0,889,163,5.45398773006135
0,12,17,114,0,1,6,0,1,1,0,0,0,0,1,0,4,0,6.0,471,91,5.175824175824176
0,1,56,54,2,5,0,0,1,1,1,2,1,0,7,250,12,0,1.0,236,36,6.555555555555555
1,4,105,0,1,4,5,0,1,0,2,2,1,0,1,50,2,0,1.0,699,128,5.4609375
1,1,105,0,2,1,4,5,0,0,1,1,1,0,7,0,2,0,1.0,362,67,5.402985074626866
0,2,144,0,0,0,0,0,1,0,1,1,1,0,3,0,2,0,1.0,68,10,6.8
1,17,122,0,1,4,6,0,1,1,1,1,1,0,1,40,2,0,3.0,89,19,4.684210526315789
0,1,144,0,1,1,0,0,1,0,0,0,0,0,1,0,2,0,1.0,206,42,4.904761904761905
1,1,105,0,0,0,4,4,0,0,1,1,1,0,1,0,12,0,5.0,592,110,5.381818181818182
0,2,65,114,1,0,6,0,0,1,1,1,1,0,3,0,6,0,5.0,210,38,5.526315789473684
0,31,144,0,1,2,4,0,0,0,0,0,0,0,1,80,2,0,5.0,373,74,5.04054054054054
1,54,105,0,0,2,3,5,1,0,0,0,0,0,1,0,12,0,2.0,362,62,5.838709677419355
1,7,105,0,0,2,0,0,1,0,0,0,0,0,1,0,12,0,3.0,310,57,5.43859649122807
0,2,144,0,2,0,3,5,1,0,1,1,1,0,6,0,12,0,6.0,75,15,5.0
1,2,105,0,1,0,5,0,0,0,1,1,1,0,1,0,2,0,2.0,126,22,5.7272727272727275
0,1,144,0,0,0,2,0,1,1,0,0,1,0,1,0,2,0,8.0,393,69,5.695652173913044
1,1,105,0,1,3,6,0,1,0,1,1,1,0,1,0,2,0,1.0,43,8,5.375
1,1,105,82,2,1,2,4,1,0,1,1,1,0,2,0,12,0,14.0,324,52,6.230769230769231
0,50,155,47,0,1,0,0,1,0,1,1,0,0,1,0,7,0,3.0,70,14,5.0
1,16,105,0,1,5,6,0,1,0,1,0,0,0,1,0,2,0,10.0,431,78,5.5256410256410255
1,24,103,0,1,1,0,0,1,2,0,0,0,0,2,150,7,0,1.0,211,36,5.861111111111111
0,2,144,0,0,1,0,0,1,0,1,1,1,0,1,0,12,0,1.0,218,42,5.190476190476191
0,2,144,0,1,1,0,0,1,0,0,0,1,0,1,0,2,0,8.0,1312,243,5.399176954732511
0,3,144,0,1,1,6,0,1,1,0,0,1,0,1,50,2,0,1.0,74,17,4.352941176470588
1,4,105,0,0,1,0,0,1,0,1,0,0,0,1,0,2,0,2.0,180,31,5.806451612903226
0,48,51,0,0,6,0,0,0,2,0,0,2,1,1,0,2,0,4.0,346,65,5.323076923076923
1,7,135,0,0,0,5,5,0,0,0,0,0,0,1,100,2,0,5.0,212,39,5.435897435897436
1,2,105,0,0,1,5,0,0,0,0,0,1,0,1,50,2,0,1.0,103,17,6.0588235294117645
0,48,144,0,1,1,6,0,1,0,0,0,0,0,1,0,2,0,4.0,571,109,5.238532110091743
1,3,104,0,0,0,5,0,1,1,1,1,1,1,1,0,12,0,5.0,151,28,5.392857142857143
1,1,104,0,0,0,0,0,1,1,1,1,1,0,1,0,7,0,1.0,75,16,4.6875
1,7,122,67,0,0,6,0,1,2,1,0,1,0,1,350,2,1,5.0,697,131,5.320610687022901
0,48,159,126,1,2,4,0,0,1,0,0,0,0,1,200,2,0,8.0,381,65,5.861538461538461
1,2,105,0,0,2,6,0,1,0,1,1,1,0,1,0,2,0,5.0,74,13,5.6923076923076925
0,60,41,0,1,4,6,0,0,1,2,2,0,0,1,250,2,0,3.0,181,36,5.027777777777778
0,1,144,0,1,0,6,0,1,1,1,1,1,0,1,0,3,0,2.0,137,20,6.85
0,4,144,0,1,0,0,0,1,0,0,0,1,0,1,0,3,0,7.0,334,60,5.566666666666666
0,14,65,43,0,0,2,5,1,1,0,0,0,0,1,0,2,0,4.0,281,63,4.4603174603174605
0,1,144,0,1,1,4,5,1,0,1,1,1,0,1,0,2,0,5.0,410,78,5.256410256410256
0,2,144,0,1,0,1,1,1,0,1,0,1,0,5,0,2,0,1.0,84,13,6.461538461538462
1,2,82,82,2,1,2,4,0,0,1,1,1,0,2,0,2,0,3.0,447,81,5.518518518518518
0,60,60,0,0,1,6,0,1,1,2,2,2,0,1,0,12,0,2.0,167,30,5.566666666666666
1,3,105,0,1,0,0,0,1,0,1,0,1,0,1,0,12,0,4.0,37,5,7.4
0,12,144,54,1,1,6,0,1,1,0,0,0,0,1,0,2,0,2.0,585,117,5.0
0,1,144,0,0,0,1,0,1,0,1,1,1,0,1,0,3,0,1.0,140,21,6.666666666666667
1,2,105,0,0,0,1,4,0,0,1,1,1,0,1,0,3,0,11.0,274,51,5.372549019607843
1,1,105,81,1,4,0,0,1,0,1,1,1,0,1,0,12,0,1.0,245,52,4.711538461538462
0,4,144,114,1,1,6,0,1,0,1,1,1,0,1,0,12,0,3.0,118,21,5.619047619047619
0,4,144,0,0,1,0,0,1,0,2,2,2,0,1,0,0,0,3.0,58,10,5.8
1,1,104,0,0,0,6,0,1,1,1,0,1,0,1,0,2,0,4.0,284,51,5.568627450980392
1,2,105,0,1,2,6,0,1,0,1,1,1,0,1,0,2,0,2.0,145,23,6.304347826086956
1,3,135,0,2,6,0,0,1,0,1,1,1,0,2,0,12,0,5.0,174,38,4.578947368421052
0,6,144,0,0,1,6,0,1,0,0,0,1,0,1,0,2,1,8.0,699,137,5.102189781021898
0,2,22,114,0,1,0,0,1,0,0,2,1,0,1,0,2,0,6.0,94,20,4.7
0,5,144,0,1,1,0,0,1,0,0,0,1,0,1,0,12,0,1.0,96,18,5.333333333333333
0,2,144,0,2,0,1,5,1,0,1,1,1,0,4,0,2,0,8.0,435,75,5.8
0,3,144,0,2,1,0,0,1,0,1,1,1,0,4,0,2,0,5.0,697,129,5.403100775193798
0,1,144,0,1,0,1,5,0,0,1,0,1,0,1,0,2,0,2.0,150,27,5.555555555555555
0,6,155,0,1,1,0,0,0,0,1,1,1,0,1,0,12,1,2.0,130,20,6.5
0,84,8,16,1,0,0,0,1,1,0,0,1,0,1,0,2,0,1.0,469,88,5.329545454545454
1,2,105,0,0,0,6,0,2,0,1,1,1,0,4,0,2,0,3.0,290,56,5.178571428571429
0,1,144,0,1,0,1,0,1,0,0,0,1,0,1,0,2,0,1.0,241,39,6.17948717948718
1,1,84,0,1,0,3,5,0,0,1,1,1,0,1,0,9,0,1.0,25,4,6.25
1,6,128,82,0,1,6,0,1,0,0,0,0,0,1,0,12,0,2.0,589,115,5.121739130434783
0,6,144,0,1,1,0,0,1,0,1,0,1,0,1,0,3,0,6.0,349,60,5.816666666666666
0,3,144,0,1,0,1,5,1,0,2,2,1,0,1,0,2,0,7.0,370,70,5.285714285714286
0,24,22,114,0,1,4,5,2,0,1,1,1,0,3,0,7,1,5.0,907,167,5.431137724550898
0,2,144,0,1,1,0,0,1,1,1,0,1,0,1,0,3,0,2.0,483,90,5.366666666666666
1,2,105,0,0,1,5,5,1,0,1,0,1,0,2,0,2,0,3.0,305,61,5.0
1,0,105,82,1,0,1,5,0,0,1,1,1,0,6,0,12,0,0.0,337,63,5.349206349206349
0,36,5,114,0,0,2,5,2,1,2,2,2,0,1,0,2,0,1.0,707,120,5.891666666666667
0,5,144,0,2,0,1,5,1,1,0,0,0,0,3,0,2,0,5.0,563,110,5.118181818181818
1,1,135,0,0,0,6,0,1,0,1,0,1,0,1,0,2,0,3.0,33,7,4.714285714285714
0,7,144,0,0,0,0,0,1,1,1,1,1,0,1,0,2,0,1.0,385,68,5.661764705882353
1,3,105,0,0,4,0,0,1,0,1,0,1,0,1,0,12,1,12.0,211,40,5.275
1,1,90,0,1,0,1,5,0,0,1,1,1,0,1,0,12,0,2.0,549,110,4.990909090909091
1,2,105,81,2,0,4,5,1,0,1,1,1,0,5,0,2,0,10.0,716,136,5.264705882352941
1,3,105,0,1,0,1,5,1,0,0,0,2,0,1,0,5,0,4.0,178,36,4.944444444444445
0,2,144,0,1,4,0,0,1,0,1,1,1,0,1,0,12,0,5.0,100,17,5.882352941176471
1,3,105,101,2,6,0,0,1,0,0,0,1,0,2,0,12,0,4.0,347,68,5.102941176470588
1,3,105,0,0,5,6,0,1,0,1,1,1,0,1,0,2,0,9.0,883,155,5.696774193548387
0,2,144,0,0,1,6,0,1,1,0,0,1,0,1,0,2,0,4.0,226,46,4.913043478260869
1,2,135,106,2,1,2,3,0,0,0,0,1,0,2,0,2,0,5.0,136,20,6.8
0,1,144,0,1,1,6,0,2,0,1,1,1,0,1,0,2,0,5.0,377,78,4.833333333333333
0,8,144,114,0,4,6,0,1,1,2,2,2,0,1,0,2,0,3.0,161,32,5.03125
0,3,144,0,0,0,1,0,1,1,0,0,1,0,1,0,2,0,1.0,242,49,4.938775510204081
1,1,105,0,2,0,4,5,0,0,1,1,1,0,2,0,2,0,1.0,179,34,5.264705882352941
0,10,17,13,0,1,6,0,1,0,0,0,1,0,1,0,2,0,0.0,655,132,4.962121212121212
0,2,144,0,0,1,0,0,1,0,2,2,1,0,1,0,2,0,3.0,99,21,4.714285714285714
0,6,144,0,1,2,0,0,1,0,0,0,0,0,1,0,2,0,6.0,203,38,5.342105263157895
1,24,105,0,2,0,1,5,0,0,2,2,1,0,3,0,12,0,5.0,296,54,5.481481481481482
1,3,105,0,0,1,4,5,1,0,0,0,1,0,1,0,2,0,2.0,26,4,6.5
0,1,144,0,1,1,2,0,0,1,1,1,1,0,1,0,2,0,5.0,236,46,5.130434782608695
0,2,144,0,1,1,0,0,1,1,1,1,1,0,1,0,2,0,5.0,381,75,5.08
0,36,144,0,0,0,2,5,2,0,2,2,2,0,4,0,3,0,4.0,455,85,5.352941176470588
0,4,5,114,1,0,1,3,0,1,1,1,1,1,1,30,12,0,3.0,491,98,5.010204081632653
1,3,105,0,2,6,0,0,1,0,1,0,1,0,2,0,12,0,30.0,216,40,5.4
1,8,105,0,1,1,6,0,1,0,0,0,0,0,1,30,12,0,2.0,346,68,5.088235294117647
1,12,93,78,1,5,0,0,1,1,0,0,1,0,1,160,2,0,3.0,371,64,5.796875
0,24,144,0,1,1,4,0,0,1,2,2,2,0,1,0,2,0,2.0,153,29,5.275862068965517
0,5,144,114,0,1,0,0,1,0,1,1,2,0,4,0,2,0,5.0,20,4,5.0
1,24,128,0,1,1,4,0,1,0,1,0,1,0,1,100,2,0,8.0,801,145,5.524137931034483
1,1,105,0,0,0,6,0,0,0,1,1,1,0,1,0,5,0,1.0,20,4,5.0
1,4,128,0,1,6,0,0,0,0,0,0,1,0,1,0,12,0,0.0,125,23,5.434782608695652
1,14,104,0,1,1,0,0,1,2,1,0,2,0,1,0,12,0,1.0,164,41,4.0
0,0,144,114,2,0,1,5,0,0,1,1,1,0,8,0,2,0,2.0,92,16,5.75
0,2,144,0,1,6,0,0,1,0,1,1,1,0,1,20,3,0,1.0,144,25,5.76
0,3,61,6,2,0,5,5,2,1,0,0,1,0,3,0,2,0,7.0,523,90,5.811111111111111
0,17,144,0,0,0,1,0,1,0,1,1,1,0,1,0,7,0,6.0,168,25,6.72
0,12,60,0,0,6,0,0,0,1,2,2,2,0,1,0,2,0,3.0,117,21,5.571428571428571
0,2,144,114,1,0,6,0,1,1,1,0,1,0,1,0,2,0,4.0,12,2,6.0
0,33,61,53,1,2,3,5,1,1,0,0,0,0,1,10,2,0,4.0,200,39,5.128205128205129
1,8,105,0,0,1,5,0,1,0,2,2,2,0,1,0,2,0,2.0,63,13,4.846153846153846
1,2,105,0,2,1,2,0,1,0,1,1,1,0,3,0,2,0,5.0,277,51,5.431372549019608
1,3,103,106,1,1,0,0,1,1,1,0,1,0,1,0,2,0,4.0,317,64,4.953125
0,9,39,114,1,0,3,5,1,0,1,0,0,0,1,0,12,0,2.0,104,19,5.473684210526316
1,24,105,0,1,0,1,2,0,0,1,0,0,0,1,0,12,1,2.0,23,6,3.8333333333333335
0,8,144,0,0,2,4,0,1,0,0,0,1,0,1,0,2,0,5.0,510,97,5.257731958762887
1,4,105,0,1,0,6,0,0,0,1,1,1,0,1,0,12,0,3.0,173,35,4.942857142857143
1,4,105,0,1,0,0,0,1,0,2,2,1,0,1,100,12,0,1.0,151,22,6.863636363636363
0,36,144,0,0,1,0,0,2,0,2,2,2,0,1,0,12,0,1.0,309,58,5.327586206896552
1,2,104,0,1,6,0,0,1,1,1,1,1,0,1,0,2,0,12.0,528,100,5.28
0,3,144,0,1,0,1,0,1,1,1,1,1,0,2,0,2,0,2.0,340,57,5.964912280701754
1,4,104,0,1,0,2,4,2,1,1,0,0,0,1,30,12,0,2.0,121,25,4.84
0,95,66,0,1,1,0,0,2,0,0,0,0,0,1,0,2,0,2.0,213,40,5.325
0,1,144,0,0,1,0,0,1,0,1,0,1,0,1,0,1,0,3.0,153,28,5.464285714285714
1,5,135,0,1,0,6,0,0,0,0,0,1,0,1,0,12,0,3.0,973,187,5.2032085561497325
1,1,105,0,0,0,1,5,1,0,0,0,1,0,1,0,2,0,5.0,112,21,5.333333333333333
1,2,105,82,2,3,5,0,1,0,1,1,1,0,2,0,12,0,4.0,126,25,5.04
0,6,144,0,1,1,0,0,1,0,2,2,2,0,1,0,2,0,3.0,451,91,4.956043956043956
0,3,144,114,1,0,6,0,1,0,0,0,1,0,1,0,4,0,1.0,170,33,5.151515151515151
0,4,144,0,1,0,1,5,1,1,1,1,1,0,1,0,2,0,4.0,238,46,5.173913043478261
0,72,144,0,1,0,6,0,0,1,0,0,0,0,1,0,2,0,2.0,580,113,5.132743362831858
0,3,144,0,1,1,0,0,1,1,1,1,1,0,1,0,12,0,3.0,63,15,4.2
0,120,30,0,1,0,0,0,0,0,0,0,1,1,1,0,2,0,3.0,195,37,5.27027027027027
1,2,105,82,2,5,0,0,1,1,1,1,1,0,2,0,2,0,4.0,312,61,5.114754098360656
1,3,104,0,0,0,6,0,1,1,0,0,1,0,1,50,2,0,2.0,88,18,4.888888888888889
0,12,144,0,1,0,2,5,1,1,0,0,0,0,1,100,3,0,5.0,282,42,6.714285714285714
1,3,105,0,2,0,5,5,1,0,1,1,1,0,3,0,2,0,0.0,134,25,5.36
1,2,135,82,1,0,1,4,1,0,1,0,1,0,1,0,12,0,6.0,513,96,5.34375
0,36,144,16,1,4,0,0,1,0,1,0,0,0,1,0,2,0,5.0,339,64,5.296875
0,2,144,0,1,5,0,0,1,0,1,1,1,0,1,0,2,0,2.0,645,122,5.286885245901639
1,0,105,82,2,0,1,5,1,0,1,1,1,0,5,0,12,0,1.0,118,19,6.2105263157894735
0,1,144,0,1,1,6,0,1,0,1,1,1,0,1,0,2,0,2.0,561,100,5.61
0,24,48,0,1,1,4,0,1,0,2,0,2,0,1,0,2,0,1.0,94,17,5.529411764705882
1,12,104,0,0,3,6,0,1,1,1,0,0,0,1,0,2,0,3.0,416,75,5.546666666666667
1,5,105,0,0,0,5,0,1,0,1,0,1,0,2,0,2,0,17.0,774,127,6.094488188976378
0,3,144,0,0,0,1,0,1,0,1,1,1,0,1,0,2,0,3.0,120,23,5.217391304347826
0,31,5,54,1,0,1,3,1,1,0,0,0,0,1,0,2,0,2.0,132,25,5.28
0,2,144,114,1,1,0,0,1,0,0,0,1,0,1,30,2,0,4.0,503,89,5.651685393258427
0,12,144,114,0,0,1,5,1,1,2,2,2,2,1,0,7,0,3.0,636,137,4.642335766423358
0,60,144,114,0,0,1,5,1,1,0,0,1,0,1,0,7,0,2.0,228,42,5.428571428571429
1,7,105,0,1,0,6,0,0,0,0,0,0,0,1,0,12,0,4.0,39,9,4.333333333333333
0,4,144,0,1,0,1,5,1,0,1,0,2,0,1,0,2,0,2.0,167,32,5.21875
0,12,144,0,1,0,6,0,1,0,2,2,2,0,1,0,3,0,3.0,317,60,5.283333333333333
1,11,105,0,1,1,5,5,1,0,0,0,0,0,1,0,2,0,3.0,270,47,5.74468085106383
0,1,144,0,1,0,0,0,1,0,1,0,1,0,1,0,2,0,5.0,354,52,6.8076923076923075
1,4,105,0,1,5,6,0,1,0,0,0,2,0,2,0,7,0,2.0,69,12,5.75
0,60,41,0,1,4,0,0,0,1,0,0,0,0,1,0,7,0,1.0,86,18,4.777777777777778
0,4,22,114,1,0,0,0,1,0,2,2,2,0,2,0,3,0,5.0,129,23,5.608695652173913
1,2,128,81,2,1,4,5,0,1,1,1,1,0,4,0,12,0,27.0,544,103,5.281553398058253
0,6,144,0,0,0,0,0,1,1,0,0,1,0,1,0,12,0,10.0,158,26,6.076923076923077
0,3,144,0,1,2,4,0,1,0,0,0,1,0,1,0,2,0,2.0,83,15,5.533333333333333
0,3,144,0,1,1,4,0,1,0,0,0,1,0,1,0,2,1,2.0,406,82,4.951219512195122
1,3,128,0,1,0,6,0,1,1,1,1,1,0,1,0,2,0,9.0,164,31,5.290322580645161
1,1,105,0,2,0,1,4,1,0,1,0,1,0,4,0,12,0,3.0,448,87,5.149425287356322
0,2,144,114,1,0,0,0,1,1,1,1,1,0,1,0,2,0,6.0,17,3,5.666666666666667
1,12,104,0,0,0,6,0,1,1,0,0,1,0,1,0,5,0,3.0,192,38,5.052631578947368
0,12,144,0,1,1,2,5,0,0,2,2,2,0,1,0,4,0,5.0,522,95,5.494736842105263
1,1,104,0,1,0,0,0,1,1,0,0,1,0,1,0,2,1,2.0,474,88,5.386363636363637
0,2,144,0,1,1,0,0,0,0,2,2,2,0,1,0,2,0,2.0,139,26,5.346153846153846
1,2,104,0,0,1,2,3,1,1,1,1,1,0,1,0,12,0,3.0,270,53,5.09433962264151
1,2,104,0,1,0,0,0,0,0,2,2,2,1,1,0,2,0,1.0,476,91,5.230769230769231
0,3,144,0,1,1,4,0,1,0,1,1,1,0,1,0,12,0,4.0,529,112,4.723214285714286
1,2,105,0,2,0,3,5,1,0,1,1,1,0,4,0,2,0,4.0,496,90,5.511111111111111
1,1,105,82,2,2,5,5,1,0,1,1,1,0,4,0,2,0,6.0,322,60,5.366666666666666
0,1,144,0,1,2,0,0,1,0,1,1,1,0,1,0,2,0,1.0,78,16,4.875
1,3,105,0,0,0,0,0,1,0,1,1,1,0,1,0,2,0,2.0,180,33,5.454545454545454
0,120,144,0,0,1,2,0,1,1,2,2,2,1,1,0,12,0,1.0,979,192,5.098958333333333
1,3,105,0,1,5,0,0,1,0,1,1,1,0,1,0,2,0,1.0,34,8,4.25
0,2,147,114,1,0,6,0,1,2,0,0,0,0,1,0,4,0,1.0,24,4,6.0
1,2,105,0,2,1,3,5,0,0,1,0,1,0,2,0,2,0,5.0,507,88,5.761363636363637
1,2,105,0,0,0,6,0,1,1,0,0,1,0,2,0,6,0,9.0,616,123,5.008130081300813
0,7,144,0,1,0,1,5,0,0,0,1,0,0,4,0,2,0,21.0,697,127,5.488188976377953
1,3,104,0,1,4,5,5,1,1,0,1,1,0,1,0,2,0,3.0,442,87,5.080459770114943
1,60,96,0,1,0,2,5,1,0,0,0,0,0,1,0,2,3,10.0,760,145,5.241379310344827
0,24,144,0,1,1,0,0,0,0,0,0,0,0,1,0,2,0,5.0,485,92,5.271739130434782
0,2,144,0,1,1,0,0,1,1,2,2,2,0,1,0,0,0,1.0,75,12,6.25
0,5,144,0,1,3,4,5,1,0,0,0,1,0,1,0,3,0,11.0,433,82,5.280487804878049
1,11,103,0,0,0,6,0,1,0,1,1,1,0,1,50,2,0,2.0,374,76,4.921052631578948
0,1,9,0,1,6,0,0,1,2,1,1,1,0,1,0,12,0,4.0,385,82,4.695121951219512
1,2,104,0,1,0,4,0,1,1,1,1,1,0,1,0,2,0,4.0,126,24,5.25
1,9,128,0,1,1,4,0,1,1,0,0,0,0,1,0,12,0,3.0,106,18,5.888888888888889
0,24,144,0,1,2,0,0,1,0,0,0,0,0,1,0,2,0,7.0,408,79,5.1645569620253164
1,12,128,83,1,5,0,0,2,0,2,2,1,0,5,50,2,0,11.0,548,104,5.269230769230769
1,48,104,82,1,0,1,1,1,1,0,0,0,0,2,0,2,0,3.0,179,31,5.774193548387097
0,2,145,114,1,0,0,0,1,0,2,2,1,0,1,0,2,0,4.0,134,25,5.36
1,7,104,0,1,6,0,0,1,1,0,0,1,0,1,100,2,0,3.0,159,32,4.96875
0,2,144,0,2,0,1,0,1,0,0,0,1,0,4,0,12,0,4.0,287,52,5.519230769230769
1,5,105,0,1,5,6,0,1,1,0,1,0,0,3,0,12,0,2.0,174,30,5.8
0,1,144,0,2,0,1,5,1,0,2,2,1,0,8,0,2,0,8.0,132,19,6.947368421052632
1,12,128,80,0,1,4,5,1,2,0,0,1,0,1,100,2,0,2.0,326,61,5.344262295081967
0,24,13,0,1,6,0,0,1,1,2,2,1,0,1,0,7,0,1.0,235,49,4.795918367346939
1,1,105,0,2,5,6,0,1,0,1,1,1,0,2,0,2,0,3.0,96,15,6.4
0,1,144,114,1,1,6,0,1,0,1,2,1,0,1,0,2,0,1.0,20,4,5.0
1,24,122,0,1,0,6,0,0,2,2,1,2,0,1,0,12,0,1.0,662,116,5.706896551724138
1,1,105,0,1,2,0,0,1,0,1,0,1,0,2,0,2,0,2.0,20,3,6.666666666666667
1,2,105,0,2,0,1,5,0,0,0,0,1,0,2,0,2,0,3.0,143,26,5.5
0,3,144,0,1,1,0,0,1,1,0,0,1,0,1,0,2,0,7.0,209,35,5.9714285714285715
1,2,96,82,1,0,1,5,1,0,1,0,1,0,1,0,2,0,5.0,686,135,5.0814814814814815
0,3,144,114,0,4,0,0,1,0,0,0,1,0,1,0,4,0,3.0,220,42,5.238095238095238
0,3,22,114,1,6,0,0,1,1,0,0,1,0,1,0,4,0,5.0,807,147,5.489795918367347
1,2,105,82,2,0,5,0,0,0,1,1,1,0,3,0,6,0,3.0,119,22,5.409090909090909
1,2,120,0,0,1,4,4,0,0,1,1,1,0,1,0,12,0,4.0,334,64,5.21875
1,1,105,0,2,0,6,0,1,0,1,1,1,0,4,0,2,0,0.0,132,20,6.6
0,4,22,114,0,4,0,0,1,0,1,0,0,0,1,50,2,0,3.0,183,34,5.382352941176471
0,2,144,114,1,0,1,0,1,0,0,0,2,0,3,0,2,0,3.0,7,1,7.0
0,4,144,0,0,0,3,0,1,0,0,0,0,0,1,0,4,0,2.0,469,86,5.453488372093023
0,5,144,114,2,0,1,5,1,1,0,0,0,0,15,0,3,0,11.0,246,48,5.125
0,1,144,0,1,6,0,0,1,0,1,1,1,0,1,0,3,0,3.0,176,32,5.5
1,1,120,0,0,0,0,0,1,0,1,1,1,0,1,0,2,0,1.0,214,34,6.294117647058823
1,3,105,0,2,0,5,5,1,0,0,0,1,0,3,0,2,0,9.0,303,56,5.410714285714286
0,24,144,114,1,6,0,0,2,1,0,0,1,0,1,0,2,0,5.0,393,76,5.171052631578948
0,2,144,0,0,1,6,0,1,0,0,0,1,0,1,0,12,0,3.0,425,81,5.246913580246914
1,2,105,0,1,6,0,0,1,0,0,0,1,0,1,30,2,0,1.0,371,66,5.621212121212121
0,48,41,0,0,3,0,0,0,1,0,0,0,0,1,300,12,0,3.0,413,70,5.9
0,3,144,114,1,0,1,5,1,0,1,1,1,0,2,0,2,0,2.0,22,4,5.5
1,18,105,0,0,3,6,0,1,1,0,0,1,0,1,0,12,1,7.0,362,67,5.402985074626866
0,2,144,0,1,1,4,5,0,0,1,0,1,0,1,0,4,0,4.0,289,56,5.160714285714286
0,2,144,0,0,1,0,0,0,0,1,1,1,0,1,0,12,0,2.0,1322,271,4.878228782287823
0,2,144,114,1,1,6,0,1,1,0,0,1,0,1,0,2,0,5.0,12,2,6.0
1,9,130,106,1,0,5,5,1,1,0,0,1,0,1,200,2,0,3.0,1220,241,5.062240663900415
0,1,144,114,0,0,1,0,1,1,1,1,1,0,1,0,2,0,1.0,12,2,6.0
1,4,105,0,0,0,0,0,1,0,1,1,1,0,1,0,2,0,3.0,164,28,5.857142857142857
1,3,105,0,1,0,5,5,0,0,2,2,2,0,2,0,5,0,2.0,16,3,5.333333333333333
1,4,143,0,0,0,6,0,1,0,0,0,1,0,1,100,12,0,5.0,391,66,5.924242424242424
1,2,105,0,1,3,5,5,0,0,1,0,1,0,1,0,12,0,10.0,546,90,6.066666666666666
1,1,128,0,0,6,0,0,0,0,1,0,1,0,1,0,12,0,1.0,562,101,5.564356435643564
1,2,105,0,0,0,0,0,0,0,1,0,1,0,1,0,12,0,12.0,647,111,5.828828828828829
0,2,144,0,0,1,0,0,1,0,1,0,1,0,1,0,3,0,2.0,606,109,5.559633027522936
1,8,128,0,0,6,0,0,1,0,1,1,1,0,1,100,2,0,1.0,15,3,5.0
0,24,144,0,0,1,6,0,1,0,2,2,2,0,1,0,12,0,2.0,81,15,5.4
0,96,41,25,0,2,0,0,1,1,1,0,1,0,1,0,3,0,2.0,230,41,5.609756097560975
1,2,104,0,1,0,3,5,0,1,1,0,1,0,1,0,12,0,5.0,578,113,5.115044247787611
1,6,105,82,2,0,1,5,1,0,0,0,0,0,4,0,2,0,15.0,40,6,6.666666666666667
0,2,144,131,1,0,1,0,1,0,0,0,0,0,1,0,2,0,13.0,339,65,5.2153846153846155
1,4,135,82,0,1,5,5,1,0,0,0,1,0,1,0,12,0,13.0,1034,178,5.808988764044944
0,1,144,114,2,0,1,5,1,1,2,2,2,0,5,0,2,0,11.0,505,102,4.950980392156863
0,3,144,0,1,4,0,0,1,1,1,1,1,0,1,0,2,0,6.0,379,71,5.338028169014085
0,36,144,0,0,0,3,5,1,1,2,2,2,0,1,0,12,0,3.0,632,114,5.543859649122807
0,10,30,0,0,0,1,0,0,0,2,0,0,0,1,0,12,0,5.0,339,59,5.745762711864407
1,4,104,81,0,6,0,0,0,1,1,0,1,0,1,0,2,0,1.0,27,4,6.75
0,42,144,0,0,0,6,0,1,1,0,0,1,0,1,0,12,0,2.0,143,24,5.958333333333333
0,0,144,0,1,1,0,0,1,0,0,0,1,0,1,0,2,0,1.0,405,74,5.472972972972973
0,2,144,114,0,2,0,0,1,1,0,0,1,0,1,0,2,0,2.0,12,2,6.0
1,4,104,0,1,0,5,5,1,1,1,0,2,0,1,0,2,0,4.0,137,22,6.2272727272727275
1,1,105,0,1,0,0,0,2,0,1,0,1,0,2,0,2,0,4.0,263,52,5.0576923076923075
1,62,138,0,1,1,0,0,2,1,0,0,0,0,1,0,12,0,4.0,1097,207,5.299516908212561
0,24,41,47,1,0,1,0,0,2,0,0,0,0,1,250,2,0,2.0,1699,285,5.96140350877193
0,24,163,114,0,0,1,3,1,0,2,2,2,0,1,0,2,0,1.0,931,185,5.032432432432432
0,1,144,0,1,0,1,0,0,1,1,0,0,0,1,0,2,0,1.0,24,4,6.0
1,12,143,0,0,0,0,0,0,1,0,0,0,0,1,50,2,0,1.0,665,115,5.782608695652174
0,2,144,0,1,1,6,0,1,0,1,0,1,0,1,0,4,0,1.0,297,59,5.033898305084746
0,11,144,54,1,2,0,0,1,0,0,0,0,0,1,0,2,0,9.0,377,69,5.463768115942029
0,9,144,0,1,0,1,0,1,0,0,2,0,0,1,0,12,0,1.0,911,176,5.176136363636363
0,11,144,0,0,1,6,0,1,1,0,2,2,0,1,0,2,0,3.0,69,14,4.928571428571429
1,6,104,0,2,1,6,0,0,1,0,0,0,0,2,0,12,0,5.0,530,100,5.3
0,3,144,0,1,1,0,0,1,0,0,0,1,0,1,0,2,0,4.0,229,38,6.026315789473684
0,24,144,116,1,0,6,0,1,1,2,0,0,0,1,0,12,0,1.0,802,151,5.311258278145695
1,6,135,0,0,2,0,0,0,0,2,2,2,0,1,1,2,0,3.0,172,31,5.548387096774194
1,24,114,0,1,1,5,0,2,2,1,0,1,0,1,0,12,0,1.0,59,9,6.555555555555555
0,2,144,0,0,0,1,1,1,1,1,1,0,0,1,0,2,0,3.0,101,18,5.611111111111111
0,24,144,0,0,1,6,0,1,0,2,2,2,0,1,0,12,0,2.0,69,13,5.3076923076923075
1,2,105,0,2,0,4,4,0,0,0,0,1,0,2,80,12,0,15.0,1723,283,6.088339222614841
0,3,144,0,0,1,2,0,0,0,0,0,2,0,1,210,2,0,5.0,1227,225,5.453333333333333
1,24,103,0,1,1,0,0,1,2,0,0,0,0,1,150,7,0,1.0,211,36,5.861111111111111
0,84,60,25,0,4,0,0,0,2,0,0,0,0,1,50,2,0,4.0,849,170,4.9941176470588236
1,3,104,106,0,0,1,4,1,1,1,0,1,0,1,0,2,0,5.0,454,91,4.989010989010989
0,3,144,0,2,0,1,5,1,0,1,0,1,0,4,0,2,0,6.0,292,52,5.615384615384615
0,2,144,0,2,0,1,0,2,0,1,0,1,0,2,50,2,0,20.0,3454,614,5.625407166123779
1,3,128,82,1,4,5,0,0,0,1,1,1,0,1,0,2,0,14.0,525,110,4.7727272727272725
0,2,144,76,0,0,1,0,2,1,0,0,1,0,1,0,2,0,2.0,90,17,5.294117647058823
1,12,105,0,2,0,1,5,1,0,2,2,2,0,2,0,12,0,2.0,13,3,4.333333333333333
0,2,144,0,1,6,0,0,1,0,1,1,1,0,1,20,3,0,1.0,141,25,5.64
0,12,5,114,1,0,1,0,2,1,1,1,2,0,1,100,12,0,1.0,92,20,4.6
0,1,22,114,1,1,0,0,1,0,2,2,1,0,1,0,2,0,1.0,116,21,5.523809523809524
0,24,69,54,0,6,0,0,1,2,0,0,0,0,1,0,2,1,4.0,292,53,5.509433962264151
0,2,144,0,1,0,0,0,1,0,0,1,1,0,1,0,2,0,1.0,786,136,5.779411764705882
0,3,144,114,1,0,0,0,0,1,0,0,1,0,1,0,12,0,1.0,167,30,5.566666666666666
1,4,143,113,0,0,6,0,2,0,0,0,1,0,1,0,12,0,5.0,623,114,5.464912280701754
0,1,144,0,1,0,1,0,1,1,1,1,1,0,1,0,2,0,4.0,67,10,6.7
1,2,105,0,2,0,6,0,0,0,1,1,1,0,3,0,7,0,0.0,70,12,5.833333333333333
1,2,105,95,1,1,5,5,0,0,1,1,1,0,1,0,2,0,4.0,281,52,5.403846153846154
0,0,144,0,1,1,6,0,1,1,1,1,1,0,1,0,2,0,5.0,252,53,4.754716981132075
1,7,105,0,0,4,6,0,1,0,0,0,0,0,1,50,2,0,3.0,127,22,5.7727272727272725
0,3,144,114,0,0,0,0,1,0,1,1,1,0,1,0,12,0,2.0,18,1,18.0
1,4,105,0,1,0,3,5,0,0,1,1,1,0,7,0,2,0,4.0,246,50,4.92
1,3,105,96,1,0,6,0,1,1,0,0,1,0,1,0,12,0,2.0,36,5,7.2
1,3,104,0,0,0,6,0,0,1,1,1,1,0,1,0,2,0,4.0,794,145,5.475862068965517
0,3,144,0,1,0,1,0,1,0,1,0,1,0,1,0,2,0,4.0,270,50,5.4
0,36,144,0,0,2,0,0,1,1,0,0,1,0,1,0,2,0,2.0,381,79,4.822784810126582
1,5,105,0,0,3,4,5,1,0,2,2,2,0,2,0,2,0,5.0,264,47,5.617021276595745
1,2,128,0,0,1,4,0,1,1,1,0,1,0,1,50,2,2,6.0,597,104,5.740384615384615
1,0,84,0,2,1,0,0,0,0,1,1,1,0,3,0,2,0,1.0,87,14,6.214285714285714
1,5,126,110,1,2,5,5,1,0,0,0,1,0,1,0,2,1,6.0,1564,275,5.6872727272727275
1,12,103,0,1,0,1,1,1,2,0,0,0,0,1,0,2,0,5.0,1234,244,5.057377049180328
0,3,144,0,1,1,0,0,1,1,0,0,1,0,1,0,2,0,2.0,162,30,5.4
1,14,105,0,1,1,2,5,1,0,2,0,0,0,1,0,12,0,2.0,285,52,5.480769230769231
1,1,104,0,2,3,5,5,1,1,1,1,1,0,3,0,12,0,5.0,362,73,4.958904109589041
1,2,105,0,2,0,1,4,0,1,1,1,1,0,3,30,2,0,4.0,498,90,5.533333333333333
0,3,144,114,1,1,0,0,1,1,1,0,1,0,1,0,2,0,5.0,14,3,4.666666666666667
1,1,104,80,2,1,2,0,1,1,1,1,1,0,2,0,2,0,3.0,317,56,5.660714285714286
0,2,144,0,2,0,1,0,1,0,1,0,1,0,5,0,2,0,5.0,40,8,5.0
0,15,26,0,1,6,0,0,0,1,0,0,0,0,1,0,2,0,2.0,278,54,5.148148148148148
0,4,5,114,0,0,0,0,1,0,0,0,1,0,1,200,2,0,7.0,2630,490,5.36734693877551
0,1,144,0,1,0,1,5,0,1,1,1,1,0,1,0,2,0,15.0,65,13,5.0
1,24,105,0,1,5,0,0,0,0,0,0,2,0,1,0,12,0,3.0,221,38,5.815789473684211
1,5,96,0,1,0,1,5,0,0,0,0,0,0,1,200,7,0,6.0,1240,233,5.3218884120171674
1,8,104,0,2,1,4,4,2,1,0,0,1,0,2,100,3,0,3.0,102,18,5.666666666666667
1,2,83,0,0,5,6,0,1,2,0,0,1,0,1,400,2,0,10.0,1324,235,5.634042553191489
0,4,144,0,0,4,6,0,1,1,0,0,1,0,1,0,2,0,2.0,354,69,5.130434782608695
0,4,144,0,1,0,0,0,1,0,1,1,1,0,1,0,3,0,1.0,233,48,4.854166666666667
1,10,105,0,1,0,0,0,1,0,1,1,1,0,1,0,2,0,1.0,76,19,4.0
0,1,42,114,0,0,0,0,1,1,1,0,1,0,1,0,2,0,3.0,12,2,6.0
0,2,144,0,2,1,6,0,1,0,0,0,1,0,2,0,4,1,10.0,250,49,5.1020408163265305
0,3,144,4,0,0,6,0,1,1,0,0,1,0,1,0,2,0,5.0,14,3,4.666666666666667
1,4,105,82,0,5,0,0,1,0,1,0,1,0,1,0,2,0,5.0,527,110,4.790909090909091
1,1,105,0,0,0,5,5,1,0,1,0,1,0,1,0,2,0,3.0,452,79,5.7215189873417724
0,36,144,0,0,1,0,0,2,0,1,1,1,2,1,0,2,0,2.0,881,175,5.034285714285715
1,1,84,64,1,0,1,5,0,0,1,1,1,1,1,0,2,0,4.0,197,35,5.628571428571429
0,4,144,0,1,0,0,0,0,0,1,1,1,0,1,0,4,0,1.0,18,3,6.0
1,4,135,0,0,1,4,5,1,2,2,0,2,0,1,0,2,0,1.0,62,13,4.769230769230769
1,3,135,0,2,3,5,5,1,0,2,2,2,0,4,0,7,0,5.0,51,11,4.636363636363637
1,5,105,0,1,1,2,0,0,0,1,1,1,0,1,0,2,0,3.0,183,31,5.903225806451613
0,1,69,114,1,0,4,0,1,1,0,0,1,0,1,200,2,0,8.0,2982,558,5.344086021505376
0,1,144,0,2,0,1,0,1,0,0,0,1,0,5,0,2,0,5.0,74,14,5.285714285714286
1,2,105,82,2,0,1,5,1,1,1,1,1,0,2,0,2,0,3.0,151,23,6.565217391304348
0,24,144,0,0,0,6,0,1,0,1,1,1,1,1,0,2,0,3.0,662,127,5.21259842519685
0,5,144,0,1,0,0,0,1,0,1,1,0,0,1,0,7,0,1.0,67,13,5.153846153846154
0,54,144,0,1,0,0,0,1,1,0,1,1,0,1,0,0,0,2.0,87,14,6.214285714285714
0,1,144,0,0,0,1,0,1,1,0,2,1,0,1,0,2,0,1.0,85,16,5.3125
1,5,105,0,1,0,0,0,1,1,0,0,0,0,1,0,7,1,4.0,154,30,5.133333333333334
0,1,144,114,0,1,0,0,1,1,1,0,1,0,1,0,2,0,1.0,14,3,4.666666666666667
0,2,159,134,0,0,1,0,1,1,0,0,1,0,1,100,12,0,1.0,1164,205,5.678048780487805
0,0,5,114,1,0,1,0,1,2,2,2,2,0,1,0,12,0,5.0,206,39,5.282051282051282
0,1,144,0,1,0,1,5,1,0,2,0,1,0,2,0,2,0,6.0,153,27,5.666666666666667
1,6,105,0,0,5,0,0,0,0,0,0,0,0,1,0,12,0,9.0,1012,169,5.988165680473373
0,3,144,35,1,0,1,0,1,1,0,0,1,0,1,0,2,1,5.0,445,91,4.8901098901098905
1,6,104,0,1,0,1,0,1,1,1,0,1,0,1,70,7,0,6.0,367,77,4.766233766233766
0,2,144,0,2,0,1,5,1,0,1,1,1,0,7,0,2,0,3.0,335,55,6.090909090909091
0,9,144,0,1,0,1,5,1,1,0,0,0,0,1,0,4,1,3.0,582,120,4.85
1,4,105,0,0,0,5,5,1,0,0,0,1,0,1,10,2,0,6.0,761,136,5.595588235294118
0,12,144,0,1,1,0,0,1,0,0,0,2,0,1,0,12,0,2.0,112,21,5.333333333333333
0,123,54,0,1,0,3,5,1,0,0,0,0,0,1,0,2,0,3.0,79,16,4.9375
0,2,8,59,2,0,6,0,1,2,1,1,1,0,3,0,2,0,5.0,999,189,5.285714285714286
0,5,144,0,1,1,5,0,1,1,2,0,1,0,1,0,4,0,3.0,168,34,4.9411764705882355
0,12,5,48,0,0,6,0,2,2,0,0,1,0,1,400,2,0,4.0,65,12,5.416666666666667
1,5,105,0,1,0,1,5,1,0,2,2,1,0,1,0,2,0,3.0,40,8,5.0
1,10,105,0,0,0,6,0,2,0,1,1,1,0,1,0,7,0,1.0,236,49,4.816326530612245
0,3,22,114,1,1,6,0,1,0,0,0,1,0,1,0,2,1,2.0,577,102,5.6568627450980395
0,12,35,0,1,6,0,0,0,1,0,0,2,0,1,0,2,0,4.0,300,56,5.357142857142857
0,2,144,0,0,0,1,0,1,0,1,1,1,0,1,0,2,0,5.0,123,19,6.473684210526316
1,11,105,82,0,3,6,0,1,0,0,0,1,0,2,200,12,0,5.0,165,30,5.5
1,3,105,0,1,1,5,5,1,0,0,0,1,0,1,0,2,1,8.0,307,59,5.203389830508475
1,3,108,82,2,0,3,5,1,0,1,1,1,0,7,0,2,0,3.0,818,158,5.177215189873418
1,1,114,80,2,0,4,4,0,2,1,1,1,0,3,0,12,0,0.0,1070,216,4.953703703703703
1,3,104,0,1,1,3,0,0,1,1,1,1,0,1,0,2,0,1.0,206,40,5.15
0,2,144,114,2,0,3,5,1,0,1,0,1,0,2,0,3,0,2.0,141,29,4.862068965517241
0,56,144,114,1,0,1,0,1,1,0,1,1,0,2,0,7,0,2.0,624,120,5.2
1,1,105,0,2,1,2,2,1,0,1,1,1,0,7,0,12,0,5.0,39,7,5.571428571428571
0,1,144,42,1,1,0,0,1,0,0,0,1,0,1,350,7,0,5.0,514,97,5.298969072164948
0,3,144,0,1,1,0,0,1,0,1,0,1,0,1,80,2,0,1.0,121,22,5.5
0,12,144,0,0,1,2,3,1,0,1,1,1,0,1,0,2,0,5.0,38,6,6.333333333333333
1,1,105,0,2,0,3,5,1,0,1,1,1,0,3,0,2,0,1.0,225,36,6.25
0,2,144,0,2,1,2,0,0,0,1,1,1,0,9,0,12,0,1.0,283,49,5.775510204081633
0,2,144,114,2,0,1,5,1,1,1,0,0,0,6,0,0,0,11.0,38,7,5.428571428571429
0,2,144,0,1,1,0,0,0,0,1,1,1,0,1,0,3,0,3.0,14,2,7.0
0,8,144,114,1,6,0,0,1,0,0,0,0,0,1,0,2,1,1.0,248,48,5.166666666666667
1,2,140,82,1,0,2,3,0,0,1,0,1,0,1,0,2,0,10.0,227,38,5.973684210526316
1,1,104,0,0,0,6,0,0,1,1,1,1,0,1,0,12,0,4.0,125,20,6.25
0,24,51,39,0,5,6,0,0,1,2,2,0,0,1,0,2,0,10.0,272,54,5.037037037037037
1,4,105,0,2,0,3,0,1,0,1,0,1,0,3,0,12,0,3.0,136,25,5.44
1,3,105,0,0,0,6,0,1,0,0,0,1,0,1,15,2,0,1.0,123,21,5.857142857142857
0,4,144,54,1,1,6,0,1,1,1,1,1,0,1,0,2,0,3.0,125,24,5.208333333333333
0,1,144,114,2,0,4,5,1,0,1,0,1,0,3,0,2,2,28.0,344,51,6.745098039215686
0,2,144,0,2,0,1,1,0,1,1,1,1,0,12,0,2,0,5.0,86,17,5.0588235294117645
0,2,144,0,1,0,6,0,1,0,1,0,1,0,1,0,4,0,1.0,334,67,4.985074626865671
0,2,144,0,1,1,6,0,1,0,1,1,1,0,1,0,2,2,4.0,742,152,4.881578947368421
1,1,104,81,2,0,6,0,0,1,1,1,1,0,2,0,7,0,2.0,332,67,4.955223880597015
0,1,144,0,1,0,1,5,1,0,1,1,1,0,6,0,2,0,5.0,45,9,5.0
0,2,144,0,1,1,0,0,1,0,1,1,1,0,1,20,3,0,1.0,117,20,5.85
0,1,144,0,1,0,1,0,1,1,0,0,1,0,1,0,2,0,5.0,353,71,4.971830985915493
1,3,104,0,0,2,0,0,1,1,0,0,2,0,1,0,2,0,3.0,285,53,5.377358490566038
0,3,144,0,0,1,6,0,1,0,1,1,1,0,1,0,12,0,3.0,112,21,5.333333333333333
0,84,17,0,1,1,6,0,0,0,0,0,0,0,1,0,2,0,4.0,494,93,5.311827956989247
1,72,105,0,1,3,0,0,1,0,0,0,0,0,1,0,12,0,8.0,495,98,5.051020408163265
0,4,22,0,1,4,0,0,2,1,0,0,1,0,1,0,13,0,1.0,195,39,5.0
1,3,104,0,0,1,6,0,0,1,0,0,2,0,1,0,12,0,1.0,509,91,5.593406593406593
1,18,122,0,0,6,0,0,2,2,0,0,0,0,1,400,2,0,1.0,116,18,6.444444444444445
0,4,144,0,1,6,0,0,1,0,0,0,1,0,1,0,2,0,12.0,1365,273,5.0
0,2,144,114,1,0,0,0,1,1,1,1,1,0,1,0,2,0,1.0,189,36,5.25
1,2,105,0,2,1,6,0,1,0,1,1,1,0,3,0,2,0,3.0,109,23,4.739130434782608
1,0,105,0,1,0,1,1,0,0,1,1,1,0,1,0,2,0,3.0,157,26,6.038461538461538
1,4,105,0,0,3,6,0,1,0,1,0,1,0,1,0,2,0,6.0,697,132,5.28030303030303
0,36,144,0,1,1,0,0,1,0,2,1,1,0,2,50,2,0,2.0,1401,267,5.247191011235955
0,120,144,0,0,0,1,5,2,2,2,2,2,1,1,0,2,0,4.0,1667,327,5.097859327217125
0,2,144,0,1,0,1,3,1,1,0,0,1,0,2,0,2,0,7.0,382,49,7.795918367346939
1,2,104,0,1,0,6,0,1,1,1,1,1,0,1,60,7,0,8.0,63,11,5.7272727272727275
0,1,144,0,1,0,0,0,0,0,1,1,1,0,1,0,2,0,1.0,109,21,5.190476190476191
0,7,144,0,1,0,0,0,0,0,0,0,0,0,1,0,12,0,25.0,434,84,5.166666666666667
0,2,144,114,0,0,0,0,1,0,1,1,1,0,1,80,2,0,9.0,583,110,5.3
1,3,105,0,0,1,2,5,0,0,1,0,1,0,1,0,4,0,2.0,142,27,5.2592592592592595
1,24,104,0,1,5,0,0,1,1,1,0,1,0,1,0,2,1,4.0,635,122,5.204918032786885
1,12,104,0,1,0,1,4,1,1,0,0,0,0,2,0,12,0,4.0,163,29,5.620689655172414
0,2,144,0,1,0,6,0,1,1,1,1,1,0,1,0,12,0,6.0,30,5,6.0
0,72,54,0,0,1,6,0,1,0,0,0,0,0,1,0,2,0,2.0,1402,236,5.940677966101695
1,12,120,0,2,0,4,5,1,0,2,2,2,0,4,0,2,0,2.0,416,80,5.2
0,6,144,0,0,1,0,0,0,0,0,0,1,0,1,0,2,0,3.0,71,15,4.733333333333333
1,2,105,0,1,1,3,3,0,0,1,1,1,0,1,0,12,0,5.0,914,167,5.473053892215569
0,36,144,0,1,0,1,0,2,0,1,1,1,0,1,0,12,0,3.0,154,27,5.703703703703703
1,1,105,0,1,0,1,5,1,0,1,1,1,0,1,0,2,0,2.0,633,120,5.275
0,4,144,16,1,1,2,5,2,0,1,1,1,0,2,0,2,0,4.0,149,27,5.518518518518518
1,8,105,0,0,2,3,0,1,0,0,0,0,0,1,0,12,0,3.0,116,22,5.2727272727272725
1,2,105,0,1,5,0,0,0,1,1,1,1,0,1,0,12,0,1.0,233,46,5.065217391304348
0,36,54,0,0,0,1,5,1,1,2,2,1,0,1,0,2,0,1.0,195,37,5.27027027027027
1,17,120,0,1,1,2,2,1,0,0,0,1,0,1,0,12,0,1.0,430,83,5.180722891566265
0,4,144,0,0,0,0,0,0,0,0,1,1,0,1,0,2,0,6.0,171,35,4.885714285714286
1,3,105,0,2,3,6,0,0,0,0,0,1,0,2,100,2,0,4.0,545,86,6.337209302325581
1,1,128,0,0,4,0,0,1,0,1,1,1,0,2,0,3,0,3.0,85,8,10.625
1,2,88,0,2,0,1,4,1,1,2,0,2,0,3,0,12,0,0.0,454,79,5.746835443037975
0,2,144,0,1,4,6,0,1,1,1,0,1,0,1,0,3,0,3.0,182,26,7.0
1,60,95,0,1,1,2,4,1,2,0,0,1,0,1,0,7,0,11.0,476,91,5.230769230769231
0,2,144,0,1,0,1,0,1,0,2,2,1,0,1,0,2,0,2.0,138,25,5.52
0,4,22,33,1,1,6,0,1,0,1,1,1,0,1,0,3,0,10.0,114,24,4.75
1,6,82,0,0,0,6,0,1,1,1,1,1,0,1,0,2,0,1.0,1147,226,5.075221238938053
1,3,105,82,2,3,6,0,0,0,1,1,1,0,6,0,2,0,9.0,276,55,5.0181818181818185
0,24,155,30,2,1,6,0,0,1,0,0,0,1,4,385,2,0,5.0,472,86,5.488372093023256
0,11,144,0,1,1,2,0,2,1,0,0,2,0,1,0,7,0,1.0,207,39,5.3076923076923075
1,17,119,0,1,3,5,5,2,2,0,0,1,0,1,500,12,0,3.0,47,8,5.875
0,8,144,114,1,5,0,0,1,0,0,0,0,0,1,0,2,0,4.0,141,4,35.25
1,5,105,0,1,0,6,0,0,0,0,0,2,0,1,0,7,0,2.0,113,20,5.65
0,2,144,0,0,0,0,0,0,1,2,2,2,0,1,0,2,0,4.0,313,5,62.6
0,10,144,114,0,0,2,5,1,1,0,0,1,0,3,0,2,1,12.0,456,94,4.851063829787234
0,36,144,0,1,0,1,3,1,0,1,0,0,0,1,0,2,0,3.0,792,153,5.176470588235294
1,1,105,0,0,0,1,0,0,0,2,2,2,1,1,0,12,0,4.0,32,8,4.0
1,24,104,0,1,0,3,5,1,1,0,0,0,0,1,0,12,0,1.0,34,7,4.857142857142857
1,20,105,101,1,1,4,5,0,0,1,0,0,0,1,30,2,0,3.0,32,7,4.571428571428571
1,3,105,0,0,0,2,5,1,0,0,0,1,0,2,200,2,0,5.0,988,186,5.311827956989247
1,3,114,96,1,1,2,0,0,1,1,0,1,0,1,100,12,0,5.0,421,81,5.197530864197531
0,12,36,114,1,0,1,1,0,1,2,0,0,0,1,0,2,0,1.0,69,12,5.75
1,3,135,101,1,1,4,5,1,0,1,0,1,0,1,0,2,0,5.0,1284,251,5.115537848605578
0,2,144,0,1,0,6,0,1,1,1,1,1,1,1,150,2,0,2.0,149,29,5.137931034482759
0,16,144,0,2,1,3,5,1,0,2,2,2,0,5,0,3,0,5.0,607,118,5.1440677966101696
1,2,105,0,0,0,5,5,1,0,1,1,1,0,1,0,2,0,0.0,67,12,5.583333333333333
0,5,144,114,1,1,6,0,1,0,0,0,0,0,1,0,12,0,1.0,30,5,6.0
0,96,51,0,0,5,0,0,0,1,0,0,1,0,1,0,2,0,1.0,96,17,5.647058823529412
0,2,144,0,1,1,0,0,1,0,1,1,1,0,1,0,2,0,1.0,26,5,5.2
0,1,144,6,0,0,0,0,2,1,0,1,1,0,1,250,7,0,2.0,29,5,5.8
0,12,144,0,0,0,0,0,1,1,2,0,2,0,1,0,12,0,1.0,404,81,4.987654320987654
0,1,144,0,1,0,1,0,1,1,1,1,1,0,1,0,3,0,2.0,142,21,6.761904761904762
1,2,120,0,0,0,0,0,1,0,1,1,1,0,1,0,12,0,0.0,168,31,5.419354838709677
0,12,144,0,0,0,1,5,1,1,0,0,0,0,1,0,2,0,6.0,838,146,5.739726027397261
1,48,104,0,0,1,6,0,1,1,0,0,0,0,1,0,12,0,6.0,458,90,5.088888888888889
1,2,105,0,2,0,2,5,0,0,1,0,1,0,2,0,12,0,1.0,101,20,5.05
0,14,144,0,1,1,0,0,1,0,1,1,0,0,1,0,2,0,4.0,659,126,5.23015873015873
1,3,131,0,2,2,6,0,1,0,0,0,0,0,3,0,12,0,5.0,51,8,6.375
0,12,144,0,0,0,1,0,1,0,2,2,2,0,1,0,4,0,5.0,518,104,4.980769230769231
0,24,144,114,0,6,0,0,1,0,1,1,2,1,2,0,2,0,3.0,587,108,5.435185185185185
1,3,105,0,2,0,5,5,2,0,2,2,2,0,3,0,2,0,3.0,154,29,5.310344827586207
0,1,144,0,1,0,0,0,2,0,1,0,1,0,1,0,12,0,3.0,381,81,4.703703703703703
0,24,144,0,1,1,0,0,2,0,0,0,0,0,1,50,3,0,4.0,293,60,4.883333333333334
1,3,135,0,0,0,0,0,1,0,2,2,2,0,1,0,7,0,2.0,42,10,4.2
0,36,5,0,1,0,1,0,3,0,2,2,2,0,1,0,2,0,3.0,160,31,5.161290322580645
1,2,105,0,0,0,6,0,1,0,1,1,1,0,1,0,2,0,4.0,319,61,5.229508196721311
0,4,144,0,1,0,1,3,1,1,0,0,1,0,1,0,2,0,6.0,662,138,4.797101449275362
0,1,144,0,1,1,0,0,1,0,1,0,1,1,1,38,2,0,1.0,277,52,5.326923076923077
0,36,5,114,1,0,1,0,2,1,2,2,2,0,1,0,2,1,6.0,299,53,5.6415094339622645
1,17,104,0,1,0,3,5,1,1,0,0,1,0,1,70,2,0,1.0,240,42,5.714285714285714
0,2,144,0,0,0,0,0,1,1,0,0,1,0,1,0,2,0,5.0,92,18,5.111111111111111
0,25,54,0,0,0,1,5,1,0,0,0,0,0,1,0,12,0,1.0,329,58,5.672413793103448
0,2,144,0,1,0,1,0,0,0,1,0,2,0,1,0,2,0,2.0,292,56,5.214285714285714
0,2,144,0,1,1,6,0,1,1,0,1,1,0,1,0,3,0,1.0,218,36,6.055555555555555
1,2,105,0,0,3,4,0,0,0,1,1,1,0,1,0,2,0,4.0,519,99,5.242424242424242
1,1,104,0,1,6,0,0,0,1,1,1,1,0,1,0,2,0,3.0,86,17,5.0588235294117645
0,3,144,0,0,0,1,5,1,0,1,0,1,0,1,0,1,0,2.0,363,75,4.84
0,2,144,0,0,0,1,5,1,1,1,1,1,0,1,0,3,0,1.0,92,15,6.133333333333334
0,12,144,0,0,0,3,0,1,0,1,0,1,0,1,0,7,0,5.0,379,79,4.7974683544303796
0,17,144,0,1,0,0,0,0,0,0,0,0,0,1,80,2,0,6.0,488,101,4.8316831683168315
1,2,105,0,0,0,6,0,1,0,1,0,1,0,1,0,2,0,16.0,640,113,5.663716814159292
1,3,140,82,1,0,3,5,0,0,1,1,1,0,1,0,12,0,2.0,279,52,5.365384615384615
0,1,144,0,1,0,1,3,1,1,1,0,0,0,1,0,2,0,7.0,177,28,6.321428571428571
1,4,105,0,0,0,1,0,0,0,1,1,1,0,1,0,2,0,3.0,454,84,5.404761904761905
1,2,105,0,0,0,6,0,0,0,1,1,1,0,1,0,2,0,4.0,5798,1153,5.0286209887250655
1,2,104,0,1,0,1,2,1,1,1,1,1,0,1,0,6,0,4.0,497,81,6.135802469135802
1,5,105,0,0,2,0,0,1,0,1,1,1,0,1,0,2,0,4.0,102,19,5.368421052631579
1,3,135,0,2,1,2,5,1,1,1,0,1,0,2,60,2,0,4.0,1120,204,5.490196078431373
1,17,103,0,1,6,0,0,1,2,0,0,0,0,1,380,2,0,2.0,280,53,5.283018867924528
1,112,105,0,0,0,6,0,0,0,1,1,1,0,1,0,12,0,5.0,271,50,5.42
1,4,105,0,1,3,6,0,1,1,0,0,1,0,1,250,7,0,7.0,1751,301,5.8172757475083055
0,9,166,114,1,0,1,0,1,0,0,0,0,0,1,0,2,0,2.0,238,43,5.534883720930233
1,2,105,0,0,3,0,0,1,0,1,0,1,0,1,0,12,0,9.0,404,81,4.987654320987654
0,36,60,39,0,0,1,4,0,1,0,0,1,0,1,0,7,0,0.0,49,7,7.0
0,3,144,0,1,1,0,0,1,0,0,0,1,0,1,0,2,0,7.0,335,60,5.583333333333333
0,1,144,0,0,0,1,0,1,0,0,0,1,0,1,0,2,0,5.0,89,18,4.944444444444445
0,2,144,0,1,1,6,0,1,1,2,2,1,0,1,0,2,0,1.0,107,18,5.944444444444445
0,3,69,114,0,1,6,0,1,1,1,0,1,0,1,0,2,0,3.0,215,36,5.972222222222222
0,6,51,54,0,4,5,0,1,1,0,0,1,0,1,200,3,0,2.0,116,17,6.823529411764706
1,12,105,0,1,1,4,0,1,0,1,1,1,0,1,0,12,0,3.0,344,59,5.830508474576271
0,96,8,0,0,2,0,0,2,2,0,0,0,0,1,300,7,0,1.0,131,28,4.678571428571429
0,12,41,0,0,5,0,0,0,0,0,2,2,2,1,0,2,0,2.0,276,51,5.411764705882353
0,12,144,0,1,0,1,5,1,0,0,0,2,0,1,0,2,0,2.0,695,128,5.4296875
0,7,144,114,0,0,1,2,1,0,0,0,2,0,1,0,7,0,2.0,140,29,4.827586206896552
0,2,144,0,1,5,0,0,1,0,2,2,2,2,1,0,2,0,0.0,646,129,5.007751937984496
0,2,144,0,1,4,0,0,1,0,1,1,1,0,1,0,2,0,3.0,639,123,5.195121951219512
1,4,105,0,1,0,0,0,1,0,0,0,0,0,1,0,2,0,2.0,230,39,5.897435897435898
1,1,104,81,1,0,1,4,1,1,1,1,1,0,2,0,12,0,7.0,541,106,5.10377358490566
0,4,144,0,0,4,6,0,1,0,1,1,1,0,2,0,2,1,5.0,1451,257,5.64591439688716
0,84,60,0,1,4,0,0,1,0,0,0,0,0,1,0,2,0,1.0,317,64,4.953125
0,1,144,114,1,6,0,0,1,1,0,0,1,0,1,0,2,0,1.0,12,2,6.0
1,4,90,0,0,0,5,5,1,1,0,0,1,0,1,0,2,0,7.0,245,40,6.125
1,0,105,0,2,0,2,5,0,0,1,1,1,0,4,0,12,0,3.0,114,19,6.0
1,3,105,0,0,0,6,0,0,0,1,1,1,0,2,0,2,0,23.0,871,173,5.034682080924855
0,2,144,0,1,0,0,0,1,1,1,1,1,0,1,0,2,0,5.0,319,59,5.406779661016949
0,4,144,0,0,0,0,0,1,0,0,0,1,0,1,70,12,0,5.0,150,31,4.838709677419355
1,6,105,0,0,2,0,0,0,0,0,0,0,1,1,0,12,0,2.0,437,82,5.329268292682927
1,3,104,0,1,2,6,0,0,1,1,1,1,0,1,0,2,0,5.0,96,14,6.857142857142857
1,2,105,0,1,2,6,0,0,0,1,1,1,0,1,80,2,0,3.0,128,25,5.12
0,3,144,114,0,0,1,3,1,0,1,1,1,0,1,0,2,0,3.0,41,6,6.833333333333333
0,2,144,0,1,1,0,0,1,0,1,1,1,0,1,0,2,0,5.0,633,122,5.188524590163935
0,18,144,0,0,1,3,0,1,0,2,2,2,0,1,0,2,0,2.0,768,137,5.605839416058394
0,48,13,0,1,0,6,0,1,1,0,0,0,0,1,0,2,0,0.0,552,115,4.8
1,3,105,0,1,5,6,0,1,1,1,0,1,0,1,0,12,0,5.0,535,105,5.095238095238095
1,2,105,0,1,0,1,5,0,0,0,0,1,0,5,0,2,0,6.0,119,26,4.576923076923077
1,1,105,106,2,0,1,4,1,0,1,0,1,0,3,0,12,0,26.0,733,121,6.0578512396694215
1,8,105,0,0,5,6,0,0,0,0,0,0,0,1,0,12,0,2.0,358,70,5.114285714285714
0,1,144,76,0,0,1,0,2,1,0,0,1,0,1,0,2,0,4.0,279,47,5.9361702127659575
1,4,103,96,0,0,0,0,1,2,2,0,1,0,1,0,2,0,7.0,58,6,9.666666666666666
0,36,144,0,0,6,0,0,1,0,0,0,1,0,1,0,12,0,1.0,150,32,4.6875
0,2,144,114,1,0,1,1,1,1,1,1,1,0,1,0,12,0,5.0,578,84,6.880952380952381
0,8,144,0,0,0,1,5,1,1,0,2,1,0,1,0,2,0,0.0,123,23,5.3478260869565215
1,2,104,0,2,1,4,4,1,1,1,1,1,0,4,0,2,0,3.0,89,16,5.5625
0,24,144,0,0,1,0,0,1,0,0,0,0,0,1,0,2,0,5.0,19,3,6.333333333333333
0,3,144,0,1,0,0,0,1,0,1,1,1,0,2,0,2,0,11.0,1120,198,5.656565656565657
0,2,22,114,0,1,0,0,1,1,1,1,1,0,1,0,3,0,5.0,325,58,5.603448275862069
1,1,104,0,0,0,5,5,1,1,1,1,1,0,1,0,12,0,5.0,270,52,5.1923076923076925
0,2,144,0,1,1,6,0,1,0,1,0,1,0,1,0,2,0,1.0,207,38,5.447368421052632
0,1,144,54,0,0,4,0,1,0,1,0,1,0,1,0,2,0,2.0,282,47,6.0
1,3,105,82,1,4,6,0,1,0,0,0,1,0,1,50,2,0,3.0,398,83,4.795180722891566
1,3,105,0,1,0,6,0,0,0,1,1,1,0,1,0,12,0,1.0,241,45,5.355555555555555
1,2,105,0,1,0,6,0,0,0,1,1,1,0,2,0,2,0,3.0,257,47,5.468085106382978
1,1,105,0,0,0,2,5,0,0,1,1,1,0,2,0,12,0,3.0,217,34,6.382352941176471
0,2,144,0,1,1,0,0,1,0,0,0,0,0,1,0,4,0,4.0,288,53,5.433962264150943
0,24,17,0,0,1,6,0,1,0,0,2,1,0,1,1,2,0,1.0,20,3,6.666666666666667
1,2,105,0,1,1,4,0,0,0,1,0,1,0,3,0,12,0,4.0,297,55,5.4
0,2,144,0,0,0,1,0,0,0,0,0,1,0,1,0,2,0,3.0,91,16,5.6875
1,4,105,0,0,0,5,0,1,0,2,2,2,0,1,0,3,0,5.0,600,128,4.6875
0,13,144,0,0,0,3,5,1,0,1,1,1,0,1,0,12,0,4.0,341,70,4.871428571428571
0,2,144,114,1,0,1,5,1,1,1,0,1,0,1,0,2,0,4.0,12,2,6.0
0,3,144,0,2,0,0,0,1,0,1,1,1,0,3,0,0,0,1.0,480,83,5.783132530120482
0,5,22,54,1,4,6,0,1,0,0,0,0,0,1,0,12,0,5.0,147,28,5.25
0,5,144,0,1,0,1,5,1,0,0,0,1,0,6,72,7,0,20.0,1380,255,5.411764705882353
0,10,144,0,1,1,6,0,1,0,0,0,0,0,1,50,2,0,2.0,138,23,6.0
1,2,105,0,2,0,1,5,1,0,1,1,1,0,5,0,2,0,5.0,314,58,5.413793103448276
1,1,105,82,2,0,1,5,1,0,1,1,1,0,6,100,12,0,3.0,142,26,5.461538461538462
0,10,41,30,0,2,4,0,1,2,2,2,2,0,1,300,2,0,5.0,101,18,5.611111111111111
1,2,104,82,0,0,6,0,1,1,1,0,1,0,1,50,2,0,5.0,589,106,5.556603773584905
0,1,144,0,1,0,1,0,1,0,2,2,2,0,1,0,2,0,2.0,76,13,5.846153846153846
0,2,144,0,0,1,6,0,1,0,0,0,1,0,1,0,12,0,3.0,218,39,5.589743589743589
0,4,144,0,1,0,1,4,1,1,1,1,1,0,6,0,2,0,5.0,141,25,5.64
0,4,144,0,1,1,0,0,2,1,2,2,1,0,1,0,2,0,1.0,117,21,5.571428571428571
0,4,144,0,2,0,4,5,1,1,0,0,1,0,5,0,2,0,4.0,103,17,6.0588235294117645
0,84,60,0,0,1,6,0,1,1,2,2,2,0,1,0,2,0,3.0,171,29,5.896551724137931
1,6,84,0,0,1,5,5,1,0,1,0,0,0,1,0,12,0,0.0,448,92,4.869565217391305
0,18,144,0,1,6,0,0,1,1,0,0,0,0,1,0,2,0,4.0,879,163,5.392638036809816
1,40,105,0,1,0,5,5,1,0,0,0,0,0,1,0,12,0,5.0,1247,230,5.421739130434783
0,3,144,114,1,6,0,0,1,0,1,1,1,0,1,0,12,0,3.0,382,73,5.232876712328767
0,3,144,0,1,1,0,0,1,0,0,0,1,0,1,0,12,0,1.0,35,7,5.0
0,6,99,114,0,0,1,5,1,1,0,0,1,0,1,0,4,0,4.0,516,93,5.548387096774194
0,2,144,0,0,1,0,0,1,1,1,1,1,1,1,0,2,0,2.0,598,108,5.537037037037037
0,8,144,0,1,0,0,0,1,0,0,0,0,0,1,0,5,0,8.0,459,87,5.275862068965517
0,0,144,0,2,0,1,1,1,1,1,2,1,0,6,0,7,0,1.0,99,20,4.95
1,2,105,0,2,4,5,5,1,0,1,1,1,0,5,0,2,0,5.0,188,30,6.266666666666667
0,2,144,114,1,0,1,5,1,0,1,0,1,0,1,100,2,1,8.0,114,22,5.181818181818182
0,8,47,0,1,0,0,0,2,2,0,0,1,0,1,1000,2,0,2.0,123,24,5.125
0,2,144,0,1,0,1,3,0,1,0,0,1,0,2,0,12,0,15.0,299,52,5.75
1,1,104,0,0,2,4,0,1,1,1,0,1,0,1,50,2,0,5.0,648,117,5.538461538461538
1,2,105,0,2,6,0,0,0,0,1,1,1,0,3,0,3,0,5.0,146,24,6.083333333333333
1,10,105,0,1,0,6,0,1,0,0,0,0,0,1,100,12,0,1.0,370,69,5.36231884057971
0,1,144,114,1,1,2,0,0,0,2,2,2,0,1,0,2,0,8.0,137,28,4.892857142857143
1,3,105,82,0,3,0,0,1,0,1,0,1,0,1,0,12,0,1.0,105,21,5.0
0,108,47,0,1,0,0,0,2,1,2,2,2,1,1,0,12,0,1.0,355,74,4.797297297297297
1,3,105,0,1,0,6,0,1,0,0,1,0,0,1,0,12,1,1.0,1264,247,5.117408906882591
1,5,135,0,1,1,0,0,1,0,1,1,0,0,1,0,12,0,5.0,324,60,5.4
0,6,144,0,0,1,0,0,1,0,2,2,1,0,1,0,12,0,3.0,187,33,5.666666666666667
0,0,144,0,1,0,1,5,0,0,2,2,2,1,1,0,2,0,1.0,651,129,5.046511627906977
1,3,104,82,2,0,4,0,2,1,0,0,1,0,2,0,2,1,7.0,432,79,5.468354430379747
1,17,105,0,1,3,6,0,1,0,2,2,1,0,1,0,12,0,1.0,144,35,4.114285714285714
0,1,144,0,1,1,0,0,1,0,1,0,1,0,1,0,2,1,14.0,679,115,5.904347826086957
0,2,69,129,0,0,2,0,1,1,0,0,1,0,1,250,12,0,5.0,320,55,5.818181818181818
0,0,144,114,2,1,6,0,1,0,2,2,2,0,2,0,2,0,5.0,169,34,4.970588235294118
0,57,41,0,1,1,0,0,1,1,0,0,1,0,1,250,0,0,1.0,101,17,5.9411764705882355
0,21,22,0,0,1,0,0,2,0,0,2,0,0,1,300,12,0,3.0,201,36,5.583333333333333
0,96,154,0,1,1,6,0,0,0,0,0,2,0,1,0,3,0,2.0,346,69,5.0144927536231885
0,1,144,0,1,6,0,0,1,1,1,1,2,0,2,0,12,0,11.0,262,53,4.943396226415095
1,8,84,0,1,0,5,5,1,0,0,0,0,0,3,300,2,0,2.0,186,32,5.8125
0,4,144,114,0,0,1,5,1,1,0,0,1,0,1,0,2,0,2.0,12,2,6.0
1,4,104,0,0,0,0,0,1,1,1,1,1,0,1,0,2,2,11.0,548,111,4.936936936936937
0,12,144,0,1,0,1,0,2,0,0,0,0,0,1,0,2,0,20.0,248,43,5.767441860465116
1,3,104,0,0,0,1,0,1,1,1,0,1,0,1,0,2,0,1.0,85,14,6.071428571428571
0,3,22,0,1,0,0,0,2,0,0,0,2,0,1,0,2,0,0.0,971,190,5.110526315789474
1,3,105,82,1,0,6,0,0,0,1,0,1,0,2,0,2,0,5.0,450,93,4.838709677419355
1,1,105,0,2,0,1,5,0,0,1,1,1,0,4,0,2,0,1.0,394,82,4.804878048780488
0,3,69,12,1,4,5,5,1,1,1,0,1,0,1,150,12,0,8.0,95,15,6.333333333333333
1,3,105,0,0,0,5,5,0,0,1,1,1,0,1,0,12,0,2.0,27,6,4.5
1,14,135,0,1,0,1,4,1,0,1,1,1,0,2,0,4,0,3.0,251,46,5.456521739130435
0,2,144,0,1,0,0,0,1,0,0,0,1,0,1,0,2,0,3.0,76,12,6.333333333333333
0,12,65,114,1,6,0,0,0,2,2,2,2,0,1,0,12,0,5.0,1246,187,6.663101604278075
0,6,144,127,1,2,0,0,2,2,0,0,0,0,1,350,7,0,8.0,437,81,5.395061728395062
1,17,104,0,1,5,0,0,1,1,2,2,0,0,1,0,2,0,2.0,510,105,4.857142857142857
0,32,144,0,1,1,6,0,1,1,2,0,2,0,1,0,4,0,2.0,179,33,5.424242424242424
0,2,22,114,0,1,6,0,1,1,1,1,1,0,1,0,12,0,1.0,57,12,4.75
1,5,105,0,1,0,1,3,1,0,0,0,1,0,1,0,2,0,1.0,64,13,4.923076923076923
0,2,144,114,0,6,0,0,1,0,1,1,1,0,1,0,2,0,3.0,191,41,4.658536585365853
0,3,144,0,0,1,6,0,1,0,2,2,2,0,1,10,2,0,1.0,113,22,5.136363636363637
1,1,105,0,2,0,4,5,0,0,1,0,1,0,3,0,12,0,3.0,37,5,7.4
0,24,147,114,1,0,6,0,1,2,0,0,0,0,1,0,2,0,2.0,201,38,5.2894736842105265
1,6,96,0,1,0,3,5,1,0,1,1,1,0,3,0,2,0,2.0,69,15,4.6
1,12,135,0,1,0,5,0,0,1,2,2,0,1,1,0,2,0,5.0,233,47,4.957446808510638
1,4,104,0,1,4,6,0,1,1,1,1,1,0,1,0,5,0,5.0,117,19,6.157894736842105
0,84,8,0,1,2,0,0,2,2,0,0,1,0,1,0,12,0,2.0,990,186,5.32258064516129
0,9,144,114,0,1,3,0,1,1,1,0,0,0,1,0,4,0,1.0,133,28,4.75
1,10,105,72,0,0,6,0,2,0,2,2,2,0,1,0,12,0,3.0,542,109,4.972477064220183
1,1,122,0,2,6,0,0,0,1,1,1,1,0,5,100,2,0,11.0,70,13,5.384615384615385
1,2,122,80,1,4,0,0,1,2,1,0,1,0,1,100,2,0,5.0,693,126,5.5
1,2,104,0,2,0,3,5,0,1,1,1,1,0,5,0,2,0,5.0,397,74,5.364864864864865
0,1,144,114,0,0,1,5,1,0,1,0,1,0,2,0,2,0,4.0,113,13,8.692307692307692
0,2,144,0,0,0,1,3,1,0,1,1,1,0,1,0,2,0,1.0,148,32,4.625
0,4,144,0,1,6,0,0,1,0,2,2,2,0,1,0,12,0,2.0,671,127,5.283464566929134
1,3,105,0,0,0,0,0,1,0,0,0,1,0,1,59,12,0,4.0,2349,417,5.633093525179856
0,24,41,0,0,6,0,0,0,1,2,2,2,0,1,0,12,0,3.0,161,27,5.962962962962963
1,2,135,68,0,0,5,5,1,0,1,0,1,0,1,0,12,0,4.0,1210,211,5.734597156398104
1,48,105,0,0,0,6,0,2,0,0,1,0,0,1,0,12,0,5.0,234,44,5.318181818181818
1,7,103,106,0,0,6,0,2,2,1,1,1,0,1,0,2,0,5.0,382,68,5.617647058823529
1,2,143,61,2,0,5,5,0,0,2,2,2,0,3,0,5,0,5.0,11,2,5.5
1,12,105,0,1,1,4,5,1,0,2,2,2,0,1,0,12,0,5.0,500,100,5.0
1,5,105,0,1,0,5,5,1,1,0,0,2,0,1,0,2,0,5.0,349,66,5.287878787878788
0,7,144,0,1,1,0,0,2,1,2,2,2,0,1,0,2,0,4.0,61,10,6.1
1,5,105,0,0,0,6,0,1,0,1,0,1,0,1,0,2,1,12.0,422,80,5.275
1,15,105,0,0,0,1,0,1,0,1,1,1,0,1,0,2,0,3.0,178,35,5.085714285714285
1,5,105,82,1,2,3,5,0,0,0,0,1,0,2,10,12,0,12.0,191,33,5.787878787878788
1,4,105,106,1,0,1,5,1,1,0,0,0,0,2,100,2,0,2.0,224,46,4.869565217391305
1,5,105,0,1,0,1,4,0,0,1,1,1,0,1,0,2,0,4.0,287,59,4.864406779661017
0,36,144,0,0,0,1,5,1,1,2,2,0,0,1,0,2,0,5.0,711,146,4.86986301369863
0,2,144,0,1,0,1,0,1,0,1,0,1,0,1,0,2,0,2.0,528,95,5.557894736842106
0,8,144,0,1,1,0,0,1,1,0,0,0,0,1,0,7,0,1.0,143,27,5.296296296296297
0,4,144,131,1,1,0,0,1,0,0,0,0,0,1,0,7,0,2.0,358,60,5.966666666666667
1,2,105,0,2,0,5,0,1,0,1,0,1,0,4,0,12,0,3.0,290,54,5.37037037037037
1,1,105,0,0,1,3,5,0,0,1,1,1,0,1,0,12,0,2.0,50,10,5.0
1,2,105,0,0,0,1,5,1,1,1,1,1,0,1,0,2,0,7.0,711,124,5.733870967741935
1,7,104,0,2,1,2,0,1,1,1,1,1,0,5,0,12,0,9.0,79,16,4.9375
1,2,105,0,2,0,1,4,0,0,1,2,1,0,3,0,2,0,3.0,308,56,5.5
0,2,144,0,0,4,6,0,1,0,1,1,1,0,1,5,3,0,4.0,125,13,9.615384615384615
1,1,122,0,1,6,0,0,1,2,1,1,1,0,1,800,2,0,3.0,103,18,5.722222222222222
0,1,144,0,2,0,1,5,1,0,1,1,1,0,3,0,4,0,9.0,623,134,4.649253731343284
1,4,88,0,1,0,1,4,0,0,1,2,1,0,1,50,2,0,5.0,282,52,5.423076923076923
1,1,105,0,1,0,5,5,1,0,1,0,1,0,1,0,2,0,7.0,55,10,5.5
1,0,104,83,2,0,5,5,1,1,1,1,1,0,4,100,2,0,2.0,296,54,5.481481481481482
1,2,105,0,0,6,0,0,1,0,1,1,1,0,1,0,12,0,5.0,184,37,4.972972972972973
0,42,19,114,2,0,6,0,1,1,0,0,0,0,2,0,2,0,4.0,683,138,4.949275362318841
1,1,135,0,2,0,5,5,0,0,2,2,2,0,3,0,2,0,3.0,157,27,5.814814814814815
0,14,144,4,1,0,1,0,1,1,0,0,0,0,1,0,2,0,1.0,60,13,4.615384615384615
0,16,164,10,1,0,0,0,1,1,0,0,2,0,2,0,2,0,2.0,274,48,5.708333333333333
0,12,144,0,1,1,0,0,1,0,1,0,0,0,1,0,7,0,4.0,369,71,5.197183098591549
1,1,128,106,0,1,4,5,0,0,0,0,1,0,1,0,2,0,4.0,277,53,5.226415094339623
1,8,105,0,1,4,6,0,1,1,0,0,1,0,1,0,12,0,5.0,17,3,5.666666666666667
0,2,166,114,1,0,1,0,1,1,0,2,1,0,1,0,2,0,4.0,120,22,5.454545454545454
0,1,47,119,1,0,1,0,1,1,0,0,1,0,1,0,2,0,6.0,132,22,6.0
1,8,122,72,1,1,6,0,1,1,0,0,1,0,1,0,2,0,4.0,55,8,6.875
1,3,104,0,0,0,1,1,0,1,0,0,0,0,1,0,5,0,5.0,363,57,6.368421052631579
0,2,144,0,2,1,4,5,1,0,2,2,2,0,4,0,2,1,4.0,54,12,4.5
0,4,61,4,1,0,1,0,2,1,0,0,1,0,1,600,2,0,2.0,243,45,5.4
0,1,144,0,2,0,1,5,1,0,1,1,1,0,8,0,2,0,3.0,738,157,4.7006369426751595
1,8,112,0,1,5,6,0,1,0,1,1,1,0,1,0,2,0,3.0,121,27,4.481481481481482
0,29,8,0,0,1,2,3,2,2,2,2,1,0,1,400,2,0,3.0,374,66,5.666666666666667
1,1,84,0,1,0,6,0,0,0,1,1,1,0,1,0,12,0,1.0,23,4,5.75
0,36,41,0,0,1,0,0,1,2,0,0,1,0,1,150,12,0,3.0,569,119,4.781512605042017
1,3,88,63,1,0,2,4,1,0,1,1,1,0,1,0,2,0,3.0,687,131,5.244274809160306
0,2,5,114,1,0,1,0,1,0,1,0,1,0,1,250,12,0,2.0,151,24,6.291666666666667
0,2,144,0,0,1,6,0,1,0,0,0,1,0,1,0,2,0,3.0,68,11,6.181818181818182
0,1,144,0,1,4,0,0,1,1,1,1,1,0,1,0,2,0,5.0,630,121,5.206611570247934
1,3,105,0,0,0,5,0,1,0,1,0,1,0,1,0,7,0,10.0,350,62,5.645161290322581
0,48,144,0,1,0,4,5,1,1,0,0,0,0,1,0,12,0,5.0,562,18,31.22222222222222
1,1,103,0,2,0,6,0,0,2,1,1,1,0,2,0,2,0,5.0,187,39,4.794871794871795
0,4,144,0,0,0,1,0,1,0,0,0,2,0,1,0,2,0,3.0,176,32,5.5
0,2,79,114,1,0,1,0,1,0,2,2,1,0,1,0,2,0,4.0,134,25,5.36
0,6,144,0,0,6,0,0,1,1,0,0,1,0,1,0,2,0,6.0,172,32,5.375
1,12,104,0,1,0,3,5,1,1,0,0,1,0,1,0,2,0,2.0,207,31,6.67741935483871
0,2,144,0,1,0,4,5,1,0,0,0,1,0,3,0,7,0,13.0,64,9,7.111111111111111
1,11,105,0,2,2,6,0,1,1,1,1,1,0,3,0,12,0,3.0,54,11,4.909090909090909
1,3,128,0,2,1,4,5,1,0,1,0,2,0,2,0,2,0,5.0,62,12,5.166666666666667
0,1,144,0,2,0,1,1,1,0,2,2,1,0,8,0,2,0,7.0,88,14,6.285714285714286
1,4,105,0,0,6,0,0,1,0,2,2,1,0,1,0,2,1,3.0,420,78,5.384615384615385
1,7,143,0,1,0,6,0,1,1,0,0,0,0,1,150,2,1,8.0,965,189,5.105820105820106
0,2,144,0,1,1,0,0,1,1,0,0,1,0,1,0,0,0,1.0,21,4,5.25
1,4,105,0,1,2,6,0,0,1,1,1,1,0,1,0,2,0,5.0,280,45,6.222222222222222
0,2,144,16,0,1,6,0,1,1,1,1,1,0,1,0,12,0,2.0,138,25,5.52
1,3,104,0,2,0,5,5,1,1,1,1,1,0,6,0,2,0,3.0,118,21,5.619047619047619
0,1,144,0,0,3,4,0,1,1,1,0,1,1,1,0,5,2,7.0,109,18,6.055555555555555
1,5,104,0,2,0,1,2,0,1,1,1,1,0,4,0,12,0,12.0,42,7,6.0
0,2,144,0,1,5,6,0,0,0,1,0,2,0,1,0,2,0,1.0,313,63,4.968253968253968
1,2,105,0,0,1,5,0,1,0,1,0,1,0,1,0,2,1,2.0,325,58,5.603448275862069
1,1,96,0,2,0,5,5,1,1,1,1,1,0,3,0,2,0,3.0,125,24,5.208333333333333
0,3,144,0,1,0,0,0,1,0,0,0,1,0,1,0,2,0,12.0,218,41,5.317073170731708
0,36,51,114,0,0,6,0,1,1,2,2,2,0,1,0,2,0,2.0,244,40,6.1
0,2,144,114,0,0,1,5,1,0,1,1,1,0,4,0,2,0,4.0,392,73,5.36986301369863
0,3,144,0,1,4,0,0,1,0,0,0,0,0,1,0,2,0,4.0,153,28,5.464285714285714
0,36,40,0,1,1,0,0,0,2,2,2,0,0,1,0,2,0,1.0,178,35,5.085714285714285
1,3,104,0,1,1,3,5,1,1,1,0,1,0,1,0,7,0,5.0,128,21,6.095238095238095
0,1,144,0,0,6,0,0,1,1,1,1,2,0,8,0,2,0,2.0,51,9,5.666666666666667
0,1,144,0,2,0,1,0,1,0,1,0,1,0,4,0,2,0,5.0,181,32,5.65625
1,1,105,0,1,0,0,0,1,0,2,2,2,0,1,0,12,0,3.0,252,52,4.846153846153846
0,2,144,0,1,1,6,0,1,0,1,1,1,0,1,0,2,0,1.0,92,18,5.111111111111111
0,3,144,0,0,1,0,0,1,0,0,0,1,0,1,0,7,1,7.0,410,77,5.324675324675325
0,3,144,0,1,1,0,0,1,1,2,2,2,0,1,0,12,0,2.0,29,6,4.833333333333333
0,3,5,114,0,0,1,0,2,1,1,0,1,1,1,300,2,0,3.0,58,12,4.833333333333333
1,6,105,0,1,6,0,0,1,0,0,0,1,0,1,0,2,0,3.0,314,62,5.064516129032258
0,5,144,0,1,2,4,0,1,0,0,0,0,0,1,0,2,0,4.0,262,46,5.695652173913044
0,1,144,0,1,0,1,5,1,2,1,1,1,0,1,0,12,0,1.0,67,12,5.583333333333333
0,2,144,0,0,0,6,0,0,0,1,1,1,0,1,0,12,0,4.0,157,25,6.28
0,3,38,129,1,6,0,0,1,0,1,1,1,0,1,0,12,1,4.0,241,41,5.878048780487805
0,72,60,114,1,1,4,0,0,1,2,2,2,0,1,0,7,0,1.0,290,57,5.087719298245614
0,36,144,0,0,0,6,0,2,2,0,0,0,0,2,0,2,0,4.0,225,44,5.113636363636363
1,3,105,0,0,1,5,0,0,0,1,1,1,0,1,0,12,0,6.0,330,62,5.32258064516129
0,21,54,0,0,0,1,5,1,0,0,0,1,0,1,300,12,0,1.0,89,17,5.235294117647059
1,1,105,0,0,0,1,1,1,0,0,0,1,0,3,0,2,0,3.0,193,30,6.433333333333334
0,12,144,0,1,2,4,0,1,1,1,1,1,1,1,0,12,0,5.0,1860,359,5.181058495821727
1,2,105,0,0,6,0,0,1,0,0,0,1,0,1,0,2,0,5.0,613,119,5.151260504201681
0,60,22,114,0,4,6,0,1,1,0,0,0,0,1,0,2,0,9.0,530,97,5.463917525773196
0,10,144,0,0,1,3,5,1,1,0,0,1,0,1,0,2,0,1.0,166,30,5.533333333333333
1,24,105,82,2,0,1,5,1,0,2,2,2,1,5,0,2,0,1.0,52,8,6.5
1,3,107,0,1,1,3,4,1,1,1,1,1,0,1,0,1,0,2.0,90,15,6.0
1,5,141,66,1,5,6,0,1,0,1,0,1,0,2,0,12,0,1.0,174,34,5.117647058823529
0,48,8,0,0,2,0,0,2,2,2,2,2,0,1,0,2,0,1.0,16,3,5.333333333333333
1,5,105,0,0,5,6,0,1,0,1,0,1,0,1,0,12,1,11.0,266,54,4.925925925925926
0,3,144,0,0,1,6,0,1,1,1,0,1,0,1,100,2,0,3.0,76,14,5.428571428571429
0,7,144,0,0,4,6,0,1,0,0,0,0,0,1,0,2,1,1.0,230,45,5.111111111111111
0,2,144,0,2,0,1,5,1,0,1,1,1,0,5,0,12,0,3.0,1228,239,5.138075313807532
1,4,105,0,1,5,0,0,1,0,1,1,1,0,1,0,2,0,4.0,118,19,6.2105263157894735
0,2,144,4,1,0,1,0,1,1,0,0,0,0,1,0,2,0,26.0,424,78,5.435897435897436
1,3,105,0,1,0,0,0,1,0,1,0,1,0,1,0,2,0,3.0,358,61,5.868852459016393
1,4,104,0,1,5,6,0,1,1,2,2,1,0,1,50,2,0,1.0,707,127,5.566929133858268
1,17,93,82,0,0,1,0,1,0,0,0,0,0,1,0,2,0,1.0,149,29,5.137931034482759
1,2,105,109,1,1,3,4,1,1,1,0,1,0,1,15,12,0,3.0,454,79,5.746835443037975
0,1,144,0,1,0,0,0,1,0,1,1,1,0,1,0,5,0,1.0,401,77,5.207792207792208
1,4,105,0,1,2,6,0,0,0,0,0,1,0,1,0,2,0,1.0,208,39,5.333333333333333
0,2,144,0,0,0,6,0,1,1,1,1,1,0,3,50,2,0,1.0,43,9,4.777777777777778
0,4,144,114,0,4,6,0,1,0,0,0,1,0,1,0,12,0,5.0,433,84,5.154761904761905
0,1,144,114,0,1,0,0,1,0,1,0,1,0,1,0,2,0,1.0,60,13,4.615384615384615
0,2,144,0,1,0,1,0,1,0,2,2,1,0,1,0,2,0,2.0,200,36,5.555555555555555
0,12,144,0,1,1,3,0,0,0,0,0,0,0,1,0,12,0,8.0,191,30,6.366666666666666
1,2,104,0,2,0,1,2,1,1,1,1,1,0,4,150,2,0,5.0,84,14,6.0
0,0,144,0,1,1,6,0,0,0,1,1,1,0,4,0,5,0,5.0,46,7,6.571428571428571
0,1,65,114,0,0,6,0,1,1,1,1,1,0,1,0,12,0,13.0,893,165,5.412121212121212
0,2,144,114,0,0,1,5,1,1,0,0,1,0,1,0,2,0,1.0,79,13,6.076923076923077
0,11,144,0,0,1,6,0,1,0,0,0,0,0,1,150,2,0,4.0,178,37,4.8108108108108105
0,3,144,0,2,1,0,0,0,0,1,1,1,0,6,0,2,0,2.0,156,31,5.032258064516129
0,36,144,0,0,1,0,0,1,0,0,0,1,0,5,0,2,0,1.0,231,46,5.021739130434782
0,120,22,0,1,4,0,0,2,0,0,1,0,1,1,0,12,0,0.0,15,2,7.5
1,10,133,0,1,5,0,0,1,1,0,0,0,0,1,50,12,0,1.0,89,14,6.357142857142857
1,4,105,0,0,1,0,0,1,0,1,0,0,0,1,0,2,0,2.0,180,31,5.806451612903226
0,2,144,0,0,1,0,0,1,0,1,1,1,0,1,0,2,0,3.0,379,75,5.053333333333334
0,60,144,0,1,1,0,0,1,1,0,0,2,0,1,0,2,0,2.0,200,37,5.405405405405405
0,96,8,0,0,2,0,0,1,1,0,0,1,0,1,0,2,0,2.0,94,17,5.529411764705882
1,4,105,0,1,6,0,0,0,0,1,0,1,0,1,0,12,0,4.0,866,159,5.446540880503145
0,12,60,0,0,0,6,0,0,1,2,2,0,0,1,0,2,0,0.0,239,42,5.690476190476191
1,5,105,97,1,2,4,0,1,0,1,0,1,0,1,0,12,0,4.0,513,102,5.029411764705882
1,1,105,0,1,0,1,5,0,0,1,1,1,0,1,10,2,0,4.0,531,106,5.009433962264151
1,36,135,0,0,0,1,5,2,1,0,0,0,0,1,0,12,0,5.0,527,99,5.3232323232323235
0,12,144,0,1,1,0,0,1,0,0,0,0,0,1,0,12,0,14.0,162,27,6.0
1,1,105,0,1,0,5,5,1,0,1,0,1,0,1,0,2,1,16.0,830,150,5.533333333333333
0,3,22,114,1,6,0,0,1,1,2,2,2,0,1,0,2,0,1.0,381,73,5.219178082191781
1,24,103,68,1,2,4,5,1,2,1,1,0,0,1,0,12,0,5.0,21,4,5.25
0,5,8,114,1,4,6,0,1,1,0,0,1,0,1,0,2,0,11.0,279,47,5.9361702127659575
1,2,105,0,1,0,6,0,1,1,1,0,1,0,1,0,7,0,3.0,362,69,5.246376811594203
1,3,105,0,1,5,6,0,0,0,1,1,1,0,1,0,2,0,2.0,54,11,4.909090909090909
1,1,104,0,0,2,4,0,1,1,1,0,1,0,1,50,2,0,8.0,744,137,5.430656934306569
1,12,96,73,1,0,1,2,1,1,1,0,0,0,2,0,2,0,6.0,408,73,5.589041095890411
1,2,104,0,0,0,4,4,1,1,1,0,1,0,1,0,2,0,11.0,1509,306,4.931372549019608
0,4,144,114,0,3,0,0,0,0,0,0,2,0,1,0,12,0,3.0,184,37,4.972972972972973
1,1,105,0,2,1,5,0,0,0,1,1,1,0,2,0,12,0,2.0,441,87,5.068965517241379
1,2,105,82,0,0,5,5,0,0,1,0,1,0,1,0,12,0,14.0,129,26,4.961538461538462
0,2,144,53,1,0,1,3,1,0,1,1,1,0,1,0,2,0,1.0,461,90,5.122222222222222
0,1,144,0,2,0,1,5,0,0,1,1,1,0,17,0,2,0,1.0,324,58,5.586206896551724
1,18,105,80,1,2,6,0,1,1,2,2,2,0,6,0,2,0,5.0,90,15,6.0
0,2,144,114,0,0,6,0,1,1,0,0,1,0,1,0,2,0,3.0,12,2,6.0
1,2,105,0,1,0,0,0,1,0,0,0,1,0,1,0,12,0,5.0,65,10,6.5
0,36,54,0,0,0,1,5,1,0,2,2,0,0,1,0,5,0,3.0,601,118,5.093220338983051
0,2,144,0,1,0,1,0,1,0,1,1,1,0,1,20,3,0,1.0,201,32,6.28125
0,1,144,0,1,0,1,5,1,0,1,0,1,0,1,0,2,0,1.0,191,38,5.026315789473684
1,2,103,0,0,5,6,0,0,2,2,2,2,0,1,0,12,0,5.0,648,112,5.785714285714286
0,12,144,0,2,0,1,0,1,1,0,0,2,0,3,0,7,0,0.0,180,37,4.864864864864865
0,2,144,54,1,0,6,0,1,1,1,1,1,0,1,0,2,0,7.0,603,109,5.532110091743119
0,3,144,0,1,0,1,5,1,1,0,0,1,0,1,0,2,0,9.0,185,39,4.743589743589744
0,3,144,114,0,0,6,0,0,0,1,0,1,0,5,0,6,0,5.0,3,1,3.0
0,2,144,0,1,6,0,0,1,1,1,1,1,0,1,0,12,0,4.0,63,12,5.25
0,2,144,0,1,4,0,0,1,1,1,0,1,0,1,100,2,0,7.0,85,16,5.3125
0,12,22,114,1,2,3,0,1,1,2,2,2,0,1,0,5,0,2.0,136,26,5.230769230769231
0,4,47,114,1,0,4,0,1,0,1,1,1,0,3,0,2,0,2.0,144,25,5.76
1,2,105,0,1,1,4,5,1,0,1,0,1,0,1,0,2,0,4.0,530,104,5.096153846153846
1,17,104,0,0,0,6,0,1,1,0,0,0,0,1,0,2,0,4.0,728,136,5.352941176470588
1,3,105,0,1,0,2,0,1,0,0,0,1,0,1,0,2,0,2.0,544,96,5.666666666666667
0,3,144,0,0,1,6,0,1,0,1,0,1,0,1,0,4,0,4.0,221,41,5.390243902439025
0,6,8,0,1,2,0,0,2,2,0,0,1,0,1,0,2,0,1.0,169,27,6.2592592592592595
0,22,165,0,1,1,6,0,1,0,0,0,0,0,1,0,12,0,2.0,382,72,5.305555555555555
0,2,144,0,1,1,0,0,1,0,0,0,1,0,1,0,4,0,3.0,366,73,5.013698630136986
0,2,144,114,1,2,0,0,2,1,1,1,1,0,6,0,7,0,5.0,158,24,6.583333333333333
0,2,144,114,2,0,1,1,1,0,1,1,1,0,5,0,2,0,5.0,343,56,6.125
1,4,128,81,1,6,0,0,1,1,1,0,1,0,1,0,2,0,2.0,440,85,5.176470588235294
0,36,144,0,1,1,0,0,1,0,0,0,0,0,1,0,2,0,1.0,58,12,4.833333333333333
0,85,22,16,0,4,0,0,1,0,0,0,1,0,1,0,2,0,8.0,355,72,4.930555555555555
0,1,144,0,2,0,1,5,1,0,1,1,1,0,7,0,3,0,3.0,73,14,5.214285714285714
0,1,144,114,0,0,1,0,1,1,1,0,1,0,1,0,2,0,3.0,12,2,6.0
1,1,105,0,1,5,0,0,0,0,1,0,1,0,1,0,12,0,5.0,167,33,5.0606060606060606
1,10,135,0,0,0,6,0,0,0,0,0,2,0,1,0,2,0,3.0,142,26,5.461538461538462
0,2,144,0,0,4,6,0,1,0,0,0,1,0,1,0,12,0,3.0,217,39,5.564102564102564
1,9,106,0,0,1,5,5,1,1,0,1,0,0,2,0,12,0,5.0,160,29,5.517241379310345
0,1,144,114,1,3,0,0,0,0,1,1,0,0,1,0,12,0,2.0,259,47,5.51063829787234
0,72,60,47,1,4,5,5,1,2,2,2,1,1,1,0,12,0,6.0,794,155,5.122580645161291
1,24,93,0,1,5,0,0,1,1,0,0,0,0,1,0,12,0,1.0,176,37,4.756756756756757
1,3,105,81,0,3,6,0,0,1,0,0,1,0,1,50,2,0,3.0,190,29,6.551724137931035
1,1,105,101,1,4,5,0,1,1,1,1,1,0,1,50,12,0,3.0,172,34,5.0588235294117645
0,5,144,0,1,0,1,5,1,0,1,0,1,0,1,0,7,1,2.0,458,91,5.032967032967033
0,3,144,114,1,0,1,5,1,1,1,0,1,0,4,0,2,0,5.0,303,54,5.611111111111111
1,2,104,0,0,1,0,0,1,1,0,0,2,0,1,0,2,0,5.0,92,15,6.133333333333334
1,2,105,0,2,0,3,5,0,0,1,1,1,0,3,0,12,0,7.0,2943,514,5.72568093385214
0,3,144,0,1,1,0,0,1,0,0,0,1,0,1,0,12,0,9.0,179,33,5.424242424242424
0,84,144,0,1,1,0,0,1,1,2,2,1,1,1,0,2,0,0.0,492,91,5.406593406593407
1,1,135,0,1,2,3,5,1,1,1,1,1,0,5,0,12,0,5.0,16,3,5.333333333333333
0,1,144,114,2,1,3,0,1,0,1,1,1,0,8,0,3,0,10.0,193,38,5.078947368421052
0,2,144,0,1,1,3,0,1,0,1,1,1,0,1,0,2,0,2.0,226,43,5.255813953488372
1,1,105,0,2,0,1,0,0,0,1,1,1,0,4,0,7,0,15.0,74,13,5.6923076923076925
0,3,144,0,0,0,3,0,1,1,1,1,1,0,2,0,12,0,2.0,159,28,5.678571428571429
1,4,104,0,0,0,6,0,0,1,2,0,1,0,1,0,2,0,5.0,118,19,6.2105263157894735
1,2,105,0,1,0,1,4,0,0,1,0,1,0,1,0,2,0,6.0,333,62,5.370967741935484
1,6,104,0,2,0,3,0,0,1,1,1,1,0,2,0,2,0,4.0,119,26,4.576923076923077
0,3,144,0,1,1,0,0,0,0,0,0,1,0,1,0,2,0,5.0,353,72,4.902777777777778
0,4,144,0,0,1,6,0,1,1,1,1,1,0,1,0,7,0,2.0,88,15,5.866666666666666
0,2,144,0,1,1,4,5,1,1,0,0,1,0,1,100,2,0,2.0,40,6,6.666666666666667
0,2,144,0,0,0,0,0,1,1,1,1,1,0,1,0,2,0,5.0,672,126,5.333333333333333
1,14,103,0,1,0,2,5,1,2,2,0,1,0,1,100,2,0,4.0,686,107,6.411214953271028
0,2,144,114,2,0,1,5,1,1,2,2,2,0,5,0,2,0,18.0,184,35,5.257142857142857
0,1,144,114,1,0,1,0,1,1,1,1,1,0,1,0,3,0,3.0,114,21,5.428571428571429
1,1,104,0,2,0,6,0,1,1,1,1,1,0,2,0,2,0,1.0,133,26,5.115384615384615
0,120,144,0,1,2,4,0,1,0,0,0,0,0,1,0,3,0,3.0,288,49,5.877551020408164
1,8,105,66,1,1,0,0,1,0,0,0,1,0,5,100,2,0,1.0,19,3,6.333333333333333
0,1,144,0,0,1,6,0,0,1,1,1,1,1,1,0,2,0,2.0,138,25,5.52
0,120,60,0,0,1,6,0,1,0,0,0,2,1,1,0,2,0,2.0,141,31,4.548387096774194
0,30,8,0,2,2,0,0,2,1,0,0,1,0,2,0,2,1,3.0,377,75,5.026666666666666
0,24,8,114,1,1,0,0,2,1,0,0,0,0,1,0,2,0,5.0,446,79,5.6455696202531644
0,2,54,114,1,1,0,0,1,0,2,2,1,0,1,0,2,0,3.0,135,23,5.869565217391305
1,12,104,0,1,0,0,0,2,1,2,2,2,0,1,0,3,0,2.0,479,91,5.263736263736264
0,60,51,0,0,0,5,5,1,1,0,2,2,0,1,0,12,0,1.0,69,15,4.6
1,12,104,0,1,0,1,5,1,1,2,2,2,1,1,0,2,0,1.0,196,39,5.0256410256410255
1,1,135,0,2,0,1,3,0,0,2,2,2,0,11,0,12,0,0.0,226,43,5.255813953488372
0,5,65,0,0,0,1,5,2,1,0,0,0,0,1,0,2,0,2.0,135,27,5.0
0,2,144,0,0,1,2,0,0,1,1,1,1,0,1,50,2,0,1.0,139,28,4.964285714285714
1,2,103,82,2,0,5,0,0,1,1,1,1,0,3,0,2,0,3.0,266,48,5.541666666666667
0,3,144,0,1,0,1,0,1,1,0,0,1,0,1,0,2,0,6.0,508,96,5.291666666666667
1,14,103,96,1,1,0,0,2,2,0,0,0,0,1,0,4,0,12.0,107,18,5.944444444444445
1,7,137,0,1,0,2,3,0,1,1,1,1,0,1,0,4,0,3.0,299,59,5.067796610169491
1,3,104,81,2,0,4,0,1,1,1,1,1,0,3,0,2,0,0.0,213,36,5.916666666666667
1,12,105,0,1,1,4,5,1,0,0,0,1,0,1,0,6,0,3.0,217,37,5.864864864864865
0,2,144,0,0,0,6,0,1,1,1,1,1,0,2,0,12,0,2.0,209,40,5.225
1,5,104,88,0,0,6,0,1,1,1,0,1,0,1,0,2,0,2.0,51,7,7.285714285714286
1,24,119,80,0,0,0,0,2,2,2,2,1,0,1,0,2,0,5.0,1270,256,4.9609375
0,24,144,0,0,0,0,0,3,1,2,2,2,1,1,0,12,0,1.0,135,26,5.1923076923076925
0,2,144,0,1,1,6,0,1,0,2,2,1,0,1,0,2,0,1.0,76,13,5.846153846153846
0,2,5,16,1,0,1,0,1,1,1,0,2,0,1,0,3,0,1.0,465,82,5.670731707317073
1,2,105,0,1,0,1,1,1,0,1,1,1,0,1,0,12,0,6.0,685,112,6.116071428571429
0,84,144,0,1,1,0,0,1,0,0,0,0,0,1,0,12,0,16.0,1398,256,5.4609375
1,10,105,0,2,2,5,5,0,1,1,1,0,0,7,0,13,0,3.0,104,21,4.9523809523809526
0,9,48,12,1,1,4,5,1,0,0,0,1,0,1,0,2,0,4.0,413,78,5.294871794871795
0,8,144,0,1,1,4,0,1,0,0,0,0,0,1,0,3,0,3.0,152,27,5.62962962962963
1,1,103,0,1,0,1,5,1,2,1,1,1,0,1,0,2,0,4.0,162,30,5.4
0,1,144,114,2,0,1,5,1,0,2,2,2,0,7,0,2,0,5.0,280,52,5.384615384615385
1,2,105,0,2,0,3,0,1,1,1,0,1,0,2,0,12,0,4.0,353,60,5.883333333333334
0,24,65,114,0,1,6,0,1,1,0,0,1,0,1,0,2,0,5.0,205,39,5.256410256410256
0,3,155,114,0,0,2,0,0,0,1,1,1,0,2,0,2,0,2.0,222,38,5.842105263157895
1,3,105,0,0,0,0,0,0,0,1,0,1,0,1,0,5,0,6.0,50,9,5.555555555555555
1,3,105,0,1,1,2,3,1,0,1,1,1,0,1,0,2,0,2.0,16,4,4.0
1,2,104,0,1,5,0,0,0,1,1,0,1,0,1,0,12,0,5.0,413,79,5.227848101265823
0,48,144,114,1,1,6,0,1,0,2,2,0,0,2,0,4,0,3.0,418,81,5.160493827160494
0,3,22,114,1,0,1,3,2,1,0,0,1,0,1,0,2,0,9.0,357,63,5.666666666666667
1,2,105,0,2,3,4,5,0,0,1,0,1,0,2,0,2,0,3.0,357,68,5.25
0,48,144,0,1,1,0,0,1,1,0,0,0,0,1,0,0,0,2.0,109,20,5.45
1,3,105,73,1,0,3,5,1,0,1,0,1,0,1,0,2,0,1.0,171,30,5.7
0,2,144,114,1,0,4,5,0,0,0,0,0,0,2,0,12,0,5.0,18,3,6.0
0,84,159,0,1,4,0,0,1,1,0,0,1,0,1,0,2,0,4.0,545,110,4.954545454545454
1,1,105,0,0,3,0,0,0,0,1,0,1,0,1,0,12,0,6.0,152,28,5.428571428571429
0,2,144,16,1,1,4,0,1,0,0,0,0,0,1,0,4,0,1.0,963,190,5.068421052631579
0,2,144,0,1,0,1,0,1,0,1,0,1,0,1,0,2,0,5.0,463,83,5.578313253012048
0,1,47,114,1,0,1,0,2,0,2,2,2,0,1,0,7,0,3.0,48,9,5.333333333333333
0,3,144,0,1,0,1,0,1,0,2,2,1,0,2,0,2,0,1.0,12,2,6.0
1,2,104,0,2,0,0,0,2,1,1,1,2,0,2,0,2,0,5.0,288,54,5.333333333333333
0,36,60,0,1,6,0,0,0,2,0,0,1,1,1,0,3,0,2.0,349,61,5.721311475409836
0,1,144,0,1,0,5,0,1,0,1,1,1,0,1,0,12,0,1.0,200,38,5.2631578947368425
0,8,5,114,0,0,1,0,1,0,0,2,2,0,1,0,2,0,3.0,74,13,5.6923076923076925
0,24,51,114,0,0,0,0,1,1,0,0,1,0,1,0,2,0,2.0,72,12,6.0
1,5,105,0,1,0,2,4,1,0,2,2,0,0,1,0,12,0,1.0,204,39,5.230769230769231
1,10,84,0,1,0,1,5,1,0,1,1,1,0,1,0,2,0,3.0,281,47,5.9787234042553195
1,8,114,96,1,2,6,0,1,1,1,1,1,0,1,80,12,0,7.0,232,48,4.833333333333333
0,1,144,114,1,0,1,0,1,1,1,1,1,0,1,0,2,0,2.0,12,2,6.0
0,1,144,0,0,1,0,0,1,0,1,1,1,0,2,0,2,0,2.0,90,13,6.923076923076923
0,48,40,0,0,1,2,5,0,2,0,0,1,0,1,200,2,0,2.0,193,38,5.078947368421052
1,8,94,0,1,0,3,0,1,1,0,0,0,0,1,0,12,0,4.0,36,5,7.2
0,2,144,0,0,0,1,5,1,1,1,0,1,0,1,0,12,0,5.0,612,120,5.1
0,2,144,0,2,0,1,5,1,0,1,1,1,0,3,0,2,0,12.0,35,6,5.833333333333333
0,60,166,0,1,0,0,0,2,0,0,0,0,0,1,300,2,0,2.0,267,39,6.846153846153846
0,36,41,114,0,6,0,0,1,2,2,2,1,0,1,0,12,0,1.0,422,76,5.552631578947368
0,2,144,0,1,2,0,0,1,0,1,1,1,0,1,20,3,0,1.0,122,21,5.809523809523809
1,5,103,0,0,2,4,0,0,0,1,0,1,0,1,0,4,0,6.0,31,5,6.2
0,2,144,0,0,0,0,0,0,1,1,1,1,1,1,0,2,0,2.0,229,47,4.872340425531915
1,0,105,0,2,0,1,5,1,0,1,1,1,0,5,0,12,0,1.0,136,29,4.689655172413793
1,3,104,0,0,2,0,0,1,1,1,1,1,0,1,0,12,0,2.0,85,17,5.0
1,3,122,81,0,5,6,0,2,1,1,0,1,0,1,150,2,0,5.0,822,152,5.407894736842105
1,1,104,0,0,3,4,0,0,1,1,1,0,0,1,0,2,1,2.0,171,31,5.516129032258065
0,8,41,53,1,1,0,0,1,1,1,1,1,0,1,0,4,0,3.0,349,69,5.057971014492754
0,12,144,0,1,2,3,0,1,0,2,2,2,0,7,0,3,0,1.0,301,58,5.189655172413793
0,2,144,0,2,0,4,5,1,0,0,0,1,0,7,0,2,1,8.0,205,36,5.694444444444445
0,8,144,0,0,0,6,0,1,0,0,0,2,0,1,0,2,0,2.0,114,17,6.705882352941177
0,12,144,0,1,1,0,0,1,0,0,0,0,0,1,0,3,0,4.0,524,101,5.188118811881188
1,3,105,0,1,0,6,0,1,0,2,2,2,0,1,0,3,0,3.0,313,59,5.305084745762712
0,12,144,0,0,0,1,0,1,0,0,0,0,0,1,0,2,0,2.0,139,25,5.56
0,60,41,0,0,4,0,0,0,2,0,2,0,1,1,200,2,0,1.0,835,155,5.387096774193548
1,1,135,0,1,1,5,0,0,0,1,0,1,1,1,0,12,0,3.0,338,60,5.633333333333334
0,4,144,0,1,1,0,0,0,0,1,1,1,0,1,20,3,0,1.0,113,19,5.947368421052632
1,24,105,0,1,0,6,0,1,0,1,0,1,0,4,0,1,0,4.0,578,100,5.78
1,1,104,81,1,3,4,5,1,1,1,1,1,0,1,0,12,0,1.0,279,54,5.166666666666667
0,4,144,114,0,6,0,0,1,1,0,0,1,0,1,0,2,0,5.0,12,2,6.0
0,1,144,0,1,1,4,5,1,1,1,1,1,0,1,0,3,0,0.0,265,47,5.638297872340425
0,21,144,0,0,0,1,0,1,1,0,0,1,0,1,0,12,0,2.0,173,35,4.942857142857143
1,5,105,0,1,0,1,4,1,0,1,1,1,0,1,0,12,0,1.0,23,4,5.75
0,3,22,114,1,0,0,0,2,0,1,1,1,0,1,0,2,0,1.0,397,69,5.753623188405797
0,4,144,0,0,1,0,0,2,1,0,0,1,0,1,0,2,0,1.0,468,83,5.63855421686747
1,2,128,72,0,1,4,0,0,0,1,1,1,0,1,0,12,0,4.0,235,45,5.222222222222222
0,54,41,0,1,1,0,0,1,1,0,0,0,0,1,200,12,0,8.0,143,23,6.217391304347826
1,3,135,81,0,5,0,0,1,1,0,0,1,0,1,0,2,0,2.0,8,1,8.0
0,4,144,0,1,2,0,0,2,0,0,0,1,0,1,0,7,0,4.0,406,82,4.951219512195122
1,1,105,0,1,6,0,0,0,0,1,1,1,0,1,0,12,0,5.0,224,40,5.6
1,2,105,0,1,0,6,0,0,0,1,0,1,0,1,0,4,0,5.0,448,99,4.525252525252525
1,1,105,0,2,2,3,0,1,0,1,1,1,0,4,0,2,0,3.0,194,41,4.7317073170731705
1,1,104,0,1,4,6,0,1,1,1,1,1,0,1,0,3,0,4.0,197,36,5.472222222222222
1,3,105,0,1,1,6,0,1,0,0,0,1,0,1,50,12,0,6.0,1217,228,5.337719298245614
0,36,144,0,1,1,2,2,1,0,2,2,2,0,1,0,12,0,2.0,124,29,4.275862068965517
1,1,105,0,0,0,6,0,1,0,2,2,2,0,1,0,12,0,3.0,446,90,4.955555555555556
0,2,144,0,0,2,0,0,1,0,1,0,0,0,1,150,12,1,8.0,322,59,5.4576271186440675
0,5,55,114,0,1,2,0,2,0,0,0,0,0,1,200,12,0,5.0,1892,340,5.564705882352941
0,2,144,0,1,0,1,0,1,0,2,2,1,0,1,0,2,0,1.0,105,18,5.833333333333333
1,5,105,0,0,0,0,0,1,0,1,0,0,0,1,0,2,0,5.0,334,59,5.661016949152542
1,5,135,0,1,1,5,0,0,0,1,1,1,0,1,0,2,0,2.0,44,10,4.4
0,24,144,0,1,0,5,5,1,0,0,0,0,0,1,0,2,0,1.0,235,46,5.108695652173913
1,48,122,0,1,5,0,0,1,2,0,0,2,0,1,300,12,0,2.0,293,60,4.883333333333334
1,16,105,0,0,2,3,0,2,0,0,0,0,0,1,0,2,0,4.0,76,14,5.428571428571429
0,2,144,0,2,0,1,3,1,0,1,1,1,0,2,0,2,0,3.0,50,8,6.25
1,1,84,63,2,3,4,5,0,0,1,0,1,0,7,0,12,0,13.0,606,106,5.716981132075472
0,2,144,0,0,1,0,0,1,1,0,0,1,0,1,0,2,0,3.0,310,61,5.081967213114754
0,2,144,0,1,0,0,0,1,0,1,1,1,0,1,0,2,0,1.0,375,75,5.0
0,24,41,0,0,1,0,0,0,2,0,0,1,0,1,150,2,0,0.0,208,40,5.2
0,1,69,114,1,0,1,0,1,1,0,2,1,0,1,0,2,0,3.0,118,21,5.619047619047619
0,1,144,0,1,1,2,3,1,1,1,1,1,0,1,0,2,0,3.0,205,39,5.256410256410256
1,4,105,0,0,5,0,0,1,0,0,1,1,0,1,0,2,0,15.0,858,161,5.329192546583851
0,84,5,114,1,0,1,5,1,0,0,0,0,0,1,0,2,0,1.0,107,22,4.863636363636363
0,4,144,114,2,0,1,5,1,0,2,2,2,0,4,0,2,0,4.0,109,22,4.954545454545454
0,2,144,0,1,4,0,0,1,0,1,1,1,0,1,0,12,0,5.0,100,17,5.882352941176471
0,1,144,0,2,1,3,5,1,0,1,1,1,0,4,0,7,0,4.0,745,147,5.068027210884353
0,2,144,0,0,1,2,0,1,0,1,1,1,0,1,0,2,0,1.0,371,74,5.013513513513513
1,3,105,82,1,0,0,0,0,1,1,0,1,0,1,0,12,0,5.0,67,12,5.583333333333333
0,60,60,47,1,1,6,0,0,0,0,0,1,0,1,300,2,0,1.0,12,2,6.0
0,2,144,0,0,1,0,0,1,1,0,0,1,0,1,0,2,0,3.0,323,63,5.126984126984127
1,30,105,0,1,2,0,0,1,0,0,0,0,0,1,0,12,0,7.0,101,20,5.05
1,2,140,82,1,0,1,0,0,0,1,0,1,0,1,0,12,0,1.0,159,28,5.678571428571429
0,14,144,0,1,0,1,0,1,0,0,0,1,0,1,0,12,0,1.0,26,5,5.2
0,3,144,0,1,0,1,5,0,0,1,1,1,0,1,0,12,0,2.0,88,15,5.866666666666666
0,2,69,114,1,0,1,5,1,0,1,1,1,0,3,0,2,0,14.0,685,127,5.393700787401575
1,2,105,66,0,1,5,0,0,0,1,1,1,0,1,0,7,0,2.0,269,50,5.38
1,1,104,82,1,2,6,0,0,1,1,1,1,0,1,0,2,0,4.0,521,103,5.058252427184466
1,2,105,0,1,0,1,4,1,0,0,0,1,0,2,0,12,0,9.0,258,46,5.608695652173913
1,2,105,0,1,0,6,0,1,0,1,0,1,0,1,0,12,0,2.0,45,8,5.625
0,2,144,0,1,1,0,0,1,1,0,0,1,0,1,0,2,0,4.0,332,55,6.036363636363636
0,9,144,0,0,2,4,0,1,1,1,1,1,0,1,0,12,1,1.0,51,9,5.666666666666667
0,10,144,0,1,0,1,0,1,1,0,0,0,0,1,0,2,0,3.0,220,41,5.365853658536586
1,4,105,0,2,0,1,0,0,0,0,0,1,0,4,0,2,0,4.0,242,48,5.041666666666667
1,24,135,0,0,3,0,0,1,1,2,2,2,1,1,1,9,0,2.0,189,36,5.25
0,4,144,4,1,0,1,1,2,1,0,0,1,0,1,0,2,0,10.0,322,58,5.551724137931035
0,8,144,0,0,1,6,0,1,1,0,0,0,0,1,0,2,0,1.0,361,73,4.945205479452055
0,5,54,114,0,1,0,0,1,0,1,0,1,0,1,0,2,0,1.0,171,33,5.181818181818182
1,4,105,0,1,1,4,0,1,0,1,1,0,0,1,0,2,0,2.0,116,19,6.105263157894737
0,3,144,114,1,0,1,3,1,0,1,1,1,0,1,0,2,0,1.0,29,6,4.833333333333333
1,2,105,82,2,0,1,5,1,0,1,1,2,0,2,1,12,0,5.0,363,62,5.854838709677419
1,2,104,0,1,5,6,0,0,1,1,0,1,0,1,0,12,0,10.0,194,37,5.243243243243243
0,12,144,0,1,0,0,0,1,1,1,0,0,0,1,0,2,0,10.0,315,62,5.080645161290323
0,9,61,48,0,6,0,0,2,2,0,0,1,0,1,600,12,0,3.0,872,173,5.040462427745664
1,96,117,0,0,6,0,0,2,2,0,2,2,0,1,0,2,0,2.0,101,23,4.391304347826087
0,2,144,114,2,0,1,4,1,0,1,0,1,0,2,80,7,0,4.0,1190,228,5.219298245614035
1,9,122,81,1,0,5,5,1,1,0,0,0,0,1,0,2,0,3.0,195,38,5.131578947368421
0,5,144,0,1,0,1,0,1,0,0,0,1,0,1,0,2,0,5.0,8,1,8.0
0,2,144,0,1,4,6,0,1,1,1,1,1,0,1,0,2,0,4.0,209,40,5.225
1,5,104,0,1,0,3,5,1,1,1,0,0,0,1,0,12,0,1.0,44,5,8.8
1,2,84,0,1,0,3,5,1,0,1,1,1,0,1,20,2,0,1.0,443,89,4.977528089887641
1,2,105,0,2,1,5,5,1,0,1,1,1,0,4,0,7,0,1.0,838,156,5.371794871794871
1,2,128,0,0,1,4,5,1,0,1,0,1,0,1,50,2,0,2.0,678,118,5.745762711864407
0,2,144,0,1,0,1,0,1,1,1,1,1,0,1,0,2,0,1.0,214,37,5.783783783783784
1,3,105,0,1,0,6,0,1,0,2,2,2,0,1,0,3,0,2.0,58,11,5.2727272727272725
1,2,135,81,1,0,6,0,1,1,0,0,1,0,1,50,2,0,4.0,162,27,6.0
0,12,60,0,0,1,4,5,0,1,0,0,0,0,1,0,12,0,11.0,2180,428,5.093457943925234
1,4,105,0,2,5,6,0,1,0,1,1,1,0,4,0,12,0,4.0,173,30,5.766666666666667
1,6,124,0,0,2,6,0,1,1,1,0,1,0,1,0,12,0,9.0,1967,380,5.176315789473684
0,36,13,0,2,0,5,5,2,1,0,0,1,0,2,0,12,0,1.0,1297,237,5.472573839662447
1,1,105,0,1,0,3,5,1,0,1,0,1,1,2,0,2,0,7.0,1007,176,5.721590909090909
0,2,144,0,1,0,1,0,1,0,1,0,1,0,1,0,2,0,4.0,339,65,5.2153846153846155
1,4,105,0,1,5,6,0,0,0,1,1,1,0,2,0,2,0,1.0,253,47,5.382978723404255
1,39,132,63,1,1,6,0,1,0,0,0,0,0,1,0,12,0,4.0,39,7,5.571428571428571
1,5,105,0,0,0,6,0,0,1,0,0,1,1,1,50,2,0,5.0,243,43,5.651162790697675
1,3,105,0,2,0,1,0,0,0,1,1,1,0,3,0,12,0,15.0,625,127,4.921259842519685
1,1,105,0,0,3,6,0,1,0,1,0,1,0,1,0,2,0,3.0,54,9,6.0
1,8,105,0,1,0,3,5,0,0,2,2,2,0,1,0,12,0,6.0,171,26,6.576923076923077
0,12,144,0,0,1,4,5,1,0,0,0,2,0,1,0,4,0,2.0,900,177,5.084745762711864
0,2,144,0,1,1,6,0,1,0,1,0,1,0,1,5,3,0,1.0,163,24,6.791666666666667
0,1,144,114,0,6,0,0,1,0,1,1,1,0,1,0,3,0,1.0,113,23,4.913043478260869
0,12,144,0,0,4,0,0,2,0,0,0,0,0,1,0,2,0,2.0,196,35,5.6
1,1,105,0,2,0,5,5,0,0,1,1,1,0,5,0,2,0,2.0,498,91,5.472527472527473
1,3,105,0,1,4,0,0,0,0,1,1,1,0,1,0,2,0,2.0,147,22,6.681818181818182
0,8,166,0,1,0,1,0,1,0,2,2,1,0,1,450,2,0,5.0,1167,218,5.353211009174312
1,1,104,0,2,0,5,5,0,0,1,1,1,0,2,0,2,0,2.0,230,44,5.2272727272727275
1,48,104,0,0,5,6,0,1,0,0,0,0,0,1,0,2,0,4.0,879,152,5.782894736842105
0,1,144,0,1,0,1,5,1,0,2,0,2,0,1,0,4,3,4.0,728,140,5.2
1,2,105,0,2,6,0,0,0,0,1,1,1,0,3,0,12,0,3.0,133,25,5.32
1,18,104,0,1,0,6,0,2,1,1,0,1,0,6,1,2,0,2.0,302,52,5.8076923076923075
1,12,104,81,0,0,1,3,1,1,0,1,1,0,2,0,12,0,1.0,2,1,2.0
0,96,48,42,0,1,2,2,1,0,0,0,0,0,1,0,12,0,2.0,171,35,4.885714285714286
1,1,105,0,2,1,3,4,0,1,1,1,1,0,5,0,2,0,7.0,328,60,5.466666666666667
0,3,144,0,1,1,0,0,1,0,1,1,1,0,1,0,12,0,5.0,619,118,5.245762711864407
1,2,105,0,0,1,0,0,0,0,0,0,1,0,1,50,2,0,1.0,66,12,5.5
0,2,144,0,1,2,6,0,1,0,1,1,1,0,1,20,3,0,1.0,201,32,6.28125
1,8,105,0,1,0,1,5,1,0,0,0,0,0,1,0,12,0,14.0,989,183,5.404371584699454
0,3,144,0,1,1,0,0,1,0,2,2,1,0,1,0,3,0,2.0,213,37,5.756756756756757
0,2,144,0,2,0,1,2,1,0,1,1,1,0,3,0,2,0,19.0,991,162,6.117283950617284
1,2,104,0,2,0,5,5,1,1,2,2,1,0,2,0,2,0,2.0,114,20,5.7
1,60,135,0,0,0,1,3,3,1,0,0,0,0,3,0,12,0,4.0,212,40,5.3
1,1,105,0,2,0,1,5,1,0,1,1,1,0,4,0,12,0,13.0,127,24,5.291666666666667
0,72,8,0,0,2,0,0,1,1,0,0,1,0,1,30,2,0,3.0,36,6,6.0
0,1,144,114,2,1,4,5,2,0,1,1,1,1,6,0,2,0,3.0,595,110,5.409090909090909
0,3,144,35,1,0,1,0,1,0,1,1,1,0,1,50,12,0,4.0,55,9,6.111111111111111
1,12,128,0,1,1,2,0,1,1,2,2,2,1,1,0,2,0,1.0,418,81,5.160493827160494
0,12,144,0,1,6,0,0,1,2,2,2,2,0,1,0,2,0,2.0,144,31,4.645161290322581
1,7,96,82,1,0,1,2,2,0,2,2,2,0,1,0,12,0,2.0,485,88,5.511363636363637
1,4,101,0,2,0,1,5,1,1,1,1,1,0,3,0,2,0,5.0,926,174,5.32183908045977
0,4,5,35,0,0,1,0,1,0,2,2,1,0,1,0,2,0,3.0,721,131,5.5038167938931295
1,1,105,0,2,3,5,5,0,0,1,1,1,0,3,0,7,0,10.0,101,15,6.733333333333333
0,48,144,0,1,1,0,0,1,0,0,0,0,0,1,100,2,0,1.0,65,11,5.909090909090909
1,7,105,0,0,0,5,0,1,0,0,0,0,0,1,0,2,0,1.0,95,21,4.523809523809524
1,5,105,0,1,4,6,0,1,0,2,2,1,0,1,0,2,0,2.0,235,39,6.0256410256410255
0,1,17,114,1,0,1,5,1,0,0,0,1,0,1,0,12,0,9.0,928,158,5.8734177215189876
0,28,67,0,0,1,0,0,2,1,0,0,1,0,1,0,2,0,3.0,468,96,4.875
0,2,144,0,1,0,0,0,1,0,1,0,1,0,1,0,12,0,14.0,42,7,6.0
0,1,144,0,0,0,1,0,1,1,1,1,1,0,1,0,3,0,1.0,118,20,5.9
0,60,47,0,0,0,1,0,2,0,0,0,0,0,1,350,2,0,3.0,373,69,5.405797101449275
1,11,105,0,1,2,5,5,1,0,0,0,0,0,1,0,2,0,1.0,37,7,5.285714285714286
0,54,60,0,0,5,6,0,0,1,2,2,1,2,1,0,12,0,5.0,281,52,5.403846153846154
1,3,135,96,2,0,2,5,1,0,1,0,1,0,3,0,2,0,1.0,28,5,5.6
1,3,105,0,2,5,0,0,1,0,0,0,1,0,2,100,12,0,4.0,674,131,5.145038167938932
1,2,104,0,2,4,6,0,1,1,1,1,1,0,2,0,2,1,4.0,171,28,6.107142857142857
1,3,135,0,0,1,5,0,0,1,1,0,1,0,1,0,12,0,3.0,1213,230,5.273913043478261
0,6,65,47,1,0,1,5,1,1,0,0,1,0,2,1,2,0,7.0,47,8,5.875
1,2,104,0,2,0,4,5,1,1,1,1,1,0,2,0,2,0,1.0,72,11,6.545454545454546
0,1,60,52,2,0,6,0,1,1,1,1,1,0,5,0,2,0,0.0,218,36,6.055555555555555
1,4,104,0,0,6,0,0,1,1,2,2,2,0,2,0,2,0,5.0,113,22,5.136363636363637
0,2,144,0,1,6,0,0,1,1,0,0,1,0,1,0,12,1,14.0,246,47,5.23404255319149
0,17,152,119,0,1,0,0,2,0,0,0,0,0,1,300,2,0,2.0,453,90,5.033333333333333
0,1,144,0,0,0,1,0,1,0,1,0,1,0,1,0,3,0,2.0,190,26,7.3076923076923075
1,4,104,0,1,4,0,0,1,1,0,0,1,0,1,0,2,0,3.0,97,15,6.466666666666667
1,21,104,0,0,0,1,4,1,1,0,0,0,0,1,0,12,0,2.0,343,64,5.359375
1,48,135,0,1,6,0,0,1,0,2,2,0,0,1,0,7,0,2.0,187,36,5.194444444444445
0,3,144,114,0,1,0,0,1,0,0,2,0,0,1,0,2,0,1.0,554,103,5.378640776699029
0,1,144,114,1,0,1,0,1,0,0,0,1,0,1,0,2,0,4.0,58,13,4.461538461538462
0,12,144,6,0,1,2,0,1,1,0,0,0,0,1,0,12,0,4.0,801,141,5.680851063829787
0,3,144,0,0,0,1,5,0,0,1,1,1,1,9,0,2,0,9.0,812,160,5.075
1,0,105,0,2,4,6,0,0,0,1,1,1,0,5,0,12,0,7.0,814,149,5.4630872483221475
0,4,144,114,1,0,0,0,1,0,0,0,1,0,1,100,2,0,2.0,98,18,5.444444444444445
1,1,104,0,0,1,2,3,1,1,2,2,2,0,1,0,2,0,7.0,586,111,5.2792792792792795
0,48,41,30,1,4,0,0,0,0,2,2,2,0,1,200,2,0,1.0,490,89,5.50561797752809
0,24,144,0,0,3,6,0,1,0,2,2,2,0,1,0,12,0,1.0,81,15,5.4
0,60,41,0,0,1,0,0,1,1,0,1,1,0,1,0,2,0,2.0,188,32,5.875
0,9,51,114,0,1,0,0,0,0,0,0,1,0,1,50,12,0,4.0,509,106,4.80188679245283
0,24,60,0,0,1,6,0,0,1,0,1,1,0,1,100,2,0,3.0,125,22,5.681818181818182
0,11,144,0,1,2,0,0,1,1,0,0,0,0,1,0,2,0,2.0,73,10,7.3
0,84,60,39,0,0,6,0,0,1,2,0,2,0,1,0,2,0,3.0,301,56,5.375
1,3,104,0,1,0,6,0,1,1,1,1,1,0,2,0,12,0,8.0,1040,197,5.279187817258883
1,2,105,0,2,0,2,4,1,0,1,1,1,0,4,0,2,0,12.0,142,24,5.916666666666667
1,3,143,0,0,0,6,0,0,0,0,0,1,0,1,0,2,0,3.0,502,94,5.340425531914893
1,1,104,81,1,0,0,0,0,1,1,1,1,0,1,0,12,0,4.0,224,44,5.090909090909091
0,6,144,0,0,2,0,0,1,1,1,1,0,0,1,50,12,0,1.0,224,42,5.333333333333333
1,1,105,0,2,3,6,0,1,0,1,0,1,0,2,0,2,0,4.0,394,76,5.184210526315789
0,13,22,0,1,2,0,0,2,0,0,0,0,0,1,0,2,0,3.0,423,82,5.158536585365853
1,6,105,0,1,0,0,0,1,0,1,1,1,0,1,0,12,1,1.0,198,39,5.076923076923077
1,13,135,0,1,5,6,0,1,1,1,0,0,0,1,0,2,0,1.0,146,30,4.866666666666666
0,2,144,0,1,0,0,0,1,0,1,0,1,0,1,0,12,0,6.0,139,27,5.148148148148148
1,36,105,0,0,2,6,0,1,0,0,0,0,0,1,250,2,0,5.0,871,157,5.547770700636943
0,5,144,0,1,1,0,0,1,0,0,0,2,0,1,0,2,0,6.0,425,82,5.182926829268292
0,9,144,0,1,1,0,0,1,0,0,1,0,0,1,0,2,0,1.0,28,5,5.6
1,7,104,81,0,5,6,0,1,1,0,0,0,0,1,100,2,0,9.0,438,78,5.615384615384615
0,1,144,114,1,0,1,0,1,1,1,0,1,0,1,0,2,0,1.0,14,3,4.666666666666667
0,36,144,0,1,0,1,0,1,0,0,0,1,0,2,0,2,0,17.0,268,49,5.469387755102041
0,3,144,0,1,2,0,0,1,0,0,0,0,0,1,0,12,0,17.0,445,83,5.36144578313253
1,5,104,0,0,3,6,0,1,1,0,0,1,0,1,0,2,0,2.0,301,61,4.934426229508197
0,1,144,0,1,0,1,0,1,0,0,0,1,0,1,0,2,0,5.0,244,39,6.256410256410256
0,5,144,0,1,0,1,3,1,0,0,0,1,0,1,0,2,0,6.0,600,115,5.217391304347826
1,6,105,0,0,3,0,0,0,1,1,1,1,0,1,0,2,0,3.0,122,25,4.88
1,21,135,0,0,3,6,0,1,0,0,0,0,0,1,0,2,0,3.0,212,39,5.435897435897436
0,60,159,0,0,0,1,0,1,1,0,0,0,1,1,0,2,0,2.0,234,43,5.441860465116279
1,2,105,82,1,0,1,2,1,1,1,1,1,0,2,0,12,0,2.0,137,26,5.269230769230769
0,2,99,114,2,0,1,1,1,1,1,1,1,0,8,0,2,0,15.0,145,24,6.041666666666667
1,2,105,0,1,0,1,5,1,0,1,1,1,0,1,0,2,0,2.0,168,35,4.8
0,2,144,0,1,4,0,0,1,1,2,2,2,0,1,0,0,0,1.0,64,11,5.818181818181818
0,18,5,0,0,0,1,1,2,1,2,2,2,0,1,0,12,0,0.0,237,47,5.042553191489362
0,36,40,53,0,2,4,0,1,2,0,0,0,0,1,0,2,0,5.0,710,139,5.107913669064748
1,12,104,0,0,2,6,0,1,1,0,0,1,0,1,100,12,0,1.0,35,6,5.833333333333333
0,2,144,0,1,1,2,0,1,1,0,0,1,0,1,100,2,0,4.0,253,57,4.43859649122807
0,1,144,0,1,4,6,0,2,1,1,1,1,0,1,0,3,0,2.0,320,60,5.333333333333333
0,50,144,0,0,1,0,0,1,0,0,0,1,0,1,0,2,0,0.0,644,134,4.8059701492537314
1,6,135,0,1,5,6,0,1,0,0,0,0,0,1,200,7,0,8.0,1221,240,5.0875
0,18,47,16,0,1,0,0,2,0,0,0,1,0,1,0,12,0,1.0,61,12,5.083333333333333
0,3,42,114,1,1,6,0,1,0,2,2,1,0,1,0,2,0,4.0,136,21,6.476190476190476
1,1,104,82,1,0,1,5,0,0,1,1,1,0,1,0,12,0,5.0,452,79,5.7215189873417724
0,18,144,54,0,1,6,0,1,1,0,0,0,0,1,50,2,0,5.0,503,102,4.931372549019608
1,3,105,0,1,5,6,0,0,0,1,1,1,0,1,0,7,0,5.0,61,12,5.083333333333333
1,2,105,0,2,0,1,4,0,0,1,1,1,0,3,0,2,0,2.0,46,7,6.571428571428571
0,73,47,0,0,0,1,0,2,1,0,0,1,0,1,0,2,0,1.0,234,43,5.441860465116279
1,3,104,0,0,0,5,0,1,1,1,0,1,0,1,0,2,0,1.0,328,59,5.559322033898305
1,2,122,0,1,2,0,0,2,2,1,0,1,0,1,750,2,0,5.0,76,14,5.428571428571429
1,18,104,0,0,6,0,0,1,1,0,0,0,0,1,0,12,0,5.0,104,16,6.5
0,2,144,0,0,0,1,0,1,1,0,0,1,0,1,0,4,0,1.0,88,16,5.5
0,3,144,0,0,0,1,0,1,1,0,0,2,0,1,0,12,0,3.0,27,5,5.4
1,12,105,101,1,1,0,0,1,0,0,0,0,0,1,0,2,0,4.0,83,13,6.384615384615385
1,1,104,0,1,0,6,0,0,0,1,1,1,0,1,0,2,0,3.0,305,57,5.350877192982456
0,27,165,0,1,0,6,0,2,0,0,0,1,0,1,100,2,0,1.0,472,88,5.363636363636363
0,1,144,0,1,0,1,0,1,0,1,1,1,0,2,0,2,0,5.0,205,36,5.694444444444445
1,1,135,0,1,0,6,0,1,1,1,1,1,0,1,0,2,0,1.0,556,108,5.148148148148148
0,48,159,0,1,2,4,0,1,2,2,2,2,1,1,0,12,0,1.0,80,13,6.153846153846154
0,10,144,4,0,1,0,0,1,1,0,1,1,0,1,0,12,0,1.0,150,31,4.838709677419355
0,24,144,0,0,4,0,0,1,1,2,2,0,0,20,0,5,0,1.0,95,18,5.277777777777778
1,4,105,0,0,5,6,0,1,0,1,1,1,0,1,0,2,0,7.0,117,19,6.157894736842105
0,2,144,0,0,1,4,5,1,1,1,0,1,0,1,100,2,0,2.0,52,10,5.2
1,7,105,0,0,6,0,0,0,0,0,0,0,0,1,30,2,0,4.0,44,7,6.285714285714286
0,24,144,0,1,0,1,0,1,1,0,0,0,0,1,0,12,0,1.0,587,105,5.59047619047619
1,1,104,80,0,4,6,0,0,1,1,1,1,0,1,0,12,0,5.0,287,55,5.218181818181818
1,2,105,0,2,0,3,5,0,0,1,1,1,0,3,0,2,0,8.0,304,59,5.1525423728813555
1,3,105,0,0,0,3,4,0,0,1,1,1,0,5,100,2,0,5.0,183,35,5.228571428571429
0,1,144,114,0,4,0,0,1,1,1,1,1,0,1,0,2,0,4.0,513,97,5.288659793814433
0,4,144,114,1,0,1,0,1,0,2,2,2,0,2,0,2,0,5.0,395,70,5.642857142857143
0,1,144,114,1,0,0,0,1,1,1,1,1,0,2,0,3,0,9.0,129,23,5.608695652173913
0,3,144,0,0,0,0,0,1,0,1,0,1,0,1,0,12,0,7.0,390,68,5.735294117647059
0,7,78,54,0,4,0,0,1,1,0,0,0,0,1,250,2,0,3.0,160,28,5.714285714285714
0,2,144,0,1,0,1,3,1,1,0,0,1,0,3,0,2,0,8.0,302,36,8.38888888888889
1,4,88,101,0,6,0,0,1,1,1,1,1,0,2,100,2,0,1.0,34,4,8.5
1,1,96,82,1,0,1,1,0,0,1,1,1,0,1,0,12,0,2.0,156,34,4.588235294117647
1,7,105,0,2,0,1,0,1,0,2,0,0,0,2,0,7,0,2.0,714,132,5.409090909090909
0,2,144,0,1,4,6,0,1,0,0,0,0,0,1,0,12,0,1.0,559,40,13.975
1,10,105,0,1,1,4,0,1,0,1,1,0,0,1,0,2,0,9.0,649,122,5.319672131147541
1,2,105,0,1,2,3,0,0,0,1,1,1,0,1,0,12,0,3.0,64,4,16.0
1,17,122,80,1,0,2,4,1,2,0,0,1,0,1,0,2,0,4.0,215,45,4.777777777777778
1,4,105,0,0,1,4,0,1,0,2,2,1,0,1,0,2,0,3.0,46,7,6.571428571428571
1,2,104,81,2,0,1,3,1,1,1,1,1,0,5,0,12,0,4.0,436,81,5.382716049382716
1,3,143,0,1,0,6,0,0,2,2,2,1,0,1,0,2,0,6.0,513,99,5.181818181818182
0,24,60,0,1,1,4,5,1,1,2,2,2,0,1,0,7,0,0.0,125,25,5.0
0,1,144,114,0,6,0,0,1,0,1,1,1,0,1,0,12,0,3.0,157,27,5.814814814814815
1,12,105,0,1,2,5,5,1,0,1,1,1,0,1,0,2,0,8.0,513,93,5.516129032258065
1,2,105,82,1,0,6,0,0,0,0,0,1,0,1,0,2,1,4.0,356,61,5.836065573770492
0,24,5,114,1,0,1,2,1,0,0,0,1,0,1,0,4,0,2.0,838,152,5.5131578947368425
1,16,122,82,0,4,0,0,2,2,1,1,0,0,1,0,1,0,4.0,766,151,5.072847682119205
0,1,144,0,1,0,6,0,1,0,1,1,1,0,3,0,2,0,20.0,601,109,5.513761467889908
1,4,105,0,0,4,6,0,1,1,2,0,2,0,1,0,12,0,1.0,54,9,6.0
1,17,103,0,0,6,0,0,1,1,1,0,1,0,1,200,2,0,1.0,288,46,6.260869565217392
1,3,104,81,2,0,1,5,1,1,1,1,1,0,6,0,2,0,7.0,428,63,6.7936507936507935
0,36,7,0,1,0,5,5,0,2,2,2,0,0,1,0,7,0,6.0,378,72,5.25
0,36,144,0,1,1,0,0,1,0,0,0,0,0,1,0,2,0,5.0,588,115,5.113043478260869
0,2,144,16,1,1,0,0,1,1,0,0,1,0,1,0,2,0,0.0,160,28,5.714285714285714
0,30,144,0,1,0,4,5,1,1,0,0,0,0,1,0,2,0,1.0,1035,197,5.253807106598985
1,2,105,0,0,0,6,0,1,0,1,1,1,0,1,0,12,0,4.0,211,36,5.861111111111111
1,1,105,0,0,1,0,0,0,0,1,1,1,0,1,0,12,0,4.0,37,5,7.4
1,2,128,82,0,1,0,0,0,0,0,1,1,0,1,0,9,0,2.0,15,3,5.0
1,2,105,0,1,0,3,5,1,0,1,0,1,0,3,0,7,0,16.0,1447,267,5.419475655430712
0,3,144,0,0,0,1,5,1,1,0,0,1,0,1,0,2,0,7.0,212,38,5.578947368421052
