Type,Age,Breed1,Breed2,Gender,Color1,Color2,Color3,MaturitySize,FurLength,Vaccinated,Dewormed,Sterilized,Health,Quantity,Fee,State,VideoAmt,PhotoAmt,desc_length,desc_words,average_word_length
1,2,105,0,1,4,6,0,1,0,1,0,1,0,1,0,12,0,3.0,250,42,5.9523809523809526
1,2,105,0,0,0,1,5,1,0,1,1,1,0,1,0,2,0,3.0,359,62,5.790322580645161
0,4,144,0,1,4,6,0,1,1,1,1,1,0,1,0,3,0,2.0,38,6,6.333333333333333
0,1,144,0,1,0,0,0,1,0,1,1,1,0,1,0,3,0,1.0,144,21,6.857142857142857
1,4,105,61,0,0,0,0,1,0,0,0,1,0,1,0,12,0,2.0,229,44,5.204545454545454
1,12,105,0,1,0,1,0,0,0,0,0,0,0,1,0,2,0,8.0,673,128,5.2578125
0,1,144,114,2,0,1,5,1,0,1,1,1,0,8,0,3,0,8.0,250,49,5.1020408163265305
0,5,144,0,1,6,0,0,1,0,0,0,0,0,1,0,2,0,5.0,378,70,5.4
0,2,144,0,0,0,1,5,0,0,0,0,1,0,1,0,2,0,3.0,91,16,5.6875
0,3,144,0,0,0,6,0,1,0,0,0,1,0,1,0,2,2,15.0,345,52,6.634615384615385
1,2,122,82,2,0,2,0,0,1,2,2,2,1,3,0,2,0,3.0,231,43,5.372093023255814
0,4,144,114,0,3,0,0,0,0,0,0,2,0,1,0,12,0,2.0,184,37,4.972972972972973
0,1,144,0,0,0,1,0,1,1,1,1,1,0,1,0,3,0,1.0,118,20,5.9
0,4,61,4,0,0,6,0,2,1,0,0,1,0,1,600,2,0,3.0,229,43,5.325581395348837
1,2,104,80,2,1,0,0,1,1,1,0,1,0,2,0,12,0,5.0,126,23,5.478260869565218
1,12,105,0,1,6,0,0,0,0,2,2,2,0,1,0,12,0,1.0,357,67,5.3283582089552235
1,6,135,0,1,0,5,5,1,0,1,1,1,0,1,0,2,0,8.0,533,102,5.2254901960784315
0,3,144,129,1,1,0,0,0,0,0,0,1,0,1,0,3,0,3.0,32,5,6.4
0,48,40,0,0,1,2,0,0,1,0,0,1,0,1,0,2,0,3.0,350,62,5.645161290322581
1,4,105,0,1,2,5,0,1,0,1,1,1,0,2,0,3,0,3.0,460,79,5.822784810126582
1,3,104,0,1,0,6,0,1,1,1,1,2,0,1,0,2,0,4.0,464,96,4.833333333333333
0,6,54,30,0,0,6,0,1,2,0,2,0,0,1,200,2,0,3.0,156,32,4.875
1,18,82,82,1,1,2,0,1,0,1,0,0,0,1,0,12,0,2.0,476,93,5.118279569892473
1,2,105,0,1,1,3,4,1,0,2,2,1,0,1,0,2,0,1.0,1116,209,5.339712918660287
1,24,105,0,1,0,3,4,2,0,0,0,0,0,2,0,2,6,11.0,1185,224,5.290178571428571
1,3,105,0,2,0,5,5,0,0,1,1,1,0,2,0,2,0,5.0,275,49,5.612244897959184
1,3,105,0,0,4,6,0,1,0,0,0,1,0,3,0,2,0,5.0,271,51,5.313725490196078
0,120,144,0,1,2,4,0,1,0,0,0,0,0,1,0,3,0,3.0,288,49,5.877551020408164
0,1,144,0,1,1,4,0,1,0,1,1,1,0,1,0,2,0,3.0,168,35,4.8
1,12,105,0,1,0,1,5,1,0,0,0,0,2,1,0,7,0,10.0,1479,280,5.2821428571428575
1,5,104,0,2,3,5,5,1,1,1,1,1,0,2,0,2,0,7.0,276,53,5.2075471698113205
1,2,135,68,0,0,5,5,1,0,1,0,1,0,1,0,12,0,4.0,1210,211,5.734597156398104
0,4,144,0,0,1,0,0,1,0,0,0,2,0,1,0,5,0,4.0,108,21,5.142857142857143
0,1,144,0,1,6,0,0,1,1,1,1,1,0,1,0,3,0,4.0,95,16,5.9375
0,2,144,0,0,0,1,0,1,0,1,1,1,0,1,0,2,0,5.0,123,19,6.473684210526316
1,2,105,0,0,2,4,0,0,0,2,0,2,0,1,0,12,0,5.0,1550,311,4.983922829581994
1,11,105,105,1,1,6,0,1,0,0,0,1,0,1,0,12,0,3.0,205,33,6.212121212121212
1,60,104,0,0,4,5,5,2,1,0,0,0,0,1,0,12,0,8.0,298,64,4.65625
1,3,105,0,0,0,6,0,1,0,0,0,1,0,1,120,2,0,4.0,178,33,5.393939393939394
0,3,13,30,1,4,5,5,1,0,2,0,1,0,1,0,12,0,3.0,459,86,5.337209302325581
0,1,144,0,1,0,1,3,0,1,1,1,1,0,1,0,2,0,4.0,184,36,5.111111111111111
1,2,105,82,2,0,1,5,1,0,1,1,1,0,2,0,2,0,1.0,128,21,6.095238095238095
1,3,132,101,1,1,4,5,1,0,1,0,1,0,1,50,3,0,2.0,64,10,6.4
1,12,143,0,0,0,6,0,0,0,2,2,2,1,1,0,12,0,1.0,352,76,4.631578947368421
1,48,135,0,1,6,0,0,1,0,2,2,0,0,1,0,7,0,2.0,187,36,5.194444444444445
1,2,105,0,1,0,1,0,0,0,2,2,2,0,2,0,12,0,5.0,45,8,5.625
0,8,144,0,0,0,0,0,1,0,0,0,0,0,1,0,2,0,3.0,173,39,4.435897435897436
1,1,105,0,2,5,0,0,0,0,1,0,1,0,2,0,4,0,5.0,110,23,4.782608695652174
1,3,105,0,1,0,2,5,1,0,0,0,1,0,2,1,2,0,5.0,305,56,5.446428571428571
0,3,144,0,0,0,1,0,0,0,2,2,2,0,1,0,12,0,1.0,306,63,4.857142857142857
1,3,105,81,1,0,6,0,1,0,2,2,2,0,1,0,2,0,1.0,279,52,5.365384615384615
0,2,144,0,1,0,1,5,1,0,1,1,1,0,1,0,2,0,2.0,447,80,5.5875
0,24,163,114,0,0,1,3,1,0,2,2,2,0,1,0,2,0,1.0,931,185,5.032432432432432
1,1,143,0,0,0,6,0,1,1,2,2,2,0,1,0,2,0,3.0,163,32,5.09375
1,3,105,0,1,0,1,1,1,0,1,0,1,0,1,0,12,0,4.0,819,143,5.7272727272727275
0,7,144,0,0,0,6,0,0,0,1,1,1,0,1,50,2,1,1.0,367,68,5.397058823529412
1,24,105,0,1,0,3,5,1,0,0,0,0,0,1,0,2,0,4.0,202,37,5.45945945945946
1,2,104,0,2,4,5,5,1,1,2,2,2,0,2,0,2,0,4.0,257,46,5.586956521739131
0,2,144,0,0,0,0,0,1,0,1,0,1,0,1,0,2,0,4.0,279,45,6.2
0,1,144,0,1,0,1,0,1,1,1,1,1,0,1,0,3,0,1.0,302,56,5.392857142857143
0,1,144,0,1,1,2,3,1,1,1,1,1,0,1,0,2,0,3.0,205,39,5.256410256410256
0,24,22,114,1,1,0,0,2,0,0,0,2,0,1,100,3,0,2.0,151,32,4.71875
0,47,144,0,0,0,0,0,1,0,0,0,1,0,1,0,7,0,0.0,410,83,4.9397590361445785
1,6,128,0,1,1,4,0,1,1,1,1,1,0,1,0,2,0,3.0,254,52,4.884615384615385
0,1,144,0,1,0,1,0,1,1,1,1,1,0,1,0,4,0,1.0,117,25,4.68
1,12,128,0,2,1,0,0,1,0,2,0,1,0,6,0,2,0,3.0,417,80,5.2125
1,4,133,0,1,0,1,1,1,1,1,1,1,0,2,0,2,0,2.0,364,63,5.777777777777778
0,1,144,0,2,0,1,3,1,1,1,1,1,0,5,0,2,0,11.0,198,36,5.5
0,1,144,0,2,0,1,3,1,1,1,1,1,0,8,0,2,0,17.0,1363,260,5.242307692307692
1,1,105,0,0,0,6,0,1,0,1,0,1,0,1,0,2,0,11.0,513,101,5.079207920792079
1,2,137,113,2,0,6,0,1,1,1,1,1,0,3,0,2,0,20.0,641,112,5.723214285714286
0,3,144,114,1,6,0,0,1,0,1,1,1,0,1,0,12,0,3.0,382,73,5.232876712328767
0,2,144,35,0,0,0,0,1,1,0,0,1,0,1,150,12,0,4.0,346,62,5.580645161290323
0,4,144,0,1,6,0,0,1,1,1,1,1,0,1,0,2,0,2.0,156,25,6.24
1,60,128,81,0,0,4,0,2,1,0,0,0,0,1,160,2,0,4.0,89,17,5.235294117647059
0,5,144,0,0,0,6,0,1,0,0,0,1,0,1,0,2,0,1.0,291,54,5.388888888888889
1,2,105,0,1,0,3,5,1,0,1,1,1,0,6,30,2,0,6.0,712,133,5.353383458646617
0,84,99,0,1,0,1,0,2,1,0,0,0,1,1,600,12,0,4.0,3098,564,5.49290780141844
0,36,30,20,2,1,0,0,0,0,0,0,0,0,2,0,12,0,3.0,1,1,1.0
1,3,104,0,1,0,1,5,1,1,1,0,1,0,1,300,2,0,4.0,1427,278,5.133093525179856
0,18,38,0,0,5,0,0,1,0,0,0,1,0,1,10,2,0,2.0,676,131,5.1603053435114505
0,1,144,0,2,0,1,3,1,0,1,1,1,0,6,0,2,0,4.0,338,61,5.540983606557377
0,48,22,114,2,4,0,0,1,1,2,2,0,0,2,0,3,0,3.0,430,76,5.657894736842105
0,5,144,0,1,1,0,0,1,0,0,0,1,0,1,0,12,0,1.0,96,18,5.333333333333333
0,60,144,0,1,1,6,0,1,0,0,0,0,0,1,0,12,0,7.0,191,36,5.305555555555555
0,16,60,0,0,0,1,5,0,2,0,0,0,0,1,180,2,0,4.0,1081,184,5.875
0,2,144,0,0,0,4,0,1,1,1,1,1,0,1,0,3,0,6.0,38,5,7.6
1,8,103,0,0,6,0,0,2,2,2,2,0,0,1,100,2,0,5.0,40,8,5.0
1,4,105,106,0,1,2,0,0,0,1,1,1,0,1,0,2,0,4.0,268,54,4.962962962962963
0,2,144,0,2,0,1,3,1,1,0,0,1,0,5,0,12,0,5.0,38,6,6.333333333333333
0,2,144,114,0,0,1,0,1,1,0,0,1,0,1,0,12,0,3.0,327,61,5.360655737704918
1,3,105,0,1,5,0,0,1,0,1,1,1,0,1,0,12,0,1.0,106,21,5.0476190476190474
0,3,144,0,1,5,6,0,2,1,0,0,1,0,2,0,3,0,2.0,97,17,5.705882352941177
1,1,104,0,2,0,2,0,0,1,0,1,1,0,2,0,2,0,0.0,135,23,5.869565217391305
0,12,144,114,1,0,4,5,2,0,0,0,0,0,1,0,2,0,1.0,72,13,5.538461538461538
1,2,105,0,1,0,1,2,1,0,1,0,2,0,1,0,2,0,4.0,154,27,5.703703703703703
1,3,104,0,1,5,0,0,1,1,1,1,1,0,1,0,2,0,2.0,221,44,5.0227272727272725
0,2,144,0,1,1,6,0,1,0,1,0,1,0,1,0,12,0,5.0,1181,229,5.157205240174672
0,24,41,47,1,0,1,0,0,2,0,0,0,0,1,250,2,0,2.0,1699,285,5.96140350877193
1,3,105,0,0,0,6,0,1,1,1,0,1,0,2,0,12,0,19.0,55,8,6.875
1,2,104,106,0,0,1,4,1,1,0,0,1,0,1,0,3,0,7.0,1311,234,5.602564102564102
1,3,105,0,1,0,2,5,0,0,1,1,2,1,1,0,2,0,0.0,623,133,4.684210526315789
1,10,105,0,1,0,0,0,1,0,1,1,1,0,1,0,2,0,1.0,76,19,4.0
1,2,104,82,0,0,6,0,0,1,1,1,1,1,1,0,2,0,3.0,125,23,5.434782608695652
0,2,144,0,1,0,1,0,1,0,1,1,1,0,1,0,12,0,4.0,273,51,5.352941176470588
1,1,105,0,2,1,4,4,0,0,1,0,1,0,2,0,12,0,1.0,482,87,5.540229885057471
0,1,144,114,1,0,1,0,1,1,0,0,2,0,2,0,0,0,2.0,120,24,5.0
0,2,144,0,1,6,0,0,1,0,1,1,1,0,1,20,3,0,1.0,201,32,6.28125
0,4,144,0,1,1,0,0,1,0,2,2,1,1,1,0,7,0,4.0,364,70,5.2
0,1,144,0,1,1,0,0,1,0,1,1,1,0,1,0,4,0,1.0,98,21,4.666666666666667
1,6,143,82,1,0,6,0,1,0,0,0,1,0,1,0,3,0,7.0,697,112,6.223214285714286
1,4,105,0,1,1,2,5,1,0,1,1,1,0,1,0,12,0,3.0,263,48,5.479166666666667
1,3,105,0,2,1,3,0,1,0,0,0,0,0,5,100,2,0,5.0,322,52,6.1923076923076925
0,1,144,0,0,0,1,0,1,1,1,1,1,0,1,0,3,0,1.0,131,22,5.954545454545454
0,2,144,0,2,0,0,0,2,0,2,2,2,0,2,0,4,0,1.0,290,48,6.041666666666667
1,4,102,82,1,1,3,3,0,0,1,1,1,0,1,0,2,0,3.0,453,76,5.9605263157894735
0,36,69,20,0,0,6,0,1,0,0,0,0,0,1,0,2,0,5.0,382,75,5.093333333333334
0,5,17,114,0,1,6,0,1,0,0,0,0,0,1,0,12,0,6.0,281,49,5.73469387755102
1,3,104,0,2,0,5,0,1,1,1,1,1,0,3,0,2,0,3.0,557,111,5.018018018018018
1,42,105,0,1,0,3,5,0,0,0,0,0,0,1,0,2,1,4.0,866,163,5.3128834355828225
1,1,105,81,1,2,3,3,1,0,1,1,1,0,1,0,2,0,8.0,409,75,5.453333333333333
1,2,105,0,1,6,0,0,1,0,0,0,1,0,1,30,2,0,1.0,364,66,5.515151515151516
1,2,104,0,1,0,2,0,1,1,1,1,1,0,1,50,2,0,5.0,618,111,5.5675675675675675
1,5,105,0,1,4,0,0,2,0,0,0,1,0,1,0,2,0,5.0,16,3,5.333333333333333
1,7,105,0,1,1,6,0,1,1,1,1,1,0,2,0,12,0,2.0,33,6,5.5
0,2,144,0,1,0,1,5,0,0,2,2,2,0,1,0,2,0,1.0,323,63,5.126984126984127
1,36,105,106,0,0,5,0,1,0,0,0,0,0,1,0,12,0,6.0,2190,408,5.367647058823529
0,24,54,0,0,0,1,5,1,0,0,0,0,0,1,300,2,0,1.0,330,61,5.409836065573771
1,17,119,0,1,3,5,5,2,2,0,0,1,0,1,500,12,0,3.0,47,8,5.875
0,1,144,0,1,1,0,0,2,0,1,1,1,0,2,0,2,0,3.0,147,27,5.444444444444445
0,3,144,114,1,1,4,5,1,1,1,1,1,0,1,0,3,0,7.0,147,28,5.25
0,2,144,114,1,0,1,0,1,0,2,2,2,0,1,0,2,0,2.0,211,40,5.275
1,2,128,72,0,1,4,5,0,0,1,1,1,0,1,0,12,0,1.0,266,51,5.215686274509804
0,1,144,0,0,0,1,0,1,0,1,0,1,0,1,0,12,1,6.0,574,108,5.314814814814815
1,24,105,0,0,2,6,0,2,0,1,1,1,0,1,0,2,0,4.0,351,56,6.267857142857143
0,0,144,114,0,0,6,0,1,0,1,1,1,0,1,0,2,0,3.0,199,40,4.975
0,2,65,114,1,2,4,0,1,1,1,1,1,0,1,0,2,0,7.0,50,9,5.555555555555555
0,12,144,0,1,1,0,0,1,0,0,0,2,0,1,100,7,0,3.0,140,25,5.6
0,2,144,54,0,0,1,5,1,0,1,1,1,0,1,0,2,0,7.0,413,79,5.227848101265823
1,1,105,81,1,6,0,0,0,1,1,1,1,0,1,0,2,0,4.0,158,32,4.9375
1,24,128,82,1,6,0,0,0,0,0,0,0,0,1,120,7,1,8.0,453,77,5.883116883116883
1,1,105,0,0,3,0,0,0,0,1,1,1,0,3,9,12,0,3.0,320,56,5.714285714285714
1,2,105,0,1,2,4,5,1,1,0,0,1,0,1,0,2,0,7.0,1017,188,5.409574468085107
1,3,128,82,1,1,4,5,1,0,1,0,1,0,1,0,2,0,6.0,604,116,5.206896551724138
0,10,144,0,0,0,1,3,1,0,1,1,1,0,1,0,2,0,9.0,343,45,7.622222222222222
0,6,144,0,1,1,6,0,1,1,1,0,1,0,1,0,2,0,5.0,336,62,5.419354838709677
1,6,105,0,0,0,6,0,1,0,1,0,1,0,1,10,1,0,7.0,149,24,6.208333333333333
0,12,144,0,1,0,1,0,2,0,0,0,0,0,1,0,2,0,20.0,248,43,5.767441860465116
1,1,104,0,0,0,6,0,1,1,1,0,1,0,1,0,2,0,4.0,284,51,5.568627450980392
0,2,144,0,1,4,6,0,2,1,2,2,2,0,1,0,2,0,5.0,181,35,5.171428571428572
1,2,104,0,2,1,4,4,1,1,1,1,1,0,4,0,2,0,3.0,89,16,5.5625
0,2,144,0,0,0,1,0,1,0,1,0,1,0,1,0,2,0,5.0,403,87,4.632183908045977
0,9,30,114,0,0,6,0,0,0,2,0,1,0,1,0,1,0,3.0,121,23,5.260869565217392
1,1,105,81,1,4,0,0,1,0,1,1,1,0,1,0,12,0,1.0,245,52,4.711538461538462
1,3,135,0,1,0,6,0,0,0,1,1,1,0,1,0,2,0,14.0,133,28,4.75
1,1,96,73,2,0,1,5,0,1,1,1,1,0,5,0,12,0,20.0,303,60,5.05
0,24,144,0,0,4,6,0,2,0,2,2,2,0,1,0,2,0,2.0,184,35,5.257142857142857
1,2,105,82,2,3,5,0,1,0,1,1,1,0,2,0,12,0,4.0,126,25,5.04
0,2,144,0,1,4,6,0,1,0,1,1,2,0,1,0,3,0,2.0,437,85,5.141176470588236
1,2,105,0,0,1,0,0,0,0,1,1,1,0,1,20,2,0,2.0,27,7,3.857142857142857
0,3,144,114,1,0,1,5,1,0,1,1,1,0,2,0,2,0,2.0,22,4,5.5
0,3,144,0,0,6,0,0,1,0,0,0,0,0,1,0,2,3,5.0,105,21,5.0
0,6,144,0,1,4,6,0,1,1,0,0,1,0,1,0,2,0,1.0,537,117,4.589743589743589
1,1,105,73,1,0,3,5,1,0,1,0,1,0,1,0,2,0,3.0,457,72,6.347222222222222
1,24,119,80,0,0,0,0,2,2,2,2,1,0,1,0,2,0,5.0,1270,256,4.9609375
0,3,144,0,1,1,6,0,0,0,2,2,2,1,1,0,2,0,0.0,254,52,4.884615384615385
1,18,105,82,1,0,6,0,1,0,0,0,0,0,1,0,2,0,3.0,74,6,12.333333333333334
1,3,105,0,1,0,3,5,1,0,1,1,2,0,2,0,2,0,4.0,86,17,5.0588235294117645
1,1,104,81,2,0,3,5,1,1,2,2,2,0,4,0,2,0,8.0,174,33,5.2727272727272725
1,1,105,0,1,0,5,5,1,0,0,0,1,0,1,0,2,0,5.0,748,132,5.666666666666667
0,24,144,30,1,0,0,0,0,0,2,0,2,1,1,0,7,0,1.0,440,80,5.5
1,3,120,94,2,0,6,0,0,1,1,0,1,0,2,0,12,0,4.0,585,109,5.36697247706422
1,2,105,0,0,2,4,0,1,0,0,0,1,0,1,50,2,0,5.0,735,134,5.485074626865671
0,6,144,0,1,1,6,0,2,0,0,0,1,0,2,0,2,0,2.0,307,63,4.873015873015873
0,2,144,0,0,2,0,0,1,0,1,0,0,0,1,150,12,1,8.0,322,59,5.4576271186440675
0,7,144,54,1,0,6,0,1,1,0,0,0,0,1,0,2,0,8.0,338,66,5.121212121212121
0,2,144,114,1,1,0,0,1,1,1,0,1,0,1,0,2,0,7.0,12,2,6.0
1,2,105,81,2,0,6,0,1,1,1,1,1,0,4,0,12,0,8.0,107,19,5.631578947368421
0,18,24,0,0,5,6,0,1,2,0,0,0,0,1,0,2,0,2.0,628,117,5.367521367521367
1,24,105,0,0,3,6,0,1,0,1,0,0,0,1,0,2,0,7.0,766,153,5.006535947712418
0,1,144,0,1,0,0,0,1,1,1,1,1,0,1,0,3,0,1.0,120,20,6.0
0,36,8,114,1,2,4,0,2,1,0,0,1,0,2,0,12,0,2.0,550,100,5.5
1,6,105,0,0,0,0,0,1,0,0,0,1,0,1,0,2,0,1.0,83,15,5.533333333333333
1,36,128,0,1,0,6,0,1,0,1,0,1,0,1,0,3,0,1.0,142,34,4.176470588235294
0,3,144,0,0,1,0,0,1,0,1,0,1,0,1,0,2,0,3.0,420,82,5.121951219512195
0,24,144,114,0,0,6,0,1,1,0,0,0,0,2,0,12,0,5.0,445,84,5.2976190476190474
1,2,104,81,1,6,0,0,1,1,0,0,1,0,1,0,12,0,9.0,215,35,6.142857142857143
1,1,105,0,0,0,1,1,1,0,0,0,1,0,3,0,2,0,3.0,193,30,6.433333333333334
1,14,105,0,1,0,1,0,1,0,1,1,0,0,1,0,12,0,3.0,89,17,5.235294117647059
1,2,105,84,1,0,6,0,0,0,1,0,1,0,1,0,2,0,4.0,114,18,6.333333333333333
0,5,144,0,1,1,6,0,1,0,0,0,0,0,1,0,2,0,4.0,392,74,5.297297297297297
1,1,120,0,1,5,6,0,1,0,1,1,1,0,1,0,2,0,1.0,233,38,6.131578947368421
0,11,144,0,0,1,6,0,1,0,0,2,1,0,1,0,2,0,2.0,290,57,5.087719298245614
0,2,144,114,1,1,6,0,1,1,1,0,1,0,1,0,2,0,2.0,14,3,4.666666666666667
1,4,143,82,0,0,6,0,0,0,2,0,1,0,1,0,12,0,5.0,107,16,6.6875
1,2,140,80,1,0,2,5,2,2,1,1,1,0,1,0,2,0,1.0,522,92,5.673913043478261
0,2,144,0,0,0,5,5,0,0,1,1,1,0,3,0,7,0,3.0,318,66,4.818181818181818
0,48,60,0,1,0,6,0,0,1,0,0,2,0,1,400,2,0,0.0,60,7,8.571428571428571
1,2,104,0,2,1,2,4,1,1,0,0,0,0,3,0,2,0,8.0,335,58,5.775862068965517
0,24,8,0,1,2,0,0,2,1,0,0,1,0,1,400,12,0,24.0,38,6,6.333333333333333
1,6,90,0,2,3,6,0,1,0,1,1,1,0,5,0,7,0,3.0,826,126,6.555555555555555
1,2,135,82,0,0,1,0,0,0,1,0,1,0,1,0,12,0,4.0,258,44,5.863636363636363
0,2,144,0,1,0,6,0,1,0,1,1,1,0,1,0,2,0,2.0,175,34,5.147058823529412
1,7,135,0,1,1,2,2,1,0,2,2,1,0,1,0,3,0,2.0,301,54,5.574074074074074
0,4,144,0,1,1,6,0,1,0,0,0,0,0,2,100,2,0,2.0,168,37,4.54054054054054
0,2,144,0,1,2,4,5,1,0,0,0,1,1,1,0,7,1,10.0,1426,185,7.708108108108108
0,9,144,0,1,0,1,0,1,0,2,2,2,2,1,0,2,0,7.0,1194,247,4.834008097165992
1,3,105,0,1,0,0,0,1,0,2,2,2,0,1,0,12,0,1.0,126,22,5.7272727272727275
1,1,104,0,2,1,2,0,0,1,1,1,1,0,2,0,2,0,3.0,161,32,5.03125
1,3,105,0,1,0,3,5,0,0,1,1,1,0,1,0,2,0,5.0,387,77,5.025974025974026
1,5,96,0,1,0,1,5,0,0,0,0,0,0,1,200,7,0,6.0,1240,233,5.3218884120171674
0,4,144,0,1,4,0,0,1,1,0,0,1,0,1,0,2,0,1.0,164,31,5.290322580645161
1,2,105,0,1,1,6,0,1,0,1,0,1,1,1,0,2,0,5.0,882,166,5.313253012048193
1,3,103,0,1,0,1,4,1,1,1,1,2,0,3,0,2,0,5.0,20,3,6.666666666666667
1,11,104,0,1,0,1,2,1,1,0,0,0,0,1,0,2,0,16.0,374,67,5.582089552238806
0,48,40,0,0,1,2,5,0,2,0,0,1,0,1,200,2,0,2.0,193,38,5.078947368421052
0,7,144,114,0,0,6,0,1,0,0,0,0,0,1,0,12,0,1.0,30,5,6.0
1,4,105,0,1,5,6,0,0,0,1,0,1,0,1,0,2,0,9.0,234,39,6.0
1,2,105,0,0,0,6,0,0,0,1,1,1,0,1,0,12,0,2.0,22,3,7.333333333333333
0,12,13,0,0,3,6,0,1,0,0,0,0,0,1,0,2,0,2.0,152,25,6.08
1,2,104,0,1,0,3,5,0,1,1,1,1,0,1,0,2,0,1.0,182,35,5.2
1,2,105,0,1,0,6,0,1,1,1,0,1,0,1,0,7,0,3.0,362,69,5.246376811594203
0,31,144,0,1,2,4,0,0,0,0,0,0,0,1,80,2,0,5.0,373,74,5.04054054054054
1,2,105,0,0,1,5,5,1,0,0,0,1,0,2,50,6,0,5.0,442,76,5.815789473684211
0,2,144,0,2,0,1,0,1,0,2,2,2,1,2,0,12,0,2.0,2150,366,5.8743169398907105
0,10,144,0,1,1,6,0,1,0,0,0,0,0,1,0,12,0,4.0,893,175,5.102857142857143
1,1,105,0,1,0,2,5,1,1,2,2,2,0,1,0,2,0,4.0,78,15,5.2
0,10,144,0,1,4,6,0,1,0,0,0,1,0,1,110,2,0,2.0,283,56,5.053571428571429
0,5,144,0,1,1,0,0,1,0,0,0,0,0,1,0,7,0,4.0,1159,216,5.3657407407407405
1,3,104,0,1,0,6,0,0,0,1,1,1,0,1,0,12,0,5.0,249,45,5.533333333333333
0,2,99,114,0,0,1,0,2,0,0,0,1,0,1,0,2,0,5.0,105,20,5.25
1,12,104,0,1,0,2,5,1,1,1,1,1,0,1,0,2,0,6.0,283,49,5.775510204081633
0,3,22,114,0,0,0,0,1,0,0,0,1,0,1,270,2,0,4.0,382,68,5.617647058823529
0,4,144,0,1,0,1,0,1,1,2,2,2,0,2,0,2,0,0.0,89,15,5.933333333333334
1,2,105,0,0,0,5,5,1,0,1,1,1,0,1,0,2,0,0.0,67,12,5.583333333333333
1,3,105,80,2,1,6,0,0,0,1,0,1,1,2,10,2,0,2.0,458,84,5.4523809523809526
0,6,144,0,1,1,6,0,1,0,0,0,1,0,1,0,12,0,5.0,177,28,6.321428571428571
0,3,144,0,1,1,0,0,1,1,0,0,1,0,1,0,2,0,2.0,209,44,4.75
1,24,93,0,1,5,0,0,1,1,0,0,0,0,1,0,12,0,1.0,176,37,4.756756756756757
0,2,144,0,1,0,1,5,1,0,1,0,1,0,2,0,3,0,7.0,295,47,6.276595744680851
0,1,144,0,0,0,3,0,1,0,2,2,1,0,1,0,2,0,1.0,73,13,5.615384615384615
0,4,144,0,1,6,0,0,1,0,2,2,2,0,1,0,12,0,2.0,671,127,5.283464566929134
0,2,144,0,1,0,1,0,1,0,1,0,1,0,1,0,2,0,2.0,528,95,5.557894736842106
1,4,140,0,1,1,2,5,1,0,0,0,1,0,1,0,2,0,5.0,134,25,5.36
0,2,144,114,1,4,0,0,1,1,0,0,1,0,1,0,2,0,5.0,12,2,6.0
1,3,122,89,0,5,0,0,1,1,0,0,1,0,1,700,3,0,6.0,540,108,5.0
0,1,144,0,0,0,2,5,1,0,0,0,1,0,1,0,2,0,6.0,1650,269,6.133828996282528
0,60,144,0,1,1,4,0,1,1,2,2,2,0,1,0,0,0,1.0,21,2,10.5
0,4,144,0,1,0,1,5,1,0,0,0,1,0,1,0,5,0,4.0,100,14,7.142857142857143
0,48,47,0,0,0,1,0,2,0,0,0,1,0,1,0,2,0,2.0,457,91,5.021978021978022
1,4,104,0,1,0,3,5,2,1,1,1,2,0,1,0,2,0,2.0,131,22,5.954545454545454
0,2,144,0,1,1,0,0,2,1,0,0,1,0,1,0,2,0,11.0,439,88,4.988636363636363
1,8,88,101,0,1,0,0,1,1,1,1,1,0,1,100,2,0,2.0,23,4,5.75
0,4,144,114,0,1,0,0,1,1,0,0,1,0,1,0,2,0,2.0,14,3,4.666666666666667
1,12,105,0,1,1,4,5,1,0,0,0,1,0,1,0,6,0,3.0,217,37,5.864864864864865
1,6,92,0,0,0,0,0,1,1,1,1,1,0,1,0,2,0,1.0,113,24,4.708333333333333
0,36,54,0,1,0,1,0,1,0,0,0,0,0,1,250,2,0,3.0,297,56,5.303571428571429
0,2,144,0,0,0,1,0,1,1,0,0,1,0,1,0,2,0,1.0,268,52,5.153846153846154
0,12,144,0,1,1,6,0,1,1,1,0,0,0,1,0,2,0,7.0,434,79,5.493670886075949
0,2,144,0,1,0,4,0,1,0,1,1,1,0,1,0,2,0,8.0,822,143,5.748251748251748
1,1,105,0,0,3,0,0,0,0,1,1,1,0,1,0,12,0,4.0,326,65,5.015384615384615
0,24,144,0,0,1,0,0,0,1,0,0,1,0,1,0,2,0,5.0,116,21,5.523809523809524
0,8,144,0,0,1,0,0,1,1,0,0,1,0,1,50,2,0,3.0,46,10,4.6
1,24,103,0,1,2,4,0,0,2,1,1,1,0,1,100,2,0,4.0,265,51,5.196078431372549
1,4,104,0,0,5,6,0,0,1,1,1,1,0,1,0,2,0,5.0,282,59,4.779661016949152
0,5,144,0,1,1,0,0,1,1,1,1,1,0,1,0,7,0,3.0,236,43,5.488372093023256
0,15,144,0,0,4,6,0,1,0,0,0,0,0,1,0,2,0,4.0,89,18,4.944444444444445
1,3,105,0,1,1,6,0,1,0,0,0,1,0,1,50,12,0,6.0,1217,228,5.337719298245614
0,4,144,0,2,1,0,0,1,1,0,0,0,0,3,0,2,0,3.0,326,59,5.52542372881356
1,8,143,70,0,0,6,0,2,1,1,1,1,0,1,0,12,0,4.0,580,113,5.132743362831858
1,3,104,0,0,6,0,0,0,1,1,0,1,0,1,0,2,6,28.0,1021,207,4.932367149758454
1,3,105,0,0,0,5,5,1,0,1,0,1,0,1,0,2,0,3.0,63,11,5.7272727272727275
0,2,144,0,1,4,0,0,1,0,1,1,1,0,1,0,2,0,8.0,894,154,5.805194805194805
1,12,105,106,1,5,6,0,0,0,0,0,0,0,1,0,2,0,2.0,445,81,5.493827160493828
0,84,30,0,0,0,1,0,0,1,2,0,1,1,1,0,12,0,2.0,123,21,5.857142857142857
1,3,105,0,1,0,1,0,1,0,1,0,1,0,1,0,12,0,7.0,257,45,5.711111111111111
0,12,144,114,2,0,1,0,2,0,1,1,1,0,4,0,2,0,3.0,261,45,5.8
0,5,144,0,1,0,1,3,1,0,2,2,2,0,1,0,2,0,3.0,364,65,5.6
1,2,105,0,2,0,2,5,1,0,1,1,1,0,4,0,2,0,2.0,216,39,5.538461538461538
0,3,144,35,0,0,1,0,1,0,1,1,1,0,1,0,12,0,2.0,83,14,5.928571428571429
1,4,105,0,0,0,1,5,1,0,1,0,1,0,1,0,2,0,3.0,153,26,5.884615384615385
1,12,105,0,1,0,1,4,0,0,0,0,0,0,1,0,2,0,6.0,704,133,5.293233082706767
1,4,105,82,2,1,3,4,0,0,0,0,1,0,4,0,12,0,4.0,491,73,6.726027397260274
1,3,105,0,0,3,6,0,1,0,1,1,1,0,3,0,12,0,5.0,17,4,4.25
0,2,144,0,1,1,2,2,1,0,1,1,1,0,1,0,2,0,6.0,132,27,4.888888888888889
1,18,105,0,1,5,0,0,1,0,0,2,0,0,2,0,2,0,3.0,277,54,5.12962962962963
1,2,104,0,2,2,6,0,0,1,1,0,1,0,2,70,2,0,5.0,691,122,5.663934426229508
1,2,105,0,1,0,3,0,1,0,1,1,1,0,1,0,12,0,2.0,1567,285,5.4982456140350875
0,60,43,0,0,0,4,0,1,0,0,0,0,0,1,0,2,0,3.0,485,88,5.511363636363637
0,6,41,0,1,1,0,0,0,1,0,0,1,0,1,350,12,0,2.0,135,24,5.625
0,60,41,0,0,4,0,0,0,2,0,2,0,1,1,200,2,0,1.0,835,155,5.387096774193548
0,9,60,0,0,1,6,0,0,1,2,2,0,0,1,0,2,0,4.0,252,52,4.846153846153846
0,3,144,114,1,1,0,0,0,0,1,1,1,0,1,0,2,0,4.0,309,62,4.983870967741935
0,1,144,0,0,1,0,0,0,0,1,1,1,0,1,0,2,0,6.0,480,98,4.8979591836734695
0,1,144,0,1,1,0,0,1,0,1,0,1,0,1,0,2,0,1.0,77,14,5.5
1,6,122,89,0,3,0,0,1,2,1,1,1,0,1,150,2,0,3.0,67,14,4.785714285714286
0,2,144,0,1,3,0,0,1,0,1,0,1,0,1,0,12,0,7.0,186,36,5.166666666666667
1,1,104,0,1,1,4,5,1,1,1,1,1,0,1,0,7,0,2.0,87,15,5.8
0,10,144,0,0,0,1,0,1,1,0,0,1,0,1,0,12,0,1.0,238,51,4.666666666666667
1,72,105,0,1,0,0,0,1,1,0,0,0,0,2,0,12,0,3.0,305,59,5.169491525423729
1,14,103,82,1,0,3,5,2,2,0,0,0,0,1,0,2,0,2.0,165,35,4.714285714285714
1,2,105,0,1,0,6,0,0,0,1,0,1,0,1,0,2,0,3.0,624,119,5.243697478991597
0,1,144,114,0,1,6,0,1,1,1,1,1,0,1,0,3,0,6.0,167,29,5.758620689655173
1,6,105,0,1,1,3,5,1,0,0,0,0,0,1,0,2,0,5.0,217,40,5.425
0,18,60,0,0,1,4,5,0,1,0,0,0,1,1,0,12,0,1.0,136,26,5.230769230769231
0,14,65,114,1,6,0,0,1,0,0,0,0,0,1,0,2,0,2.0,340,70,4.857142857142857
0,60,144,10,0,0,4,5,1,1,0,0,0,0,1,0,4,0,2.0,543,96,5.65625
1,1,104,0,1,0,1,2,1,1,1,1,1,0,1,0,2,0,1.0,979,191,5.12565445026178
0,4,144,0,1,0,4,0,1,0,1,0,1,0,1,0,2,0,5.0,690,131,5.267175572519084
1,1,128,82,1,1,4,0,1,0,1,1,1,0,1,0,3,0,1.0,60,8,7.5
1,2,105,109,1,1,3,4,1,1,1,0,1,0,1,15,12,0,3.0,454,79,5.746835443037975
0,36,144,0,1,1,0,0,2,0,0,0,0,0,1,0,2,0,2.0,202,43,4.6976744186046515
1,2,105,0,1,2,3,0,1,1,2,2,2,0,1,0,2,0,6.0,105,20,5.25
0,1,144,114,0,0,1,5,1,1,1,0,1,0,1,0,2,0,3.0,12,2,6.0
0,2,144,114,2,0,1,5,1,1,0,0,1,0,3,0,2,0,20.0,345,52,6.634615384615385
0,24,144,0,0,0,1,5,1,1,2,2,2,0,1,0,2,0,1.0,51,9,5.666666666666667
0,96,34,0,0,0,2,3,1,2,0,0,0,0,1,0,2,0,9.0,422,74,5.702702702702703
1,4,128,82,0,1,4,0,0,1,1,1,1,0,1,0,2,1,4.0,27,4,6.75
0,0,144,0,1,3,6,0,0,1,1,1,1,0,1,0,2,0,1.0,221,46,4.804347826086956
0,3,144,0,1,0,1,5,1,1,0,0,1,0,1,0,2,0,1.0,10,2,5.0
0,2,144,0,2,0,4,5,1,0,0,0,1,0,7,0,2,1,8.0,205,36,5.694444444444445
1,2,105,0,1,0,0,0,0,0,1,0,1,0,1,0,2,0,4.0,254,49,5.183673469387755
1,36,105,0,1,4,5,5,1,0,1,0,0,0,1,0,2,0,16.0,848,156,5.435897435897436
1,2,105,0,1,0,5,0,0,0,1,1,1,0,1,0,2,0,2.0,126,22,5.7272727272727275
1,4,104,0,0,0,5,5,1,1,0,0,0,0,1,0,12,0,10.0,1037,207,5.009661835748792
0,4,144,0,1,1,0,0,1,2,0,0,1,0,1,0,4,0,4.0,223,40,5.575
1,4,105,0,0,2,3,0,0,0,2,2,2,0,1,0,12,0,5.0,31,5,6.2
1,1,135,0,1,0,1,5,0,0,1,0,1,0,1,0,2,0,2.0,86,17,5.0588235294117645
1,2,105,0,0,0,6,0,0,0,2,2,1,0,1,0,2,0,2.0,39,7,5.571428571428571
0,180,144,0,0,5,0,0,1,1,0,0,0,0,1,0,3,0,1.0,160,25,6.4
0,2,144,53,0,4,0,0,1,1,1,1,1,0,1,0,2,0,3.0,534,103,5.184466019417476
0,24,144,0,0,0,1,0,1,0,0,0,1,0,1,0,12,0,1.0,521,98,5.316326530612245
0,1,144,0,2,0,1,0,1,1,1,1,1,0,6,0,2,0,1.0,115,22,5.2272727272727275
1,17,104,0,1,6,0,0,1,1,0,0,1,0,2,0,2,0,4.0,402,81,4.962962962962963
0,3,144,0,0,1,0,0,1,1,0,0,1,0,1,0,2,0,3.0,255,53,4.811320754716981
0,2,144,4,1,0,1,0,1,0,2,2,2,0,1,10,2,0,2.0,54,9,6.0
0,14,144,0,0,0,0,0,1,0,0,0,1,0,1,0,2,0,3.0,160,31,5.161290322580645
0,1,144,114,1,0,1,0,1,1,1,0,1,0,1,0,2,0,5.0,248,36,6.888888888888889
0,15,36,0,1,6,0,0,2,1,0,0,2,0,1,150,2,0,2.0,717,139,5.158273381294964
0,1,69,114,1,1,6,0,1,0,0,0,1,0,1,0,2,0,7.0,164,27,6.074074074074074
1,36,104,0,2,2,6,0,1,2,1,1,1,0,4,0,2,0,2.0,222,40,5.55
0,1,144,0,1,1,0,0,1,0,1,1,1,0,1,0,2,1,16.0,262,53,4.943396226415095
1,14,105,101,0,1,4,0,1,0,0,1,1,0,1,0,2,0,1.0,51,7,7.285714285714286
1,3,105,0,1,0,1,5,0,0,1,1,1,0,1,0,2,0,6.0,858,165,5.2
0,4,144,16,0,0,1,0,1,0,1,1,1,0,1,0,1,0,2.0,138,29,4.758620689655173
0,2,144,114,1,1,0,0,1,1,0,0,1,0,1,0,2,0,1.0,12,2,6.0
1,84,105,0,0,1,6,0,1,0,0,0,0,0,1,0,2,0,2.0,162,30,5.4
0,8,22,114,2,0,0,0,1,0,0,0,1,0,2,0,12,0,7.0,269,50,5.38
1,6,105,0,1,5,6,0,0,0,1,0,1,0,1,0,2,0,1.0,200,37,5.405405405405405
0,2,144,0,1,0,1,5,1,1,1,1,1,0,1,20,3,0,1.0,144,25,5.76
1,2,104,0,1,3,4,5,0,1,1,1,1,0,2,0,2,0,6.0,73,13,5.615384615384615
0,17,51,0,1,5,0,0,0,1,2,0,0,0,1,0,2,0,4.0,371,68,5.455882352941177
1,18,105,0,1,5,0,0,0,0,0,2,0,0,1,30,0,0,2.0,336,69,4.869565217391305
0,2,144,0,1,1,6,0,1,1,0,0,2,0,2,0,0,0,2.0,100,16,6.25
1,4,122,81,0,6,0,0,1,1,1,0,1,0,1,0,2,0,6.0,215,45,4.777777777777778
0,1,144,0,2,0,1,5,0,0,1,1,1,1,6,0,12,0,2.0,149,29,5.137931034482759
0,0,144,0,0,0,0,0,1,0,0,0,0,0,1,0,4,0,6.0,474,91,5.208791208791209
1,2,104,0,2,6,0,0,1,1,0,0,1,0,6,0,2,0,7.0,198,34,5.823529411764706
0,2,144,0,0,0,1,0,1,0,1,1,1,0,1,0,12,0,5.0,45,8,5.625
0,3,144,0,0,6,0,0,1,0,1,1,1,0,1,0,2,0,1.0,212,43,4.930232558139535
0,1,144,0,0,0,0,0,1,0,2,2,1,0,1,0,2,0,1.0,88,16,5.5
1,4,104,0,1,0,1,5,1,1,2,2,0,0,1,0,1,0,1.0,293,53,5.528301886792453
1,1,105,0,0,5,6,0,0,0,1,0,1,0,1,0,12,0,0.0,179,37,4.837837837837838
0,1,144,0,2,0,1,5,2,0,1,1,1,0,4,0,12,0,3.0,420,78,5.384615384615385
1,1,104,82,0,0,1,5,1,1,2,2,1,0,3,0,2,0,4.0,310,57,5.43859649122807
0,1,144,0,1,1,6,0,1,0,0,0,1,0,1,0,2,0,1.0,221,40,5.525
1,7,104,0,1,5,0,0,0,1,0,0,0,0,1,0,2,0,2.0,156,29,5.379310344827586
0,2,144,114,1,1,0,0,1,1,0,0,1,0,1,0,2,0,5.0,12,2,6.0
0,5,144,0,1,1,6,0,1,0,0,0,0,0,1,0,2,0,5.0,1347,244,5.520491803278689
0,1,144,114,1,3,0,0,0,0,1,1,0,0,1,0,12,0,2.0,259,47,5.51063829787234
0,24,30,0,1,1,0,0,0,0,0,0,1,0,1,0,7,0,5.0,181,34,5.323529411764706
0,1,144,0,1,1,4,0,1,1,1,1,1,0,1,0,3,0,6.0,31,5,6.2
1,2,104,0,1,5,0,0,1,0,1,1,1,0,1,0,2,0,5.0,56,11,5.090909090909091
1,1,104,0,0,0,0,0,1,1,1,1,1,0,1,0,12,0,4.0,411,78,5.269230769230769
0,24,144,0,0,0,4,0,0,1,2,2,2,1,1,0,2,0,1.0,49,9,5.444444444444445
0,1,69,114,0,1,0,0,1,0,1,0,1,0,1,0,2,0,2.0,273,46,5.934782608695652
0,3,144,0,1,2,0,0,1,0,0,0,0,0,1,0,3,0,7.0,84,15,5.6
1,2,105,81,1,0,5,5,1,0,1,1,1,0,1,0,2,0,5.0,228,37,6.162162162162162
1,1,119,0,1,4,6,0,1,1,0,0,1,0,1,0,2,0,1.0,141,27,5.222222222222222
1,2,128,72,0,1,4,0,1,0,1,0,1,0,1,100,2,0,5.0,198,33,6.0
0,36,144,53,0,2,0,0,0,1,0,0,0,0,1,0,12,0,2.0,320,62,5.161290322580645
1,2,105,0,2,0,1,5,1,0,0,0,1,0,4,0,12,0,4.0,441,81,5.444444444444445
0,12,144,0,1,3,0,0,1,0,0,0,0,0,1,0,2,0,11.0,159,29,5.482758620689655
0,4,144,0,0,1,0,0,1,0,2,2,2,0,1,0,0,0,3.0,58,10,5.8
0,2,144,114,0,0,1,0,1,1,1,0,1,0,1,0,2,0,2.0,14,3,4.666666666666667
1,1,120,0,0,4,5,5,1,1,1,1,1,0,1,0,2,0,3.0,19,3,6.333333333333333
0,2,144,0,1,0,1,3,1,1,1,1,1,0,5,0,2,0,5.0,351,49,7.163265306122449
0,1,144,0,1,0,1,0,0,1,1,1,1,0,2,0,2,0,4.0,299,57,5.245614035087719
1,12,105,0,1,5,6,0,0,0,0,0,0,0,1,0,12,0,6.0,1048,212,4.943396226415095
0,8,144,0,1,4,0,0,0,0,0,0,0,0,1,0,2,0,1.0,271,48,5.645833333333333
0,9,13,53,1,0,2,3,1,1,0,0,0,0,1,200,7,0,14.0,311,61,5.098360655737705
0,2,144,114,0,1,0,0,1,1,0,0,1,0,1,0,2,0,5.0,200,37,5.405405405405405
0,1,144,0,1,0,1,0,1,0,1,0,1,0,1,0,3,0,4.0,149,20,7.45
1,5,105,0,0,3,4,5,1,0,2,2,2,0,2,0,2,0,5.0,264,47,5.617021276595745
0,36,144,0,1,3,6,0,1,0,0,0,0,0,1,0,2,0,4.0,514,93,5.526881720430108
0,5,144,0,1,0,1,5,1,1,0,0,1,0,1,150,3,1,2.0,306,62,4.935483870967742
1,0,105,0,2,0,5,5,1,1,1,1,1,0,3,0,12,0,0.0,567,92,6.163043478260869
1,9,105,0,0,0,3,5,1,1,1,1,1,1,1,0,12,0,1.0,120,25,4.8
1,24,105,0,0,5,6,0,1,0,1,0,0,0,1,0,2,0,0.0,464,87,5.333333333333333
1,2,105,0,2,0,1,4,0,1,1,1,1,0,3,30,2,0,4.0,498,90,5.533333333333333
1,2,96,0,2,3,6,0,1,1,1,1,1,0,4,0,2,1,10.0,97,17,5.705882352941177
1,36,60,0,0,1,4,5,1,2,2,2,1,0,1,0,7,0,2.0,2745,510,5.382352941176471
1,6,104,0,0,4,0,0,1,1,2,2,1,0,1,0,2,0,3.0,359,71,5.056338028169014
1,6,105,0,1,0,1,5,1,0,1,0,1,0,1,0,12,0,2.0,174,33,5.2727272727272725
0,2,144,114,0,0,1,5,1,1,0,0,1,0,1,0,2,0,5.0,12,2,6.0
1,12,105,0,1,0,1,5,1,0,0,0,0,0,1,0,2,0,3.0,234,39,6.0
0,24,144,0,0,0,1,5,1,0,0,0,0,0,1,0,12,0,1.0,537,97,5.536082474226804
0,8,144,0,0,1,0,0,2,0,0,0,1,0,1,0,2,0,5.0,280,52,5.384615384615385
0,4,144,0,1,1,0,0,1,0,0,0,0,0,1,0,12,0,5.0,592,116,5.103448275862069
0,12,144,0,1,4,5,0,1,1,0,0,0,0,2,150,12,0,8.0,233,42,5.5476190476190474
1,2,105,0,1,4,5,5,0,1,1,1,2,0,4,1,2,0,1.0,45,6,7.5
0,24,60,0,0,5,6,0,0,2,2,2,2,0,1,0,2,0,2.0,415,80,5.1875
1,6,105,0,0,0,6,0,0,1,2,2,1,0,1,1,2,0,3.0,23,1,23.0
0,36,26,0,0,6,0,0,0,2,0,0,1,0,1,300,2,0,2.0,190,38,5.0
0,67,41,0,1,1,0,0,0,1,0,0,0,0,1,300,12,0,1.0,775,163,4.754601226993865
1,0,105,0,2,0,1,5,1,0,1,1,1,0,3,0,7,0,2.0,126,26,4.846153846153846
1,2,105,0,1,0,1,5,0,0,1,1,1,0,3,0,12,0,3.0,17,3,5.666666666666667
0,24,47,0,1,0,1,0,3,0,0,0,0,0,1,0,2,0,2.0,317,55,5.763636363636364
0,9,144,0,0,1,0,0,1,1,0,0,0,0,1,0,3,0,5.0,446,86,5.186046511627907
1,2,105,0,1,0,1,2,0,0,1,1,1,0,3,0,0,0,1.0,68,13,5.230769230769231
0,36,164,0,0,0,1,0,1,0,0,0,2,0,1,0,2,0,2.0,725,132,5.492424242424242
1,4,128,81,1,0,4,5,1,1,0,2,1,0,1,0,2,0,3.0,791,159,4.9748427672955975
0,24,144,0,1,1,4,5,1,1,0,0,0,0,2,0,2,0,6.0,249,45,5.533333333333333
1,7,104,0,0,0,1,0,1,1,1,0,1,0,1,30,12,0,4.0,431,80,5.3875
1,6,105,0,1,0,5,5,0,0,2,0,0,0,1,0,12,0,2.0,459,82,5.597560975609756
1,3,105,0,1,0,5,0,1,0,0,0,1,0,1,0,12,0,3.0,275,45,6.111111111111111
1,2,105,0,0,1,6,0,0,0,1,0,1,0,1,0,7,0,5.0,412,77,5.35064935064935
1,3,105,0,0,0,1,5,1,0,1,1,1,0,1,0,12,0,3.0,121,21,5.761904761904762
0,3,144,0,0,0,6,0,1,1,1,0,1,0,1,0,1,0,1.0,234,36,6.5
0,108,62,0,1,0,1,0,0,2,0,0,0,0,1,0,2,0,2.0,446,68,6.5588235294117645
1,2,105,0,2,0,3,5,0,0,1,1,1,0,3,0,12,0,7.0,2943,514,5.72568093385214
1,3,122,80,0,2,6,0,2,1,2,2,2,0,1,0,1,0,2.0,23,4,5.75
0,3,144,0,0,1,6,0,1,1,0,0,1,0,1,0,2,0,4.0,208,35,5.942857142857143
0,2,144,0,1,3,4,5,1,0,1,0,1,0,1,0,2,0,5.0,777,146,5.321917808219178
0,3,144,0,1,0,1,5,1,0,1,1,1,0,1,0,2,1,4.0,783,140,5.5928571428571425
0,5,144,114,2,0,5,0,1,0,2,2,2,0,2,0,0,0,8.0,343,66,5.196969696969697
1,48,105,0,1,0,1,0,1,0,0,0,0,0,1,0,2,0,1.0,736,138,5.333333333333333
0,1,144,114,0,1,4,0,1,0,1,1,1,0,1,0,6,0,2.0,940,188,5.0
0,1,144,0,1,0,1,5,1,1,1,0,1,0,1,0,2,0,3.0,138,25,5.52
0,12,144,0,0,0,0,0,1,0,1,0,0,0,1,0,7,0,4.0,338,66,5.121212121212121
1,5,105,0,1,1,6,0,0,0,1,1,1,0,1,100,12,0,2.0,408,76,5.368421052631579
1,4,105,0,0,0,2,5,0,0,0,0,1,0,2,40,12,0,5.0,28,4,7.0
0,24,22,114,0,1,0,0,2,0,0,0,0,0,1,0,4,0,5.0,424,75,5.653333333333333
1,12,105,0,0,5,0,0,1,0,1,1,1,0,1,0,2,0,1.0,415,78,5.32051282051282
1,48,103,96,0,6,0,0,2,2,0,0,0,0,1,300,2,0,3.0,152,28,5.428571428571429
1,10,105,0,1,0,6,0,1,1,1,1,1,0,1,0,2,0,1.0,115,21,5.476190476190476
0,4,144,16,1,0,0,0,1,0,0,0,0,0,1,0,12,0,2.0,527,102,5.166666666666667
0,3,5,114,0,0,1,0,2,1,1,0,1,1,1,300,2,0,3.0,58,12,4.833333333333333
1,2,105,0,0,1,2,5,1,0,1,0,0,0,1,0,2,0,4.0,559,105,5.3238095238095235
0,24,152,0,2,1,0,0,2,0,2,2,2,0,2,0,12,0,2.0,245,45,5.444444444444445
0,18,60,0,1,0,1,5,0,0,0,0,1,0,2,400,2,0,2.0,1085,194,5.592783505154639
1,1,96,82,1,0,2,5,1,0,1,0,1,0,1,0,2,0,6.0,928,161,5.763975155279503
1,60,105,0,0,2,0,0,2,1,0,0,0,0,1,0,2,0,1.0,76,14,5.428571428571429
1,1,105,82,2,0,3,5,0,0,1,1,1,0,2,0,7,0,15.0,192,40,4.8
1,17,104,0,1,5,0,0,1,1,2,2,0,0,1,0,2,0,2.0,510,105,4.857142857142857
1,1,105,0,1,0,1,0,0,0,2,0,1,0,1,0,12,0,3.0,186,36,5.166666666666667
0,60,8,0,0,2,0,0,2,1,0,0,0,0,1,0,2,0,6.0,447,91,4.912087912087912
1,2,105,0,1,0,2,5,1,0,1,1,1,0,1,0,2,0,2.0,120,22,5.454545454545454
1,3,104,106,2,3,4,5,0,1,1,1,1,0,4,0,2,0,6.0,411,79,5.2025316455696204
0,10,65,0,0,6,0,0,0,1,0,0,1,0,1,0,12,0,0.0,60,10,6.0
0,2,144,131,1,0,1,0,1,0,0,0,0,0,1,0,2,0,13.0,339,65,5.2153846153846155
0,12,144,0,1,6,0,0,1,0,0,1,0,0,4,0,2,0,14.0,460,82,5.609756097560975
1,24,105,0,1,0,1,5,2,1,0,0,0,0,1,0,12,0,3.0,338,68,4.970588235294118
1,2,105,82,2,0,6,0,0,0,1,0,1,0,3,0,2,0,5.0,104,18,5.777777777777778
1,13,140,82,1,0,1,1,1,0,0,0,1,0,1,50,2,0,3.0,141,23,6.130434782608695
0,1,144,0,2,0,1,5,1,0,1,1,1,0,3,0,4,0,9.0,623,134,4.649253731343284
1,24,105,0,1,5,0,0,0,0,0,0,2,0,1,0,12,0,3.0,221,38,5.815789473684211
0,36,166,0,1,0,1,0,2,0,0,0,0,0,1,0,2,0,1.0,16,3,5.333333333333333
1,1,105,0,0,5,6,0,0,0,1,1,1,0,2,0,2,0,9.0,464,83,5.590361445783133
1,1,104,0,2,0,2,5,0,0,1,1,1,0,4,0,2,0,1.0,74,11,6.7272727272727275
1,5,105,0,0,0,5,0,1,0,1,0,1,0,2,0,2,0,17.0,774,127,6.094488188976378
0,10,144,0,1,0,3,0,0,0,0,0,0,0,1,0,2,0,1.0,59,12,4.916666666666667
1,3,105,0,0,0,6,0,1,1,1,0,1,0,1,0,2,0,1.0,319,56,5.696428571428571
1,6,129,0,0,6,0,0,1,0,2,2,2,0,1,0,2,0,0.0,264,58,4.551724137931035
1,4,105,0,0,0,1,3,0,0,1,2,1,0,1,0,2,0,6.0,613,121,5.066115702479339
1,6,105,0,0,0,0,0,1,0,0,0,1,0,1,0,2,0,4.0,16,3,5.333333333333333
1,34,120,0,2,0,4,5,1,1,1,1,1,0,4,0,3,0,5.0,28,6,4.666666666666667
0,2,144,114,1,0,6,0,1,1,1,0,1,0,1,0,2,0,4.0,12,2,6.0
0,2,144,0,2,0,6,0,1,0,1,0,2,0,2,0,2,0,5.0,405,69,5.869565217391305
1,1,104,0,0,0,3,5,1,1,1,1,1,0,1,0,2,0,1.0,25,4,6.25
0,8,144,0,1,1,6,0,1,1,0,0,1,0,1,0,2,0,2.0,129,23,5.608695652173913
1,31,105,0,0,5,0,0,1,0,1,1,0,0,1,0,12,0,3.0,179,34,5.264705882352941
0,1,144,54,0,0,1,5,1,1,1,1,1,0,1,0,2,0,4.0,277,52,5.326923076923077
1,30,105,0,1,0,5,5,1,0,0,0,0,0,1,0,2,0,2.0,319,60,5.316666666666666
1,1,105,0,2,1,3,4,0,0,2,2,2,0,3,0,2,0,2.0,80,16,5.0
1,12,104,0,0,2,6,0,1,1,0,0,1,0,1,100,12,0,1.0,35,6,5.833333333333333
0,2,144,0,1,0,2,3,1,0,2,2,2,0,6,0,3,0,1.0,320,57,5.614035087719298
0,24,41,0,0,6,0,0,0,1,2,2,2,0,1,0,12,0,3.0,161,27,5.962962962962963
0,1,144,0,1,1,0,0,1,0,1,0,1,0,1,0,2,0,19.0,707,134,5.276119402985074
0,28,144,0,1,1,6,0,1,0,0,0,0,0,1,0,2,0,1.0,127,24,5.291666666666667
1,24,104,0,1,4,0,0,1,1,0,0,0,0,1,20,2,0,3.0,566,109,5.192660550458716
1,2,105,0,1,0,1,0,0,0,1,0,1,0,1,0,2,0,6.0,327,62,5.274193548387097
0,3,144,114,0,0,1,0,2,0,0,0,1,0,1,0,2,0,3.0,84,15,5.6
0,12,17,0,0,6,0,0,0,0,0,0,0,0,1,0,2,0,1.0,159,31,5.129032258064516
0,24,144,0,0,1,6,0,1,0,1,1,1,0,1,0,7,0,3.0,89,16,5.5625
0,24,144,0,1,6,0,0,2,0,2,2,0,1,1,0,3,0,2.0,256,48,5.333333333333333
0,1,144,0,2,0,1,5,1,0,1,1,1,0,6,35,4,0,0.0,277,55,5.036363636363636
0,2,144,114,1,1,3,0,1,1,1,1,1,0,1,0,2,0,1.0,421,78,5.397435897435898
0,36,60,30,1,0,1,5,1,2,2,2,2,0,1,0,2,0,3.0,73,10,7.3
0,3,166,114,1,0,1,3,1,0,0,0,0,0,1,8,12,0,5.0,670,124,5.403225806451613
1,8,105,82,2,0,5,0,0,0,0,0,0,0,4,0,2,4,4.0,138,14,9.857142857142858
1,1,128,0,0,2,0,0,0,0,1,1,1,0,1,0,7,0,2.0,154,30,5.133333333333334
1,6,122,80,1,2,5,5,0,2,0,0,1,0,2,750,12,0,4.0,396,72,5.5
0,2,144,0,0,0,0,0,1,0,1,0,1,0,1,0,2,0,3.0,124,21,5.904761904761905
0,1,144,0,1,0,1,0,1,0,1,1,1,0,1,0,12,0,1.0,200,38,5.2631578947368425
0,48,144,0,1,0,0,0,0,2,2,2,2,0,1,0,2,0,1.0,63,12,5.25
1,1,105,0,0,3,6,0,0,0,1,0,1,0,1,0,2,0,4.0,76,12,6.333333333333333
0,1,144,0,2,0,4,5,0,0,1,1,1,0,6,0,12,0,2.0,245,48,5.104166666666667
0,2,69,114,1,0,6,0,1,1,1,0,1,0,1,0,2,0,3.0,450,84,5.357142857142857
0,5,144,0,0,1,0,0,0,0,0,0,1,0,1,0,2,0,5.0,289,44,6.568181818181818
1,1,105,0,0,1,3,5,0,0,1,1,1,0,1,0,12,0,2.0,50,10,5.0
0,3,144,0,1,1,2,0,1,1,0,0,1,0,2,0,12,0,2.0,705,129,5.465116279069767
0,4,144,0,0,0,6,0,1,0,0,0,0,0,1,0,2,0,4.0,462,87,5.310344827586207
1,9,122,80,0,0,2,5,2,2,1,1,1,0,2,300,12,0,3.0,34,5,6.8
0,2,144,0,1,0,0,0,1,0,1,1,1,0,1,0,2,0,1.0,112,22,5.090909090909091
1,1,105,0,0,5,6,0,1,0,1,1,1,0,1,0,12,0,1.0,164,28,5.857142857142857
0,5,37,0,0,0,1,0,0,1,0,0,1,0,2,0,12,0,1.0,136,28,4.857142857142857
0,1,47,114,2,0,1,0,1,0,0,0,1,0,8,150,2,0,6.0,162,30,5.4
0,2,144,0,1,1,0,0,1,0,1,1,1,0,1,20,3,0,1.0,117,20,5.85
0,3,144,0,1,0,4,0,1,0,0,0,2,0,1,100,3,0,2.0,40,8,5.0
0,48,60,0,1,1,4,0,1,1,0,0,1,0,1,0,2,0,5.0,29,5,5.8
1,6,104,0,1,0,6,0,1,1,0,0,1,0,1,0,2,0,5.0,238,45,5.288888888888889
0,2,144,0,1,1,0,0,1,1,0,0,1,0,2,0,2,0,3.0,420,74,5.675675675675675
1,2,105,82,2,2,5,0,1,0,1,1,1,0,2,0,12,0,1.0,61,12,5.083333333333333
0,96,51,0,0,5,0,0,0,1,0,0,1,0,1,0,2,0,1.0,96,17,5.647058823529412
0,1,144,114,0,2,0,0,1,1,0,0,1,0,1,0,2,0,1.0,12,2,6.0
1,18,143,82,0,0,6,0,1,0,1,0,0,0,1,0,12,0,1.0,181,33,5.484848484848484
1,6,135,0,0,1,2,3,1,0,1,0,1,0,1,0,12,0,5.0,329,61,5.39344262295082
1,1,104,0,0,0,5,5,1,1,1,1,1,0,1,0,12,0,5.0,270,52,5.1923076923076925
0,17,12,114,1,2,0,0,1,0,0,0,0,0,1,0,2,0,2.0,248,43,5.767441860465116
1,14,128,96,2,0,2,4,0,0,2,0,0,0,5,100,2,0,4.0,219,39,5.615384615384615
0,72,8,0,0,2,0,0,1,1,0,0,1,0,1,30,2,0,3.0,36,6,6.0
1,4,83,63,0,4,6,0,1,0,1,0,1,0,1,0,4,0,1.0,56,9,6.222222222222222
1,3,135,107,0,3,0,0,1,1,0,0,0,0,1,0,2,0,4.0,145,23,6.304347826086956
1,1,105,0,0,2,6,0,0,0,1,1,1,0,1,0,12,0,3.0,150,30,5.0
1,7,93,0,0,3,6,0,2,1,0,0,0,0,1,0,12,0,2.0,24,6,4.0
1,24,105,82,0,2,3,0,1,0,0,0,0,0,1,0,2,0,5.0,1202,225,5.342222222222222
0,1,144,0,2,0,5,5,1,0,1,1,1,0,6,0,5,0,0.0,104,19,5.473684210526316
0,1,144,0,2,1,4,5,0,0,1,1,1,0,5,1,7,0,5.0,66,12,5.5
0,1,144,114,2,0,1,5,1,0,1,1,1,0,5,0,0,0,10.0,393,71,5.535211267605634
1,4,105,0,1,0,5,0,0,0,1,0,1,0,1,0,12,0,2.0,849,157,5.407643312101911
1,2,105,0,2,0,2,5,1,0,1,0,1,0,2,0,2,0,7.0,1211,231,5.242424242424242
0,24,54,0,1,0,1,5,1,0,2,2,2,0,1,0,12,0,2.0,111,18,6.166666666666667
1,18,104,101,0,6,0,0,1,1,0,0,0,0,1,0,2,1,10.0,304,63,4.825396825396825
1,2,128,82,2,6,0,0,0,0,1,1,1,0,2,0,5,0,1.0,24,4,6.0
1,60,95,0,1,1,2,4,1,2,0,0,1,0,1,0,7,0,11.0,476,91,5.230769230769231
0,2,144,0,2,1,5,5,1,1,1,1,1,0,3,0,12,0,2.0,338,69,4.898550724637682
0,1,144,0,1,1,6,0,2,0,1,1,1,0,1,0,2,0,1.0,87,15,5.8
0,2,144,114,1,1,0,0,1,1,1,0,1,0,1,0,2,0,9.0,12,2,6.0
0,1,144,114,0,0,0,0,1,0,1,0,1,0,2,0,2,0,4.0,426,85,5.011764705882353
0,4,144,0,0,0,1,1,0,1,0,0,1,0,1,100,12,0,4.0,51,9,5.666666666666667
0,2,144,0,1,0,1,0,1,0,1,1,1,0,1,0,2,0,6.0,171,34,5.029411764705882
0,29,60,39,0,0,1,4,0,1,0,0,1,0,1,0,7,0,1.0,198,36,5.5
1,36,96,0,1,0,3,5,0,0,0,0,0,0,1,0,12,0,7.0,887,173,5.127167630057803
1,3,104,0,1,0,1,4,1,1,0,0,1,0,1,60,2,0,5.0,1215,237,5.1265822784810124
1,6,104,0,0,0,0,0,1,2,0,0,0,0,1,0,12,0,1.0,297,61,4.868852459016393
1,12,122,101,0,0,6,0,2,2,1,0,1,0,1,0,2,0,2.0,153,31,4.935483870967742
0,18,144,0,1,0,0,0,1,1,0,0,0,0,1,0,5,0,3.0,181,34,5.323529411764706
1,3,104,0,0,0,6,0,1,1,0,0,1,0,1,0,2,5,14.0,473,86,5.5
0,96,144,114,1,1,2,3,1,1,0,0,0,0,1,0,12,0,3.0,221,40,5.525
0,18,144,0,1,0,1,5,1,0,0,2,0,0,1,0,3,0,3.0,397,81,4.901234567901234
1,5,105,0,1,0,4,5,1,0,1,0,1,0,3,0,12,0,5.0,246,44,5.590909090909091
0,1,144,0,1,0,1,0,1,0,1,0,1,0,1,0,1,0,1.0,91,15,6.066666666666666
0,1,144,0,1,0,0,0,2,0,0,0,1,0,2,0,12,0,1.0,149,23,6.478260869565218
1,0,84,0,2,1,0,0,0,0,1,1,1,0,3,0,2,0,1.0,87,14,6.214285714285714
0,30,144,0,1,0,2,5,1,0,0,0,0,0,1,0,2,0,1.0,431,82,5.2560975609756095
1,3,103,81,0,2,3,3,0,1,1,0,1,0,1,0,2,0,5.0,313,64,4.890625
0,3,144,0,0,4,0,0,1,1,1,0,1,0,1,0,2,0,2.0,157,29,5.413793103448276
0,2,144,114,1,1,0,0,1,0,0,0,1,0,1,0,2,0,3.0,180,30,6.0
0,15,144,0,1,0,0,0,1,0,0,0,0,0,1,0,12,0,2.0,122,23,5.304347826086956
0,12,144,0,1,4,0,0,1,0,0,0,0,0,1,0,12,0,5.0,667,129,5.170542635658915
1,1,104,0,0,2,3,0,2,1,1,1,1,0,1,0,2,0,3.0,28,6,4.666666666666667
1,24,105,0,1,0,1,2,0,0,1,0,0,0,1,0,12,1,2.0,23,6,3.8333333333333335
0,2,144,0,1,0,3,0,1,0,1,0,1,0,1,0,12,0,4.0,347,60,5.783333333333333
1,2,105,82,2,1,2,5,1,0,1,1,1,0,3,0,2,0,5.0,126,22,5.7272727272727275
1,2,105,0,1,0,6,0,0,0,1,1,1,0,1,0,12,0,3.0,16,4,4.0
1,3,128,104,1,1,6,0,0,0,2,2,2,0,1,0,12,0,1.0,193,35,5.514285714285714
0,89,165,122,1,0,6,0,2,0,0,0,0,0,1,0,2,0,1.0,28,6,4.666666666666667
0,24,13,53,1,0,1,1,1,1,0,0,0,0,1,0,2,0,1.0,170,35,4.857142857142857
0,72,144,0,1,0,1,0,1,0,0,0,1,0,1,0,2,0,2.0,54,12,4.5
1,24,96,82,1,2,5,5,0,0,0,0,0,0,1,50,12,0,13.0,2092,374,5.593582887700535
0,96,60,0,1,4,6,0,0,1,0,0,2,0,1,0,2,0,2.0,549,107,5.130841121495327
1,12,105,0,1,6,0,0,1,0,1,1,1,0,1,0,2,0,4.0,743,135,5.503703703703704
0,3,144,0,0,6,0,0,1,0,2,0,1,0,1,0,12,0,11.0,222,37,6.0
0,1,144,0,2,0,1,5,1,0,0,0,1,0,3,0,2,0,29.0,446,84,5.309523809523809
0,2,144,0,1,0,0,0,1,0,0,1,1,0,1,0,2,0,1.0,786,136,5.779411764705882
1,2,104,0,2,4,5,0,1,1,1,1,1,0,3,0,4,0,4.0,155,26,5.961538461538462
1,96,105,0,1,1,2,5,1,0,0,0,0,0,1,0,3,0,2.0,349,65,5.369230769230769
1,2,105,0,0,4,6,0,1,0,1,0,1,0,1,0,5,2,4.0,642,118,5.440677966101695
0,1,144,0,0,4,6,0,1,0,0,1,1,0,1,0,11,0,1.0,789,165,4.781818181818182
1,4,135,113,1,5,6,0,0,1,1,1,1,0,1,0,2,0,5.0,93,19,4.894736842105263
1,5,105,0,0,3,6,0,1,0,0,0,0,0,1,100,12,0,1.0,70,12,5.833333333333333
1,4,143,82,0,0,6,0,2,0,1,0,1,0,1,0,2,0,9.0,351,59,5.9491525423728815
1,2,104,0,1,0,5,0,1,1,1,0,1,0,1,50,2,0,11.0,1346,259,5.196911196911197
1,3,104,0,1,2,6,0,1,1,1,1,1,0,1,0,12,0,3.0,19,3,6.333333333333333
0,1,144,0,2,0,1,5,0,0,1,1,1,0,17,0,2,0,1.0,324,58,5.586206896551724
1,8,105,0,2,1,5,5,1,0,0,0,0,0,2,0,12,0,1.0,557,108,5.157407407407407
0,24,144,0,0,1,0,0,1,1,2,2,2,0,1,0,2,0,2.0,157,29,5.413793103448276
0,3,144,0,1,1,0,0,1,0,1,1,1,0,1,50,12,0,2.0,143,27,5.296296296296297
1,24,105,0,0,3,6,0,1,0,1,1,1,1,1,0,5,0,2.0,326,64,5.09375
0,1,144,0,0,0,1,0,1,0,1,0,1,0,4,0,2,0,4.0,334,64,5.21875
0,2,144,0,0,0,0,0,1,0,1,0,1,0,1,0,12,0,1.0,109,22,4.954545454545454
0,48,144,0,1,1,6,0,1,1,0,0,2,0,1,0,3,0,2.0,520,85,6.117647058823529
0,6,155,0,1,1,0,0,0,0,1,1,1,0,1,0,12,1,2.0,130,20,6.5
0,2,144,0,0,1,0,0,1,0,0,0,1,0,1,90,2,0,1.0,99,18,5.5
0,2,144,0,2,1,3,0,1,0,1,1,2,0,2,0,5,0,3.0,89,15,5.933333333333334
0,85,22,16,0,4,0,0,1,0,0,0,1,0,1,0,2,0,8.0,355,72,4.930555555555555
0,6,144,0,1,0,0,0,2,1,0,0,0,0,1,0,4,1,6.0,267,50,5.34
1,1,105,82,1,0,0,0,1,1,1,1,1,0,1,0,3,0,3.0,174,31,5.612903225806452
1,3,105,0,1,5,0,0,1,0,1,1,1,0,2,0,2,0,4.0,68,12,5.666666666666667
0,1,144,0,0,1,0,0,1,1,2,2,2,0,1,0,0,0,1.0,74,12,6.166666666666667
0,3,22,114,1,0,1,1,2,0,1,1,1,0,1,0,1,5,6.0,463,89,5.202247191011236
1,7,105,0,0,3,6,0,1,0,1,0,0,0,1,0,2,0,1.0,263,49,5.36734693877551
1,1,105,0,1,1,4,5,1,0,1,0,2,0,1,0,2,0,4.0,342,55,6.218181818181818
1,1,105,0,0,0,0,0,0,1,1,1,1,0,1,0,2,0,3.0,58,11,5.2727272727272725
1,3,104,0,2,2,6,0,0,1,1,1,1,0,2,0,12,0,5.0,43,8,5.375
1,1,105,0,0,0,3,0,1,0,1,0,1,0,3,0,2,0,1.0,167,31,5.387096774193548
0,2,144,0,1,0,1,0,1,1,2,0,1,0,1,0,12,0,5.0,123,19,6.473684210526316
1,24,128,0,1,1,4,0,1,1,1,1,1,0,1,100,2,0,5.0,692,124,5.580645161290323
0,24,144,0,0,1,4,5,1,1,2,2,2,0,1,0,4,0,5.0,200,43,4.651162790697675
0,6,144,0,1,1,0,0,1,0,0,0,0,0,1,0,2,0,1.0,672,135,4.977777777777778
1,2,105,0,2,2,6,0,1,0,1,1,1,0,2,0,2,0,7.0,433,87,4.977011494252873
1,0,105,82,1,0,1,5,0,0,1,1,1,0,6,0,12,0,0.0,337,63,5.349206349206349
0,3,144,114,1,0,1,0,1,0,1,0,1,0,2,0,2,0,5.0,310,59,5.254237288135593
0,24,144,0,1,0,1,3,1,0,0,0,0,0,1,50,3,0,4.0,239,45,5.311111111111111
1,4,105,0,1,1,5,5,1,0,1,1,1,0,1,0,2,0,3.0,620,122,5.081967213114754
1,2,105,0,1,3,6,0,1,0,1,1,1,0,1,0,12,0,7.0,29,5,5.8
0,4,144,0,0,1,6,0,1,0,1,1,1,0,1,0,12,0,2.0,63,9,7.0
0,2,144,0,1,0,1,5,1,1,1,1,1,0,1,20,3,0,1.0,141,25,5.64
0,2,144,0,1,4,6,0,1,0,1,2,1,0,1,0,12,0,1.0,31,6,5.166666666666667
1,2,105,82,0,3,0,0,1,0,0,0,1,0,1,0,3,0,3.0,199,35,5.685714285714286
1,3,105,82,2,0,1,4,0,1,1,1,1,0,3,0,2,0,5.0,44,9,4.888888888888889
1,2,131,0,2,0,6,0,0,0,1,1,1,0,2,0,2,0,4.0,156,31,5.032258064516129
1,48,104,0,0,0,5,5,2,2,2,2,2,0,1,10,12,0,4.0,99,22,4.5
1,5,131,0,1,5,6,0,1,1,1,1,1,0,1,0,12,0,2.0,34,6,5.666666666666667
1,2,104,0,1,3,6,0,1,1,1,1,1,1,1,0,2,0,4.0,470,97,4.845360824742268
0,6,144,4,1,2,4,5,1,1,0,0,1,0,1,0,2,0,11.0,1351,249,5.42570281124498
0,36,8,6,1,1,4,0,2,2,2,0,2,0,1,0,2,0,5.0,442,86,5.1395348837209305
0,7,144,0,0,1,6,0,1,0,0,0,0,0,1,0,2,0,24.0,433,91,4.758241758241758
0,36,144,0,1,1,4,0,2,0,1,1,0,0,1,0,2,0,2.0,148,28,5.285714285714286
1,1,103,80,0,0,6,0,0,2,1,1,1,0,1,0,2,0,7.0,1024,196,5.224489795918367
0,3,144,0,0,0,1,0,1,0,0,0,1,0,1,0,2,0,2.0,45,10,4.5
1,5,105,0,1,0,0,0,1,0,1,0,1,0,1,0,12,0,1.0,85,18,4.722222222222222
1,4,104,0,1,0,5,0,1,1,1,1,1,0,1,0,2,0,1.0,122,26,4.6923076923076925
1,0,135,81,0,1,2,0,1,1,1,1,1,0,1,0,2,0,4.0,742,130,5.707692307692308
1,7,140,82,1,1,4,4,1,1,0,0,0,0,1,100,2,0,4.0,346,48,7.208333333333333
1,6,105,0,1,2,3,0,0,1,2,2,2,0,1,1,12,0,1.0,4,1,4.0
1,18,105,0,1,5,6,0,1,0,1,1,1,0,1,0,3,0,2.0,719,130,5.530769230769231
1,2,104,94,1,2,6,0,1,1,1,0,1,0,1,50,3,0,2.0,664,115,5.773913043478261
1,15,128,0,1,5,0,0,1,0,0,0,1,0,1,10,2,0,4.0,435,82,5.304878048780488
0,135,51,0,0,5,6,0,0,0,2,0,2,1,1,0,2,0,0.0,1030,198,5.202020202020202
1,2,105,0,1,3,6,0,0,0,0,0,1,0,3,0,12,0,7.0,448,91,4.923076923076923
1,65,104,82,2,2,3,5,1,1,2,2,2,0,20,50,2,0,4.0,460,81,5.679012345679013
1,4,104,0,1,6,0,0,1,1,1,1,1,0,1,100,2,0,5.0,85,14,6.071428571428571
1,2,105,0,1,1,4,5,1,0,0,0,1,0,2,100,2,1,12.0,864,155,5.574193548387097
1,1,105,0,2,0,1,5,0,0,1,1,1,0,2,0,2,0,3.0,57,11,5.181818181818182
1,24,105,0,1,0,3,5,1,0,2,2,1,0,1,50,2,0,1.0,139,24,5.791666666666667
0,2,41,39,1,1,0,0,0,0,1,1,1,0,1,500,2,0,2.0,308,49,6.285714285714286
0,2,144,0,2,0,1,0,1,0,1,1,1,0,8,0,2,0,5.0,285,52,5.480769230769231
1,1,105,82,2,1,2,5,0,0,1,1,1,0,6,0,12,0,4.0,46,7,6.571428571428571
0,1,144,0,1,1,0,0,1,0,1,0,1,0,1,0,2,0,2.0,148,31,4.774193548387097
0,2,144,0,1,6,0,0,1,1,1,1,1,0,1,0,5,0,5.0,250,39,6.410256410256411
1,6,135,0,1,5,0,0,0,0,1,0,1,0,1,0,12,0,6.0,409,78,5.243589743589744
0,4,144,0,1,1,0,0,0,0,1,1,1,1,2,0,2,0,4.0,379,70,5.414285714285715
1,5,103,0,0,3,0,0,1,2,1,0,1,0,1,100,12,0,5.0,1127,195,5.779487179487179
0,1,65,114,0,0,1,0,1,1,1,1,1,0,1,0,12,0,11.0,695,134,5.186567164179104
1,4,122,81,1,6,0,0,1,2,1,0,1,0,1,300,2,0,4.0,786,141,5.574468085106383
1,3,105,0,2,0,2,5,0,0,1,0,1,0,2,300,12,0,8.0,582,122,4.770491803278689
1,24,105,0,0,5,6,0,1,0,2,2,0,0,1,0,2,0,2.0,608,114,5.333333333333333
0,9,55,0,1,4,0,0,1,0,1,1,1,0,1,0,2,0,1.0,179,38,4.7105263157894735
1,3,105,0,0,1,2,0,0,0,0,0,1,0,1,0,2,0,6.0,612,103,5.941747572815534
0,1,144,0,1,0,1,5,1,0,1,1,1,0,1,0,2,0,9.0,841,133,6.323308270676692
1,3,120,0,1,0,1,4,1,1,1,0,2,0,1,50,12,0,3.0,396,78,5.076923076923077
1,1,105,82,2,2,5,5,1,0,1,1,1,0,4,0,2,0,6.0,322,60,5.366666666666666
1,12,105,0,1,1,2,3,1,0,0,0,0,0,1,0,12,0,2.0,627,119,5.26890756302521
0,3,144,0,2,0,1,5,1,0,1,0,1,0,4,0,2,0,6.0,292,52,5.615384615384615
1,9,104,81,2,0,3,5,1,1,1,2,2,0,2,0,4,0,3.0,34,6,5.666666666666667
1,1,105,0,0,2,6,0,0,0,1,0,1,0,1,0,2,0,4.0,389,80,4.8625
1,5,105,0,0,5,6,0,0,0,1,0,1,0,1,0,12,0,2.0,76,13,5.846153846153846
1,1,105,82,2,0,1,5,1,0,1,1,1,0,6,100,12,0,3.0,142,26,5.461538461538462
1,10,105,0,0,0,6,0,1,0,0,0,0,0,1,0,2,0,16.0,104,21,4.9523809523809526
1,1,105,0,1,3,0,0,1,0,1,1,1,0,1,0,2,0,5.0,264,53,4.981132075471698
0,14,22,114,0,6,0,0,1,1,1,1,1,0,1,0,2,0,4.0,278,53,5.245283018867925
0,1,144,114,0,4,0,0,1,0,0,0,0,0,1,200,12,0,7.0,365,67,5.447761194029851
1,1,105,0,1,0,6,0,1,0,1,0,1,0,1,0,2,1,8.0,699,137,5.102189781021898
1,2,105,0,1,0,5,0,0,0,1,0,1,1,1,0,2,0,5.0,1210,223,5.426008968609866
1,8,135,0,0,4,6,0,1,1,1,1,1,0,2,0,2,0,3.0,335,52,6.4423076923076925
1,2,105,0,2,0,1,5,0,0,0,0,1,0,6,100,12,1,5.0,180,34,5.294117647058823
0,2,144,114,1,1,0,0,0,1,1,0,0,0,1,0,2,0,0.0,52,10,5.2
1,1,128,82,1,5,0,0,1,1,1,1,1,0,1,0,2,0,1.0,8,1,8.0
0,72,41,0,0,1,4,0,1,0,2,2,2,0,1,200,3,0,2.0,37,6,6.166666666666667
0,3,144,0,1,0,1,2,1,0,0,2,2,0,1,0,2,0,1.0,479,95,5.042105263157895
1,60,126,0,0,5,0,0,2,1,0,0,0,0,1,300,2,0,14.0,893,165,5.412121212121212
1,1,103,0,1,2,0,0,0,2,2,2,2,0,1,0,2,0,5.0,467,78,5.987179487179487
1,3,105,0,2,0,3,4,0,0,0,0,1,0,3,0,2,0,3.0,257,51,5.03921568627451
0,1,144,0,1,0,0,0,1,0,2,2,1,0,1,0,2,0,1.0,122,21,5.809523809523809
1,5,104,0,0,3,6,0,1,1,1,1,1,0,1,0,12,0,5.0,380,74,5.135135135135135
0,2,144,0,1,0,6,0,1,1,1,1,1,0,1,0,12,0,6.0,30,5,6.0
0,1,144,0,0,0,0,0,1,0,1,0,1,0,1,0,2,0,3.0,796,168,4.738095238095238
1,5,105,0,1,0,3,5,1,0,0,0,0,0,1,100,2,0,4.0,345,64,5.390625
1,1,105,0,1,0,6,0,1,0,1,1,1,0,1,0,2,0,1.0,45,9,5.0
1,4,105,0,0,3,6,0,0,0,1,0,1,0,1,0,2,0,2.0,178,31,5.741935483870968
1,11,84,81,1,0,5,5,1,1,2,2,1,0,1,250,12,0,3.0,95,17,5.588235294117647
1,5,105,0,1,1,0,0,1,0,1,1,1,0,1,0,0,0,1.0,38,7,5.428571428571429
1,24,119,94,2,0,4,5,1,1,1,1,2,0,20,100,2,0,1.0,156,26,6.0
1,2,105,0,2,0,1,5,1,1,1,1,1,0,5,0,2,0,3.0,1906,362,5.265193370165746
1,2,137,0,0,3,0,0,0,0,0,0,0,0,1,0,2,0,2.0,514,91,5.648351648351649
1,36,105,0,1,1,3,5,1,0,0,0,0,0,1,0,12,0,5.0,300,59,5.084745762711864
1,1,105,0,2,0,1,5,0,0,1,1,1,0,3,0,2,0,1.0,94,17,5.529411764705882
0,53,26,0,0,6,0,0,0,2,0,0,0,0,1,100,2,0,4.0,573,115,4.982608695652174
1,4,105,0,1,3,5,5,1,0,1,1,1,0,1,0,2,0,3.0,188,32,5.875
1,3,103,81,0,0,1,4,1,1,0,0,1,0,2,150,2,0,20.0,391,79,4.949367088607595
0,4,144,114,2,0,0,0,0,1,2,2,1,0,2,0,4,0,5.0,297,55,5.4
1,0,105,82,2,1,2,5,1,0,1,1,1,0,5,0,2,0,11.0,590,115,5.130434782608695
1,3,105,0,1,0,3,5,1,0,1,1,1,0,1,0,2,0,1.0,33,7,4.714285714285714
1,5,105,0,1,0,1,5,0,0,0,0,0,0,1,0,3,0,3.0,232,38,6.105263157894737
0,2,47,0,1,0,2,0,2,1,2,2,1,0,1,300,2,0,2.0,101,19,5.315789473684211
1,1,84,0,1,0,3,5,0,0,1,1,1,0,1,0,9,0,1.0,25,4,6.25
1,2,140,82,1,1,2,3,1,1,0,0,1,0,1,0,12,0,11.0,141,23,6.130434782608695
1,6,128,82,1,2,0,0,1,1,1,1,1,0,1,0,2,0,1.0,230,45,5.111111111111111
0,2,144,0,0,0,1,0,1,0,2,2,1,0,1,0,2,0,1.0,82,13,6.3076923076923075
1,3,90,0,0,0,0,0,1,1,0,0,1,0,1,0,2,0,3.0,482,99,4.8686868686868685
0,41,60,0,0,2,6,0,0,0,0,0,0,0,1,350,2,0,3.0,1130,212,5.330188679245283
0,54,8,0,0,2,0,0,2,1,2,2,1,1,1,0,7,0,6.0,1601,279,5.738351254480286
0,12,144,0,1,0,1,5,1,0,0,0,0,0,1,0,2,0,3.0,438,86,5.093023255813954
0,2,144,0,0,0,1,5,1,0,1,0,1,1,1,0,7,0,2.0,712,138,5.159420289855072
1,6,104,101,0,0,0,0,1,1,0,0,0,0,2,0,12,0,15.0,1502,265,5.667924528301887
0,5,144,0,1,0,1,0,1,0,0,0,1,0,1,0,12,0,0.0,125,24,5.208333333333333
0,3,144,0,0,0,1,0,2,0,0,0,1,0,1,0,7,0,1.0,750,130,5.769230769230769
0,1,144,0,1,1,4,5,1,0,1,1,1,0,1,0,2,0,5.0,410,78,5.256410256410256
1,2,105,0,1,6,0,0,0,0,1,1,1,0,1,0,2,0,2.0,815,148,5.506756756756757
0,3,144,0,1,1,5,5,1,2,2,0,2,0,2,0,2,0,4.0,116,16,7.25
0,2,144,0,1,0,0,0,1,0,1,0,1,0,1,0,12,0,3.0,88,19,4.631578947368421
1,3,103,0,0,6,0,0,0,1,1,0,1,0,1,0,12,0,1.0,12,2,6.0
1,12,103,81,0,2,6,0,2,2,2,2,2,1,1,0,2,0,5.0,312,61,5.114754098360656
0,2,144,0,0,1,0,0,1,0,1,1,1,0,1,1,7,0,3.0,18,3,6.0
1,4,105,0,1,0,1,5,1,1,1,1,1,1,2,0,2,3,3.0,519,94,5.5212765957446805
1,6,135,0,0,5,0,0,1,0,1,1,1,0,1,50,2,0,4.0,212,42,5.0476190476190474
1,2,105,0,1,3,6,0,1,0,0,0,0,0,4,100,7,0,4.0,192,37,5.1891891891891895
0,2,144,35,0,0,4,5,0,0,1,1,1,0,4,0,3,0,3.0,389,77,5.0519480519480515
0,2,144,0,1,0,1,0,1,0,2,2,1,0,1,0,2,0,3.0,79,14,5.642857142857143
1,3,105,0,1,0,6,0,0,0,1,1,1,0,1,0,2,0,2.0,196,40,4.9
0,36,65,116,0,0,4,5,1,2,0,0,0,0,1,0,2,0,2.0,335,42,7.976190476190476
1,12,128,0,1,0,1,1,0,1,1,0,0,0,1,150,12,0,19.0,139,24,5.791666666666667
0,2,144,0,2,0,1,5,0,1,0,0,1,0,4,0,2,0,5.0,485,83,5.843373493975903
1,84,104,0,2,0,6,0,1,1,0,0,0,0,2,0,12,0,1.0,174,30,5.8
1,1,105,0,0,0,6,0,0,0,1,1,1,1,1,0,2,0,1.0,334,66,5.0606060606060606
0,5,144,114,0,0,0,0,1,1,0,0,1,0,1,0,2,0,3.0,258,52,4.961538461538462
0,6,144,0,1,1,0,0,1,0,1,1,1,0,2,0,2,0,1.0,400,69,5.797101449275362
0,42,42,114,0,1,0,0,1,1,1,1,0,1,1,0,2,0,1.0,165,32,5.15625
1,2,104,0,0,6,0,0,1,1,1,1,1,0,1,0,12,1,5.0,392,76,5.157894736842105
1,3,105,0,1,2,5,5,1,1,1,1,1,0,2,0,12,0,2.0,69,12,5.75
1,1,103,0,0,0,1,0,0,1,1,1,1,0,1,0,2,0,1.0,182,35,5.2
1,3,105,0,0,6,0,0,1,0,1,0,1,0,1,0,2,0,1.0,428,81,5.283950617283951
1,2,105,0,2,3,4,5,0,0,1,0,1,0,2,0,2,0,3.0,357,68,5.25
1,3,122,82,2,5,6,0,1,1,1,1,1,0,2,0,2,0,2.0,966,187,5.165775401069519
1,12,105,0,0,1,6,0,1,1,0,0,0,0,1,0,3,0,5.0,778,156,4.987179487179487
0,2,144,114,1,1,6,0,1,0,0,0,2,0,1,50,2,0,3.0,195,38,5.131578947368421
0,2,144,0,2,1,4,5,0,0,1,0,1,0,10,0,2,0,8.0,524,90,5.822222222222222
1,6,105,0,1,0,6,0,1,0,0,0,0,0,1,90,2,0,5.0,4582,770,5.950649350649351
1,2,105,0,0,2,3,0,0,0,1,1,1,0,1,0,2,0,5.0,954,152,6.276315789473684
0,2,144,0,0,0,1,3,0,0,1,0,1,0,1,0,2,0,4.0,1272,249,5.108433734939759
1,2,105,0,1,0,3,5,0,0,1,0,1,0,1,0,12,0,7.0,302,53,5.69811320754717
0,2,144,0,0,0,1,0,1,1,0,0,1,0,1,0,2,0,2.0,87,17,5.117647058823529
1,3,105,0,0,1,6,0,1,0,1,1,1,0,1,0,12,0,0.0,261,47,5.553191489361702
1,1,104,0,0,0,5,5,1,1,1,1,1,0,1,0,2,0,3.0,84,16,5.25
1,4,105,0,0,0,6,0,0,0,0,0,1,0,2,0,0,0,1.0,320,50,6.4
0,1,144,0,2,0,1,0,0,0,1,1,2,0,6,0,5,0,0.0,446,83,5.373493975903615
0,72,69,54,0,4,6,0,0,1,2,2,2,0,1,0,2,0,2.0,320,58,5.517241379310345
1,2,104,0,2,0,5,5,1,1,1,1,1,0,2,0,2,0,1.0,578,99,5.838383838383838
1,4,103,96,1,1,0,0,1,2,1,0,1,0,1,650,2,0,6.0,65,12,5.416666666666667
1,8,128,65,0,1,6,0,2,0,1,1,1,0,1,0,12,0,4.0,527,100,5.27
1,10,105,0,1,0,1,2,0,0,0,0,0,0,1,0,2,0,23.0,836,156,5.358974358974359
1,8,96,0,1,0,2,0,0,0,0,0,0,1,1,0,2,0,1.0,42,8,5.25
0,3,144,114,1,2,4,0,1,1,0,0,1,0,1,0,4,0,1.0,54,9,6.0
1,5,84,72,2,5,6,0,1,0,2,2,2,0,2,0,12,0,3.0,360,73,4.931506849315069
0,2,144,0,0,1,0,0,1,1,2,2,2,0,1,1,5,0,4.0,115,19,6.052631578947368
0,1,144,0,0,0,1,0,1,0,1,1,1,0,1,0,12,0,3.0,149,29,5.137931034482759
1,10,114,0,1,0,1,0,2,2,0,0,1,0,1,550,2,0,9.0,71,14,5.071428571428571
1,72,105,0,1,3,0,0,1,0,0,0,0,0,1,0,12,0,8.0,495,98,5.051020408163265
1,7,105,0,1,0,1,5,1,0,0,0,1,0,2,0,2,0,5.0,1062,207,5.130434782608695
1,3,105,0,0,4,0,0,1,0,0,0,1,0,1,0,12,0,3.0,806,153,5.26797385620915
1,7,122,84,1,2,3,5,0,2,0,0,1,1,1,0,2,0,5.0,395,77,5.12987012987013
1,8,96,0,1,0,1,2,0,0,2,2,0,0,1,0,12,0,5.0,320,61,5.245901639344262
0,12,47,0,1,0,1,0,1,0,2,2,2,0,1,0,12,0,5.0,233,40,5.825
0,1,144,114,1,0,1,5,1,0,1,0,1,0,3,0,2,0,4.0,234,45,5.2
1,1,104,0,0,6,0,0,1,1,1,1,1,0,1,0,2,0,3.0,166,28,5.928571428571429
0,9,144,0,1,0,1,5,2,0,0,0,0,0,1,200,2,0,3.0,281,53,5.30188679245283
0,3,144,114,0,0,1,0,1,0,1,1,1,0,2,0,2,0,1.0,32,6,5.333333333333333
0,3,144,0,1,1,0,0,1,1,0,0,0,0,1,0,12,0,12.0,92,16,5.75
1,14,105,0,0,1,6,0,1,0,0,0,0,0,1,0,12,0,3.0,404,73,5.534246575342466
1,7,105,81,1,1,2,0,0,0,1,0,1,0,1,0,12,0,3.0,42,7,6.0
0,1,144,114,1,1,6,0,1,1,0,0,1,0,1,0,2,0,1.0,12,2,6.0
0,1,144,114,2,0,1,5,1,1,1,1,1,0,3,0,12,0,1.0,83,12,6.916666666666667
1,3,105,0,2,0,5,0,0,0,1,1,1,0,4,0,2,0,3.0,618,108,5.722222222222222
0,1,144,0,1,0,0,0,1,0,1,0,1,0,1,0,12,0,6.0,21,5,4.2
0,2,144,0,1,1,0,0,1,0,1,1,1,0,1,0,2,0,4.0,1141,229,4.9825327510917035
1,3,105,0,1,1,6,0,1,0,1,1,1,0,2,0,2,0,5.0,161,34,4.735294117647059
0,2,144,0,0,1,0,0,1,0,1,0,1,0,1,0,2,0,3.0,193,38,5.078947368421052
0,3,144,0,2,0,3,0,1,1,1,1,1,0,2,0,12,0,2.0,193,30,6.433333333333334
1,1,105,0,1,5,6,0,0,0,1,1,1,0,1,0,7,0,1.0,194,35,5.542857142857143
0,4,22,114,2,4,6,0,1,1,1,1,1,0,8,150,2,0,8.0,781,161,4.850931677018633
1,3,105,0,0,0,4,4,0,0,1,1,1,0,1,0,2,0,5.0,25,5,5.0
1,1,90,0,1,0,1,5,0,0,1,1,1,0,1,0,12,0,2.0,549,110,4.990909090909091
1,12,103,0,1,1,3,3,1,1,1,1,1,0,2,0,12,0,1.0,199,40,4.975
1,18,105,0,0,2,6,0,0,0,0,0,2,0,1,0,12,0,7.0,125,22,5.681818181818182
1,2,105,0,1,0,1,5,0,0,0,0,1,0,5,0,2,0,6.0,119,26,4.576923076923077
0,2,144,0,1,0,6,0,1,0,1,0,1,0,1,0,2,0,3.0,453,89,5.089887640449438
1,4,105,0,1,2,6,0,0,1,1,1,1,0,1,0,2,0,5.0,280,45,6.222222222222222
1,3,105,0,0,0,6,0,0,0,1,1,1,0,1,0,12,0,2.0,50,9,5.555555555555555
1,2,104,0,1,0,6,0,0,1,1,1,1,0,1,0,2,0,3.0,118,25,4.72
0,1,144,0,0,1,0,0,0,0,1,0,1,0,2,0,2,0,4.0,281,56,5.017857142857143
0,24,144,0,1,4,0,0,1,1,0,0,0,0,1,100,2,0,1.0,116,23,5.043478260869565
0,11,8,0,1,2,6,0,2,1,0,0,1,0,1,0,2,0,1.0,530,103,5.145631067961165
1,36,96,0,1,0,3,5,1,0,2,2,1,0,1,0,2,0,4.0,199,32,6.21875
1,2,105,82,0,0,1,3,0,0,1,1,1,1,1,0,2,0,3.0,86,14,6.142857142857143
0,48,40,0,0,2,0,0,0,1,0,0,1,0,1,0,12,0,1.0,98,18,5.444444444444445
0,3,144,0,1,0,6,0,1,0,0,0,1,0,1,0,2,0,1.0,130,24,5.416666666666667
1,5,104,106,1,4,6,0,1,1,1,0,1,0,1,0,2,0,5.0,112,17,6.588235294117647
0,2,144,0,1,1,6,0,1,1,0,0,0,0,1,0,4,1,3.0,335,61,5.491803278688525
0,6,22,114,1,0,0,0,1,0,0,0,0,0,1,0,2,0,5.0,352,58,6.068965517241379
0,7,144,0,0,0,1,5,1,0,0,0,2,0,1,0,4,0,4.0,219,44,4.9772727272727275
0,1,144,0,2,0,1,5,1,0,1,1,1,0,7,0,2,0,2.0,397,77,5.1558441558441555
0,2,144,4,1,0,1,0,1,1,1,0,1,0,1,250,12,0,13.0,157,28,5.607142857142857
0,39,144,114,1,1,0,0,1,0,0,0,0,0,1,0,2,0,3.0,146,4,36.5
1,2,96,0,1,0,1,1,1,0,1,0,1,0,4,0,2,0,10.0,314,56,5.607142857142857
0,2,144,0,1,0,1,0,1,0,1,0,1,0,1,0,2,0,1.0,51,9,5.666666666666667
0,1,144,0,0,0,1,5,1,1,1,1,1,0,1,0,2,0,3.0,184,36,5.111111111111111
1,3,104,0,1,0,3,5,1,1,1,0,1,0,2,0,3,0,3.0,217,46,4.717391304347826
1,12,105,0,1,1,0,0,1,0,2,2,0,0,1,0,7,0,2.0,67,12,5.583333333333333
0,39,144,0,0,6,0,0,0,2,0,0,0,0,1,0,2,0,3.0,81,18,4.5
1,3,105,82,1,0,5,0,0,0,1,1,1,0,1,0,2,0,5.0,45,10,4.5
0,2,144,0,1,0,1,0,1,0,1,0,1,0,1,50,2,0,4.0,1065,200,5.325
1,3,105,0,1,5,0,0,0,0,1,0,1,0,1,0,12,0,0.0,16,4,4.0
1,4,105,0,0,6,0,0,1,0,1,0,0,0,1,0,12,0,2.0,78,11,7.090909090909091
0,2,25,0,1,1,4,0,1,0,1,0,2,0,1,0,12,0,1.0,135,32,4.21875
1,6,126,0,0,0,1,4,1,0,2,2,1,0,1,0,2,0,5.0,179,32,5.59375
1,5,105,106,1,1,2,0,0,0,1,0,1,0,1,0,2,0,12.0,175,34,5.147058823529412
0,3,144,0,1,1,6,0,1,1,1,1,1,0,1,0,2,0,2.0,23,4,5.75
1,6,105,0,1,3,6,0,1,2,1,1,1,0,1,0,12,0,1.0,72,14,5.142857142857143
0,1,144,0,0,1,0,0,0,0,1,1,1,0,1,0,2,0,1.0,109,21,5.190476190476191
1,2,105,0,0,1,2,3,1,1,0,0,1,0,1,0,12,0,21.0,250,54,4.62962962962963
0,4,144,0,0,0,1,3,1,1,1,0,1,1,1,0,2,0,5.0,393,76,5.171052631578948
1,4,105,0,0,2,6,0,1,0,1,0,1,0,1,0,12,0,5.0,607,111,5.468468468468468
0,3,144,114,1,1,0,0,1,0,1,1,1,0,3,0,2,0,1.0,178,35,5.085714285714285
1,5,105,0,1,2,6,0,0,0,1,1,1,0,1,0,12,0,1.0,38,8,4.75
1,2,105,0,1,5,0,0,0,0,1,1,1,0,1,0,2,0,3.0,175,34,5.147058823529412
0,18,22,0,1,1,2,0,2,0,0,0,0,0,1,0,2,0,0.0,115,21,5.476190476190476
1,1,105,73,2,3,5,5,1,1,1,1,1,0,4,0,2,0,4.0,521,106,4.915094339622642
0,36,60,0,1,1,4,0,0,2,0,0,2,0,1,0,6,0,1.0,70,15,4.666666666666667
0,4,144,0,0,2,0,0,1,0,0,0,1,0,1,155,12,0,1.0,347,68,5.102941176470588
0,72,144,0,1,3,4,0,1,1,0,0,0,0,1,0,2,0,9.0,467,92,5.076086956521739
1,1,104,0,0,0,6,0,0,1,1,0,1,0,1,0,6,0,10.0,327,57,5.7368421052631575
1,6,96,0,1,0,3,5,1,0,1,1,1,0,3,0,2,0,2.0,69,15,4.6
0,1,69,114,1,1,6,0,1,0,1,0,1,0,1,0,2,0,7.0,353,63,5.603174603174603
0,1,144,0,2,0,1,3,1,0,1,1,1,0,9,0,2,0,15.0,1000,181,5.524861878453039
1,3,105,0,1,0,1,1,0,0,1,2,1,0,1,0,3,0,5.0,616,119,5.176470588235294
0,2,144,0,0,1,0,0,1,0,0,0,1,0,1,0,12,0,3.0,816,165,4.945454545454545
1,4,90,102,1,0,1,0,1,2,1,1,1,0,1,0,2,0,3.0,573,108,5.305555555555555
1,6,105,0,0,5,0,0,0,0,0,0,0,0,1,0,12,0,9.0,1012,169,5.988165680473373
0,96,13,0,1,1,0,0,2,1,0,0,0,0,1,350,12,0,2.0,90,18,5.0
0,1,144,0,2,0,1,2,0,0,1,1,1,0,17,0,2,0,3.0,518,96,5.395833333333333
0,2,144,114,1,1,5,0,1,0,0,0,1,0,2,0,2,0,2.0,340,50,6.8
0,1,144,0,0,1,0,0,0,0,1,1,1,0,1,0,2,0,0.0,89,18,4.944444444444445
1,12,135,0,0,0,5,0,1,0,1,0,1,0,1,0,2,0,2.0,8,1,8.0
0,5,144,0,1,1,0,0,1,0,0,0,1,0,1,0,2,0,2.0,137,27,5.074074074074074
0,3,144,114,1,1,0,0,3,0,0,0,1,0,6,0,2,0,11.0,345,52,6.634615384615385
1,4,96,0,1,0,2,5,1,2,1,0,0,0,1,100,12,0,5.0,93,12,7.75
1,3,104,0,0,2,3,5,0,1,2,2,2,0,1,0,2,0,4.0,45,9,5.0
0,2,144,0,1,2,0,0,1,0,1,1,1,0,1,20,3,0,1.0,122,21,5.809523809523809
1,2,104,0,0,1,6,0,0,1,1,1,1,0,1,0,2,0,7.0,379,65,5.8307692307692305
1,48,105,0,0,0,6,0,2,0,0,1,0,0,1,0,12,0,5.0,234,44,5.318181818181818
1,2,105,0,2,0,6,0,1,0,1,1,1,0,7,0,12,0,3.0,162,36,4.5
0,1,144,0,0,6,0,0,1,0,2,2,2,0,1,0,12,0,1.0,687,108,6.361111111111111
1,2,105,82,2,0,6,0,0,0,1,1,2,0,2,0,2,0,4.0,353,59,5.983050847457627
0,1,144,0,2,1,6,0,0,0,1,1,1,0,3,0,7,0,4.0,403,75,5.373333333333333
0,1,144,0,2,0,1,0,1,0,1,1,1,0,5,0,2,0,12.0,857,146,5.86986301369863
0,3,147,34,0,0,6,0,1,0,0,0,1,0,2,0,2,0,6.0,454,91,4.989010989010989
0,9,144,0,1,1,4,0,0,0,0,0,0,0,1,0,4,0,1.0,131,24,5.458333333333333
0,3,144,0,0,1,0,0,1,1,0,0,1,0,1,0,2,0,2.0,153,26,5.884615384615385
0,12,144,114,1,1,6,0,1,0,0,0,0,0,1,0,2,0,1.0,790,151,5.231788079470198
1,1,105,0,1,0,6,0,1,0,1,1,1,0,1,0,2,0,1.0,164,34,4.823529411764706
0,1,144,16,1,4,0,0,1,1,2,2,1,0,1,0,2,0,5.0,565,100,5.65
0,2,144,0,2,0,1,3,1,0,1,1,1,0,4,0,2,0,4.0,277,50,5.54
0,2,144,0,0,0,1,0,1,0,1,0,1,0,1,0,4,0,1.0,267,56,4.767857142857143
1,12,105,0,1,5,6,0,1,0,0,0,0,0,1,0,12,0,1.0,34,7,4.857142857142857
0,1,144,0,1,4,6,0,0,0,2,2,2,0,1,0,2,0,5.0,233,47,4.957446808510638
1,4,105,81,0,0,0,0,1,0,2,2,1,0,1,0,2,0,5.0,483,82,5.890243902439025
0,5,144,0,1,0,6,0,1,1,0,2,2,0,1,0,2,0,5.0,259,51,5.078431372549019
1,24,103,81,0,0,1,1,2,2,2,0,1,0,1,50,2,0,4.0,309,52,5.9423076923076925
0,84,51,0,0,0,5,0,0,0,0,0,2,0,1,0,2,0,4.0,345,64,5.390625
0,8,144,0,1,6,0,0,1,1,0,0,0,0,1,0,12,0,3.0,121,20,6.05
0,3,144,0,1,0,1,0,1,0,0,0,1,0,1,200,12,0,2.0,236,41,5.7560975609756095
1,3,122,81,0,5,6,0,2,1,1,0,1,0,1,150,2,0,5.0,822,152,5.407894736842105
1,48,105,101,1,1,5,5,0,0,0,0,0,0,2,30,2,0,6.0,1600,320,5.0
1,1,104,0,0,0,5,0,0,1,1,1,1,0,1,0,12,0,2.0,1458,263,5.5437262357414445
0,2,144,0,2,0,1,5,1,1,0,0,2,0,3,10,2,3,4.0,132,22,6.0
0,36,54,0,0,0,1,3,1,1,2,0,2,0,1,0,12,0,3.0,35,8,4.375
1,2,128,81,0,1,0,0,0,1,2,2,2,0,1,0,12,0,3.0,176,32,5.5
1,2,105,0,1,1,3,5,1,0,1,0,1,0,1,0,12,0,2.0,108,19,5.684210526315789
1,12,104,0,0,0,0,0,2,1,1,1,2,0,1,0,2,0,2.0,209,41,5.097560975609756
0,2,144,0,1,3,0,0,1,0,1,1,1,0,1,20,3,0,1.0,55,9,6.111111111111111
0,5,54,0,0,1,6,0,0,0,1,1,1,0,1,0,2,0,2.0,260,46,5.6521739130434785
1,24,128,0,1,1,6,0,0,0,2,2,0,0,1,50,6,0,3.0,267,35,7.628571428571429
1,3,105,0,1,6,0,0,1,0,1,1,1,0,1,0,2,0,2.0,144,29,4.9655172413793105
0,2,144,114,1,6,0,0,1,0,1,1,1,0,1,0,2,0,2.0,177,36,4.916666666666667
0,2,144,4,0,0,1,0,1,0,1,1,1,0,1,0,2,0,1.0,44,10,4.4
0,3,144,0,1,0,1,0,1,1,0,0,1,0,1,0,2,0,2.0,229,41,5.585365853658536
1,8,105,0,1,1,5,5,1,0,1,0,1,0,1,0,12,0,2.0,242,43,5.627906976744186
0,2,144,0,1,1,0,0,0,0,1,1,1,0,1,0,12,0,1.0,34,8,4.25
0,9,144,0,0,1,0,0,1,1,0,0,1,0,1,0,2,0,4.0,380,72,5.277777777777778
1,2,105,0,2,0,1,0,1,0,1,0,1,0,2,0,12,0,5.0,76,14,5.428571428571429
1,2,104,0,0,5,0,0,0,1,2,2,2,0,2,0,2,0,1.0,82,13,6.3076923076923075
1,12,140,0,1,0,1,2,1,0,0,0,0,0,1,45,2,0,4.0,230,42,5.476190476190476
0,3,144,0,1,0,4,0,2,0,1,0,1,0,1,0,12,0,5.0,594,123,4.829268292682927
0,6,144,0,1,6,0,0,1,0,2,2,2,0,1,0,2,0,3.0,196,34,5.764705882352941
1,2,104,0,2,2,4,5,1,1,2,2,2,0,5,0,3,1,18.0,758,139,5.453237410071942
0,24,5,4,1,0,1,0,2,1,0,0,0,0,1,500,2,0,5.0,24,4,6.0
1,1,103,0,1,0,5,0,0,2,1,1,1,0,1,0,1,0,2.0,461,84,5.488095238095238
0,2,144,0,1,0,1,0,1,1,0,0,1,0,1,0,2,0,4.0,209,34,6.147058823529412
0,12,144,0,1,6,0,0,1,1,0,0,1,0,1,0,2,0,5.0,474,87,5.448275862068965
1,2,105,0,0,1,4,5,0,0,1,0,1,0,1,0,2,0,10.0,247,46,5.369565217391305
0,4,144,114,1,1,6,0,0,1,2,0,0,0,1,0,2,0,2.0,83,13,6.384615384615385
0,2,144,0,0,0,3,5,1,1,1,0,1,0,1,0,12,0,6.0,428,75,5.706666666666667
1,3,104,0,2,1,0,0,1,1,1,0,1,0,2,0,2,0,2.0,282,46,6.130434782608695
1,2,104,82,2,3,4,5,1,1,1,1,1,0,2,0,2,0,4.0,184,39,4.717948717948718
0,4,144,0,0,1,0,0,2,1,0,0,1,0,1,0,2,0,5.0,303,59,5.135593220338983
0,1,144,0,1,4,0,0,1,1,0,0,1,0,1,0,2,0,9.0,390,68,5.735294117647059
1,7,105,0,0,0,5,5,1,0,1,1,1,0,1,0,2,0,3.0,123,20,6.15
0,1,144,0,0,0,0,0,1,1,0,0,0,0,1,0,2,0,3.0,205,41,5.0
0,1,144,0,1,1,6,0,1,0,1,1,1,0,1,0,2,0,2.0,560,100,5.6
0,3,144,114,0,0,1,5,2,0,2,0,2,0,1,50,12,0,2.0,99,16,6.1875
0,6,155,0,1,1,0,0,0,0,0,0,1,0,1,500,12,0,1.0,64,11,5.818181818181818
1,4,105,0,1,6,0,0,0,0,1,1,0,0,1,0,12,0,3.0,167,30,5.566666666666666
0,1,144,114,2,0,1,5,1,1,1,1,1,0,5,0,2,0,4.0,297,60,4.95
0,2,144,0,1,0,1,0,1,0,2,2,1,0,1,0,2,0,2.0,125,21,5.9523809523809526
1,2,105,0,1,3,4,5,0,0,2,2,2,0,1,0,12,0,2.0,154,31,4.967741935483871
1,3,105,0,1,1,6,0,0,0,1,2,2,0,1,0,3,0,1.0,165,32,5.15625
1,18,105,0,2,0,2,5,1,1,1,1,1,1,4,0,2,0,3.0,605,99,6.111111111111111
1,2,105,0,1,0,6,0,0,0,2,2,2,0,1,0,12,0,5.0,651,112,5.8125
1,14,104,81,1,3,5,5,1,1,1,0,1,0,1,0,12,0,4.0,701,134,5.231343283582089
1,8,105,0,1,0,1,5,1,0,2,2,2,0,1,0,12,0,5.0,239,44,5.431818181818182
1,1,105,0,1,1,0,0,0,0,1,1,1,0,1,0,12,0,1.0,328,50,6.56
0,8,144,9,1,0,1,0,1,1,0,0,0,0,1,0,2,0,5.0,255,52,4.903846153846154
1,212,105,82,2,0,4,5,0,0,0,0,2,0,3,0,12,0,3.0,239,46,5.195652173913044
1,7,105,0,0,0,6,0,1,0,0,0,1,0,1,0,7,0,5.0,256,51,5.019607843137255
0,5,65,114,0,0,1,5,1,1,1,0,1,0,1,0,2,0,2.0,338,63,5.365079365079365
0,5,8,114,1,4,0,0,1,1,2,2,2,0,1,0,12,0,6.0,399,79,5.050632911392405
0,36,144,0,0,1,4,0,1,0,0,0,0,0,1,0,2,0,1.0,903,167,5.407185628742515
0,3,144,0,0,1,0,0,1,0,1,0,1,0,1,0,2,0,3.0,568,110,5.163636363636364
1,4,105,0,1,2,6,0,0,0,0,0,1,0,1,0,2,0,1.0,208,39,5.333333333333333
1,24,105,0,1,3,0,0,1,0,2,2,1,0,1,1,0,0,0.0,47,7,6.714285714285714
1,7,103,0,0,4,5,5,1,2,2,2,2,0,1,0,12,1,11.0,1388,251,5.52988047808765
0,1,144,0,1,0,1,0,1,0,1,1,1,0,2,0,2,0,5.0,692,124,5.580645161290323
1,4,104,0,1,0,1,3,0,1,1,1,1,0,1,0,2,0,7.0,481,87,5.528735632183908
1,3,104,106,1,0,5,5,0,1,1,1,1,0,1,0,12,0,1.0,66,12,5.5
0,3,144,33,1,1,4,0,2,0,0,0,1,0,1,0,2,3,15.0,347,53,6.547169811320755
0,22,40,47,0,0,2,5,0,1,0,0,1,0,1,0,2,0,5.0,474,79,6.0
1,6,105,0,1,0,5,5,0,0,2,2,2,0,1,0,2,0,4.0,150,26,5.769230769230769
0,2,144,114,2,1,0,0,1,1,1,1,1,0,3,0,2,0,5.0,149,28,5.321428571428571
1,62,105,0,0,0,0,0,2,0,0,0,0,0,1,0,12,0,2.0,316,67,4.7164179104477615
0,6,144,0,0,0,0,0,1,0,0,0,0,0,1,0,7,0,1.0,485,89,5.449438202247191
1,0,104,0,1,0,3,4,1,1,1,0,1,0,2,0,1,0,9.0,448,75,5.973333333333334
0,42,8,0,1,3,0,0,1,2,1,1,0,1,1,0,2,0,0.0,745,150,4.966666666666667
0,1,144,0,2,0,6,0,1,1,1,1,1,0,9,0,2,1,14.0,87,16,5.4375
0,24,60,0,0,1,6,0,0,1,0,1,1,0,1,100,2,0,3.0,125,22,5.681818181818182
0,84,74,18,1,6,0,0,0,1,0,0,0,0,1,0,2,0,2.0,356,54,6.592592592592593
0,4,144,0,1,1,0,0,1,0,0,0,1,0,1,0,12,0,10.0,332,58,5.724137931034483
1,2,122,81,1,0,2,5,1,1,1,0,1,0,1,150,2,0,6.0,860,160,5.375
1,2,105,0,0,1,0,0,1,1,0,0,1,0,1,0,2,0,2.0,214,44,4.863636363636363
1,9,114,0,1,3,6,0,2,1,0,0,1,0,1,200,2,0,2.0,234,44,5.318181818181818
0,2,144,114,2,4,6,0,1,0,1,0,0,0,5,0,2,0,5.0,179,28,6.392857142857143
0,1,144,0,1,1,4,5,1,1,1,1,1,0,1,0,2,0,5.0,189,31,6.096774193548387
0,2,144,0,1,0,6,0,1,0,1,0,1,0,1,0,2,0,1.0,390,69,5.6521739130434785
1,6,143,0,0,0,6,0,1,1,2,0,2,0,1,0,12,0,4.0,335,72,4.652777777777778
0,3,144,0,1,0,0,0,1,1,0,0,1,1,1,0,2,0,1.0,49,9,5.444444444444445
1,0,128,106,2,1,4,0,1,0,1,1,1,1,3,0,2,0,1.0,112,27,4.148148148148148
0,1,6,4,1,0,1,5,1,1,1,1,1,0,3,0,2,0,4.0,360,72,5.0
0,1,144,0,1,0,6,0,1,0,1,0,1,0,1,0,2,0,6.0,806,141,5.716312056737588
0,4,144,16,1,1,2,5,2,0,1,1,1,0,2,0,2,0,4.0,149,27,5.518518518518518
0,4,144,0,1,1,0,0,1,0,1,0,1,0,1,0,3,0,1.0,750,144,5.208333333333333
0,72,60,0,0,1,5,5,0,2,0,0,0,0,1,150,12,0,11.0,154,23,6.695652173913044
1,2,105,0,1,1,5,5,0,0,1,1,1,0,2,0,7,0,4.0,356,71,5.014084507042254
0,2,144,0,2,1,2,0,0,0,1,1,1,0,3,0,2,0,4.0,46,9,5.111111111111111
0,2,144,0,1,1,0,0,1,0,0,0,1,0,1,0,2,0,9.0,243,44,5.5227272727272725
0,2,144,0,1,0,0,0,1,0,1,0,1,0,1,0,12,0,14.0,42,7,6.0
0,3,144,0,1,1,0,0,2,1,1,1,0,0,1,0,2,0,1.0,327,60,5.45
0,1,22,114,1,0,3,5,1,0,1,1,1,0,1,0,1,0,1.0,30,5,6.0
0,12,144,0,0,0,0,0,1,0,0,0,1,0,1,0,2,0,2.0,339,67,5.059701492537314
1,3,144,0,1,0,2,5,0,0,2,2,2,0,1,0,12,0,7.0,238,45,5.288888888888889
0,120,60,0,2,1,6,0,0,1,0,0,0,0,2,0,12,0,1.0,372,70,5.314285714285714
1,7,135,0,0,0,1,3,2,0,0,0,1,0,1,0,2,0,2.0,106,18,5.888888888888889
1,6,103,0,1,4,5,5,1,2,0,0,0,0,1,0,2,1,7.0,1432,219,6.538812785388128
0,37,165,114,0,0,6,0,1,0,0,0,1,0,1,200,2,0,2.0,79,13,6.076923076923077
0,4,0,114,1,1,2,0,1,0,0,0,1,0,1,100,2,0,5.0,229,41,5.585365853658536
1,2,104,0,2,0,5,5,0,1,1,1,1,0,7,0,3,0,3.0,581,113,5.1415929203539825
1,2,94,101,1,4,0,0,1,0,1,0,1,0,1,150,2,0,4.0,176,31,5.67741935483871
0,24,144,0,1,1,6,0,1,0,0,0,0,0,5,0,2,0,1.0,226,43,5.255813953488372
1,9,88,82,0,5,0,0,1,1,1,0,1,0,1,0,12,0,2.0,202,43,4.6976744186046515
1,48,105,0,0,2,6,0,1,1,1,1,1,0,1,0,2,0,3.0,540,100,5.4
0,1,144,0,1,4,6,0,1,1,1,1,1,0,1,0,3,0,2.0,100,19,5.2631578947368425
0,1,144,114,0,0,1,0,1,1,2,2,2,0,1,0,4,0,2.0,107,20,5.35
1,12,105,0,0,3,6,0,2,1,1,1,1,0,1,0,12,0,3.0,420,64,6.5625
0,15,144,0,0,0,1,5,1,0,0,0,0,0,1,0,2,0,1.0,59,14,4.214285714285714
0,5,22,0,1,0,0,0,1,0,0,0,1,0,1,0,12,0,2.0,519,94,5.5212765957446805
0,4,144,114,0,0,1,5,1,1,0,0,1,0,1,0,2,0,2.0,12,2,6.0
1,12,135,0,1,5,0,0,1,0,1,0,1,0,1,80,2,0,1.0,46,7,6.571428571428571
0,7,144,0,1,1,0,0,1,0,2,2,0,0,1,0,2,0,3.0,300,65,4.615384615384615
1,4,105,0,1,0,6,0,0,0,2,2,2,1,1,0,12,0,1.0,411,84,4.892857142857143
0,8,41,53,1,1,0,0,1,1,1,1,1,0,1,0,4,0,3.0,349,69,5.057971014492754
0,1,144,0,0,1,0,0,1,0,1,1,1,0,1,0,5,0,1.0,295,60,4.916666666666667
0,5,51,49,1,5,6,0,0,0,1,0,1,0,1,0,12,0,3.0,271,50,5.42
0,3,144,0,2,1,0,0,1,0,1,1,1,0,4,0,2,0,5.0,697,129,5.403100775193798
1,2,142,0,1,0,6,0,1,1,1,0,1,0,1,0,2,0,1.0,38,6,6.333333333333333
0,24,144,0,1,2,0,0,1,0,0,0,0,0,1,0,12,0,3.0,414,80,5.175
1,2,105,0,2,3,6,0,0,0,1,0,1,0,2,0,2,0,5.0,238,45,5.288888888888889
0,4,144,0,1,1,0,0,1,0,0,0,0,0,1,0,4,0,11.0,270,46,5.869565217391305
0,8,22,114,0,0,1,0,2,1,1,0,1,0,1,0,2,0,0.0,91,19,4.7894736842105265
1,12,105,0,0,6,0,0,2,0,2,2,2,0,1,0,12,0,1.0,124,20,6.2
0,2,144,0,1,4,0,0,1,0,2,2,1,0,1,0,12,0,1.0,20,5,4.0
0,2,144,0,1,4,6,0,1,0,1,1,1,0,1,20,3,0,1.0,142,24,5.916666666666667
1,1,135,0,0,0,6,0,0,1,1,1,1,0,1,0,2,0,5.0,382,64,5.96875
0,2,144,0,2,0,1,0,1,0,0,0,1,0,12,0,12,0,6.0,162,30,5.4
1,3,105,0,0,0,0,0,1,0,1,1,1,0,1,0,2,0,2.0,180,33,5.454545454545454
0,1,144,0,0,1,6,0,1,0,0,0,1,0,1,0,2,0,10.0,393,69,5.695652173913044
1,3,105,0,2,0,5,5,1,1,1,0,1,0,2,0,12,0,8.0,581,105,5.533333333333333
1,2,122,80,2,0,3,5,0,2,1,1,1,0,4,300,2,0,5.0,118,21,5.619047619047619
0,1,144,0,1,0,1,0,1,0,1,0,1,0,1,0,2,0,4.0,382,75,5.093333333333334
1,18,105,0,1,0,2,5,1,0,1,1,0,0,1,0,1,0,2.0,80,15,5.333333333333333
0,255,144,0,0,1,6,0,1,1,2,2,2,0,1,0,4,0,1.0,73,14,5.214285714285714
1,2,94,82,1,0,0,0,0,1,1,1,1,0,1,0,2,0,2.0,336,64,5.25
0,12,144,0,1,0,1,0,1,0,0,0,0,0,1,0,2,0,1.0,448,85,5.270588235294118
1,15,105,81,2,0,5,5,1,0,0,0,1,0,3,0,12,0,2.0,402,75,5.36
0,12,144,0,0,3,0,0,1,0,2,0,2,1,1,0,2,0,2.0,781,159,4.911949685534591
0,2,144,0,1,0,1,0,1,0,2,2,1,0,1,0,2,0,1.0,105,18,5.833333333333333
0,2,144,114,1,1,0,0,2,0,1,1,1,0,1,0,12,0,5.0,317,58,5.4655172413793105
1,19,105,0,1,2,6,0,2,0,0,0,0,0,1,0,2,0,4.0,77,12,6.416666666666667
1,2,104,0,2,2,3,0,1,1,1,1,1,0,3,0,2,0,4.0,86,16,5.375
1,2,104,81,2,0,5,5,0,1,1,1,1,0,4,0,12,0,5.0,48,7,6.857142857142857
0,5,144,0,0,1,5,5,1,0,0,0,1,0,3,0,2,0,3.0,705,135,5.222222222222222
1,7,107,82,0,6,0,0,1,0,0,0,1,0,2,0,2,1,5.0,1014,211,4.805687203791469
1,4,105,106,1,0,1,5,1,1,0,0,0,0,2,100,2,0,2.0,224,46,4.869565217391305
0,18,144,0,1,0,1,0,1,0,0,0,0,0,1,0,2,0,3.0,756,134,5.641791044776119
0,36,60,0,1,6,0,0,0,2,0,0,1,0,1,0,2,0,1.0,262,54,4.851851851851852
1,12,140,110,1,1,3,3,0,1,0,0,1,0,1,0,2,0,1.0,191,34,5.617647058823529
1,2,105,0,1,0,2,5,1,0,1,1,1,0,1,0,5,0,4.0,438,81,5.407407407407407
1,3,128,0,1,1,0,0,0,1,1,0,0,0,1,0,2,0,1.0,25,5,5.0
1,12,105,0,0,1,6,0,1,0,1,1,1,0,2,0,7,0,4.0,157,29,5.413793103448276
1,4,135,0,0,5,0,0,0,0,1,0,1,0,1,0,2,0,12.0,202,38,5.315789473684211
1,2,104,0,0,1,3,5,0,1,1,2,1,0,1,0,2,0,5.0,62,7,8.857142857142858
1,1,104,0,0,2,5,5,1,1,1,1,1,0,1,0,12,0,3.0,56,9,6.222222222222222
1,1,105,0,1,3,6,0,1,0,1,1,1,0,1,0,2,0,1.0,43,8,5.375
1,2,105,106,1,1,3,0,1,0,1,0,1,0,1,0,2,0,3.0,178,33,5.393939393939394
1,2,105,0,1,0,6,0,0,0,1,1,1,0,1,0,12,0,1.0,602,114,5.280701754385965
0,1,22,114,2,4,0,0,1,0,1,1,1,0,4,0,2,0,2.0,208,40,5.2
0,4,65,0,0,0,1,1,1,1,2,2,2,0,1,50,2,0,4.0,129,22,5.863636363636363
0,1,144,0,0,1,6,0,1,1,2,2,2,0,1,0,2,0,2.0,264,44,6.0
0,7,164,114,1,0,1,0,1,0,0,0,1,0,1,0,2,0,5.0,173,29,5.9655172413793105
0,4,144,0,0,0,0,0,1,0,2,2,2,0,1,0,12,0,2.0,223,39,5.717948717948718
1,2,105,0,2,3,4,5,0,0,0,0,1,0,4,0,12,0,1.0,382,74,5.162162162162162
1,4,105,0,0,3,0,0,1,0,1,1,1,0,1,0,12,0,3.0,179,32,5.59375
1,12,104,0,1,0,0,0,2,1,2,2,2,0,1,0,3,0,2.0,479,91,5.263736263736264
1,2,105,0,0,0,5,5,0,1,1,0,2,0,1,0,12,0,2.0,7,1,7.0
0,36,65,54,1,6,0,0,1,1,0,0,0,0,1,0,12,0,2.0,43,9,4.777777777777778
1,3,105,0,2,1,4,5,1,1,2,2,2,0,3,0,2,0,1.0,20,3,6.666666666666667
0,8,144,0,0,0,6,0,1,1,1,1,1,0,1,0,2,0,2.0,60,10,6.0
0,5,8,57,0,2,6,0,0,2,0,0,0,0,1,0,2,0,1.0,52,10,5.2
1,0,105,90,2,0,2,5,1,0,1,1,1,0,4,0,2,0,0.0,237,41,5.780487804878049
0,12,144,0,0,1,6,0,1,1,2,2,2,0,1,0,2,0,5.0,171,30,5.7
0,4,144,0,1,1,0,0,1,0,1,0,1,0,1,0,2,0,5.0,1345,253,5.316205533596838
0,10,16,116,1,0,6,0,1,1,0,0,0,0,1,0,2,0,6.0,2987,505,5.914851485148515
0,15,144,0,1,0,1,5,1,1,0,0,0,0,1,0,2,0,2.0,17,3,5.666666666666667
0,2,144,114,1,0,6,0,1,0,1,1,1,0,1,0,2,0,1.0,160,33,4.848484848484849
0,24,144,114,2,1,0,0,1,0,0,0,0,0,2,0,2,0,1.0,138,25,5.52
0,3,144,1,0,0,1,0,1,1,1,0,1,0,1,0,2,0,5.0,83,12,6.916666666666667
0,1,61,35,0,0,4,0,0,1,1,1,1,0,1,0,2,0,1.0,250,49,5.1020408163265305
1,1,84,0,1,0,0,0,1,0,1,0,1,0,1,0,2,0,7.0,712,141,5.049645390070922
0,2,144,0,1,1,4,0,1,1,1,1,1,0,3,0,2,0,4.0,100,16,6.25
0,2,144,0,1,1,0,0,1,0,1,0,1,0,1,80,2,0,1.0,73,14,5.214285714285714
0,2,144,0,1,1,0,0,1,0,1,0,1,0,1,0,2,0,4.0,908,188,4.829787234042553
1,3,143,0,0,0,6,0,0,0,0,0,1,0,1,0,2,0,3.0,502,94,5.340425531914893
1,1,84,0,1,1,2,2,0,0,1,1,1,1,1,0,12,0,3.0,259,48,5.395833333333333
1,1,105,0,0,0,1,0,0,0,1,1,1,0,1,0,2,0,5.0,187,29,6.448275862068965
1,2,104,0,1,0,5,5,0,1,0,0,1,0,1,0,2,0,8.0,212,39,5.435897435897436
0,2,144,0,0,1,4,5,1,0,1,0,1,0,4,0,12,0,11.0,55,9,6.111111111111111
1,1,105,0,0,0,5,0,1,0,1,1,1,0,1,50,2,0,4.0,814,156,5.217948717948718
1,3,104,0,1,3,4,5,1,0,2,2,1,0,1,0,12,0,1.0,231,43,5.372093023255814
0,5,144,0,1,1,0,0,1,0,0,0,1,0,1,50,12,1,5.0,824,154,5.35064935064935
0,0,54,0,0,0,1,5,1,0,2,2,2,0,1,0,2,0,5.0,2174,364,5.972527472527473
0,4,144,0,1,0,0,0,1,0,0,0,2,0,1,0,3,0,2.0,171,35,4.885714285714286
1,2,105,0,0,0,6,0,0,1,1,1,1,0,1,0,12,0,3.0,736,152,4.842105263157895
1,6,103,0,0,0,0,0,1,2,1,1,1,0,1,0,12,0,1.0,79,17,4.647058823529412
0,36,41,0,1,4,0,0,0,0,0,0,2,0,1,400,12,0,1.0,300,66,4.545454545454546
1,3,104,0,0,0,0,0,0,1,0,0,1,0,1,0,2,0,2.0,1072,222,4.828828828828829
0,48,5,4,1,0,1,0,2,2,0,0,0,0,1,0,2,0,3.0,14,3,4.666666666666667
0,5,144,114,2,1,4,5,0,0,1,1,1,0,4,0,2,0,5.0,315,58,5.431034482758621
0,2,144,0,0,0,6,0,1,0,2,2,2,0,1,0,5,0,1.0,66,14,4.714285714285714
0,12,144,50,0,5,6,0,1,2,0,0,0,0,1,0,2,1,4.0,990,178,5.561797752808989
0,8,8,16,0,4,0,0,1,1,0,0,1,0,1,200,2,0,0.0,92,18,5.111111111111111
0,4,144,0,1,3,6,0,1,0,0,0,2,0,1,0,12,0,5.0,167,33,5.0606060606060606
0,8,17,0,0,0,1,5,0,0,0,0,0,0,1,0,12,0,6.0,213,32,6.65625
0,2,144,114,1,0,1,0,1,1,1,0,1,0,1,0,2,0,4.0,12,2,6.0
0,12,144,0,1,1,6,0,0,0,0,0,0,0,2,0,3,0,4.0,213,40,5.325
1,9,84,0,0,3,6,0,0,1,1,1,1,0,1,0,2,0,3.0,272,46,5.913043478260869
1,2,105,80,1,6,0,0,0,0,1,1,1,0,1,0,12,0,4.0,498,96,5.1875
1,2,105,82,0,1,0,0,0,0,1,1,1,0,1,0,2,0,5.0,12,2,6.0
0,3,144,114,2,2,4,5,1,0,2,2,2,0,2,0,2,0,5.0,294,53,5.547169811320755
1,3,120,0,0,1,4,0,0,1,1,1,1,0,1,0,12,0,9.0,550,105,5.238095238095238
0,8,144,0,1,0,6,0,1,0,0,0,0,0,1,0,12,0,2.0,512,100,5.12
1,54,122,0,0,1,0,0,2,2,2,2,1,1,1,0,3,0,1.0,90,16,5.625
0,36,22,114,1,0,0,0,1,2,0,0,0,0,1,0,2,0,2.0,658,131,5.022900763358779
1,2,105,0,0,0,5,5,0,0,0,0,1,1,1,0,2,0,26.0,2259,442,5.110859728506787
1,3,105,0,1,0,0,0,1,0,1,0,1,0,1,0,2,0,5.0,372,66,5.636363636363637
1,7,105,106,0,1,0,0,1,0,1,1,1,0,1,50,2,0,2.0,205,38,5.394736842105263
0,6,144,0,0,0,1,0,1,1,0,0,1,0,1,0,2,0,2.0,257,47,5.468085106382978
1,4,105,0,2,0,1,0,0,0,0,0,1,0,4,0,2,0,4.0,242,48,5.041666666666667
0,2,144,114,1,0,0,0,1,1,1,1,1,0,1,0,2,0,6.0,17,3,5.666666666666667
1,2,105,0,0,0,1,5,0,0,1,1,1,1,1,0,7,0,3.0,622,117,5.316239316239316
0,36,144,0,0,0,1,0,1,0,0,0,1,0,1,0,2,0,3.0,602,109,5.522935779816514
1,7,125,82,1,6,0,0,1,0,1,0,1,0,1,150,12,0,2.0,247,49,5.040816326530612
0,8,144,0,0,0,1,0,1,0,2,2,2,0,1,0,2,0,1.0,629,124,5.07258064516129
1,2,105,82,2,0,3,0,1,0,1,1,1,0,4,50,12,0,2.0,7,1,7.0
0,12,144,0,0,0,1,5,2,1,0,0,0,0,1,0,12,1,5.0,1138,220,5.172727272727273
1,24,104,0,1,0,3,5,1,1,0,0,0,0,1,0,12,0,1.0,34,7,4.857142857142857
0,72,54,0,1,1,3,5,1,1,0,0,2,0,1,0,12,0,0.0,417,77,5.415584415584416
1,8,103,0,0,6,0,0,2,2,1,1,2,0,1,100,2,0,3.0,455,94,4.840425531914893
0,2,144,114,0,1,6,0,1,1,1,1,1,0,2,0,2,0,4.0,723,132,5.4772727272727275
0,1,144,0,0,1,0,0,1,1,1,1,1,0,1,0,3,0,3.0,162,29,5.586206896551724
1,10,103,96,1,0,5,5,2,2,1,1,1,0,1,0,2,0,3.0,195,37,5.27027027027027
1,4,105,0,1,0,6,0,1,0,1,1,1,0,1,0,2,1,8.0,719,145,4.958620689655173
0,1,144,0,1,0,6,0,1,1,0,0,2,0,1,0,7,0,2.0,484,93,5.204301075268817
1,5,105,0,1,3,6,0,1,0,1,0,1,0,1,0,12,0,3.0,1132,214,5.289719626168225
1,3,105,0,1,3,0,0,0,0,2,2,2,0,1,0,12,0,3.0,60,11,5.454545454545454
0,48,60,30,0,6,0,0,0,0,0,0,1,0,1,0,2,0,4.0,483,92,5.25
1,2,105,0,0,2,0,0,0,0,1,1,1,1,1,0,2,0,3.0,579,130,4.453846153846154
0,4,144,0,1,0,1,3,1,1,0,0,1,0,1,0,2,0,6.0,662,138,4.797101449275362
1,4,103,0,0,1,0,0,0,2,0,0,1,0,1,0,12,0,1.0,741,138,5.369565217391305
1,3,105,0,2,4,0,0,0,0,1,1,1,0,3,0,2,0,2.0,100,18,5.555555555555555
1,2,104,0,0,0,1,4,1,1,1,0,1,0,1,50,2,1,5.0,781,144,5.423611111111111
1,4,105,0,0,5,6,0,1,0,1,1,1,0,1,0,2,0,7.0,117,19,6.157894736842105
1,5,88,82,0,0,6,0,2,0,0,0,1,0,1,50,2,0,3.0,139,20,6.95
0,1,144,0,2,0,1,5,0,1,1,1,1,0,6,0,2,0,5.0,176,31,5.67741935483871
0,5,144,114,1,1,4,5,1,0,0,0,0,0,1,0,2,0,2.0,412,78,5.282051282051282
1,5,104,0,0,0,0,0,1,1,0,0,0,0,1,150,12,1,20.0,810,164,4.939024390243903
1,1,105,81,2,0,5,5,0,1,1,1,1,0,5,0,2,0,7.0,115,15,7.666666666666667
0,1,144,20,2,0,1,3,1,0,1,1,1,0,6,0,2,0,6.0,536,109,4.91743119266055
1,3,104,81,2,0,6,0,1,1,2,2,2,0,2,0,2,0,7.0,453,81,5.592592592592593
0,2,144,0,1,1,4,0,1,0,1,0,1,0,1,0,3,1,6.0,714,140,5.1
0,3,144,0,0,1,2,0,1,0,0,0,2,1,1,0,2,1,9.0,356,71,5.014084507042254
0,2,144,0,1,1,0,0,0,0,1,1,1,0,1,0,5,0,2.0,81,14,5.785714285714286
1,2,103,0,0,2,6,0,1,2,1,0,1,0,1,0,2,0,2.0,281,58,4.844827586206897
0,24,144,12,1,1,6,0,1,1,0,0,0,0,1,50,2,0,1.0,1261,245,5.146938775510204
0,11,144,0,1,4,6,0,1,1,2,0,2,0,1,200,2,0,3.0,109,19,5.7368421052631575
1,3,105,0,0,3,6,0,1,0,1,0,1,0,1,0,2,0,4.0,145,25,5.8
1,2,104,0,1,0,1,0,1,1,1,0,1,0,1,50,2,0,5.0,933,172,5.424418604651163
0,1,144,0,2,1,4,0,1,0,0,0,0,0,3,0,2,0,2.0,77,12,6.416666666666667
1,3,104,81,2,0,3,5,1,1,1,1,1,0,2,0,7,0,1.0,110,20,5.5
0,36,17,0,0,1,6,0,0,0,0,0,0,0,1,350,7,0,8.0,1916,356,5.382022471910112
1,2,104,82,0,0,0,0,2,1,1,1,1,0,1,15,2,0,2.0,136,27,5.037037037037037
1,3,104,0,0,6,0,0,1,1,2,2,2,0,1,0,2,0,1.0,82,14,5.857142857142857
0,36,144,0,0,0,1,4,1,0,2,2,2,0,1,0,12,0,1.0,163,32,5.09375
1,5,105,0,1,4,0,0,1,0,0,0,0,0,1,0,2,0,3.0,299,53,5.6415094339622645
0,12,144,0,1,1,0,0,1,1,0,0,0,0,1,0,2,0,5.0,163,26,6.269230769230769
1,2,105,82,2,0,4,4,0,0,1,1,1,0,3,0,12,0,5.0,218,36,6.055555555555555
0,4,144,0,0,0,1,1,2,1,0,0,0,0,3,0,12,2,16.0,433,69,6.27536231884058
0,2,144,0,1,0,6,0,1,0,0,0,1,0,1,0,2,0,1.0,117,21,5.571428571428571
0,3,144,114,0,1,4,0,1,0,1,1,1,0,2,0,4,0,1.0,205,38,5.394736842105263
0,1,144,0,2,0,1,5,1,0,1,1,1,0,4,0,2,0,8.0,123,23,5.3478260869565215
1,2,105,73,1,0,3,5,0,0,1,1,1,0,1,0,2,0,5.0,729,116,6.2844827586206895
1,1,104,103,1,5,0,0,1,1,1,1,2,0,1,0,2,0,1.0,62,14,4.428571428571429
1,2,135,0,1,5,0,0,0,0,1,1,1,0,1,0,2,0,7.0,203,38,5.342105263157895
0,1,144,0,0,0,6,0,1,1,1,1,1,0,1,0,3,0,3.0,32,6,5.333333333333333
0,42,28,0,1,0,1,0,1,1,0,2,2,0,1,0,2,0,1.0,71,14,5.071428571428571
0,2,144,0,0,0,0,0,1,0,1,0,1,0,1,200,2,0,4.0,379,73,5.191780821917808
1,7,105,0,0,3,6,0,1,0,0,0,1,0,1,0,2,0,3.0,8,1,8.0
1,10,104,0,0,0,6,0,1,1,0,0,1,0,1,0,2,0,5.0,190,38,5.0
0,2,144,114,0,0,1,0,1,1,0,0,1,0,1,0,12,0,2.0,108,21,5.142857142857143
1,0,105,0,2,0,5,5,0,0,2,2,2,0,4,0,12,0,5.0,359,65,5.523076923076923
1,1,103,0,0,0,6,0,0,2,1,1,1,0,1,0,12,0,4.0,505,89,5.674157303370786
1,3,120,0,1,6,0,0,1,0,2,2,2,0,1,0,2,0,3.0,49,9,5.444444444444445
0,60,69,0,1,1,0,0,1,1,2,0,0,0,1,0,2,0,3.0,319,57,5.5964912280701755
1,9,105,0,0,0,1,4,1,0,0,0,0,0,1,0,12,0,6.0,640,116,5.517241379310345
0,120,144,114,1,1,0,0,0,0,2,2,2,0,1,0,12,0,3.0,129,24,5.375
0,22,165,0,1,1,6,0,1,0,0,0,0,0,1,0,12,0,2.0,382,72,5.305555555555555
0,8,144,0,1,1,6,0,1,0,0,0,0,0,1,0,2,0,2.0,83,15,5.533333333333333
0,5,54,0,0,0,1,5,1,0,0,0,1,0,1,0,3,0,5.0,401,80,5.0125
0,2,144,0,1,0,1,0,0,0,1,0,1,1,1,0,2,0,2.0,459,91,5.043956043956044
1,12,105,0,0,1,5,5,1,0,1,0,0,0,1,0,12,0,5.0,581,105,5.533333333333333
0,6,144,0,1,0,0,0,1,0,0,0,0,0,1,0,2,0,4.0,390,76,5.131578947368421
1,3,140,82,1,0,3,5,0,0,1,1,1,0,1,0,12,0,2.0,279,52,5.365384615384615
1,10,84,0,0,0,5,5,1,1,0,1,1,0,1,0,2,0,3.0,138,25,5.52
1,36,105,0,0,5,6,0,1,0,0,0,0,0,2,0,2,0,5.0,330,64,5.15625
1,4,104,0,1,0,5,5,1,1,0,0,0,0,2,0,12,0,19.0,401,77,5.207792207792208
1,5,105,0,1,4,6,0,1,0,2,2,1,0,1,0,2,0,2.0,235,39,6.0256410256410255
1,8,94,0,1,0,3,0,1,1,0,0,0,0,1,0,12,0,1.0,60,9,6.666666666666667
1,2,105,0,1,1,3,0,0,0,2,2,2,0,1,0,2,0,1.0,39,7,5.571428571428571
0,2,144,0,2,1,3,5,1,1,1,1,2,0,4,0,12,0,5.0,338,65,5.2
0,2,144,0,0,0,1,5,1,1,0,0,1,0,1,0,2,0,1.0,17,3,5.666666666666667
0,5,144,0,1,0,0,0,1,0,1,1,0,0,1,0,7,0,1.0,67,13,5.153846153846154
0,2,144,114,0,0,1,2,1,1,1,1,1,0,1,0,2,0,5.0,12,2,6.0
0,1,144,4,0,0,1,0,0,0,2,2,2,0,2,0,12,0,2.0,228,40,5.7
1,2,103,81,2,5,6,0,1,2,2,2,2,0,2,0,3,0,2.0,126,20,6.3
1,4,104,0,1,0,1,4,1,1,0,0,2,0,1,0,2,0,3.0,631,100,6.31
0,1,161,114,0,0,6,0,1,0,1,1,1,0,1,0,2,0,5.0,380,72,5.277777777777778
1,1,135,82,1,0,1,4,1,1,1,1,1,0,1,0,2,0,2.0,1058,206,5.135922330097087
1,1,122,80,1,2,4,0,1,2,1,0,1,0,1,150,2,0,7.0,678,118,5.745762711864407
0,30,51,30,0,0,0,0,0,0,0,0,0,0,1,0,2,0,3.0,1498,286,5.2377622377622375
1,25,104,0,1,1,5,5,1,1,0,0,2,0,1,0,2,0,2.0,93,15,6.2
0,36,60,0,0,1,4,5,0,2,2,2,2,0,1,0,12,0,2.0,374,73,5.123287671232877
0,6,144,114,0,0,3,5,2,0,0,0,1,0,1,100,5,0,4.0,182,34,5.352941176470588
1,2,88,106,0,2,3,5,1,0,1,0,1,0,1,0,2,0,3.0,732,105,6.9714285714285715
1,2,105,0,0,0,6,0,1,0,1,2,1,0,1,0,12,0,3.0,141,24,5.875
0,12,144,0,1,0,1,0,0,0,1,1,1,0,1,0,2,0,3.0,311,57,5.456140350877193
0,3,144,114,1,1,0,0,1,1,0,0,1,0,1,0,2,0,1.0,12,2,6.0
1,3,105,0,0,1,2,0,0,0,1,0,1,0,1,0,2,0,2.0,611,114,5.359649122807017
0,1,144,0,1,1,6,0,1,1,1,0,1,0,1,0,2,0,4.0,301,53,5.679245283018868
0,2,144,0,1,0,1,0,0,0,0,0,1,0,1,0,2,0,5.0,188,38,4.947368421052632
0,100,60,0,0,4,5,5,0,0,0,2,1,1,1,0,2,0,5.0,661,142,4.654929577464789
1,5,105,96,2,0,1,0,0,0,0,0,0,0,2,0,12,0,1.0,151,28,5.392857142857143
1,3,105,0,1,6,0,0,1,1,0,0,1,0,1,0,2,0,3.0,26,5,5.2
1,10,105,0,1,0,2,5,1,0,0,0,0,0,1,50,12,0,1.0,100,14,7.142857142857143
0,72,166,0,1,0,1,0,2,0,0,0,0,0,1,0,2,0,2.0,709,144,4.923611111111111
1,3,105,0,0,0,6,0,0,0,1,1,1,0,2,0,1,0,9.0,345,63,5.476190476190476
1,2,135,0,1,0,1,1,1,0,1,0,1,0,2,0,12,1,5.0,1361,233,5.8412017167381975
0,3,22,6,1,2,4,5,1,0,2,0,1,0,1,0,2,0,2.0,54,11,4.909090909090909
0,96,154,0,1,1,6,0,0,0,0,0,2,0,1,0,3,0,2.0,346,69,5.0144927536231885
0,48,8,0,1,2,3,3,1,1,2,0,2,0,1,0,2,0,3.0,246,51,4.823529411764706
1,2,105,82,1,0,0,0,1,0,1,1,1,0,3,0,3,0,4.0,156,27,5.777777777777778
1,1,105,0,2,5,6,0,1,0,1,1,1,0,2,0,2,0,3.0,96,15,6.4
0,5,166,114,0,0,1,0,1,0,0,0,0,0,1,0,2,0,6.0,388,73,5.315068493150685
1,6,105,0,1,4,6,0,1,1,1,1,1,1,1,0,2,0,1.0,315,62,5.080645161290323
1,5,104,0,1,0,5,0,1,1,1,0,1,0,2,0,12,0,1.0,169,30,5.633333333333334
0,48,62,0,0,0,1,1,0,1,0,0,0,0,1,0,12,0,3.0,122,20,6.1
0,29,144,114,1,0,0,0,1,1,0,0,0,0,2,50,2,0,5.0,471,77,6.116883116883117
1,5,105,0,0,2,0,0,1,0,1,1,1,0,1,0,2,0,4.0,102,19,5.368421052631579
1,4,105,0,0,0,0,0,2,1,1,0,2,0,1,0,2,0,1.0,621,104,5.971153846153846
1,5,105,0,0,3,6,0,0,0,0,0,2,0,1,0,12,0,5.0,115,17,6.764705882352941
1,1,28,0,0,0,6,0,0,0,1,1,1,0,1,0,9,0,1.0,29,6,4.833333333333333
0,7,144,114,1,1,6,0,1,0,0,0,1,0,1,0,3,0,2.0,150,27,5.555555555555555
1,12,120,0,1,3,6,0,1,1,2,1,2,0,1,1,12,0,3.0,68,14,4.857142857142857
0,3,144,0,1,0,1,0,1,1,0,0,1,0,1,0,2,0,2.0,259,49,5.285714285714286
1,54,104,0,0,0,5,5,1,1,0,0,0,0,1,0,2,0,5.0,1010,209,4.832535885167464
0,21,144,0,0,0,1,0,1,1,0,0,1,0,1,0,12,0,2.0,173,35,4.942857142857143
0,1,144,0,1,1,6,0,0,0,1,1,1,0,1,0,12,0,3.0,302,65,4.6461538461538465
1,10,105,72,0,0,6,0,1,0,1,1,1,0,1,100,2,0,2.0,534,108,4.944444444444445
0,5,41,0,0,1,0,0,0,1,0,0,1,0,1,0,2,0,1.0,320,60,5.333333333333333
1,4,104,0,1,0,6,0,1,1,0,0,1,0,1,0,2,0,5.0,394,70,5.628571428571429
1,36,135,0,1,1,4,4,1,0,0,0,0,0,1,0,12,0,5.0,817,150,5.446666666666666
0,3,144,0,1,0,1,0,1,0,0,0,0,0,1,0,2,0,5.0,141,26,5.423076923076923
0,5,144,0,1,0,6,0,1,0,0,0,1,0,1,0,12,0,3.0,201,37,5.4324324324324325
1,3,105,0,1,0,0,0,1,0,1,0,1,0,1,0,2,0,3.0,121,23,5.260869565217392
1,8,105,0,1,5,6,0,1,0,2,2,2,0,1,0,12,0,5.0,725,146,4.965753424657534
0,1,144,0,1,0,1,0,1,0,0,0,1,0,1,0,2,0,5.0,88,15,5.866666666666666
0,2,144,114,1,1,0,0,1,1,0,0,1,0,1,0,2,0,1.0,12,2,6.0
1,4,105,0,1,1,4,0,1,0,1,1,1,0,1,0,2,0,2.0,48,10,4.8
0,2,144,114,1,0,1,0,1,0,1,1,1,0,1,0,1,0,1.0,373,70,5.328571428571428
0,8,144,114,1,1,2,0,0,1,2,2,2,0,1,0,12,0,3.0,195,45,4.333333333333333
1,3,105,81,2,2,5,5,0,0,1,1,1,0,3,0,2,0,12.0,459,83,5.530120481927711
1,2,105,0,2,0,3,5,0,0,1,1,1,0,3,0,12,0,9.0,659,119,5.53781512605042
0,2,144,0,1,5,6,0,1,0,1,1,1,0,1,0,12,0,2.0,464,92,5.043478260869565
0,12,58,0,0,0,1,5,1,2,0,0,1,0,1,500,3,0,3.0,826,161,5.130434782608695
1,0,94,81,2,0,1,2,0,1,2,2,2,0,3,0,12,0,1.0,328,60,5.466666666666667
1,5,105,110,1,0,2,3,1,0,1,0,1,0,1,0,12,0,15.0,78,11,7.090909090909091
1,36,103,0,0,5,0,0,1,2,2,2,2,0,1,0,2,0,5.0,498,103,4.834951456310679
1,2,104,0,1,0,1,2,1,0,1,0,2,0,1,0,2,0,5.0,1111,178,6.241573033707865
0,4,144,0,1,1,0,0,1,0,1,1,1,0,2,0,2,0,2.0,82,17,4.823529411764706
0,12,41,0,0,5,0,0,1,0,0,0,0,0,1,0,2,0,7.0,262,50,5.24
0,3,144,0,1,0,1,0,1,0,0,0,1,0,1,0,2,0,3.0,48,9,5.333333333333333
0,1,144,114,1,0,3,5,0,1,1,1,1,0,1,0,6,0,6.0,642,127,5.05511811023622
0,27,144,0,1,1,3,5,1,0,0,0,1,0,1,0,12,0,7.0,445,89,5.0
1,7,105,0,1,4,6,0,0,0,0,0,0,0,1,30,2,0,4.0,71,12,5.916666666666667
0,12,69,114,1,1,2,3,1,1,1,1,1,0,1,0,2,0,1.0,444,89,4.98876404494382
0,4,144,0,1,1,0,0,1,0,0,0,1,0,1,0,2,0,8.0,522,94,5.553191489361702
0,2,144,114,1,1,0,0,1,0,0,0,1,0,1,0,12,0,3.0,214,37,5.783783783783784
0,2,144,114,0,0,1,5,1,0,1,1,1,0,4,0,2,0,4.0,392,73,5.36986301369863
1,21,104,0,2,0,1,5,1,0,0,0,1,0,8,0,2,0,5.0,122,24,5.083333333333333
1,1,105,0,2,1,4,5,0,0,1,1,1,0,3,0,2,0,3.0,143,25,5.72
1,24,122,81,1,0,1,4,1,1,2,2,1,0,1,0,12,0,2.0,340,66,5.151515151515151
1,1,104,0,2,0,5,5,0,0,1,1,1,0,5,0,12,0,14.0,528,102,5.176470588235294
1,11,128,81,1,4,5,0,1,1,0,0,1,0,1,0,2,0,3.0,227,45,5.044444444444444
1,7,122,0,1,0,2,2,1,1,0,0,1,0,1,0,2,0,2.0,33,5,6.6
1,1,104,0,0,3,6,0,1,1,1,1,1,0,1,0,2,0,5.0,393,76,5.171052631578948
0,60,51,0,1,0,0,0,0,0,2,2,2,0,1,25,2,0,2.0,520,99,5.252525252525253
0,2,144,0,1,6,0,0,1,1,1,1,1,0,1,0,12,0,4.0,63,12,5.25
1,12,105,0,2,0,3,5,2,0,0,0,0,0,5,0,12,0,5.0,199,32,6.21875
0,4,144,0,1,1,0,0,1,0,0,0,0,0,1,0,12,0,9.0,601,119,5.050420168067227
0,2,69,114,1,0,1,0,1,1,0,2,1,0,1,0,2,0,3.0,136,24,5.666666666666667
1,12,128,101,1,1,0,0,1,0,1,1,1,0,4,0,1,0,4.0,333,58,5.741379310344827
1,5,105,0,0,0,6,0,1,0,1,0,1,0,1,0,12,0,2.0,1201,229,5.244541484716157
0,84,65,53,1,6,0,0,1,1,0,0,0,0,1,0,2,0,7.0,173,32,5.40625
0,4,144,0,0,0,1,0,1,0,0,0,2,0,1,0,2,0,3.0,176,32,5.5
0,27,144,0,1,1,6,0,1,0,0,0,0,0,1,0,12,0,6.0,450,79,5.69620253164557
0,2,144,114,0,1,6,0,1,1,1,0,1,0,1,0,2,0,6.0,12,2,6.0
0,1,149,0,1,0,1,5,2,0,2,1,2,0,2,450,2,0,5.0,93,17,5.470588235294118
1,2,105,0,2,0,2,5,0,0,1,0,1,0,2,0,12,0,1.0,101,20,5.05
0,3,144,0,1,1,0,0,1,1,2,2,2,0,1,0,12,0,2.0,29,6,4.833333333333333
1,1,120,0,0,0,5,5,1,0,1,1,1,0,4,0,2,0,8.0,259,43,6.023255813953488
1,4,122,81,0,0,6,0,1,1,0,0,1,0,1,0,2,0,3.0,366,57,6.421052631578948
1,12,105,0,0,0,0,0,1,0,1,0,1,0,1,1,2,0,2.0,169,36,4.694444444444445
0,2,144,0,1,0,1,5,1,0,1,1,1,0,1,0,2,0,5.0,218,42,5.190476190476191
1,2,93,82,1,0,1,0,1,0,1,0,1,0,1,0,2,0,4.0,538,100,5.38
1,2,104,0,0,4,6,0,1,1,1,1,1,0,1,0,12,0,5.0,350,61,5.737704918032787
1,5,103,0,0,2,0,0,1,1,1,0,1,0,1,50,2,0,2.0,16,3,5.333333333333333
1,8,93,73,1,1,0,0,1,1,0,0,1,0,1,200,2,0,3.0,193,33,5.848484848484849
0,36,144,0,0,0,2,5,2,0,2,2,2,0,4,0,3,0,4.0,455,85,5.352941176470588
1,3,105,81,1,0,3,5,1,0,1,0,1,0,4,0,2,0,5.0,644,128,5.03125
0,5,144,0,1,1,0,0,1,1,2,0,1,0,1,0,12,0,3.0,192,39,4.923076923076923
1,15,105,73,1,0,1,5,0,0,0,0,0,0,1,0,2,0,1.0,823,155,5.309677419354839
0,2,144,114,1,6,0,0,1,1,0,0,1,0,1,0,2,0,1.0,12,2,6.0
0,2,144,0,1,6,0,0,1,0,1,1,1,0,1,20,3,0,1.0,141,25,5.64
1,2,104,0,2,1,2,0,1,1,1,1,1,0,4,0,3,0,5.0,491,89,5.51685393258427
1,1,122,0,2,0,1,2,1,2,1,1,0,0,4,0,2,0,3.0,38,7,5.428571428571429
0,48,77,0,0,6,0,0,2,2,0,0,1,0,1,0,12,0,3.0,659,131,5.030534351145038
1,2,128,82,2,1,4,5,1,0,1,1,1,0,2,0,12,0,3.0,258,44,5.863636363636363
1,6,105,0,1,5,0,0,0,0,1,0,0,0,1,0,4,0,3.0,822,185,4.443243243243243
0,2,144,0,0,0,1,0,1,0,1,1,1,0,1,1,7,0,3.0,450,89,5.056179775280899
1,2,88,82,1,1,6,0,0,0,1,0,2,0,1,0,2,0,2.0,132,25,5.28
1,12,105,66,1,0,1,4,2,0,0,0,0,0,1,100,2,0,1.0,50,11,4.545454545454546
1,12,104,0,0,1,6,0,1,1,0,0,0,0,1,0,2,0,2.0,327,66,4.954545454545454
0,24,144,0,1,1,0,0,1,0,2,2,2,0,1,0,7,0,6.0,842,155,5.432258064516129
1,18,122,97,0,4,6,0,2,1,1,1,1,0,1,180,2,0,2.0,469,93,5.043010752688172
1,120,103,82,1,0,1,5,2,2,2,2,2,0,2,50,12,0,1.0,198,30,6.6
1,36,93,80,0,0,1,5,2,1,0,0,0,0,4,0,12,0,4.0,547,100,5.47
1,7,83,72,0,1,0,0,1,2,0,0,1,0,1,0,12,0,3.0,435,85,5.117647058823529
1,4,105,0,0,1,0,0,1,0,1,0,1,0,1,0,3,0,5.0,427,79,5.405063291139241
0,2,144,0,1,1,0,0,0,0,2,2,1,0,1,0,2,0,2.0,325,61,5.327868852459017
0,1,144,0,1,1,0,0,1,0,1,1,1,0,1,0,2,0,1.0,124,21,5.904761904761905
0,2,144,114,1,0,3,5,2,0,1,1,1,0,6,0,3,0,5.0,559,108,5.175925925925926
1,4,104,0,1,2,6,0,1,1,1,0,1,0,2,0,12,0,9.0,440,82,5.365853658536586
1,3,105,0,1,3,5,5,1,0,0,0,0,0,1,100,2,0,2.0,137,24,5.708333333333333
0,2,144,114,0,0,6,0,1,0,1,1,1,0,1,0,2,0,2.0,221,41,5.390243902439025
0,8,144,0,1,1,0,0,1,0,0,0,0,0,1,0,12,0,1.0,531,106,5.009433962264151
0,2,144,0,0,0,1,0,1,0,1,1,1,0,1,0,2,0,3.0,219,46,4.760869565217392
1,36,128,0,0,1,6,0,1,0,1,0,1,0,1,0,2,0,1.0,147,30,4.9
1,24,122,0,0,3,0,0,3,2,0,0,0,0,1,0,2,0,2.0,106,20,5.3
1,2,105,0,1,0,1,5,1,0,2,2,1,0,1,0,3,0,3.0,230,42,5.476190476190476
0,3,144,114,1,0,0,0,1,1,0,0,1,0,1,0,2,0,9.0,133,23,5.782608695652174
0,3,144,0,1,0,1,0,1,0,2,2,2,0,1,0,2,0,6.0,466,97,4.804123711340206
0,2,144,114,2,1,4,5,1,1,0,0,1,0,4,0,2,3,13.0,334,50,6.68
0,15,8,16,1,2,4,0,1,0,2,0,2,0,1,0,3,0,3.0,603,116,5.198275862068965
0,24,54,114,1,0,6,0,1,0,0,0,0,0,1,0,12,0,3.0,254,42,6.0476190476190474
0,24,144,114,1,1,0,0,1,1,2,2,2,0,1,0,12,0,4.0,251,44,5.704545454545454
0,6,144,0,1,1,0,0,1,1,0,0,2,2,1,0,2,0,5.0,548,110,4.9818181818181815
0,3,144,114,1,0,6,0,1,1,0,0,1,0,1,0,2,0,1.0,12,2,6.0
1,3,94,90,0,0,6,0,1,1,0,1,1,0,1,15,2,0,3.0,215,41,5.2439024390243905
0,2,144,0,1,1,0,0,1,0,1,0,1,0,1,0,3,0,1.0,59,8,7.375
0,2,144,0,0,1,0,0,1,1,0,0,1,0,1,80,3,0,1.0,332,58,5.724137931034483
1,2,105,0,0,2,0,0,1,0,1,1,1,0,1,0,2,0,2.0,24,6,4.0
0,4,144,0,0,0,1,0,1,0,2,2,2,0,1,0,2,0,2.0,163,29,5.620689655172414
0,18,159,0,1,1,2,0,1,2,2,2,1,0,1,0,2,0,1.0,623,112,5.5625
1,14,104,0,0,0,3,5,1,1,0,0,1,0,2,0,2,0,7.0,242,38,6.368421052631579
0,4,144,0,1,0,0,0,1,0,1,0,1,0,1,0,6,0,5.0,678,125,5.424
1,2,105,0,0,0,1,4,0,0,1,0,1,0,1,0,2,0,7.0,322,62,5.193548387096774
0,3,144,114,0,4,6,0,1,0,1,1,1,0,1,80,2,0,6.0,101,17,5.9411764705882355
0,3,144,114,2,0,1,0,1,1,1,1,1,0,6,0,12,0,5.0,420,80,5.25
1,24,105,0,1,1,0,0,2,0,1,1,1,0,6,0,12,0,4.0,364,63,5.777777777777778
0,1,144,114,1,0,0,0,1,1,0,0,1,0,1,0,2,0,4.0,200,33,6.0606060606060606
1,14,128,0,0,1,4,0,1,1,0,0,0,0,1,0,12,0,3.0,422,79,5.341772151898734
1,1,119,0,0,0,1,5,1,1,1,1,1,1,1,0,2,0,3.0,61,13,4.6923076923076925
0,3,144,114,2,1,0,0,1,0,0,1,1,0,5,0,2,0,2.0,79,16,4.9375
1,3,105,0,1,4,5,0,1,0,1,0,1,0,1,0,12,0,1.0,215,37,5.8108108108108105
0,1,144,0,0,0,1,0,1,0,1,0,1,0,1,0,3,0,4.0,277,48,5.770833333333333
0,1,144,114,1,4,0,0,1,0,1,0,1,0,5,0,5,0,5.0,229,39,5.871794871794871
1,30,84,0,1,5,6,0,1,1,1,1,1,0,1,0,12,0,1.0,76,14,5.428571428571429
0,3,144,0,1,0,6,0,1,1,0,0,1,0,2,200,2,0,5.0,380,76,5.0
1,1,104,0,2,0,4,5,1,1,1,1,1,0,3,0,12,0,7.0,227,42,5.404761904761905
1,9,122,81,0,0,5,5,2,2,0,0,0,0,1,0,2,0,3.0,193,38,5.078947368421052
0,12,43,20,0,0,4,0,0,0,0,0,0,0,1,0,2,0,6.0,317,59,5.372881355932203
0,28,61,0,0,0,6,0,2,1,0,0,2,0,1,50,2,0,2.0,304,64,4.75
1,0,105,0,2,0,4,5,1,1,1,1,1,0,4,0,2,0,3.0,295,58,5.086206896551724
1,2,105,0,1,0,4,5,1,0,1,1,1,0,1,0,2,0,2.0,168,35,4.8
0,2,65,42,2,1,4,5,1,1,1,1,1,0,6,0,2,0,5.0,258,52,4.961538461538462
1,12,105,82,0,1,0,0,1,0,1,0,1,0,1,0,3,0,3.0,23,4,5.75
1,2,105,73,2,0,3,5,0,0,1,1,1,1,4,100,7,0,6.0,285,56,5.089285714285714
1,48,103,0,2,0,6,0,2,2,0,0,1,0,3,0,2,0,5.0,702,139,5.0503597122302155
1,2,105,0,0,2,6,0,1,0,1,1,1,0,1,50,2,0,4.0,135,21,6.428571428571429
0,24,144,0,1,0,0,0,1,0,0,2,1,0,1,0,2,0,1.0,214,39,5.487179487179487
0,2,144,4,1,0,1,5,1,1,0,0,0,0,1,10,2,0,2.0,63,10,6.3
1,2,105,0,0,2,0,0,0,0,1,1,1,0,1,50,2,0,4.0,172,30,5.733333333333333
0,3,144,6,1,0,1,5,1,1,0,0,1,0,1,0,2,0,6.0,283,48,5.895833333333333
0,2,144,0,1,4,0,0,1,1,2,0,1,0,1,0,2,0,2.0,157,29,5.413793103448276
0,6,8,0,0,2,0,0,2,2,0,0,1,0,1,0,2,0,1.0,160,22,7.2727272727272725
0,2,144,0,1,1,0,0,1,0,1,1,1,0,1,0,2,0,1.0,168,33,5.090909090909091
0,37,22,0,1,4,6,0,1,0,0,0,0,0,1,0,2,0,3.0,215,36,5.972222222222222
1,2,105,0,0,1,0,0,1,0,0,0,1,0,1,0,12,0,5.0,447,87,5.137931034482759
1,4,135,0,1,3,6,0,1,0,0,0,1,0,1,0,12,0,7.0,335,61,5.491803278688525
0,24,144,114,0,6,0,0,1,0,1,1,2,1,2,0,2,0,3.0,587,108,5.435185185185185
1,4,103,0,1,0,0,0,2,2,1,0,1,0,1,100,12,0,4.0,111,22,5.045454545454546
0,13,144,0,0,0,0,0,0,2,0,1,1,0,1,220,12,0,6.0,139,23,6.043478260869565
0,36,60,0,0,1,4,0,1,1,2,0,1,1,1,0,2,0,1.0,50,10,5.0
1,12,105,0,1,6,0,0,1,0,0,0,1,0,7,0,2,0,2.0,227,40,5.675
1,2,104,0,1,0,3,5,1,1,1,1,1,0,1,0,2,0,0.0,64,10,6.4
0,2,144,0,0,0,0,0,1,0,1,1,1,2,2,0,12,0,2.0,225,42,5.357142857142857
1,1,104,81,2,0,3,4,0,1,1,1,1,0,4,0,2,0,5.0,237,39,6.076923076923077
1,7,122,81,1,0,5,5,1,1,0,0,1,0,1,0,2,0,5.0,459,94,4.882978723404255
1,3,104,0,1,1,6,0,0,1,1,1,1,0,1,0,12,0,3.0,19,3,6.333333333333333
0,24,72,0,1,1,3,0,1,0,0,0,0,0,1,0,9,0,1.0,209,35,5.9714285714285715
0,4,144,0,1,1,2,0,1,0,0,0,1,0,2,0,2,0,8.0,207,38,5.447368421052632
0,7,61,0,1,5,6,0,2,1,0,0,1,0,1,1000,6,0,5.0,550,101,5.445544554455446
0,1,144,0,1,4,6,0,1,0,1,1,1,0,2,1,2,0,1.0,40,7,5.714285714285714
0,2,65,114,0,1,2,0,1,1,1,1,1,0,1,0,2,0,9.0,76,16,4.75
0,1,144,0,1,1,0,0,1,0,0,0,2,0,1,0,2,0,6.0,281,49,5.73469387755102
1,1,105,0,1,5,6,0,1,0,0,0,1,0,3,0,2,0,1.0,208,32,6.5
1,2,105,101,2,0,1,5,1,1,1,0,1,0,3,0,4,0,11.0,324,60,5.4
1,12,105,0,1,5,6,0,1,0,1,0,0,0,1,50,2,0,4.0,117,22,5.318181818181818
1,10,105,0,1,3,0,0,1,0,0,0,0,0,1,0,12,0,8.0,296,54,5.481481481481482
0,36,13,0,0,5,6,0,2,1,0,0,0,1,1,200,2,0,5.0,1032,204,5.0588235294117645
1,8,128,0,1,1,5,5,1,1,2,0,1,0,1,0,12,0,1.0,279,55,5.072727272727272
0,1,144,0,1,0,3,5,1,0,1,1,1,0,1,0,2,0,1.0,130,26,5.0
0,2,144,0,0,0,6,0,1,0,1,0,1,0,1,0,3,0,2.0,206,30,6.866666666666666
0,2,144,0,0,1,2,5,1,0,0,0,1,0,1,0,2,0,4.0,195,40,4.875
0,7,144,0,1,1,6,0,1,0,0,0,0,0,1,110,2,0,5.0,134,22,6.090909090909091
1,2,105,0,0,3,6,0,1,0,1,0,1,0,1,0,12,0,4.0,205,43,4.767441860465116
1,5,105,82,0,0,0,0,1,0,0,0,0,0,1,0,2,0,1.0,169,30,5.633333333333334
0,1,144,0,1,1,0,0,1,1,1,0,1,0,1,0,12,0,0.0,106,21,5.0476190476190474
1,2,105,0,0,5,0,0,1,0,1,0,1,0,1,0,12,0,1.0,107,23,4.6521739130434785
0,4,144,0,0,0,1,0,1,0,0,0,2,0,1,0,12,0,3.0,314,60,5.233333333333333
1,2,105,0,0,4,6,0,0,0,2,0,1,0,1,0,12,0,2.0,40,7,5.714285714285714
1,11,105,0,0,0,5,5,1,0,0,0,0,0,1,0,7,0,0.0,86,17,5.0588235294117645
1,18,105,0,1,0,1,5,1,1,0,0,0,0,1,0,2,0,5.0,313,58,5.396551724137931
0,11,8,114,1,1,6,0,1,1,0,0,0,0,1,0,2,0,1.0,200,36,5.555555555555555
0,3,144,114,0,0,0,0,1,0,1,1,1,0,1,0,2,0,2.0,238,45,5.288888888888889
1,1,105,0,1,0,1,1,1,0,1,1,1,0,1,0,2,1,18.0,330,59,5.593220338983051
0,1,17,13,2,0,1,5,0,1,1,2,2,0,3,0,12,0,2.0,232,40,5.8
1,9,105,0,0,0,4,5,1,1,0,0,0,0,1,0,2,0,2.0,217,44,4.931818181818182
1,1,105,0,2,0,1,5,0,0,1,1,1,0,13,0,2,1,13.0,681,128,5.3203125
1,0,105,0,1,0,0,0,0,0,1,1,1,0,1,0,2,2,4.0,302,57,5.298245614035087
0,24,144,12,1,4,6,0,1,1,0,0,0,0,1,350,12,0,4.0,251,42,5.976190476190476
0,9,144,0,0,6,0,0,1,0,0,0,0,0,1,0,3,0,1.0,369,63,5.857142857142857
1,20,104,0,0,0,5,5,2,1,1,0,1,0,1,0,2,0,4.0,302,48,6.291666666666667
0,1,144,0,2,0,1,5,1,0,1,0,1,0,4,0,12,0,1.0,158,31,5.096774193548387
1,1,105,0,2,0,1,0,0,0,1,1,1,0,4,0,2,0,3.0,306,62,4.935483870967742
0,2,144,114,0,0,1,0,1,0,1,0,1,0,2,0,2,0,2.0,45,7,6.428571428571429
0,3,144,0,2,4,0,0,1,0,0,0,0,0,3,0,2,0,2.0,198,38,5.2105263157894735
1,11,105,82,1,0,5,5,0,0,0,0,0,0,1,0,12,0,1.0,113,18,6.277777777777778
1,4,122,81,1,0,2,0,0,1,1,0,1,0,1,200,2,0,1.0,83,14,5.928571428571429
0,3,144,0,1,1,6,0,1,0,0,0,1,0,1,0,12,0,15.0,807,157,5.140127388535032
1,1,105,0,0,1,3,5,0,0,1,1,1,0,1,0,12,0,3.0,45,9,5.0
0,6,144,42,1,1,0,0,1,0,0,0,0,0,1,0,12,0,2.0,200,37,5.405405405405405
0,6,144,114,1,0,1,0,0,0,0,0,2,0,1,0,2,0,5.0,339,61,5.557377049180328
1,2,104,0,0,6,0,0,1,1,1,1,1,0,1,0,12,0,1.0,29,6,4.833333333333333
0,9,13,46,0,0,6,0,1,1,0,0,2,0,1,250,2,2,5.0,631,119,5.302521008403361
1,3,105,0,2,1,4,0,0,0,1,2,1,0,4,0,2,0,1.0,137,23,5.956521739130435
1,3,105,0,0,4,5,5,1,0,1,1,1,0,3,0,2,0,1.0,114,17,6.705882352941177
0,3,144,0,1,1,4,0,1,0,0,0,1,0,1,0,2,0,3.0,258,50,5.16
0,12,144,0,2,1,0,0,1,1,0,0,0,0,2,0,12,0,2.0,202,39,5.17948717948718
1,1,105,82,2,3,5,5,1,0,1,1,1,0,2,0,12,0,5.0,155,26,5.961538461538462
1,3,105,0,0,4,6,0,1,0,1,1,1,0,1,0,2,0,3.0,110,17,6.470588235294118
0,3,144,0,0,0,1,0,1,1,0,0,1,0,1,0,2,0,1.0,242,49,4.938775510204081
1,24,128,106,1,3,6,0,1,0,0,0,0,0,1,0,2,0,3.0,216,46,4.695652173913044
0,2,144,114,0,1,0,0,1,1,1,0,1,0,1,0,2,0,5.0,14,3,4.666666666666667
1,48,105,0,1,3,0,0,1,0,0,0,0,0,1,0,12,0,9.0,837,173,4.838150289017341
1,1,105,0,0,5,0,0,1,0,0,0,1,0,2,0,2,0,1.0,123,23,5.3478260869565215
1,1,105,0,1,0,1,0,1,0,1,1,1,0,1,0,12,0,1.0,103,20,5.15
0,36,8,0,0,2,0,0,1,1,0,0,2,0,1,0,5,0,2.0,47,9,5.222222222222222
1,3,120,0,2,1,3,4,0,0,1,0,1,0,6,0,5,0,2.0,435,83,5.240963855421687
0,3,144,0,1,4,0,0,1,0,0,0,0,0,1,0,2,0,4.0,153,28,5.464285714285714
0,75,47,114,1,0,0,0,1,0,0,0,0,0,1,0,2,0,2.0,138,26,5.3076923076923075
1,15,104,0,1,2,6,0,1,1,0,2,2,0,1,1,12,0,1.0,13,2,6.5
0,2,144,0,0,1,4,5,1,1,1,0,1,0,1,100,2,0,2.0,52,10,5.2
0,12,69,114,0,1,6,0,1,0,1,1,1,0,1,0,2,0,1.0,308,58,5.310344827586207
0,1,144,0,0,0,6,0,1,0,1,1,1,0,1,20,3,0,1.0,141,25,5.64
0,1,144,114,1,0,1,0,1,1,1,1,1,0,1,0,2,0,1.0,12,2,6.0
0,2,144,0,2,0,1,5,1,0,1,1,1,0,4,0,2,0,8.0,435,75,5.8
0,2,144,0,0,0,1,5,1,1,1,1,1,0,1,0,3,0,1.0,92,15,6.133333333333334
0,1,144,0,0,1,4,5,1,1,1,1,1,0,1,0,3,0,5.0,231,43,5.372093023255814
0,2,144,0,2,0,1,0,1,0,0,0,1,0,12,0,12,0,6.0,116,20,5.8
1,1,105,0,1,2,5,5,1,0,1,1,1,0,1,0,2,0,1.0,457,86,5.313953488372093
0,2,144,114,1,0,1,0,2,0,1,0,1,0,1,50,5,0,4.0,229,45,5.088888888888889
1,1,104,0,0,0,5,0,0,1,1,1,1,0,1,0,2,0,2.0,150,27,5.555555555555555
0,2,144,54,1,0,2,0,1,1,0,0,1,0,1,0,2,0,2.0,397,76,5.223684210526316
0,2,144,0,1,0,1,0,1,1,2,2,1,0,1,0,2,0,4.0,122,21,5.809523809523809
0,1,144,0,0,1,6,0,1,1,1,1,1,0,1,0,3,0,3.0,95,16,5.9375
0,2,144,0,1,1,0,0,1,1,1,0,1,0,1,0,3,0,1.0,22,3,7.333333333333333
0,24,144,16,0,4,0,0,1,1,2,2,2,1,1,0,2,0,2.0,147,28,5.25
0,1,147,0,0,0,0,0,1,1,1,1,1,0,1,200,6,0,5.0,189,32,5.90625
0,2,144,114,1,0,1,5,1,0,1,1,1,0,2,0,3,0,4.0,157,31,5.064516129032258
0,3,144,0,1,1,6,0,1,1,0,0,1,0,1,0,2,0,2.0,217,46,4.717391304347826
0,36,144,0,1,6,0,0,1,0,0,0,0,0,1,0,2,0,1.0,297,54,5.5
0,1,144,0,1,0,1,0,1,0,1,1,1,0,1,0,2,0,4.0,386,81,4.765432098765432
0,10,49,114,0,1,6,0,1,1,0,0,1,0,1,0,2,0,4.0,375,71,5.28169014084507
0,7,144,0,1,1,4,0,0,0,1,0,1,0,1,0,0,0,2.0,334,58,5.758620689655173
1,2,105,0,2,0,1,5,1,0,1,1,1,0,5,0,2,0,4.0,302,57,5.298245614035087
0,24,30,0,1,1,0,0,0,0,2,2,2,0,1,0,2,0,8.0,330,61,5.409836065573771
0,24,144,0,1,0,6,0,1,0,0,0,2,0,1,100,3,0,1.0,79,15,5.266666666666667
0,6,166,114,1,0,1,0,1,0,0,0,0,0,1,0,2,0,1.0,105,18,5.833333333333333
1,1,105,0,1,1,4,4,1,0,1,1,1,0,1,0,12,0,1.0,279,53,5.264150943396227
0,2,144,114,0,0,1,0,1,0,0,0,1,0,1,0,12,0,3.0,309,50,6.18
0,2,144,0,1,0,1,5,0,0,0,0,1,0,1,0,2,0,3.0,91,16,5.6875
0,1,144,0,2,0,1,0,2,0,1,1,1,0,5,50,2,0,30.0,3331,585,5.694017094017094
1,3,93,73,2,0,1,5,1,2,1,0,1,0,3,100,2,0,2.0,141,24,5.875
0,2,144,0,2,0,1,5,1,0,2,2,2,0,5,0,2,0,5.0,325,60,5.416666666666667
0,1,144,0,1,1,4,5,1,1,0,1,1,0,1,40,3,0,1.0,342,62,5.516129032258065
0,18,144,114,0,3,0,0,1,1,1,1,1,0,1,0,5,0,2.0,244,47,5.191489361702128
1,2,128,0,1,1,4,0,1,0,1,1,1,0,2,0,12,0,4.0,287,49,5.857142857142857
0,1,144,0,2,0,1,3,1,1,1,1,1,0,5,0,2,0,11.0,324,43,7.534883720930233
0,3,144,114,2,0,1,5,1,0,1,1,1,0,6,0,7,0,1.0,641,122,5.254098360655738
1,3,104,0,1,2,6,0,0,1,1,1,1,0,1,0,2,0,5.0,96,14,6.857142857142857
1,1,135,0,1,0,2,5,1,0,1,0,1,0,1,0,12,0,2.0,636,130,4.892307692307693
0,8,150,0,0,1,6,0,1,0,0,0,0,0,1,120,2,0,10.0,2812,486,5.7860082304526745
