Type,Age,Breed1,Breed2,Gender,Color1,Color2,Color3,MaturitySize,FurLength,Vaccinated,Dewormed,Sterilized,Health,Quantity,Fee,State,VideoAmt,PhotoAmt,desc_length,desc_words,average_word_length
0,12,144,0,0,1,6,0,1,1,2,2,2,0,1,0,2,0,5.0,171,30,5.7
1,1,105,0,1,0,1,4,1,0,2,2,2,0,2,0,12,0,3.0,308,60,5.133333333333334
0,6,144,0,0,0,0,0,1,0,1,0,1,0,1,0,4,0,1.0,298,61,4.885245901639344
0,4,37,114,1,1,6,0,2,2,0,0,1,0,1,0,2,0,3.0,135,22,6.136363636363637
1,2,105,0,1,1,5,5,1,0,1,1,1,0,1,0,12,0,1.0,361,68,5.3088235294117645
0,1,144,0,2,0,1,5,1,1,1,1,1,0,7,0,12,0,11.0,242,45,5.377777777777778
0,5,144,0,0,0,1,0,1,0,0,0,0,0,1,0,2,0,1.0,173,31,5.580645161290323
1,24,105,0,1,3,0,0,1,0,0,0,1,0,1,0,12,0,6.0,52,10,5.2
0,3,54,114,1,1,6,0,1,0,0,0,1,0,1,0,2,0,3.0,195,37,5.27027027027027
0,2,144,0,0,1,6,0,1,1,1,1,1,0,1,0,2,1,3.0,134,27,4.962962962962963
0,3,144,114,1,0,1,1,1,1,0,0,2,0,1,0,0,0,1.0,88,14,6.285714285714286
1,24,84,0,1,5,6,0,2,1,2,2,2,0,1,0,12,0,2.0,19,5,3.8
0,2,144,0,0,0,0,0,1,0,1,1,1,2,2,0,12,0,2.0,225,42,5.357142857142857
0,12,144,0,2,1,0,0,1,1,2,2,2,0,4,0,12,0,3.0,2150,366,5.8743169398907105
0,2,144,0,1,1,2,0,1,0,1,1,1,0,1,0,2,0,2.0,456,82,5.560975609756097
1,4,128,0,1,1,5,5,2,1,1,1,1,0,1,100,2,0,3.0,280,42,6.666666666666667
0,1,144,0,2,1,3,3,1,1,1,1,1,0,10,0,2,0,4.0,253,50,5.06
0,2,144,0,0,0,1,3,1,0,1,1,1,0,1,0,12,0,3.0,50,8,6.25
0,18,144,0,0,1,0,0,1,1,2,0,2,0,1,0,12,0,5.0,283,52,5.4423076923076925
1,8,128,0,1,1,5,5,1,1,2,0,1,0,1,0,12,0,1.0,279,55,5.072727272727272
0,1,162,114,1,0,6,0,1,0,2,2,1,0,1,0,2,0,4.0,120,20,6.0
0,2,144,0,1,0,6,0,1,0,1,1,1,0,1,0,12,0,3.0,212,36,5.888888888888889
0,12,144,127,1,0,1,0,1,1,0,0,0,0,1,0,2,0,3.0,431,85,5.070588235294117
0,2,144,0,0,0,1,0,0,1,1,1,1,0,2,0,2,0,5.0,598,116,5.155172413793103
1,3,105,0,0,1,4,0,0,0,1,0,1,0,1,0,12,0,3.0,96,21,4.571428571428571
1,1,122,0,2,0,1,1,1,2,1,1,2,0,4,0,2,0,3.0,53,9,5.888888888888889
0,24,144,0,1,1,0,0,1,0,1,1,0,0,1,0,3,0,1.0,1242,170,7.305882352941176
0,2,144,0,1,0,0,0,1,0,1,0,1,0,1,0,12,0,14.0,42,7,6.0
0,4,144,0,1,1,0,0,1,0,0,0,1,0,1,0,2,0,2.0,428,86,4.976744186046512
0,60,144,0,1,0,1,0,2,0,0,0,0,0,1,0,3,0,5.0,722,138,5.231884057971015
0,1,144,0,1,0,1,0,1,0,1,1,2,0,9,0,2,0,6.0,36,8,4.5
0,2,144,0,1,0,1,0,1,0,0,0,1,0,1,0,2,0,7.0,607,111,5.468468468468468
0,8,144,114,0,1,2,2,1,1,0,0,2,0,1,0,2,0,5.0,428,79,5.417721518987341
0,60,144,0,0,0,0,0,1,1,1,1,2,0,2,1,12,0,1.0,113,24,4.708333333333333
0,5,144,0,0,0,1,4,1,0,1,1,1,0,1,0,12,0,2.0,111,23,4.826086956521739
0,2,144,0,1,5,6,0,1,0,1,1,1,0,1,20,3,0,1.0,144,25,5.76
1,6,105,0,0,0,4,4,1,0,1,0,1,0,1,0,2,0,12.0,46,4,11.5
1,8,105,0,1,0,6,0,1,0,0,0,1,0,1,50,12,0,2.0,343,66,5.196969696969697
1,3,104,0,2,0,1,5,1,1,1,1,1,0,4,0,12,0,5.0,162,29,5.586206896551724
1,4,104,0,1,0,1,5,2,1,1,1,1,0,1,0,12,0,8.0,11,3,3.6666666666666665
1,2,105,0,1,1,6,0,0,0,1,1,1,0,1,50,2,0,1.0,128,24,5.333333333333333
0,2,144,0,2,0,1,5,1,0,0,0,1,0,5,0,12,0,13.0,852,163,5.226993865030675
1,0,135,0,0,4,5,5,1,1,1,1,1,0,1,0,12,0,1.0,263,48,5.479166666666667
1,39,122,0,1,5,6,0,2,2,2,2,2,0,1,0,12,0,2.0,150,24,6.25
0,4,144,0,1,1,0,0,1,0,1,1,2,0,1,0,2,0,2.0,312,68,4.588235294117647
0,2,144,0,1,0,1,0,1,1,1,1,1,0,1,0,12,0,5.0,54,12,4.5
0,2,144,114,1,0,0,0,1,1,1,1,1,0,1,0,2,0,6.0,17,3,5.666666666666667
0,2,144,0,1,0,0,0,1,0,1,1,1,0,1,0,2,0,3.0,282,53,5.320754716981132
0,5,69,114,1,2,0,0,1,0,0,0,0,0,1,0,2,0,2.0,347,69,5.028985507246377
0,8,144,0,1,0,0,0,1,1,0,0,0,0,1,0,2,0,1.0,579,114,5.078947368421052
1,3,105,0,0,0,6,0,1,1,0,0,0,0,1,0,12,0,3.0,463,93,4.978494623655914
1,2,105,0,2,0,5,5,1,0,1,1,1,0,2,0,2,0,16.0,390,70,5.571428571428571
1,4,105,0,0,0,6,0,0,0,1,1,1,0,1,0,12,0,1.0,24,4,6.0
0,1,161,114,1,1,4,0,1,0,1,1,1,0,1,0,2,0,8.0,1052,199,5.28643216080402
1,2,105,0,2,3,5,5,0,0,1,1,1,0,2,0,12,0,7.0,17,3,5.666666666666667
1,4,83,72,2,0,1,5,2,2,0,0,1,0,2,0,2,0,5.0,520,100,5.2
1,12,105,0,1,0,6,0,1,0,0,0,1,0,1,0,7,0,1.0,339,57,5.947368421052632
1,12,135,0,0,0,5,0,1,0,1,0,1,0,1,0,2,0,3.0,8,1,8.0
0,5,144,0,1,0,1,0,1,0,2,2,2,0,1,0,2,0,1.0,27,4,6.75
1,3,143,0,0,0,6,0,0,0,0,0,1,0,1,0,2,0,3.0,502,94,5.340425531914893
1,2,105,0,1,0,1,5,1,0,1,1,1,0,2,0,2,0,3.0,297,57,5.2105263157894735
0,2,144,0,2,0,1,5,1,1,1,1,1,0,3,0,12,0,1.0,862,166,5.192771084337349
0,1,144,114,2,4,0,0,1,1,1,1,1,0,2,0,3,0,14.0,93,18,5.166666666666667
1,7,94,82,0,1,6,0,1,0,0,0,1,0,1,0,12,0,0.0,397,74,5.364864864864865
1,60,103,80,2,0,5,5,2,2,0,0,0,0,2,0,2,0,2.0,1219,245,4.975510204081632
1,2,84,66,2,0,1,5,1,0,1,1,1,0,5,0,2,0,8.0,452,90,5.022222222222222
0,36,159,0,1,1,0,0,0,1,0,0,0,0,1,0,2,0,1.0,585,110,5.318181818181818
1,4,104,0,1,0,4,4,1,1,1,0,0,0,1,0,2,0,3.0,181,35,5.171428571428572
1,2,105,0,2,2,6,0,0,0,1,1,1,0,3,0,12,0,13.0,299,54,5.537037037037037
1,6,105,0,1,0,5,5,0,0,2,2,2,0,1,0,2,0,4.0,150,26,5.769230769230769
1,1,105,0,1,5,0,0,0,0,1,1,1,0,1,0,2,0,1.0,62,8,7.75
0,60,54,0,0,1,6,0,1,0,2,2,0,0,1,300,12,0,4.0,162,31,5.225806451612903
1,4,105,0,1,0,5,5,0,1,0,0,1,0,1,0,2,0,6.0,1060,208,5.096153846153846
1,2,105,0,0,2,5,5,0,1,1,0,1,0,1,0,3,0,2.0,163,28,5.821428571428571
0,12,144,0,2,1,4,0,1,0,0,0,0,0,5,0,2,0,7.0,301,53,5.679245283018868
0,6,60,24,0,1,6,0,1,1,0,1,1,0,1,0,12,0,9.0,55,10,5.5
1,7,105,0,1,0,6,0,1,0,0,0,0,0,1,0,2,0,5.0,269,52,5.173076923076923
0,35,8,16,1,2,0,0,1,1,1,0,0,0,1,50,7,0,2.0,31,6,5.166666666666667
0,12,144,0,1,0,6,0,1,0,0,0,0,0,1,0,12,0,3.0,1292,249,5.188755020080321
0,36,41,0,0,1,0,0,0,0,0,0,0,0,1,0,12,0,3.0,340,62,5.483870967741935
1,3,105,82,2,0,5,5,0,0,1,1,1,0,5,0,2,0,4.0,31,7,4.428571428571429
1,3,105,0,1,5,0,0,0,0,0,0,1,0,1,150,2,0,5.0,91,14,6.5
1,4,105,0,1,5,0,0,1,0,1,1,1,0,1,0,2,0,4.0,118,19,6.2105263157894735
1,6,105,0,0,2,0,0,0,0,0,0,0,1,1,0,12,0,2.0,437,82,5.329268292682927
1,2,105,0,0,1,6,0,1,0,2,2,1,0,1,0,2,0,2.0,80,13,6.153846153846154
1,2,104,0,0,5,0,0,1,1,1,0,0,0,1,30,2,0,2.0,277,56,4.946428571428571
1,4,103,0,1,0,1,0,1,2,0,0,1,0,1,0,7,0,3.0,106,18,5.888888888888889
1,12,122,0,1,1,4,0,1,1,0,0,1,0,1,400,2,0,5.0,365,75,4.866666666666666
0,36,41,0,0,1,0,0,0,1,2,2,1,0,1,0,2,0,3.0,192,39,4.923076923076923
1,2,105,0,1,5,6,0,1,0,1,0,1,0,1,0,5,1,7.0,224,39,5.743589743589744
1,12,105,81,2,4,5,5,1,0,2,2,2,0,20,0,2,0,0.0,576,110,5.236363636363636
1,8,105,0,0,5,0,0,1,0,1,1,1,0,1,50,3,0,6.0,688,132,5.212121212121212
1,0,105,0,0,0,1,0,1,0,1,1,1,0,1,0,2,0,2.0,127,20,6.35
1,3,105,0,0,0,6,0,1,0,0,1,1,0,1,0,2,0,0.0,26,5,5.2
0,2,144,114,1,0,0,0,1,1,1,1,1,0,1,0,2,0,1.0,189,36,5.25
0,1,144,114,0,0,6,0,1,1,1,0,1,0,1,0,2,0,4.0,12,2,6.0
1,3,105,0,2,1,4,0,0,0,1,2,1,0,4,0,2,0,1.0,137,23,5.956521739130435
1,44,128,0,1,1,4,0,1,0,0,0,0,0,1,0,2,1,19.0,749,135,5.548148148148148
0,1,144,54,1,0,6,0,1,1,0,0,1,0,1,0,2,0,19.0,509,91,5.593406593406593
1,12,104,0,0,0,0,0,2,1,2,2,2,0,1,0,11,0,1.0,104,19,5.473684210526316
1,3,105,0,0,1,3,0,1,1,1,1,1,0,1,0,2,0,1.0,50,8,6.25
0,19,41,0,0,1,2,0,1,1,0,0,1,0,1,100,4,0,3.0,141,28,5.035714285714286
1,5,103,0,1,5,6,0,1,1,0,0,1,0,1,0,2,0,3.0,15,2,7.5
0,2,144,0,1,1,0,0,1,0,0,0,1,0,1,0,12,0,7.0,165,28,5.892857142857143
1,3,105,0,1,3,4,5,1,0,1,0,1,0,1,0,2,0,9.0,126,24,5.25
0,36,47,0,1,0,1,0,1,0,1,0,0,0,1,0,12,0,2.0,182,34,5.352941176470588
1,2,105,0,0,3,6,0,0,0,1,0,1,0,1,0,12,0,5.0,396,79,5.012658227848101
0,5,144,0,1,1,0,0,1,0,0,0,0,0,1,0,12,0,5.0,141,26,5.423076923076923
1,1,105,106,0,2,0,0,0,0,1,0,1,0,1,0,2,0,12.0,665,116,5.732758620689655
1,2,104,82,1,5,6,0,0,1,0,0,1,0,1,0,12,0,1.0,2,1,2.0
0,36,144,0,1,0,1,3,1,0,1,0,0,0,1,0,2,0,3.0,792,153,5.176470588235294
0,96,8,0,0,2,0,0,1,1,0,0,1,0,1,0,2,0,2.0,94,17,5.529411764705882
0,3,145,114,1,0,0,0,1,0,2,2,1,0,1,0,2,0,2.0,123,21,5.857142857142857
0,1,144,0,1,4,0,0,1,0,1,1,1,0,1,0,2,0,1.0,534,104,5.134615384615385
1,6,105,0,0,5,6,0,0,0,0,0,1,0,1,0,12,0,5.0,403,79,5.10126582278481
1,2,104,0,0,0,6,0,1,0,0,0,2,0,1,0,12,0,1.0,102,22,4.636363636363637
1,4,128,0,0,0,1,5,0,0,1,0,1,0,1,50,12,0,5.0,889,175,5.08
0,0,144,0,0,0,0,0,0,0,2,2,2,0,1,0,2,0,3.0,191,34,5.617647058823529
0,1,144,114,2,0,1,0,1,0,1,0,1,1,3,0,2,0,5.0,519,97,5.350515463917525
0,84,8,0,1,2,0,0,2,2,0,0,1,0,1,0,12,0,2.0,990,186,5.32258064516129
0,2,144,0,1,0,0,0,0,1,0,0,1,0,1,0,4,0,4.0,136,27,5.037037037037037
1,28,105,82,0,0,5,5,1,0,0,0,0,0,1,0,3,0,7.0,439,85,5.1647058823529415
0,60,144,0,0,0,4,5,1,0,0,0,0,0,1,0,12,0,3.0,404,81,4.987654320987654
1,2,83,63,1,1,0,0,0,0,1,0,1,0,1,0,7,0,5.0,391,74,5.283783783783784
1,15,122,0,1,1,0,0,1,2,0,0,0,0,1,0,2,0,1.0,19,3,6.333333333333333
0,2,144,0,1,1,0,0,1,0,1,0,1,0,1,0,3,0,1.0,226,41,5.512195121951219
0,6,144,114,1,6,0,0,1,0,0,0,1,0,1,0,7,0,4.0,41,9,4.555555555555555
1,12,105,0,1,0,1,5,1,0,0,0,1,0,4,0,2,0,5.0,134,24,5.583333333333333
1,5,104,96,1,0,5,5,1,1,0,0,0,0,1,0,2,0,2.0,223,41,5.439024390243903
0,2,79,114,0,1,0,0,1,0,2,2,1,0,1,0,2,0,2.0,88,16,5.5
1,3,105,0,0,0,6,0,1,0,0,0,1,0,1,15,2,0,1.0,123,21,5.857142857142857
0,2,22,114,1,1,0,0,1,1,2,2,1,0,1,0,2,0,2.0,130,23,5.6521739130434785
1,3,105,0,2,0,1,3,1,0,0,0,1,0,3,0,2,0,16.0,1379,258,5.344961240310077
0,3,144,0,1,0,6,0,1,1,0,0,1,0,2,0,2,0,10.0,24,3,8.0
0,1,144,0,0,0,1,5,0,0,1,1,2,0,1,0,12,0,5.0,380,73,5.205479452054795
1,2,104,0,1,0,1,2,1,0,1,0,2,0,1,0,2,0,5.0,1111,178,6.241573033707865
0,24,144,114,2,0,1,0,1,0,1,1,0,0,2,0,2,0,0.0,876,167,5.245508982035928
1,24,120,94,1,6,0,0,1,0,0,0,1,1,1,1,2,0,2.0,66,12,5.5
1,5,105,0,0,3,6,0,1,0,0,0,0,0,1,100,12,0,1.0,70,12,5.833333333333333
1,1,126,80,1,4,5,0,1,2,1,0,1,0,1,100,2,0,5.0,1339,241,5.556016597510373
1,3,105,80,2,0,5,5,2,1,0,0,1,0,4,0,3,0,9.0,335,66,5.075757575757576
0,3,144,53,1,1,6,0,0,1,0,0,1,0,1,235,2,0,4.0,307,53,5.7924528301886795
0,4,144,114,1,0,1,0,1,0,2,2,2,0,2,0,2,0,5.0,395,70,5.642857142857143
0,36,144,0,0,2,0,0,1,1,0,0,1,0,1,0,2,0,2.0,381,79,4.822784810126582
0,3,144,0,1,0,1,0,1,0,0,0,1,0,1,0,2,0,4.0,400,76,5.2631578947368425
0,2,144,35,1,0,2,0,2,1,0,0,1,0,1,0,2,0,6.0,188,34,5.529411764705882
1,4,105,0,1,1,0,0,1,0,1,0,1,0,1,0,1,0,1.0,255,47,5.425531914893617
0,3,144,0,1,4,6,0,1,1,1,1,1,0,1,0,3,0,3.0,556,105,5.295238095238095
1,1,135,0,1,1,5,0,0,0,1,0,1,1,1,0,12,0,3.0,338,60,5.633333333333334
0,3,144,0,1,4,0,0,1,2,1,0,1,0,1,200,7,0,11.0,2100,392,5.357142857142857
0,12,8,0,0,2,0,0,2,1,2,2,1,0,1,0,2,0,2.0,397,68,5.838235294117647
1,1,105,0,0,5,6,0,1,0,1,1,1,0,1,15,2,0,6.0,101,20,5.05
1,2,105,0,1,2,0,0,1,0,1,1,1,0,1,0,2,0,3.0,56,10,5.6
1,2,105,0,0,0,1,4,0,0,1,1,1,0,1,0,3,0,11.0,274,51,5.372549019607843
1,3,104,81,2,0,3,5,1,1,1,1,1,0,2,0,7,0,1.0,110,20,5.5
0,3,144,35,1,0,1,0,1,1,0,0,1,0,1,0,2,1,5.0,445,91,4.8901098901098905
0,48,51,0,0,5,6,0,0,1,0,0,0,0,1,200,2,1,9.0,419,84,4.988095238095238
1,1,105,0,0,2,6,0,0,0,1,1,1,0,1,0,2,0,3.0,166,26,6.384615384615385
0,4,144,0,2,0,1,2,0,0,0,0,1,0,3,0,0,0,3.0,441,77,5.7272727272727275
0,1,144,0,2,0,1,2,1,0,2,2,2,0,6,100,3,0,3.0,815,143,5.699300699300699
0,3,144,0,0,0,1,1,2,0,1,1,1,0,1,0,2,0,2.0,136,21,6.476190476190476
1,36,128,0,0,1,6,0,1,0,1,0,1,0,1,0,2,0,1.0,147,30,4.9
1,2,104,0,2,0,1,5,1,1,1,0,1,0,3,0,2,0,1.0,199,36,5.527777777777778
0,5,144,0,1,0,6,0,1,0,1,1,1,0,2,1,7,0,2.0,106,18,5.888888888888889
0,60,51,0,0,5,0,0,1,0,1,0,1,0,1,0,12,0,1.0,22,5,4.4
0,96,8,0,0,2,0,0,2,2,0,0,0,0,1,0,7,0,2.0,190,38,5.0
0,8,144,0,1,0,6,0,1,1,0,0,0,0,1,0,12,0,3.0,40,10,4.0
0,12,144,0,0,0,0,0,1,0,1,1,1,0,1,0,2,0,1.0,91,18,5.055555555555555
1,1,96,81,0,3,6,0,1,1,1,1,1,0,1,0,2,0,5.0,133,27,4.925925925925926
0,1,69,114,1,1,6,0,1,0,1,0,1,0,1,0,2,0,7.0,353,63,5.603174603174603
1,4,105,106,0,0,5,5,1,0,0,0,1,0,1,100,2,0,5.0,510,87,5.862068965517241
0,2,144,0,2,2,0,0,1,0,2,2,2,1,2,0,12,0,1.0,2150,366,5.8743169398907105
1,1,105,0,1,3,6,0,1,0,1,0,1,0,2,0,12,0,3.0,325,53,6.132075471698113
1,9,122,81,0,0,5,5,2,2,0,0,0,0,1,0,2,0,3.0,193,38,5.078947368421052
1,5,103,0,2,1,3,3,1,2,1,1,1,0,3,0,2,0,5.0,273,54,5.055555555555555
1,2,105,0,1,0,1,0,1,0,1,1,1,0,1,20,2,0,1.0,91,18,5.055555555555555
0,4,144,0,1,1,0,0,0,0,0,0,2,0,2,0,2,0,4.0,44,9,4.888888888888889
0,3,144,0,1,0,6,0,1,0,0,0,1,0,1,0,2,0,1.0,130,24,5.416666666666667
0,2,144,0,0,1,2,5,1,0,1,1,1,0,1,0,12,0,2.0,551,108,5.101851851851852
1,7,96,82,1,0,1,2,2,0,2,2,2,0,1,0,12,0,2.0,485,88,5.511363636363637
1,5,105,0,0,3,6,0,1,0,1,0,1,0,1,0,12,0,8.0,293,52,5.634615384615385
1,3,122,80,0,6,0,0,1,2,1,0,1,0,1,700,2,0,3.0,94,18,5.222222222222222
0,3,22,38,1,1,6,0,2,0,0,0,1,0,1,0,2,0,5.0,144,25,5.76
1,2,128,81,0,6,0,0,0,1,1,0,1,1,1,0,2,0,5.0,332,49,6.775510204081633
1,1,104,82,0,2,6,0,1,1,1,1,1,0,1,50,2,0,9.0,856,161,5.316770186335404
0,5,8,16,1,2,3,0,1,1,2,0,0,0,1,0,3,0,5.0,178,33,5.393939393939394
0,3,144,0,0,3,4,0,1,0,0,0,1,0,1,100,3,0,1.0,75,15,5.0
1,1,135,65,2,0,5,5,1,0,2,2,2,0,3,30,7,0,3.0,365,74,4.9324324324324325
1,12,128,82,1,1,6,0,1,0,0,0,1,0,1,0,2,0,1.0,68,12,5.666666666666667
1,5,105,82,0,4,6,0,1,0,1,1,1,0,1,0,12,0,3.0,6,1,6.0
0,29,4,114,0,0,1,0,1,0,0,0,2,0,1,0,3,0,2.0,99,21,4.714285714285714
1,2,104,0,1,0,1,2,1,1,1,1,1,0,1,0,6,0,4.0,497,81,6.135802469135802
0,2,144,0,0,4,0,0,1,1,1,0,1,0,1,0,12,0,1.0,121,22,5.5
0,2,144,114,1,0,3,5,1,1,1,1,1,0,1,0,2,0,4.0,172,34,5.0588235294117645
1,8,104,82,2,1,5,5,1,0,0,0,0,0,3,0,12,0,3.0,399,77,5.181818181818182
1,2,105,0,2,3,4,5,0,0,0,0,1,0,4,0,12,0,1.0,382,74,5.162162162162162
0,2,144,0,1,4,0,0,1,1,0,0,1,0,1,0,12,0,5.0,99,17,5.823529411764706
0,2,144,0,1,1,0,0,1,1,0,1,1,0,1,40,3,0,4.0,516,90,5.733333333333333
1,3,105,101,1,5,6,0,1,0,1,0,1,0,1,0,12,0,3.0,880,181,4.861878453038674
0,24,144,0,1,0,0,0,2,1,0,0,0,1,1,0,12,0,2.0,390,76,5.131578947368421
1,2,133,0,2,2,5,5,0,1,1,1,1,0,7,0,2,0,5.0,171,29,5.896551724137931
1,1,104,96,2,0,1,5,0,2,1,1,1,0,2,0,7,0,1.0,133,25,5.32
1,1,104,0,1,2,4,4,1,1,1,1,1,0,1,0,2,0,2.0,356,67,5.313432835820896
1,4,104,0,2,5,6,0,0,1,1,1,1,0,2,40,2,0,1.0,99,16,6.1875
0,3,144,0,0,1,6,0,1,0,1,0,1,0,1,0,4,0,4.0,221,41,5.390243902439025
1,12,105,0,1,1,6,0,1,0,0,0,0,0,1,0,5,0,4.0,21,3,7.0
1,2,82,82,2,1,2,4,0,0,1,1,1,0,2,0,2,0,3.0,447,81,5.518518518518518
1,2,105,0,1,0,6,0,0,0,1,1,1,0,1,0,12,0,1.0,602,114,5.280701754385965
0,27,41,47,0,5,0,0,1,1,2,2,1,0,1,0,0,0,4.0,720,143,5.034965034965035
0,1,144,0,1,6,0,0,0,0,1,1,1,0,1,0,2,0,1.0,143,24,5.958333333333333
0,2,144,0,1,1,0,0,1,0,1,1,1,0,1,20,3,0,1.0,144,25,5.76
1,2,135,0,2,1,0,0,1,1,1,1,1,0,2,0,12,0,3.0,109,23,4.739130434782608
0,18,144,0,1,4,0,0,1,1,0,0,0,0,1,200,2,0,3.0,47,9,5.222222222222222
1,7,128,82,0,1,4,0,1,0,0,0,0,0,1,0,2,0,7.0,577,112,5.151785714285714
0,3,144,0,0,0,1,0,1,0,0,0,1,0,1,0,2,0,2.0,45,10,4.5
1,3,105,0,2,0,5,5,1,0,1,1,1,0,3,0,2,0,0.0,134,25,5.36
0,7,144,0,1,6,0,0,1,1,0,0,0,0,1,200,2,0,5.0,215,38,5.657894736842105
0,1,22,114,2,0,1,3,1,0,1,0,1,0,5,0,2,0,5.0,211,42,5.023809523809524
0,65,149,0,1,1,2,5,2,0,0,0,1,0,2,0,12,0,3.0,49,8,6.125
1,12,103,80,0,0,0,0,1,2,1,1,2,0,1,300,2,0,3.0,400,78,5.128205128205129
1,2,135,0,2,0,5,5,1,1,1,1,1,0,3,0,2,0,3.0,161,24,6.708333333333333
0,2,144,16,0,1,6,0,1,1,1,1,1,0,1,0,12,0,2.0,138,25,5.52
0,1,144,0,2,0,1,5,1,1,1,1,2,0,8,0,5,0,9.0,182,36,5.055555555555555
0,2,144,0,2,0,1,5,1,0,0,0,2,0,3,0,12,0,3.0,868,140,6.2
0,2,144,0,0,4,6,0,1,0,1,1,1,0,1,5,3,0,4.0,125,13,9.615384615384615
1,24,132,101,0,4,0,0,0,0,0,0,0,0,1,500,12,0,1.0,94,18,5.222222222222222
0,2,144,0,1,6,0,0,1,0,1,1,1,0,1,0,2,0,5.0,557,107,5.205607476635514
1,2,103,0,0,0,6,0,1,1,1,1,1,0,1,0,12,0,3.0,3,1,3.0
0,18,144,54,1,0,4,0,0,2,2,0,2,0,1,0,4,0,3.0,167,30,5.566666666666666
0,15,60,0,0,0,0,0,0,0,0,0,1,0,1,0,0,0,1.0,5,1,5.0
0,24,144,0,0,4,6,0,2,0,2,2,2,0,1,0,2,0,2.0,184,35,5.257142857142857
0,2,144,114,1,1,0,0,0,0,0,0,1,0,1,0,12,0,1.0,68,11,6.181818181818182
0,5,144,0,0,1,0,0,1,0,0,0,0,0,1,0,2,0,5.0,206,34,6.0588235294117645
0,3,166,114,1,0,1,0,1,1,0,0,1,0,1,0,2,0,6.0,137,23,5.956521739130435
0,0,144,0,1,0,1,5,0,0,2,2,2,1,1,0,2,0,1.0,651,129,5.046511627906977
0,2,144,0,1,1,0,0,0,0,0,0,1,0,1,0,12,0,5.0,598,122,4.901639344262295
1,6,96,110,1,4,5,5,1,0,0,0,0,0,2,50,2,0,2.0,288,54,5.333333333333333
0,2,144,0,1,0,1,5,0,0,1,1,1,0,2,0,2,0,5.0,306,57,5.368421052631579
1,3,105,0,1,1,2,3,1,1,2,2,2,0,1,0,12,0,4.0,569,117,4.863247863247863
0,8,144,0,0,0,1,5,1,1,0,0,0,0,2,1,2,0,2.0,851,175,4.862857142857143
0,5,40,0,0,1,4,0,0,1,0,0,1,0,1,500,2,0,2.0,924,186,4.967741935483871
0,1,144,0,1,1,0,0,1,0,0,0,0,0,1,0,2,0,1.0,206,42,4.904761904761905
1,1,105,0,2,0,4,5,1,0,1,1,1,0,5,0,12,0,3.0,232,37,6.27027027027027
1,3,119,94,0,1,3,5,0,1,1,2,1,0,2,0,7,0,2.0,524,95,5.515789473684211
1,5,135,0,2,4,5,0,0,0,1,0,1,0,2,0,12,0,2.0,144,23,6.260869565217392
0,72,144,0,2,1,0,0,2,0,2,2,2,0,4,0,4,0,2.0,471,93,5.064516129032258
0,1,144,0,0,0,1,5,1,0,1,1,1,0,1,0,2,0,1.0,46,9,5.111111111111111
1,3,104,0,1,0,1,4,1,1,0,0,1,0,1,60,2,0,5.0,1215,237,5.1265822784810124
1,2,128,0,0,1,5,0,1,1,1,0,1,0,1,150,2,0,7.0,773,138,5.601449275362318
0,6,144,35,0,1,2,0,1,1,0,0,0,0,1,0,12,0,3.0,454,85,5.341176470588235
0,84,144,0,0,3,0,0,1,1,0,0,0,0,1,0,3,0,1.0,180,28,6.428571428571429
0,4,144,0,0,1,6,0,1,1,1,1,1,0,1,0,7,0,2.0,88,15,5.866666666666666
1,1,105,0,0,0,5,5,1,0,1,1,1,0,2,0,2,0,4.0,300,53,5.660377358490566
1,4,105,82,2,0,3,4,1,0,1,1,1,0,2,0,2,0,4.0,412,76,5.421052631578948
0,3,22,114,0,0,0,0,2,0,2,2,1,0,1,0,12,1,5.0,648,129,5.023255813953488
1,3,105,0,1,3,6,0,1,1,0,0,1,0,1,120,2,0,5.0,194,36,5.388888888888889
0,8,144,0,1,0,6,0,1,0,1,0,0,0,1,0,2,0,1.0,479,100,4.79
0,2,144,0,1,1,0,0,1,1,2,2,2,0,1,0,0,0,1.0,64,11,5.818181818181818
1,14,103,82,1,0,3,5,2,2,0,0,0,0,1,0,2,0,2.0,165,35,4.714285714285714
0,41,169,0,1,1,0,0,1,1,0,0,1,0,1,200,2,0,3.0,402,77,5.220779220779221
1,5,105,0,0,0,6,0,1,0,1,0,1,0,1,0,12,0,2.0,1201,229,5.244541484716157
0,2,144,0,1,1,4,0,1,0,1,0,1,0,1,0,12,0,1.0,230,43,5.348837209302325
0,1,144,0,1,4,0,0,1,1,2,2,2,0,2,0,0,0,1.0,89,15,5.933333333333334
0,2,144,0,0,6,0,0,1,0,1,1,1,0,1,0,12,0,4.0,206,39,5.282051282051282
1,1,105,73,1,0,3,5,1,0,1,0,1,0,1,0,2,0,3.0,531,87,6.103448275862069
1,1,105,0,2,0,6,0,1,1,1,1,0,1,2,0,2,0,3.0,140,27,5.185185185185185
1,3,88,63,0,3,6,0,0,1,2,2,2,0,1,200,12,0,4.0,159,27,5.888888888888889
1,3,105,106,0,0,5,5,0,0,0,0,1,0,1,0,3,1,4.0,44,10,4.4
0,15,51,39,1,0,0,0,0,0,0,0,1,0,1,0,4,0,0.0,57,10,5.7
1,5,135,66,1,0,5,5,1,1,1,1,1,0,1,0,2,0,7.0,471,87,5.413793103448276
0,4,144,0,1,1,0,0,1,1,0,0,1,0,1,50,2,0,2.0,135,27,5.0
1,3,104,0,0,2,6,0,0,1,1,1,1,0,1,0,2,0,3.0,291,62,4.693548387096774
1,3,103,0,0,1,6,0,1,2,1,0,1,0,1,38,2,0,4.0,358,70,5.114285714285714
1,2,105,0,0,0,5,5,1,0,1,1,1,0,2,0,7,0,4.0,93,18,5.166666666666667
1,12,105,0,1,5,6,0,0,0,0,0,0,0,1,0,12,0,6.0,1048,212,4.943396226415095
1,3,104,0,0,0,1,1,0,1,0,0,0,0,1,0,5,0,5.0,363,57,6.368421052631579
0,2,144,0,1,1,0,0,1,0,0,0,1,0,1,0,2,0,3.0,244,52,4.6923076923076925
0,24,144,0,1,1,0,0,1,1,2,2,2,0,20,0,5,0,1.0,100,19,5.2631578947368425
0,3,144,0,1,0,1,0,1,0,0,0,1,0,1,0,12,0,3.0,155,26,5.961538461538462
0,2,144,0,0,0,1,0,1,0,1,1,1,0,1,0,2,0,1.0,131,24,5.458333333333333
1,1,105,0,0,5,6,0,0,0,1,1,1,0,1,0,2,0,3.0,309,58,5.327586206896552
1,2,104,0,0,2,3,0,0,1,1,0,1,0,1,0,12,0,3.0,16,3,5.333333333333333
1,3,104,0,0,5,0,0,0,1,1,1,1,0,1,0,12,0,1.0,383,66,5.803030303030303
1,6,105,0,1,0,3,0,1,0,1,1,1,0,1,0,2,0,2.0,130,27,4.814814814814815
0,12,144,114,0,1,6,0,1,0,2,2,2,0,1,0,2,0,4.0,697,150,4.6466666666666665
1,2,104,82,1,5,0,0,0,1,1,1,0,0,1,0,2,0,1.0,355,72,4.930555555555555
1,1,104,82,1,0,4,5,1,1,1,1,1,0,1,0,3,0,5.0,115,18,6.388888888888889
0,24,41,0,0,4,0,0,1,2,0,0,2,0,1,200,0,0,1.0,22,3,7.333333333333333
0,2,30,114,2,0,2,0,0,0,1,1,1,0,2,0,2,0,6.0,846,150,5.64
0,3,144,0,1,0,1,5,1,1,0,0,1,0,1,0,2,0,4.0,152,30,5.066666666666666
1,3,105,82,1,5,6,0,1,0,1,0,1,0,1,0,12,0,6.0,164,28,5.857142857142857
0,0,153,128,0,0,1,5,0,1,1,1,1,0,1,250,2,0,10.0,187,32,5.84375
0,1,144,114,1,0,0,0,1,1,1,1,1,0,2,0,3,0,9.0,129,23,5.608695652173913
0,10,144,0,1,0,3,0,0,0,0,0,0,0,1,0,2,0,1.0,59,12,4.916666666666667
0,3,144,0,1,0,6,0,1,0,0,0,1,0,1,0,2,1,2.0,214,39,5.487179487179487
1,2,104,0,0,0,6,0,0,1,1,1,1,0,1,0,2,0,5.0,31,10,3.1
0,1,144,0,0,0,1,0,1,0,1,1,1,0,3,0,12,0,4.0,91,14,6.5
0,12,144,0,1,1,6,0,1,1,2,2,2,0,1,0,12,0,3.0,576,99,5.818181818181818
1,4,104,0,0,2,0,0,0,1,1,1,1,0,1,0,12,0,1.0,33,6,5.5
1,1,105,0,2,0,3,4,0,0,1,1,1,0,4,0,2,0,0.0,213,37,5.756756756756757
0,2,144,114,1,0,1,0,1,0,1,1,1,0,1,0,0,1,4.0,170,30,5.666666666666667
0,2,144,0,1,1,0,0,1,0,1,0,1,0,1,0,2,0,1.0,50,8,6.25
0,1,144,0,0,3,4,0,1,1,1,0,1,1,1,0,5,2,7.0,109,18,6.055555555555555
0,2,144,0,2,0,1,3,1,0,0,0,1,0,5,0,12,0,11.0,148,26,5.6923076923076925
1,7,104,0,1,5,6,0,1,1,0,0,0,0,1,0,2,0,3.0,679,117,5.803418803418803
0,3,144,0,1,0,1,0,1,0,0,0,1,0,1,50,2,0,2.0,419,80,5.2375
0,2,144,0,1,0,1,4,1,0,1,1,1,0,4,0,2,0,1.0,104,23,4.521739130434782
0,1,69,114,0,1,4,0,1,1,0,0,1,0,1,200,2,0,2.0,2988,558,5.354838709677419
0,12,144,0,0,0,1,0,2,0,2,2,1,0,1,0,6,0,3.0,155,26,5.961538461538462
0,3,144,0,1,1,6,0,1,0,0,0,1,0,1,0,2,0,3.0,338,63,5.365079365079365
0,2,144,114,1,0,1,0,1,0,1,1,1,0,2,0,4,0,1.0,4,1,4.0
0,1,144,0,1,1,6,0,1,0,1,1,1,0,1,0,2,0,2.0,193,38,5.078947368421052
1,4,105,0,1,0,5,0,0,0,2,2,2,1,1,0,2,0,4.0,714,150,4.76
0,1,144,114,2,0,2,2,0,0,1,1,1,0,6,0,2,0,4.0,26,5,5.2
1,2,105,82,0,0,1,3,0,0,1,1,1,1,1,0,2,0,3.0,86,14,6.142857142857143
1,2,104,0,1,1,5,5,1,1,1,1,1,0,1,0,2,0,4.0,190,32,5.9375
0,2,144,0,1,1,0,0,1,0,0,0,1,0,2,0,2,0,5.0,196,36,5.444444444444445
1,60,96,0,1,0,2,5,1,0,0,0,0,0,1,0,2,3,10.0,760,145,5.241379310344827
1,2,104,0,0,2,6,0,1,1,1,0,1,1,1,0,5,1,3.0,72,14,5.142857142857143
1,6,104,0,2,0,3,4,1,0,0,0,0,0,2,0,12,0,4.0,84,15,5.6
0,36,144,30,1,1,0,0,0,1,0,0,2,0,1,0,12,0,4.0,269,53,5.0754716981132075
0,32,8,0,1,2,0,0,2,2,0,0,1,0,1,0,12,0,1.0,182,34,5.352941176470588
0,3,144,0,1,0,1,0,1,0,0,0,1,0,1,100,3,0,2.0,112,23,4.869565217391305
0,48,8,0,0,2,0,0,2,1,0,0,1,0,1,0,1,0,3.0,304,57,5.333333333333333
0,3,144,0,0,0,6,0,1,0,2,2,2,0,1,0,2,1,3.0,178,30,5.933333333333334
0,24,144,0,0,1,6,0,1,0,1,0,0,0,1,0,2,0,3.0,331,56,5.910714285714286
1,24,104,81,1,2,3,0,2,1,1,1,2,0,1,0,12,0,4.0,5,1,5.0
1,7,104,0,1,0,1,2,1,1,1,0,1,0,1,0,12,0,5.0,165,29,5.689655172413793
1,24,122,96,1,4,0,0,1,2,2,2,1,0,1,0,12,0,5.0,415,76,5.4605263157894735
1,3,93,73,2,0,1,1,1,1,1,0,1,0,2,100,2,0,2.0,139,24,5.791666666666667
1,6,105,0,1,5,0,0,0,0,1,0,1,0,1,0,2,0,3.0,63,7,9.0
0,1,144,0,2,0,1,3,1,1,1,0,1,0,3,0,2,0,5.0,320,41,7.804878048780488
1,7,104,94,1,0,6,0,1,1,2,2,1,0,2,0,2,0,4.0,71,13,5.461538461538462
0,1,144,0,2,0,1,0,1,0,1,1,1,0,3,0,2,0,9.0,171,33,5.181818181818182
0,1,144,0,2,0,1,5,2,0,1,1,1,0,8,0,2,0,4.0,2146,399,5.37844611528822
0,2,144,0,1,6,0,0,1,0,1,1,1,0,1,20,3,0,1.0,141,25,5.64
1,1,105,0,2,2,5,5,0,0,2,2,1,0,3,0,2,0,4.0,382,73,5.232876712328767
1,1,105,0,0,0,6,0,0,0,1,1,1,0,1,0,2,0,2.0,187,37,5.054054054054054
0,2,5,114,0,1,0,0,1,0,0,0,0,0,1,0,7,0,0.0,248,50,4.96
0,3,144,0,2,1,4,5,1,0,1,1,1,0,4,0,4,0,2.0,67,11,6.090909090909091
1,18,104,0,1,0,2,5,1,1,0,1,1,0,1,0,2,0,4.0,160,32,5.0
0,1,144,0,0,0,1,5,1,0,1,1,1,0,1,20,3,0,1.0,141,25,5.64
0,2,144,114,0,1,0,0,1,0,0,0,1,0,1,100,2,0,2.0,23,4,5.75
1,6,105,0,0,0,0,0,1,0,1,1,1,0,1,0,12,0,2.0,253,50,5.06
0,15,65,0,1,6,0,0,0,1,0,1,2,0,1,1,2,0,2.0,68,11,6.181818181818182
0,2,144,0,2,0,4,5,1,0,1,0,1,0,3,0,4,0,2.0,630,117,5.384615384615385
1,2,128,82,1,1,6,0,0,1,1,1,1,0,1,0,12,0,5.0,275,52,5.288461538461538
0,4,144,4,1,0,1,1,2,1,0,0,0,0,1,0,2,0,7.0,175,31,5.645161290322581
1,3,128,106,1,1,4,0,1,0,0,0,1,0,1,60,2,0,2.0,121,22,5.5
0,18,144,0,1,1,5,0,1,1,2,2,2,0,1,0,12,0,1.0,188,38,4.947368421052632
0,36,60,0,1,1,6,0,0,2,0,0,0,0,1,0,4,0,1.0,1533,296,5.179054054054054
1,2,104,0,0,4,0,0,1,1,1,1,1,0,1,0,3,0,2.0,49,7,7.0
0,4,144,0,0,0,1,1,0,1,0,0,1,0,1,100,12,0,4.0,51,9,5.666666666666667
1,3,105,0,1,4,6,0,1,0,2,2,1,0,1,0,12,0,3.0,113,17,6.647058823529412
0,2,144,0,0,6,0,0,1,0,0,0,1,0,2,0,12,0,11.0,347,66,5.257575757575758
0,2,144,0,2,0,4,0,1,0,1,0,1,0,3,0,2,0,4.0,129,19,6.7894736842105265
1,3,104,0,1,2,6,0,0,1,1,1,1,0,1,0,2,0,5.0,96,14,6.857142857142857
1,1,103,0,0,0,6,0,1,1,1,0,1,0,1,0,2,0,1.0,667,139,4.798561151079137
0,1,144,0,2,0,4,5,1,0,1,0,1,0,4,0,12,0,7.0,154,31,4.967741935483871
1,1,105,0,1,0,1,5,0,0,1,0,1,0,1,20,12,1,3.0,762,152,5.0131578947368425
1,5,120,0,0,6,0,0,1,0,0,0,1,0,1,0,3,0,1.0,223,46,4.8478260869565215
1,1,105,0,1,2,0,0,1,0,1,0,1,0,2,0,2,0,2.0,20,3,6.666666666666667
0,3,144,0,1,2,0,0,1,0,2,2,2,0,1,0,3,0,3.0,250,47,5.319148936170213
0,12,144,0,1,1,0,0,1,0,0,0,1,0,1,0,2,0,3.0,291,60,4.85
1,1,104,0,1,0,1,3,1,1,1,1,1,0,2,0,2,0,16.0,405,69,5.869565217391305
1,12,105,0,0,4,5,0,1,0,1,0,1,0,1,0,2,0,1.0,6,1,6.0
0,4,60,0,1,0,1,5,0,2,0,0,1,0,1,400,2,0,3.0,68,12,5.666666666666667
1,6,128,82,1,2,0,0,1,1,1,1,1,0,1,0,2,0,1.0,230,45,5.111111111111111
1,2,105,81,1,0,5,5,0,1,1,0,1,0,2,100,2,0,10.0,391,64,6.109375
1,5,105,0,0,0,1,4,0,1,0,0,1,0,1,0,12,0,4.0,139,27,5.148148148148148
1,3,135,0,1,0,6,0,0,0,1,1,1,0,1,0,2,0,14.0,133,28,4.75
0,3,144,0,0,1,0,0,1,0,0,0,0,0,1,0,2,0,11.0,186,34,5.470588235294118
0,4,144,0,0,0,1,3,1,1,1,0,1,1,1,0,2,0,5.0,393,76,5.171052631578948
0,4,144,0,1,1,0,0,1,1,1,1,1,0,1,0,2,0,4.0,192,37,5.1891891891891895
0,1,144,0,1,0,1,0,1,0,1,1,1,0,1,0,2,0,9.0,187,31,6.032258064516129
0,3,144,0,1,1,6,0,1,0,1,0,1,0,1,0,2,0,2.0,133,23,5.782608695652174
1,4,96,81,1,1,3,5,1,1,0,0,1,0,1,150,2,0,1.0,483,92,5.25
1,1,105,0,1,6,0,0,0,0,1,0,1,0,1,0,12,0,1.0,244,48,5.083333333333333
1,33,105,0,1,1,0,0,1,0,0,0,0,0,1,80,12,0,5.0,264,54,4.888888888888889
0,24,60,0,1,0,1,5,0,2,0,0,1,0,1,1000,12,0,2.0,7,1,7.0
1,2,105,82,1,0,1,0,1,0,1,1,1,0,1,0,3,0,1.0,194,37,5.243243243243243
0,12,144,76,0,1,0,0,1,0,0,0,0,0,1,0,2,1,5.0,389,74,5.256756756756757
0,24,8,16,1,2,6,0,1,0,2,2,2,0,1,0,12,0,3.0,31,5,6.2
1,2,105,0,2,1,0,0,0,0,2,2,2,0,4,0,12,0,5.0,250,51,4.901960784313726
1,4,104,0,0,6,0,0,1,1,0,0,1,0,1,0,2,0,1.0,125,17,7.352941176470588
1,9,122,80,0,0,2,5,2,2,1,1,1,0,2,300,12,0,3.0,34,5,6.8
1,2,104,0,1,0,3,0,0,1,1,1,1,0,1,0,2,0,6.0,915,184,4.9728260869565215
0,72,144,0,0,3,0,0,2,1,0,0,0,0,1,200,2,0,1.0,8,2,4.0
0,48,51,0,0,6,0,0,0,2,0,0,2,1,1,0,2,0,4.0,346,65,5.323076923076923
1,3,105,101,1,0,3,5,0,0,1,1,1,0,1,0,12,0,4.0,137,27,5.074074074074074
1,1,104,0,2,0,6,0,2,1,1,1,1,0,4,0,12,1,6.0,314,63,4.984126984126984
0,0,144,0,2,6,0,0,0,0,1,1,1,0,4,0,2,0,1.0,229,42,5.4523809523809526
0,4,165,0,1,0,6,0,1,0,1,1,1,0,1,0,2,0,3.0,906,187,4.8449197860962565
0,48,5,0,0,0,2,0,2,1,0,0,1,0,1,350,12,0,2.0,336,64,5.25
0,2,144,0,1,4,0,0,1,0,2,2,1,0,1,0,2,0,2.0,125,22,5.681818181818182
0,2,144,0,2,0,1,0,1,0,1,0,1,0,5,0,2,0,5.0,616,115,5.356521739130435
1,3,104,0,1,0,3,5,0,1,1,1,1,0,1,0,12,0,7.0,706,133,5.30827067669173
0,3,144,0,0,1,0,0,1,0,2,2,1,0,1,0,2,0,2.0,109,23,4.739130434782608
0,2,144,0,1,0,0,0,1,1,0,0,1,0,1,0,2,0,3.0,136,22,6.181818181818182
1,24,135,0,1,0,5,0,0,0,0,0,0,0,1,0,4,0,4.0,432,87,4.9655172413793105
0,2,144,0,0,1,6,0,1,0,1,1,1,0,1,0,2,0,1.0,168,31,5.419354838709677
1,4,105,0,2,0,1,5,1,1,1,1,1,0,2,0,2,0,1.0,250,48,5.208333333333333
0,1,144,0,1,1,0,0,1,0,1,1,1,0,1,0,12,0,2.0,211,39,5.410256410256411
1,5,104,82,2,4,5,5,1,1,1,1,1,0,3,0,2,0,12.0,1117,196,5.698979591836735
0,7,144,0,1,0,0,0,1,0,0,0,0,0,1,0,2,0,3.0,204,41,4.975609756097561
1,2,105,106,1,0,5,0,0,1,1,1,1,0,1,0,2,0,5.0,360,67,5.373134328358209
1,12,128,0,1,4,0,0,2,0,0,0,0,0,1,0,12,0,2.0,138,22,6.2727272727272725
1,5,105,82,0,0,0,0,1,0,0,0,0,0,1,0,2,0,1.0,169,30,5.633333333333334
0,12,144,53,0,3,6,0,1,1,0,0,1,0,1,0,2,0,0.0,314,60,5.233333333333333
0,24,144,0,0,4,0,0,1,0,0,0,2,0,1,0,2,0,3.0,246,44,5.590909090909091
0,2,144,35,0,0,1,0,1,1,1,1,1,0,1,0,12,0,3.0,224,40,5.6
1,8,104,0,1,3,4,5,1,1,1,0,1,0,1,20,12,0,4.0,453,94,4.819148936170213
0,2,144,0,0,0,1,0,1,0,2,2,1,0,1,0,2,0,3.0,88,16,5.5
1,0,105,0,2,0,2,2,1,0,1,1,1,0,4,0,2,0,6.0,545,93,5.860215053763441
1,2,105,0,1,1,3,5,1,0,1,0,1,0,1,0,12,0,2.0,108,19,5.684210526315789
1,2,135,82,0,0,6,0,1,0,0,0,1,0,1,50,2,0,4.0,162,28,5.785714285714286
0,72,60,0,0,1,5,5,0,2,0,0,0,0,1,150,12,0,11.0,154,23,6.695652173913044
1,2,105,101,0,3,5,5,0,0,1,0,1,0,2,200,2,1,6.0,348,53,6.566037735849057
0,100,60,0,0,4,5,5,0,0,0,2,1,1,1,0,2,0,5.0,661,142,4.654929577464789
1,12,105,81,2,1,2,5,1,0,1,0,0,0,2,0,7,0,5.0,246,47,5.23404255319149
0,3,144,0,1,1,0,0,1,0,0,0,1,0,1,0,2,0,3.0,406,80,5.075
1,4,105,0,2,0,3,0,1,0,1,0,1,0,3,0,12,0,3.0,136,25,5.44
1,6,105,0,1,0,6,0,1,0,2,2,2,0,1,0,2,0,3.0,127,21,6.0476190476190474
0,1,144,114,2,0,1,5,0,1,1,1,1,0,5,0,2,0,5.0,218,41,5.317073170731708
1,2,105,0,1,0,5,0,1,0,0,0,1,0,1,0,2,0,11.0,693,137,5.0583941605839415
1,4,105,0,1,1,5,5,1,0,1,1,1,0,1,0,2,0,3.0,620,122,5.081967213114754
0,2,69,114,1,2,0,0,1,1,1,1,1,0,1,0,2,0,4.0,297,59,5.033898305084746
0,1,144,0,0,0,0,0,1,0,2,2,1,0,1,0,2,0,2.0,90,17,5.294117647058823
0,24,151,114,1,2,4,0,1,1,0,0,0,0,1,0,2,0,2.0,208,38,5.473684210526316
1,3,105,0,1,5,0,0,0,0,1,0,1,0,1,0,12,0,0.0,16,4,4.0
0,8,47,114,1,0,1,0,2,0,0,1,1,0,1,100,2,0,2.0,291,56,5.196428571428571
1,1,105,0,2,0,5,0,1,0,1,1,1,0,2,0,6,0,3.0,237,46,5.1521739130434785
0,36,69,128,1,0,1,5,0,0,0,0,0,0,1,0,2,0,5.0,714,140,5.1
0,3,144,0,1,0,1,5,1,1,1,0,1,0,1,0,12,0,1.0,263,46,5.717391304347826
1,2,105,101,1,0,6,0,1,0,1,1,1,0,1,0,1,0,1.0,42,10,4.2
0,3,79,114,0,1,0,0,1,0,2,2,1,0,1,0,2,0,2.0,91,17,5.352941176470588
0,2,144,0,2,0,1,5,1,0,1,1,1,0,6,0,2,0,5.0,122,23,5.304347826086956
0,1,144,0,0,1,0,0,1,0,1,1,1,0,7,1,2,0,4.0,18,3,6.0
1,2,105,0,0,0,5,0,0,0,1,1,1,0,1,0,2,0,2.0,471,97,4.855670103092783
0,3,144,0,0,1,6,0,1,1,0,0,1,1,1,350,7,0,4.0,1204,201,5.990049751243781
1,1,105,0,1,1,3,0,0,0,1,1,1,0,1,0,2,0,6.0,355,70,5.071428571428571
0,1,144,0,0,0,0,0,1,1,1,0,1,0,1,0,4,0,2.0,225,44,5.113636363636363
0,2,144,0,1,6,0,0,1,0,1,1,1,0,7,0,4,0,5.0,372,75,4.96
1,2,104,81,0,0,1,2,1,1,1,1,1,0,2,0,2,0,5.0,321,64,5.015625
0,24,144,0,1,0,0,0,2,0,0,0,0,0,1,0,2,0,14.0,472,86,5.488372093023256
0,3,49,0,1,0,6,0,3,1,0,1,1,1,1,0,0,0,4.0,630,115,5.478260869565218
1,6,105,82,0,3,0,0,1,0,1,1,1,0,1,0,12,0,6.0,520,102,5.098039215686274
1,1,105,0,0,1,3,5,1,0,1,0,1,0,1,0,12,0,1.0,456,89,5.123595505617978
1,96,122,101,1,5,6,0,1,1,0,0,0,0,2,0,12,0,5.0,714,138,5.173913043478261
0,4,144,114,1,0,5,5,1,1,0,0,2,0,2,0,2,0,5.0,249,46,5.413043478260869
0,30,144,114,0,1,6,0,1,0,0,0,1,0,1,250,2,1,3.0,815,157,5.191082802547771
1,2,105,0,0,1,3,3,0,0,1,1,1,0,1,0,2,0,13.0,329,60,5.483333333333333
0,4,69,114,2,3,4,5,1,0,0,0,1,0,2,0,2,0,5.0,145,26,5.576923076923077
1,1,104,0,1,0,6,0,0,1,1,0,1,0,1,0,6,0,10.0,321,57,5.631578947368421
1,1,105,0,1,1,6,0,0,0,1,0,1,0,1,0,3,0,1.0,296,54,5.481481481481482
1,2,135,0,1,1,3,4,0,0,1,0,1,0,1,0,2,0,5.0,91,17,5.352941176470588
0,2,144,114,0,0,1,5,1,1,0,0,1,0,1,0,2,0,4.0,12,2,6.0
1,2,103,81,2,0,1,4,0,1,1,0,1,0,2,0,12,1,5.0,262,47,5.574468085106383
1,2,104,0,0,0,6,0,0,1,1,0,1,0,1,0,2,0,3.0,19,3,6.333333333333333
1,2,105,0,1,6,0,0,0,0,1,0,1,0,1,0,3,0,5.0,384,78,4.923076923076923
0,12,41,0,0,4,0,0,0,1,2,2,1,0,1,0,2,0,1.0,629,114,5.517543859649122
0,1,144,0,1,1,0,0,1,0,1,0,1,0,2,0,12,0,14.0,495,96,5.15625
0,60,144,0,1,0,0,0,1,1,0,0,0,0,1,0,2,0,11.0,471,95,4.957894736842105
0,1,144,0,1,0,6,0,1,0,1,2,2,0,1,0,2,0,1.0,252,44,5.7272727272727275
1,4,105,0,1,6,0,0,0,0,1,1,0,0,1,0,12,0,3.0,167,30,5.566666666666666
0,72,54,0,0,1,6,0,1,0,0,0,0,0,1,0,2,0,2.0,1402,236,5.940677966101695
0,63,8,114,1,0,0,0,1,0,0,0,0,0,1,50,2,0,5.0,1485,299,4.966555183946488
1,12,105,82,1,1,6,0,0,0,1,1,0,0,1,0,2,0,7.0,240,41,5.853658536585366
1,15,105,0,0,0,6,0,1,0,0,0,0,0,1,0,2,0,1.0,75,15,5.0
1,2,105,0,2,0,1,5,0,0,1,1,1,0,2,0,12,0,2.0,19,3,6.333333333333333
1,4,104,0,1,0,6,0,1,1,1,1,1,0,1,0,12,0,3.0,52,11,4.7272727272727275
0,8,41,53,1,1,0,0,1,1,1,1,1,0,1,0,4,0,3.0,349,69,5.057971014492754
1,12,105,101,1,1,0,0,1,0,0,0,0,0,1,0,2,0,4.0,83,13,6.384615384615385
1,2,104,0,1,1,3,0,0,1,1,1,1,0,2,0,12,0,4.0,80,14,5.714285714285714
0,30,168,0,0,4,6,0,1,0,0,0,1,0,1,0,12,0,5.0,1587,302,5.254966887417218
0,120,144,114,1,1,0,0,0,0,2,2,2,0,1,0,12,0,3.0,129,24,5.375
0,1,144,35,1,0,6,0,1,0,0,0,1,0,1,0,12,0,3.0,73,15,4.866666666666666
1,1,105,0,1,1,6,0,1,0,2,2,1,0,1,0,2,0,3.0,89,16,5.5625
1,4,104,0,1,0,2,2,1,1,1,1,1,0,1,0,12,0,2.0,466,91,5.1208791208791204
1,6,135,0,0,2,4,0,1,0,1,1,1,0,1,50,2,0,3.0,138,23,6.0
1,2,105,0,1,5,0,0,1,1,1,0,1,0,1,0,12,0,19.0,103,17,6.0588235294117645
1,2,104,0,1,0,3,5,1,1,1,1,1,0,1,100,2,0,4.0,247,46,5.369565217391305
0,1,144,0,0,1,0,0,2,1,2,0,1,0,1,0,2,0,4.0,115,20,5.75
1,3,122,80,0,2,6,0,2,1,2,2,2,0,1,0,1,0,1.0,34,6,5.666666666666667
0,24,22,114,1,1,6,0,1,1,0,0,0,0,2,0,2,0,1.0,971,176,5.517045454545454
0,2,144,0,0,0,0,0,1,1,0,0,2,0,1,0,0,0,1.0,107,19,5.631578947368421
1,2,105,0,2,2,5,5,1,0,1,0,1,0,3,0,12,0,2.0,175,25,7.0
0,2,144,114,1,4,0,0,1,1,1,0,1,0,1,0,2,0,2.0,14,3,4.666666666666667
0,96,41,0,0,1,0,0,0,1,0,0,1,0,1,0,4,0,5.0,83,15,5.533333333333333
0,3,144,0,1,1,6,0,1,1,2,2,1,0,1,0,2,0,7.0,202,33,6.121212121212121
1,12,105,0,1,5,0,0,2,0,0,1,1,0,1,0,10,0,1.0,84,12,7.0
0,3,59,114,1,1,0,0,1,0,0,0,1,0,1,0,2,0,3.0,148,28,5.285714285714286
0,2,144,0,0,1,4,0,1,1,0,0,1,0,1,0,2,0,4.0,392,77,5.090909090909091
1,2,105,80,1,1,4,5,1,1,1,1,1,0,1,20,2,0,4.0,515,111,4.63963963963964
0,2,166,114,1,0,1,0,1,0,0,0,1,0,1,0,2,0,3.0,124,22,5.636363636363637
1,2,105,0,1,0,1,4,0,0,1,0,1,0,1,0,2,0,4.0,333,62,5.370967741935484
0,1,144,0,0,0,1,0,1,0,1,0,1,0,1,0,3,0,4.0,277,48,5.770833333333333
0,31,5,54,1,0,1,3,1,1,0,0,0,0,1,0,2,0,2.0,132,25,5.28
0,12,155,0,1,2,6,0,0,1,0,0,1,0,1,0,3,0,3.0,748,137,5.45985401459854
1,21,96,0,1,0,3,5,1,0,0,0,0,0,1,0,2,2,2.0,174,34,5.117647058823529
0,2,144,0,0,3,0,0,1,0,1,1,1,0,1,20,3,0,1.0,201,32,6.28125
1,2,105,0,1,2,3,5,1,0,1,1,1,0,1,0,2,0,3.0,98,19,5.157894736842105
0,96,144,114,1,1,2,3,1,1,0,0,0,0,1,0,12,0,3.0,221,40,5.525
1,36,104,0,0,6,0,0,1,1,2,0,0,0,1,0,12,0,1.0,1533,321,4.775700934579439
0,22,144,0,1,1,2,3,0,0,0,0,1,0,1,80,2,0,3.0,225,36,6.25
1,12,104,0,0,3,6,0,1,1,1,0,0,0,1,0,2,0,3.0,416,75,5.546666666666667
1,12,140,89,1,0,1,2,1,0,1,1,1,0,1,0,2,0,1.0,157,28,5.607142857142857
0,0,144,114,2,0,1,5,0,0,1,1,1,0,8,0,2,0,2.0,92,16,5.75
1,60,105,82,2,3,6,0,1,0,1,0,0,1,2,0,2,0,4.0,367,62,5.919354838709677
0,2,144,0,1,1,6,0,1,0,2,2,2,0,1,0,2,0,7.0,450,83,5.421686746987952
1,2,105,0,1,0,6,0,1,1,1,1,1,0,1,0,12,0,3.0,477,84,5.678571428571429
0,6,144,0,0,1,6,0,1,0,0,0,1,0,1,0,12,0,3.0,39,8,4.875
1,6,105,0,1,0,1,5,1,0,1,1,1,0,1,0,2,0,1.0,24,5,4.8
0,2,166,0,2,0,6,0,1,0,1,1,1,2,2,0,2,0,1.0,933,163,5.723926380368098
1,3,104,0,1,5,6,0,1,1,0,0,1,0,1,0,2,0,1.0,49,11,4.454545454545454
1,2,105,0,1,3,6,0,1,0,0,0,0,0,4,100,7,0,4.0,192,37,5.1891891891891895
0,55,54,0,0,0,3,5,1,0,0,0,0,0,1,0,2,0,5.0,490,94,5.212765957446808
0,2,54,16,2,1,4,5,0,0,1,1,0,0,2,0,4,0,3.0,16,3,5.333333333333333
1,1,105,0,1,2,3,0,1,0,1,1,1,0,1,5,12,0,1.0,199,40,4.975
0,2,144,0,0,4,0,0,1,1,2,2,1,0,1,0,2,0,1.0,88,16,5.5
0,12,144,6,1,1,2,0,1,1,0,0,0,0,1,0,2,1,20.0,656,118,5.559322033898305
1,18,104,0,1,6,0,0,2,1,2,2,1,1,1,0,7,0,1.0,100,18,5.555555555555555
0,2,144,0,0,0,6,0,1,1,1,0,1,0,1,0,3,0,1.0,122,19,6.421052631578948
1,2,104,82,1,0,1,0,1,1,1,0,1,0,1,0,2,0,4.0,284,57,4.982456140350878
1,2,105,0,2,1,3,4,0,0,1,1,1,0,4,0,7,0,4.0,196,36,5.444444444444445
0,3,144,0,1,1,0,0,1,0,1,0,1,0,1,0,4,0,1.0,314,62,5.064516129032258
1,6,103,89,0,1,3,3,1,2,2,2,1,0,1,150,2,0,1.0,812,161,5.043478260869565
0,6,165,0,0,0,6,0,2,0,1,0,1,0,1,0,2,0,2.0,91,18,5.055555555555555
0,24,144,0,1,0,6,0,1,0,0,0,2,0,1,100,3,0,1.0,79,15,5.266666666666667
0,1,144,114,0,1,6,0,1,1,1,1,1,0,1,0,12,0,3.0,70,13,5.384615384615385
1,7,105,0,2,0,1,0,1,0,2,0,0,0,2,0,7,0,2.0,714,132,5.409090909090909
0,12,144,0,1,1,0,0,1,0,0,0,0,0,1,0,2,0,3.0,122,25,4.88
0,1,144,0,2,0,1,3,1,1,1,1,1,0,8,0,12,0,14.0,582,118,4.932203389830509
0,1,144,0,1,0,0,0,0,0,1,0,1,0,2,0,2,0,7.0,357,70,5.1
0,13,144,114,1,6,0,0,0,0,1,1,0,0,1,0,2,0,1.0,165,30,5.5
1,1,105,0,1,1,4,5,0,0,1,1,1,0,1,0,7,0,4.0,88,16,5.5
0,2,144,0,1,1,6,0,1,0,1,0,1,0,1,0,2,0,5.0,469,99,4.737373737373737
0,3,144,0,0,1,5,0,0,0,1,1,1,0,1,0,12,0,3.0,369,78,4.730769230769231
0,9,144,0,1,3,4,0,1,0,1,0,1,0,1,250,2,0,6.0,730,129,5.658914728682171
0,3,144,0,0,0,2,5,1,0,1,0,1,0,1,0,4,0,1.0,535,101,5.297029702970297
0,13,144,0,1,0,0,0,2,0,0,0,2,0,1,0,12,0,3.0,885,174,5.086206896551724
1,3,143,0,0,0,6,0,0,0,0,0,1,0,1,0,2,0,3.0,404,75,5.386666666666667
0,12,144,0,2,1,0,0,1,1,2,2,2,0,2,0,12,0,2.0,1567,264,5.9356060606060606
1,10,105,82,1,6,0,0,1,1,0,0,0,0,2,0,2,0,1.0,465,88,5.284090909090909
0,4,144,0,1,1,0,0,1,0,0,0,1,0,1,0,2,0,5.0,344,51,6.745098039215686
0,1,41,114,2,0,1,0,1,1,1,1,1,0,5,0,2,0,0.0,22,4,5.5
1,2,105,0,0,5,6,0,0,0,1,1,1,0,1,0,2,0,1.0,469,100,4.69
0,4,144,0,1,0,6,0,1,0,1,0,1,0,1,0,12,0,5.0,91,15,6.066666666666666
0,24,144,0,0,1,0,0,1,1,0,0,0,0,1,0,12,0,3.0,527,92,5.728260869565218
0,2,29,114,2,0,1,3,1,0,0,0,1,0,6,0,12,0,5.0,371,66,5.621212121212121
1,2,104,0,1,1,2,4,1,1,1,0,1,0,1,0,12,0,3.0,742,149,4.97986577181208
0,3,144,0,0,1,0,0,1,1,0,0,1,0,1,1,4,0,7.0,296,62,4.774193548387097
1,2,143,0,1,0,6,0,0,0,1,1,1,0,1,0,12,0,4.0,162,28,5.785714285714286
1,1,105,0,0,2,6,0,1,0,0,0,1,0,1,0,7,0,2.0,348,71,4.901408450704225
1,3,104,81,1,5,6,0,0,1,1,1,1,0,1,0,2,0,12.0,7,1,7.0
1,2,105,82,2,0,5,0,0,0,1,1,2,0,2,0,12,0,5.0,719,132,5.446969696969697
0,18,38,0,0,5,0,0,1,0,0,0,1,0,1,10,2,0,2.0,676,131,5.1603053435114505
1,3,105,0,1,0,6,0,0,0,1,1,1,0,1,0,12,0,1.0,241,45,5.355555555555555
1,3,105,0,0,0,5,5,0,0,0,0,1,0,1,0,2,0,7.0,174,32,5.4375
0,24,144,0,0,1,6,0,1,0,1,1,1,0,1,0,7,0,3.0,89,16,5.5625
0,1,144,0,1,1,6,0,1,1,1,0,1,0,1,0,4,1,5.0,222,44,5.045454545454546
1,2,105,0,0,2,6,0,1,0,1,1,1,0,1,50,2,0,4.0,135,21,6.428571428571429
0,10,166,0,0,0,1,0,1,0,1,1,1,0,1,0,2,0,1.0,116,22,5.2727272727272725
1,9,116,0,1,0,0,0,1,2,0,0,1,0,1,500,2,0,5.0,95,17,5.588235294117647
1,2,104,0,1,0,5,5,1,1,1,1,1,0,3,0,5,0,5.0,317,62,5.112903225806452
1,3,105,0,0,0,0,0,0,0,1,0,1,0,1,0,12,0,1.0,90,16,5.625
1,2,105,0,1,3,0,0,2,0,1,0,1,0,1,0,2,0,2.0,348,70,4.9714285714285715
1,16,105,0,0,4,6,0,1,0,0,0,0,0,1,100,2,0,3.0,297,53,5.60377358490566
0,2,144,114,0,1,6,0,1,1,1,0,1,0,1,0,2,0,2.0,14,3,4.666666666666667
0,14,47,0,0,0,1,0,2,0,0,0,1,0,1,1,2,0,0.0,171,30,5.7
0,2,144,53,0,4,0,0,1,1,1,1,1,0,1,0,2,0,3.0,534,103,5.184466019417476
1,2,105,0,0,0,6,0,1,0,1,2,1,0,1,0,12,0,3.0,141,24,5.875
1,6,105,0,1,0,6,0,1,0,0,0,0,0,1,90,2,0,5.0,4582,770,5.950649350649351
1,3,105,0,1,0,1,3,1,0,0,0,1,0,1,0,2,0,1.0,371,67,5.537313432835821
1,6,104,0,2,1,6,0,0,1,0,0,0,0,2,0,12,0,5.0,530,100,5.3
0,1,144,42,1,1,0,0,1,0,0,0,1,0,1,350,7,0,5.0,514,97,5.298969072164948
1,11,104,0,1,0,1,2,1,1,0,0,0,0,1,0,2,0,16.0,374,67,5.582089552238806
0,7,144,129,2,0,4,0,0,0,0,0,1,0,2,400,2,0,3.0,257,43,5.976744186046512
0,6,144,114,1,0,1,0,2,0,0,0,1,0,1,50,5,0,3.0,284,53,5.3584905660377355
0,3,144,13,1,4,0,0,1,0,0,0,1,0,1,0,2,0,1.0,224,42,5.333333333333333
1,9,96,0,1,0,3,5,1,1,0,0,1,0,1,0,5,0,4.0,418,80,5.225
0,72,65,4,1,0,0,0,1,1,2,2,0,0,1,0,2,0,2.0,229,44,5.204545454545454
0,26,13,114,1,1,4,4,1,2,0,0,2,0,1,0,2,0,4.0,31,6,5.166666666666667
0,18,54,41,1,0,1,5,1,0,0,1,2,0,1,200,2,0,3.0,42,7,6.0
0,5,144,0,1,2,4,0,1,0,0,0,0,0,1,0,2,0,4.0,332,62,5.354838709677419
1,3,105,0,0,3,0,0,0,0,1,0,1,0,1,0,12,0,1.0,1317,260,5.065384615384615
0,1,144,0,1,1,0,0,1,0,1,1,1,0,1,0,5,0,3.0,313,57,5.491228070175438
0,1,144,114,1,0,6,0,1,0,1,2,1,0,1,0,2,0,1.0,20,4,5.0
1,1,105,0,1,3,6,0,1,0,1,0,1,0,1,0,12,0,3.0,49,8,6.125
1,4,105,0,1,2,4,5,0,0,1,1,1,0,1,0,12,0,5.0,252,46,5.478260869565218
1,3,105,101,1,1,4,0,0,0,2,2,2,0,1,0,12,0,6.0,305,52,5.865384615384615
0,7,8,0,0,2,0,0,2,1,0,0,0,0,1,250,2,0,4.0,3,1,3.0
1,2,104,82,1,2,5,0,0,1,1,1,1,0,2,0,3,0,3.0,93,16,5.8125
1,3,105,71,1,0,6,0,0,0,0,1,1,0,1,1,3,0,0.0,20,3,6.666666666666667
0,60,36,0,1,1,0,0,0,2,0,0,1,1,1,50,2,2,9.0,1380,250,5.52
0,5,144,0,0,1,5,5,1,0,0,0,1,0,3,0,2,0,3.0,705,135,5.222222222222222
1,24,103,0,0,0,0,0,1,2,1,1,0,0,1,0,2,0,1.0,31,5,6.2
0,12,144,0,1,1,6,0,0,1,0,0,0,0,1,0,12,0,4.0,803,145,5.537931034482758
0,3,144,0,1,1,0,0,1,0,0,0,1,0,1,0,2,0,1.0,34,6,5.666666666666667
0,1,144,0,0,1,0,0,1,0,1,1,1,0,1,0,4,0,5.0,643,119,5.4033613445378155
1,4,105,81,1,2,6,0,1,0,0,0,1,0,1,120,2,0,7.0,308,49,6.285714285714286
0,24,144,0,0,1,0,0,2,0,0,0,0,0,1,200,2,0,3.0,48,9,5.333333333333333
0,6,144,0,1,1,0,0,1,0,1,1,1,0,1,0,12,0,1.0,142,33,4.303030303030303
1,2,105,0,1,0,3,5,0,0,1,0,1,0,1,0,2,4,13.0,1918,360,5.3277777777777775
1,1,105,0,2,0,1,5,0,0,1,1,1,0,2,0,2,0,3.0,57,11,5.181818181818182
0,48,65,114,1,0,1,3,1,1,0,0,2,0,1,0,2,0,3.0,352,64,5.5
0,2,144,0,0,0,1,0,1,0,2,2,1,0,1,0,2,0,1.0,82,13,6.3076923076923075
0,4,22,33,1,1,6,0,1,0,1,1,1,0,1,0,3,0,10.0,114,24,4.75
1,2,105,0,0,0,3,5,1,0,1,1,1,0,1,50,2,0,3.0,238,40,5.95
0,1,144,0,1,0,0,0,0,0,1,1,1,0,1,0,2,0,1.0,109,21,5.190476190476191
1,1,103,96,2,0,6,0,1,1,1,1,1,0,4,0,12,0,9.0,19,3,6.333333333333333
0,12,144,0,0,1,6,0,0,0,1,0,1,0,1,0,7,0,2.0,479,82,5.841463414634147
1,2,128,101,2,0,6,0,1,1,1,1,1,0,2,0,2,0,5.0,471,79,5.962025316455696
1,1,122,0,1,6,0,0,1,2,1,1,1,0,1,800,2,0,3.0,103,18,5.722222222222222
0,1,144,0,0,0,1,5,1,0,0,0,1,0,1,100,4,0,2.0,589,117,5.034188034188034
0,1,144,0,1,0,4,5,0,0,1,1,1,0,5,0,2,0,4.0,77,11,7.0
1,1,104,0,1,0,1,1,2,1,1,0,1,0,1,0,2,0,12.0,804,156,5.153846153846154
0,2,144,0,0,1,4,0,1,0,0,2,2,0,3,0,3,0,3.0,91,18,5.055555555555555
1,4,125,96,1,0,6,0,0,2,1,1,2,0,1,250,2,0,3.0,200,38,5.2631578947368425
1,3,105,0,2,1,4,5,0,0,2,0,0,0,7,60,12,0,5.0,94,15,6.266666666666667
0,17,165,114,1,0,6,0,1,0,0,0,0,0,1,0,12,0,7.0,335,60,5.583333333333333
0,6,5,114,1,0,0,0,2,1,0,0,1,0,1,0,2,0,2.0,430,84,5.119047619047619
1,48,122,89,2,0,4,5,1,2,0,0,0,0,2,0,2,0,2.0,310,58,5.344827586206897
0,1,144,0,1,0,6,0,1,0,1,0,1,0,1,0,2,0,6.0,806,141,5.716312056737588
1,9,105,0,0,0,1,4,1,0,0,0,0,0,1,0,12,0,6.0,640,116,5.517241379310345
0,5,5,114,1,0,1,0,1,1,2,2,1,0,1,0,2,0,3.0,122,21,5.809523809523809
1,3,105,0,0,0,6,0,2,0,1,0,1,0,4,0,12,0,4.0,357,64,5.578125
0,12,144,0,0,1,2,0,1,0,0,0,1,0,1,0,2,0,5.0,14,3,4.666666666666667
1,1,128,0,1,5,6,0,0,0,2,2,1,0,1,0,2,0,3.0,350,63,5.555555555555555
0,30,159,0,1,1,0,0,1,1,0,0,0,0,1,350,7,0,2.0,572,104,5.5
1,1,105,0,0,0,5,5,0,0,1,1,1,0,1,0,2,1,6.0,1025,214,4.789719626168225
0,6,144,0,2,0,1,5,1,0,2,2,2,0,3,0,3,0,2.0,149,27,5.518518518518518
0,12,144,0,1,1,0,0,1,0,0,0,0,0,1,0,12,0,7.0,383,74,5.175675675675675
0,87,60,0,1,1,6,0,0,2,2,2,2,1,1,0,1,0,1.0,269,51,5.2745098039215685
0,72,144,114,0,1,0,0,1,1,0,0,0,0,1,0,7,0,3.0,1302,276,4.717391304347826
0,2,144,0,1,0,6,0,1,0,1,1,1,0,1,0,4,1,1.0,806,156,5.166666666666667
0,2,144,0,0,0,6,0,1,0,0,0,1,0,1,0,2,0,1.0,333,65,5.123076923076923
0,12,144,0,1,0,0,0,1,1,0,0,0,0,1,0,5,0,3.0,27,4,6.75
0,2,144,0,0,6,0,0,1,0,1,0,1,0,1,0,2,0,9.0,435,80,5.4375
1,2,104,0,1,6,0,0,0,1,2,0,2,0,1,0,2,0,4.0,210,39,5.384615384615385
1,3,105,0,1,0,1,5,0,0,1,0,1,0,1,0,2,0,3.0,70,11,6.363636363636363
0,2,144,0,1,1,4,5,1,0,1,0,1,1,1,0,12,0,4.0,531,99,5.363636363636363
0,12,144,0,1,1,3,5,1,0,0,0,0,0,1,0,4,0,2.0,348,67,5.1940298507462686
0,2,144,0,1,0,1,0,1,1,1,1,1,0,3,0,2,0,3.0,37,6,6.166666666666667
0,1,144,0,1,0,5,0,1,1,1,1,1,0,1,0,4,0,2.0,250,53,4.716981132075472
1,5,105,106,0,0,1,5,1,0,0,0,0,0,1,0,2,0,1.0,165,32,5.15625
1,3,135,0,0,0,0,0,1,0,2,2,2,0,1,0,7,0,2.0,42,10,4.2
0,24,41,0,0,4,6,0,0,0,2,2,1,0,1,0,2,0,1.0,144,30,4.8
1,12,105,0,1,0,0,0,0,0,0,0,0,0,1,100,12,0,3.0,227,34,6.676470588235294
0,12,60,0,0,1,6,0,1,1,0,2,2,0,1,0,2,0,1.0,70,12,5.833333333333333
0,2,144,0,1,0,0,0,0,0,0,0,1,0,1,0,2,0,5.0,190,38,5.0
1,12,93,78,1,5,0,0,1,1,0,0,1,0,1,160,2,0,3.0,371,64,5.796875
1,9,135,101,2,3,4,4,1,0,0,0,0,0,2,0,2,0,17.0,721,129,5.589147286821706
0,24,69,114,0,0,0,0,1,1,2,2,0,0,1,0,7,0,5.0,335,64,5.234375
0,3,144,0,1,0,6,0,1,1,0,0,1,0,1,0,2,0,3.0,387,77,5.025974025974026
1,1,105,82,1,2,3,5,1,0,1,1,1,0,3,0,2,0,5.0,501,86,5.825581395348837
1,5,105,66,2,0,1,5,1,0,1,0,1,0,2,50,12,0,9.0,440,85,5.176470588235294
1,3,105,82,0,0,1,0,1,0,1,1,1,0,1,0,2,0,4.0,15,4,3.75
0,2,144,130,0,0,6,0,1,0,0,0,1,0,1,0,2,4,18.0,1308,228,5.7368421052631575
0,7,144,0,0,0,1,5,1,0,0,0,2,0,1,0,4,0,4.0,219,44,4.9772727272727275
1,1,105,0,2,0,1,5,0,1,1,0,1,0,4,0,3,0,5.0,180,38,4.7368421052631575
0,5,144,53,0,0,1,5,1,1,0,0,1,0,1,0,4,0,5.0,709,133,5.330827067669173
1,0,105,0,2,0,2,5,1,0,1,1,1,0,6,0,5,0,5.0,149,28,5.321428571428571
1,2,105,0,0,0,6,0,1,0,1,0,1,0,1,0,2,0,3.0,246,46,5.3478260869565215
1,12,104,0,0,1,6,0,1,1,0,0,0,0,1,0,2,0,2.0,327,66,4.954545454545454
0,7,144,0,1,0,1,5,1,1,1,0,1,0,2,0,2,0,2.0,762,122,6.245901639344262
1,2,105,0,1,0,3,5,1,0,1,1,1,0,2,0,7,0,2.0,134,28,4.785714285714286
0,5,22,54,1,4,6,0,1,0,0,0,0,0,1,0,12,0,5.0,147,28,5.25
1,6,105,0,1,6,0,0,1,0,0,0,1,0,1,0,2,0,3.0,314,62,5.064516129032258
1,7,103,0,1,0,1,5,1,2,2,2,1,0,1,0,2,0,3.0,205,37,5.54054054054054
0,4,144,0,1,6,0,0,1,1,1,1,1,0,1,0,2,0,7.0,1290,251,5.139442231075697
1,3,105,0,0,4,5,5,1,0,0,1,1,0,2,0,12,0,5.0,69,13,5.3076923076923075
0,24,144,0,1,1,0,0,1,0,2,2,2,0,1,0,12,0,1.0,207,39,5.3076923076923075
0,1,144,0,1,1,0,0,1,0,2,2,1,0,1,0,2,0,4.0,129,23,5.608695652173913
0,39,144,0,0,6,0,0,0,2,0,0,0,0,1,0,2,0,3.0,81,18,4.5
0,36,144,0,1,0,1,0,2,0,1,1,1,0,1,0,12,0,3.0,154,27,5.703703703703703
0,12,69,0,1,4,0,0,0,2,0,0,0,0,1,300,2,0,1.0,1338,229,5.842794759825328
1,7,120,101,0,4,6,0,1,0,2,0,0,0,1,10,2,0,5.0,142,20,7.1
1,12,104,106,0,0,0,0,1,1,0,0,0,0,1,0,4,0,5.0,186,29,6.413793103448276
0,2,144,114,2,1,0,0,1,1,2,2,2,0,5,0,2,0,4.0,275,50,5.5
0,2,144,114,0,0,1,5,1,1,1,1,1,0,1,0,2,0,2.0,219,42,5.214285714285714
1,4,105,0,2,0,0,0,1,0,1,1,1,0,2,0,2,0,3.0,450,84,5.357142857142857
1,1,104,81,2,5,0,0,1,1,1,1,1,0,2,0,12,0,5.0,74,13,5.6923076923076925
1,18,105,0,2,0,3,5,1,0,0,0,0,0,4,0,2,0,4.0,972,181,5.370165745856354
1,72,105,0,1,2,3,5,0,0,1,1,0,0,1,0,2,0,2.0,1103,202,5.46039603960396
1,48,105,0,0,0,6,0,2,0,0,1,0,0,1,0,12,0,5.0,234,44,5.318181818181818
0,1,144,0,1,0,1,5,1,0,1,0,1,0,1,90,2,0,1.0,80,15,5.333333333333333
0,24,144,0,1,0,3,5,1,0,0,0,0,0,1,0,2,0,3.0,303,56,5.410714285714286
1,1,105,81,2,0,2,5,0,0,1,1,1,0,4,0,12,0,5.0,422,76,5.552631578947368
0,2,144,0,1,0,1,0,1,0,1,0,1,0,1,50,2,0,4.0,1065,200,5.325
0,1,144,114,1,1,0,0,1,0,1,1,1,0,1,0,3,0,1.0,114,23,4.956521739130435
0,49,8,0,0,2,3,0,2,1,0,0,1,0,1,0,3,0,2.0,367,65,5.6461538461538465
0,2,144,0,1,0,1,0,2,0,0,0,1,0,1,0,2,0,5.0,96,15,6.4
1,3,105,0,1,1,5,5,1,0,0,0,1,0,1,0,2,1,8.0,307,59,5.203389830508475
0,3,144,0,0,0,6,0,1,0,0,0,1,0,1,0,2,0,3.0,817,168,4.863095238095238
1,10,105,72,0,0,6,0,2,0,2,2,2,0,1,0,12,0,3.0,542,109,4.972477064220183
1,7,105,0,1,0,1,2,1,0,0,0,1,0,1,0,12,0,4.0,398,78,5.102564102564102
1,3,105,0,1,0,6,0,0,0,1,0,1,0,3,0,3,0,7.0,1703,324,5.256172839506172
0,2,144,0,0,1,0,0,0,0,1,0,1,0,1,0,2,0,5.0,527,101,5.217821782178218
1,48,135,0,1,6,0,0,1,0,2,2,0,0,1,0,7,0,2.0,187,36,5.194444444444445
1,12,105,82,0,6,0,0,1,0,1,0,1,0,1,0,3,0,2.0,18,4,4.5
1,2,105,82,2,0,3,5,0,0,1,0,1,0,5,0,5,0,7.0,274,47,5.829787234042553
0,2,144,114,1,0,6,0,1,1,1,0,1,0,1,0,2,0,5.0,12,2,6.0
0,18,38,114,1,0,6,0,1,0,2,0,0,0,1,200,12,0,2.0,349,71,4.915492957746479
0,3,144,0,0,0,0,0,1,1,1,0,1,0,1,0,12,0,5.0,97,16,6.0625
0,1,144,0,0,1,2,3,1,1,1,0,1,0,1,0,2,0,5.0,259,29,8.931034482758621
1,3,105,0,0,0,5,5,1,0,1,0,1,0,1,0,2,0,3.0,63,11,5.7272727272727275
0,2,144,0,2,6,0,0,1,0,1,1,1,0,2,0,3,1,2.0,291,53,5.490566037735849
1,24,122,0,1,0,1,0,1,2,0,0,2,0,1,350,2,0,13.0,483,87,5.551724137931035
1,2,105,0,0,6,0,0,1,0,1,1,1,0,2,0,12,0,1.0,170,32,5.3125
1,12,104,0,1,3,4,5,1,1,1,1,1,0,1,0,12,0,3.0,135,25,5.4
0,4,12,114,1,1,4,0,1,0,1,1,1,0,1,0,12,0,5.0,241,41,5.878048780487805
1,2,105,106,2,0,1,5,1,0,1,1,1,0,3,0,2,0,2.0,363,58,6.258620689655173
0,2,144,0,1,1,0,0,1,0,0,0,1,0,1,0,12,0,1.0,38,6,6.333333333333333
0,2,144,16,2,0,1,0,1,1,0,0,1,0,3,0,2,0,5.0,324,61,5.311475409836065
1,4,104,0,1,3,6,0,0,0,1,0,1,0,1,0,12,0,5.0,183,30,6.1
1,3,105,0,0,0,6,0,0,0,1,0,1,0,1,0,2,0,9.0,199,36,5.527777777777778
0,5,144,0,1,0,0,0,1,0,2,0,2,0,1,0,2,0,2.0,50,10,5.0
1,7,105,0,0,2,6,0,0,0,0,0,0,0,1,0,12,0,1.0,7,1,7.0
1,1,105,0,1,0,2,5,1,0,1,1,1,0,1,0,2,0,3.0,404,81,4.987654320987654
1,24,104,0,0,4,6,0,1,1,1,0,0,0,1,200,12,0,3.0,1563,298,5.24496644295302
0,12,144,0,0,0,1,0,1,0,1,1,1,0,1,0,2,0,13.0,415,78,5.32051282051282
0,12,22,114,1,2,3,0,1,1,2,2,2,0,1,0,5,0,2.0,136,26,5.230769230769231
1,3,104,81,2,0,4,0,1,1,1,1,1,0,3,0,2,0,0.0,213,36,5.916666666666667
0,60,144,0,1,0,1,0,1,0,0,0,0,0,1,0,2,0,6.0,313,54,5.796296296296297
0,2,144,0,1,0,1,5,1,1,0,0,1,0,3,0,12,0,10.0,1068,201,5.313432835820896
0,2,144,0,1,0,1,0,1,0,1,1,1,0,1,20,3,0,1.0,141,25,5.64
0,12,144,114,1,0,4,5,2,0,0,0,0,0,1,0,2,0,1.0,72,13,5.538461538461538
1,5,128,0,1,6,0,0,1,1,1,1,1,0,1,0,2,0,1.0,169,36,4.694444444444445
1,2,103,81,0,3,4,5,0,1,1,1,1,0,2,0,10,0,2.0,79,13,6.076923076923077
0,2,144,0,1,0,1,5,1,0,1,0,1,0,2,0,3,0,2.0,68,12,5.666666666666667
1,1,105,0,0,3,6,0,1,0,1,1,1,0,1,0,12,0,3.0,267,48,5.5625
1,3,84,0,2,5,0,0,1,1,1,1,1,0,3,0,12,0,1.0,459,83,5.530120481927711
0,3,144,0,1,0,4,4,1,0,1,1,1,0,1,20,3,0,1.0,117,20,5.85
0,19,144,54,0,0,1,0,1,0,0,0,1,0,1,0,2,0,3.0,206,39,5.282051282051282
1,2,105,0,0,3,6,0,0,0,1,1,1,0,1,0,2,0,1.0,191,43,4.441860465116279
0,2,144,0,1,0,1,0,1,1,1,1,1,0,1,0,4,0,2.0,252,53,4.754716981132075
0,66,3,0,1,0,6,0,1,0,1,0,1,0,1,300,4,0,1.0,95,20,4.75
0,3,144,0,1,0,6,0,1,1,0,0,1,0,2,200,2,0,5.0,380,76,5.0
1,6,105,0,0,1,6,0,0,0,1,0,1,0,1,0,4,0,5.0,239,39,6.128205128205129
0,24,144,0,0,0,1,2,1,1,1,0,1,0,1,100,2,0,2.0,336,70,4.8
0,1,161,114,0,0,6,0,1,0,1,1,1,0,1,0,2,0,5.0,380,72,5.277777777777778
0,12,8,0,1,2,6,0,1,1,0,0,0,0,1,0,2,0,3.0,132,24,5.5
0,2,144,0,2,0,1,0,1,0,0,0,1,0,2,0,2,0,1.0,419,62,6.758064516129032
1,1,105,0,1,0,6,0,0,0,1,0,1,1,1,0,2,0,1.0,428,80,5.35
0,15,144,0,1,1,0,0,1,0,0,0,0,0,1,250,12,0,2.0,119,23,5.173913043478261
0,108,22,0,0,2,0,0,2,0,1,0,0,0,2,0,2,0,2.0,150,29,5.172413793103448
1,54,105,0,0,2,3,5,1,0,0,0,0,0,1,0,12,0,2.0,362,62,5.838709677419355
1,11,105,82,1,0,3,5,1,0,0,0,0,0,1,0,2,0,5.0,96,3,32.0
1,12,105,73,1,0,3,5,1,0,2,2,2,0,5,0,1,0,4.0,24,4,6.0
1,8,105,0,2,1,5,5,1,0,0,0,0,0,2,0,12,0,1.0,557,108,5.157407407407407
0,36,144,0,0,0,1,0,1,0,0,0,1,0,1,0,2,0,3.0,602,109,5.522935779816514
1,12,105,0,0,2,0,0,2,0,0,0,1,0,1,0,12,0,3.0,361,74,4.878378378378378
1,2,105,0,1,0,2,5,1,0,1,1,1,0,1,0,2,0,2.0,120,22,5.454545454545454
1,1,105,0,0,0,3,0,1,0,1,0,1,0,3,0,2,0,1.0,167,31,5.387096774193548
1,12,105,0,0,0,6,0,1,0,2,2,1,0,1,50,2,0,1.0,179,33,5.424242424242424
0,0,17,0,2,6,0,0,1,0,1,1,1,0,4,0,2,0,3.0,329,64,5.140625
0,2,144,0,1,1,0,0,1,0,0,0,1,0,1,0,2,0,8.0,1312,243,5.399176954732511
1,3,105,0,0,2,4,0,1,0,1,0,1,0,1,0,2,0,5.0,268,55,4.872727272727273
0,2,144,0,0,0,6,0,0,0,1,1,1,0,1,0,12,0,4.0,157,25,6.28
0,2,144,0,1,4,0,0,1,0,1,1,1,0,1,0,2,0,3.0,639,123,5.195121951219512
1,60,122,81,1,0,1,5,1,1,1,1,1,0,3,0,0,0,5.0,723,138,5.239130434782608
0,3,144,0,0,4,0,0,1,0,0,0,1,0,1,0,2,0,1.0,280,51,5.490196078431373
1,2,105,0,0,6,0,0,1,0,0,0,1,0,1,0,2,0,5.0,613,119,5.151260504201681
1,2,105,0,1,1,6,0,1,0,1,0,1,1,1,0,2,0,5.0,882,166,5.313253012048193
0,2,144,0,1,1,0,0,1,1,0,0,1,0,2,0,2,0,3.0,420,74,5.675675675675675
1,8,135,0,0,0,5,5,0,0,0,0,0,0,1,0,2,0,4.0,272,51,5.333333333333333
0,8,144,0,1,0,1,0,1,2,1,0,0,0,1,0,2,0,4.0,566,109,5.192660550458716
1,7,105,104,1,3,0,0,1,0,0,0,0,0,1,0,12,0,9.0,1884,369,5.105691056910569
0,24,144,27,0,1,0,0,1,0,0,0,0,0,1,0,2,0,8.0,354,70,5.057142857142857
1,3,104,0,0,0,0,0,0,1,1,0,1,0,1,0,2,0,2.0,124,22,5.636363636363637
0,4,144,114,2,0,1,5,1,0,2,2,2,0,4,0,2,0,4.0,109,22,4.954545454545454
1,12,105,0,1,1,5,5,0,0,1,1,1,0,3,0,2,0,5.0,259,51,5.078431372549019
0,1,144,0,1,2,4,0,1,1,2,2,2,0,1,0,0,0,1.0,54,9,6.0
1,10,105,0,1,5,6,0,0,0,1,0,0,0,1,0,2,0,1.0,398,68,5.852941176470588
1,6,105,0,1,0,6,0,0,0,1,0,1,0,1,0,4,0,5.0,47,8,5.875
0,2,144,0,1,0,1,5,0,0,1,1,1,0,1,0,2,0,1.0,360,78,4.615384615384615
1,3,105,0,0,0,6,0,1,0,0,0,2,0,1,0,2,0,6.0,150,28,5.357142857142857
0,0,144,0,0,1,6,0,1,0,1,0,1,0,1,0,2,0,4.0,263,51,5.1568627450980395
1,8,122,72,1,1,6,0,1,1,0,0,1,0,1,0,2,0,4.0,55,8,6.875
0,1,144,114,1,1,6,0,1,0,1,2,1,0,1,0,2,0,1.0,20,4,5.0
0,36,144,0,1,1,4,0,2,0,1,1,0,0,1,0,2,0,2.0,148,28,5.285714285714286
1,7,105,0,1,4,6,0,0,0,0,0,0,0,1,30,2,0,4.0,71,12,5.916666666666667
0,1,144,0,0,2,0,0,1,0,1,1,1,0,1,0,2,0,1.0,75,11,6.818181818181818
0,3,144,0,1,0,0,0,1,0,2,2,2,0,1,0,2,0,3.0,442,85,5.2
1,2,105,0,1,6,0,0,0,0,1,1,1,0,1,0,2,0,2.0,815,148,5.506756756756757
0,3,144,114,1,0,1,0,1,1,1,0,1,0,1,0,2,0,5.0,12,2,6.0
0,24,13,0,1,5,6,0,2,1,2,2,0,1,1,300,2,0,3.0,1847,333,5.546546546546547
1,2,105,0,1,0,6,0,0,0,1,1,1,0,1,0,2,0,2.0,166,30,5.533333333333333
0,2,144,114,1,6,0,0,1,0,1,1,1,0,1,0,2,0,2.0,177,36,4.916666666666667
1,2,105,0,0,0,6,0,0,0,1,1,2,0,1,0,12,0,2.0,105,19,5.526315789473684
1,17,122,0,1,4,6,0,1,1,1,1,1,0,1,40,2,0,3.0,89,19,4.684210526315789
0,84,30,54,0,1,2,0,0,0,2,2,2,0,1,0,12,0,1.0,25,5,5.0
1,3,105,0,2,0,1,5,0,0,1,1,0,0,5,0,12,0,5.0,62,12,5.166666666666667
1,8,105,0,1,4,5,5,2,0,1,0,0,0,1,0,2,0,10.0,605,129,4.689922480620155
0,2,144,0,1,0,0,0,1,0,1,1,1,0,1,0,2,0,11.0,636,117,5.435897435897436
0,2,144,35,0,0,1,2,1,0,1,1,1,0,2,0,4,0,2.0,135,24,5.625
0,2,144,0,1,0,6,0,1,1,0,0,1,0,1,0,2,1,3.0,293,54,5.425925925925926
1,5,105,0,1,1,0,0,0,0,0,0,0,0,2,50,12,0,1.0,171,24,7.125
0,3,144,0,0,1,0,0,1,1,1,0,1,0,1,0,4,0,2.0,417,96,4.34375
0,29,165,0,1,0,1,5,2,0,0,0,1,0,1,1,2,0,0.0,144,24,6.0
1,1,120,0,1,3,6,0,0,0,1,1,1,0,1,0,12,0,3.0,393,74,5.3108108108108105
1,2,105,0,1,5,0,0,0,1,1,1,1,0,1,0,12,0,1.0,233,46,5.065217391304348
0,6,144,0,0,0,6,0,1,1,0,0,2,0,1,0,12,0,1.0,69,12,5.75
0,32,144,114,2,0,3,3,1,0,0,0,0,0,2,0,2,0,5.0,1063,205,5.185365853658537
0,4,144,114,1,6,0,0,1,0,0,0,1,0,1,0,12,0,3.0,144,31,4.645161290322581
0,4,65,114,1,1,6,0,1,1,0,0,0,0,1,0,2,0,3.0,160,30,5.333333333333333
0,7,144,0,1,1,0,0,1,0,0,0,1,0,1,0,12,0,1.0,425,80,5.3125
0,3,144,0,1,1,6,0,1,1,0,0,1,0,1,0,2,0,7.0,420,74,5.675675675675675
0,6,8,35,1,0,0,0,1,0,0,0,2,0,1,100,2,0,1.0,203,41,4.951219512195122
0,2,69,129,1,4,0,0,1,1,0,0,2,0,1,250,12,0,5.0,402,65,6.184615384615385
0,1,144,114,1,1,0,0,0,0,1,1,1,0,3,0,2,0,12.0,153,33,4.636363636363637
1,8,104,0,1,5,0,0,1,1,0,0,0,0,1,0,12,0,5.0,12,2,6.0
1,4,105,0,0,4,6,0,1,1,2,0,2,0,1,0,12,0,1.0,54,9,6.0
1,2,105,0,0,0,5,5,1,0,0,0,1,0,1,0,2,0,2.0,36,7,5.142857142857143
0,0,144,0,1,1,0,0,1,0,1,1,0,0,1,0,2,0,5.0,113,25,4.52
1,8,105,0,1,6,0,0,0,0,1,1,1,0,1,0,12,1,13.0,262,49,5.346938775510204
0,1,22,114,1,4,0,0,2,0,2,2,1,0,1,0,2,0,2.0,113,18,6.277777777777778
1,1,105,0,2,0,5,0,0,0,1,1,1,0,5,0,2,0,10.0,446,87,5.126436781609195
1,3,105,0,1,0,1,3,1,0,0,0,1,0,1,100,2,0,3.0,2348,446,5.26457399103139
1,11,84,81,1,0,5,5,1,1,2,2,1,0,1,250,12,0,3.0,95,17,5.588235294117647
1,3,104,101,2,0,1,5,0,1,1,1,2,0,2,150,4,0,1.0,87,16,5.4375
0,3,42,0,1,0,3,5,0,0,2,2,2,0,1,0,2,0,4.0,255,47,5.425531914893617
0,2,144,114,0,0,1,0,1,0,0,0,1,0,4,0,2,0,4.0,96,15,6.4
0,2,144,0,1,4,6,0,1,1,1,0,1,0,1,0,2,0,6.0,145,25,5.8
0,2,144,0,1,1,6,0,1,1,0,0,0,0,1,0,4,1,3.0,335,61,5.491803278688525
0,1,144,0,1,0,1,0,1,0,1,1,1,0,1,0,2,0,4.0,386,81,4.765432098765432
1,11,140,82,1,0,1,5,1,0,0,0,0,0,1,100,2,0,6.0,1310,229,5.720524017467249
0,15,144,0,0,6,0,0,1,0,1,0,0,0,1,0,2,0,5.0,395,81,4.8765432098765435
0,3,144,54,0,4,0,0,0,0,0,0,1,0,1,270,2,0,5.0,572,98,5.836734693877551
1,1,105,0,2,0,6,0,1,0,1,1,1,0,3,0,12,1,10.0,106,20,5.3
1,2,123,106,2,0,3,4,1,0,1,0,1,0,2,50,12,0,4.0,126,24,5.25
1,3,105,0,1,1,0,0,1,0,1,1,1,0,1,0,0,0,1.0,37,7,5.285714285714286
0,2,144,76,0,0,1,0,2,1,0,0,1,0,1,0,2,0,2.0,90,17,5.294117647058823
1,7,128,82,1,1,4,0,1,0,1,0,0,0,1,50,2,0,4.0,256,46,5.565217391304348
1,3,104,0,1,0,6,0,1,1,1,1,2,0,1,0,2,0,4.0,464,96,4.833333333333333
1,12,105,0,1,1,4,5,1,0,1,1,1,0,1,0,2,0,1.0,264,56,4.714285714285714
1,12,105,0,1,3,5,5,1,0,0,0,0,0,1,100,2,0,3.0,112,17,6.588235294117647
0,5,76,114,1,2,4,5,1,0,0,0,1,0,1,0,2,1,4.0,1290,237,5.443037974683544
0,3,144,114,0,0,1,0,2,0,1,0,1,0,1,50,5,0,4.0,393,78,5.038461538461538
1,5,105,0,1,0,1,5,0,0,0,0,0,0,1,0,3,0,3.0,232,38,6.105263157894737
0,1,144,0,1,0,6,0,1,0,1,0,1,0,1,0,2,0,3.0,92,16,5.75
1,2,105,0,0,1,4,0,0,0,1,0,1,0,1,0,12,0,3.0,104,16,6.5
1,12,122,0,1,5,6,0,2,1,2,0,1,0,8,0,2,0,2.0,387,78,4.961538461538462
1,3,135,0,1,1,4,5,1,0,1,0,1,0,2,0,2,0,6.0,161,30,5.366666666666666
1,12,105,0,0,1,0,0,1,0,0,0,0,0,1,350,2,0,3.0,423,78,5.423076923076923
0,96,22,0,0,2,6,0,1,0,0,0,2,0,1,0,2,0,4.0,50,8,6.25
1,36,135,0,1,1,4,4,1,0,0,0,0,0,1,0,12,0,5.0,817,150,5.446666666666666
1,1,105,0,1,0,3,5,1,0,1,0,1,1,2,0,2,0,7.0,1007,176,5.721590909090909
0,64,144,30,1,0,1,5,1,1,1,0,1,0,1,0,12,0,3.0,600,120,5.0
0,6,144,114,0,1,2,0,0,0,2,2,2,0,1,0,12,0,2.0,145,27,5.37037037037037
0,1,144,0,1,1,6,0,1,0,1,1,1,0,1,0,7,0,1.0,165,30,5.5
1,12,105,0,0,0,6,0,1,0,0,0,0,0,1,0,12,0,1.0,48,7,6.857142857142857
0,24,30,0,1,1,0,0,0,0,2,2,1,1,1,0,0,0,3.0,67,13,5.153846153846154
1,3,103,0,0,1,0,0,1,2,0,0,1,0,1,300,2,0,5.0,399,68,5.867647058823529
1,2,105,82,0,0,6,0,0,0,1,1,1,0,1,0,12,0,3.0,587,113,5.1946902654867255
0,36,144,0,0,0,1,0,1,0,1,1,1,1,1,0,2,0,3.0,449,84,5.345238095238095
1,5,104,0,0,3,6,0,1,1,0,0,1,0,1,0,2,0,1.0,57,10,5.7
0,1,69,114,0,1,0,0,1,0,1,0,1,0,1,0,2,0,2.0,273,46,5.934782608695652
1,8,105,0,1,0,2,5,1,0,1,1,1,0,1,10,10,0,4.0,377,61,6.180327868852459
1,7,104,0,1,4,6,0,2,1,1,1,1,0,1,0,2,0,4.0,692,137,5.0510948905109485
0,1,144,114,2,0,1,5,1,1,1,0,1,0,5,0,2,1,6.0,525,95,5.526315789473684
1,8,125,89,1,1,4,5,1,2,1,1,1,0,1,0,2,0,4.0,204,41,4.975609756097561
1,2,105,0,1,5,0,0,0,0,2,0,1,0,1,0,2,0,5.0,360,65,5.538461538461538
1,4,122,82,0,3,0,0,1,0,1,1,1,0,1,100,2,0,6.0,111,18,6.166666666666667
0,3,22,114,1,6,0,0,1,0,0,0,1,0,1,150,12,0,3.0,92,13,7.076923076923077
1,12,105,0,1,6,0,0,1,0,2,2,2,0,1,0,2,0,5.0,227,46,4.934782608695652
0,2,144,0,1,1,6,0,1,0,1,0,1,0,1,0,12,0,5.0,1181,229,5.157205240174672
0,72,5,0,0,0,1,0,2,0,0,0,1,0,1,250,2,0,3.0,248,50,4.96
1,3,105,0,1,3,5,5,0,0,1,1,1,0,3,0,3,0,3.0,448,86,5.209302325581396
0,2,144,114,1,0,1,5,1,0,1,1,1,0,3,0,2,0,5.0,499,100,4.99
1,12,103,81,0,2,6,0,2,2,2,2,2,1,1,0,2,0,5.0,312,61,5.114754098360656
1,12,105,0,2,0,4,5,1,1,0,0,0,0,4,0,2,0,4.0,220,40,5.5
0,48,17,0,0,1,6,0,1,0,0,0,1,0,1,0,2,0,2.0,27,6,4.5
1,36,103,0,0,5,0,0,1,2,2,2,2,0,1,0,2,0,5.0,498,103,4.834951456310679
0,6,144,0,1,1,0,0,1,0,0,0,0,0,1,0,2,0,1.0,161,32,5.03125
0,4,144,0,0,4,6,0,1,0,0,2,1,0,1,299,12,0,15.0,59,10,5.9
0,60,60,47,1,1,6,0,0,0,0,0,1,0,1,300,2,0,1.0,12,2,6.0
0,1,144,0,0,4,0,0,1,1,2,2,1,0,1,0,2,0,4.0,88,17,5.176470588235294
0,6,144,0,0,6,0,0,1,1,0,0,1,0,1,0,2,0,6.0,172,32,5.375
0,29,65,16,1,4,6,0,1,1,0,0,0,0,1,0,2,0,7.0,294,52,5.653846153846154
0,1,144,0,2,0,1,5,1,0,1,1,1,0,7,0,2,0,8.0,16,3,5.333333333333333
0,24,62,0,1,1,0,0,0,1,2,2,1,0,1,0,12,0,1.0,209,39,5.358974358974359
1,4,104,0,0,5,0,0,1,1,1,1,1,0,1,0,2,0,3.0,119,20,5.95
0,2,69,0,1,0,6,0,1,0,1,1,1,0,1,0,2,0,11.0,228,42,5.428571428571429
0,12,5,114,1,0,0,0,2,1,0,0,1,0,1,0,2,0,2.0,23,4,5.75
1,4,105,81,0,0,4,0,1,1,0,0,1,0,1,0,3,0,3.0,780,132,5.909090909090909
1,2,104,0,2,1,2,4,1,1,0,0,0,0,3,0,2,0,8.0,335,58,5.775862068965517
0,1,144,0,0,0,3,0,1,0,1,0,1,0,1,0,2,0,4.0,24,4,6.0
1,3,105,0,0,2,4,0,1,0,0,0,1,0,1,0,2,0,5.0,247,47,5.25531914893617
0,30,144,0,0,0,0,0,1,1,0,0,0,0,1,0,2,0,2.0,868,159,5.459119496855346
0,12,144,131,1,0,1,0,1,0,1,1,0,0,1,0,2,0,1.0,511,98,5.214285714285714
0,11,165,114,1,0,1,5,1,1,0,2,0,0,2,0,6,0,1.0,909,152,5.980263157894737
1,12,105,0,0,3,0,0,1,0,0,0,0,0,2,0,2,0,5.0,768,138,5.565217391304348
0,2,144,114,2,1,2,0,1,0,1,0,1,0,2,0,2,0,9.0,640,120,5.333333333333333
1,2,105,82,2,0,1,1,1,0,1,1,1,0,5,0,2,0,3.0,203,41,4.951219512195122
0,3,8,114,0,1,0,0,2,1,2,2,1,0,1,0,2,0,1.0,87,17,5.117647058823529
0,1,144,0,2,0,1,5,1,0,0,0,0,0,2,0,4,0,3.0,483,88,5.488636363636363
1,2,103,0,1,0,1,4,0,2,1,1,1,0,1,0,2,0,5.0,31,10,3.1
0,2,144,0,1,0,1,1,1,1,0,0,1,0,1,0,2,0,4.0,284,49,5.795918367346939
0,18,5,0,1,0,1,0,2,0,0,0,0,0,1,350,2,0,3.0,1264,234,5.401709401709402
1,2,84,0,2,0,5,5,0,0,2,2,2,0,6,0,12,0,1.0,82,13,6.3076923076923075
0,12,41,0,0,5,0,0,1,0,0,0,0,0,1,0,2,0,7.0,262,50,5.24
0,3,144,0,1,1,0,0,1,0,0,0,1,0,1,0,12,0,4.0,165,31,5.32258064516129
1,15,104,0,1,2,6,0,1,1,0,2,2,0,1,1,12,0,1.0,13,2,6.5
1,3,105,0,0,0,6,0,1,0,1,0,1,0,1,0,12,2,14.0,1146,207,5.536231884057971
0,1,5,0,1,0,1,0,1,0,1,0,1,0,2,0,12,0,3.0,209,44,4.75
0,1,144,0,0,1,0,0,1,0,1,1,1,0,1,0,2,0,2.0,562,100,5.62
0,1,144,0,1,0,1,5,1,0,1,0,1,0,1,0,2,0,5.0,313,64,4.890625
0,9,144,0,0,1,0,0,1,1,0,0,1,0,1,0,2,0,4.0,380,72,5.277777777777778
0,5,59,114,0,1,4,0,2,0,2,2,2,0,1,0,2,0,3.0,216,39,5.538461538461538
1,2,104,81,1,0,2,5,1,1,1,1,1,0,1,0,2,0,3.0,165,25,6.6
1,1,105,0,1,0,6,0,1,0,1,1,1,0,1,0,2,0,1.0,43,9,4.777777777777778
0,2,144,0,1,0,0,0,1,0,1,1,1,0,1,0,2,0,1.0,112,22,5.090909090909091
0,2,144,0,2,1,4,5,1,0,0,0,1,0,4,35,12,0,6.0,185,37,5.0
0,12,147,114,1,0,6,0,1,2,0,0,0,0,1,0,2,0,14.0,597,110,5.427272727272728
0,2,65,114,1,1,0,0,1,0,1,0,1,0,1,0,2,0,1.0,420,79,5.3164556962025316
0,24,43,0,1,0,4,0,0,1,2,2,2,0,1,0,2,0,8.0,392,75,5.226666666666667
1,6,103,81,2,0,5,5,1,1,1,1,1,0,3,0,12,0,5.0,185,34,5.4411764705882355
0,3,144,114,0,0,1,0,1,0,1,0,1,0,1,150,2,0,3.0,68,16,4.25
0,2,144,0,1,1,0,0,1,0,0,0,1,0,1,0,2,0,4.0,232,44,5.2727272727272725
0,4,30,9,1,0,0,0,1,0,1,0,1,0,1,0,2,0,5.0,215,40,5.375
1,5,113,0,0,5,6,0,1,1,1,0,1,0,1,0,2,0,5.0,90,12,7.5
0,3,144,0,0,4,0,0,1,0,1,0,1,0,1,0,12,0,2.0,291,47,6.191489361702128
1,3,104,0,0,0,6,0,1,1,1,1,1,0,1,0,2,0,5.0,304,60,5.066666666666666
1,3,105,0,1,0,3,5,0,0,1,1,1,0,1,0,2,0,5.0,387,77,5.025974025974026
0,3,144,114,2,0,1,5,1,0,0,0,1,0,5,0,2,0,5.0,180,33,5.454545454545454
0,4,144,114,1,1,6,0,1,1,1,0,1,0,1,0,12,0,7.0,138,20,6.9
0,6,144,0,1,6,0,0,1,0,0,0,1,0,1,0,2,0,1.0,427,83,5.144578313253012
0,24,144,0,0,0,1,0,1,0,1,1,1,0,1,0,3,0,3.0,293,51,5.745098039215686
0,2,144,0,1,1,6,0,1,0,1,1,1,0,1,0,2,0,2.0,442,79,5.594936708860759
1,2,104,81,1,5,0,0,1,1,1,0,1,0,1,0,12,0,3.0,155,26,5.961538461538462
1,3,137,0,1,0,6,0,0,0,2,2,2,0,1,0,2,0,7.0,313,53,5.90566037735849
1,3,104,80,2,0,1,5,2,1,0,0,1,0,6,0,3,0,4.0,351,66,5.318181818181818
1,6,104,101,0,0,0,0,1,1,0,0,0,0,2,0,12,0,15.0,1502,265,5.667924528301887
0,24,144,0,1,0,1,0,0,1,0,0,0,0,1,100,3,0,3.0,706,135,5.229629629629629
1,2,104,0,1,5,0,0,0,1,1,1,1,0,1,0,2,0,1.0,26,4,6.5
1,1,107,0,2,0,5,5,1,0,1,1,1,0,3,0,2,0,1.0,336,61,5.508196721311475
0,4,144,0,1,0,1,5,1,0,1,0,2,0,1,0,2,0,2.0,167,32,5.21875
1,3,105,0,1,5,6,0,0,0,1,0,1,0,1,0,12,0,10.0,545,105,5.190476190476191
1,2,104,0,2,0,5,5,1,1,2,2,1,0,2,0,2,0,2.0,114,20,5.7
1,4,105,0,1,2,6,0,1,1,2,0,1,0,1,0,2,0,1.0,485,84,5.773809523809524
0,2,144,114,0,1,0,0,1,1,0,0,1,0,1,0,2,0,5.0,12,2,6.0
0,6,144,0,0,1,6,0,1,0,0,0,1,0,1,0,12,0,3.0,39,8,4.875
0,1,144,0,2,0,1,0,1,0,1,1,1,0,2,0,7,0,1.0,592,109,5.431192660550459
0,2,144,0,1,0,1,0,1,0,0,0,1,0,1,0,2,0,1.0,954,168,5.678571428571429
1,48,135,0,0,0,1,1,1,1,0,0,0,0,1,0,12,0,5.0,707,140,5.05
0,1,144,0,0,0,1,0,1,1,2,2,2,0,1,0,2,0,5.0,120,20,6.0
1,6,104,81,0,3,0,0,1,1,1,1,1,0,1,0,12,0,1.0,50,8,6.25
0,1,144,114,1,0,6,0,0,0,1,1,1,0,2,0,2,0,4.0,438,79,5.544303797468355
1,24,103,68,1,2,4,5,1,2,1,1,0,0,1,0,12,0,5.0,21,4,5.25
1,24,105,82,2,0,1,5,2,0,1,1,1,0,5,0,2,0,5.0,71,15,4.733333333333333
1,6,128,0,0,1,4,0,0,1,1,0,0,0,1,0,2,0,5.0,87,12,7.25
1,0,96,0,1,0,2,5,0,1,1,1,1,0,1,100,12,0,3.0,107,19,5.631578947368421
0,4,144,0,1,1,2,0,1,0,0,0,1,0,2,0,2,0,8.0,207,38,5.447368421052632
0,2,144,131,2,0,1,5,1,0,0,0,1,0,2,200,2,0,2.0,256,45,5.688888888888889
0,5,144,9,1,0,1,5,1,1,0,0,0,0,1,0,2,0,3.0,218,45,4.844444444444444
0,20,144,0,0,0,0,0,1,0,0,0,1,0,1,0,5,0,5.0,1256,259,4.8494208494208495
0,1,144,0,0,1,6,0,1,1,1,1,1,0,1,0,3,0,3.0,95,16,5.9375
1,3,105,0,1,3,6,0,1,0,1,0,1,0,1,0,2,0,3.0,78,13,6.0
1,12,135,0,0,0,5,5,1,0,1,0,1,0,1,0,2,0,1.0,8,1,8.0
0,6,144,0,2,0,0,0,1,1,1,1,1,0,4,0,2,0,2.0,151,28,5.392857142857143
1,8,128,0,0,6,0,0,1,0,1,1,1,0,1,100,2,0,1.0,15,3,5.0
0,2,144,0,1,0,1,0,1,0,1,1,1,0,1,0,12,0,2.0,120,23,5.217391304347826
1,5,120,95,0,1,6,0,1,0,0,0,0,0,1,0,2,0,2.0,97,16,6.0625
0,3,144,114,2,0,1,3,1,1,1,1,1,0,7,0,12,0,5.0,368,67,5.492537313432836
0,96,60,0,1,4,0,0,1,1,0,0,0,0,1,0,2,0,2.0,8,1,8.0
1,3,105,0,1,0,6,0,1,0,1,0,1,0,1,30,2,0,5.0,230,40,5.75
0,2,144,114,1,0,1,3,1,1,1,1,1,0,3,0,2,0,3.0,227,39,5.82051282051282
0,5,55,0,1,1,0,0,1,0,0,0,1,0,1,0,2,0,11.0,640,113,5.663716814159292
0,84,74,18,1,6,0,0,0,1,0,0,0,0,1,0,2,0,2.0,356,54,6.592592592592593
0,36,8,114,0,2,0,0,1,1,0,0,0,0,1,0,2,0,2.0,265,52,5.096153846153846
1,12,105,0,1,0,6,0,1,0,1,0,1,0,7,0,4,0,5.0,139,23,6.043478260869565
0,21,43,0,0,0,1,3,0,0,1,1,1,0,1,500,2,0,1.0,153,26,5.884615384615385
1,6,96,0,1,0,3,5,1,0,1,1,1,0,3,0,2,0,2.0,69,15,4.6
0,3,144,0,1,5,6,0,2,1,0,0,1,0,2,0,3,0,2.0,97,17,5.705882352941177
1,4,105,0,1,0,2,5,1,1,1,0,1,0,2,0,2,0,12.0,480,89,5.393258426966292
0,6,144,114,0,0,1,0,2,0,0,0,1,0,1,50,5,0,3.0,311,59,5.271186440677966
1,3,105,0,2,1,4,5,1,0,1,1,1,0,3,0,3,0,4.0,356,55,6.472727272727273
0,8,144,0,1,4,0,0,1,1,0,0,0,0,1,150,2,1,2.0,106,19,5.578947368421052
0,12,144,0,0,0,2,5,1,0,2,2,2,0,1,0,3,0,3.0,265,48,5.520833333333333
0,3,36,0,0,4,0,0,0,1,0,0,1,0,1,500,2,0,8.0,730,139,5.251798561151079
0,2,144,54,1,0,1,0,1,0,1,1,1,0,1,0,2,0,2.0,461,90,5.122222222222222
1,2,105,0,0,0,5,0,0,0,1,1,1,0,1,0,12,0,3.0,233,43,5.4186046511627906
1,1,105,0,1,3,4,5,1,0,1,0,1,0,1,0,2,0,3.0,404,66,6.121212121212121
0,36,51,114,0,0,6,0,1,1,2,2,2,0,1,0,2,0,2.0,244,40,6.1
1,6,105,106,0,2,6,0,0,0,0,0,1,0,1,100,12,0,6.0,2989,513,5.826510721247564
1,2,105,82,2,0,1,1,1,0,1,1,1,0,4,0,2,0,3.0,397,78,5.089743589743589
0,36,144,0,0,6,0,0,1,0,0,0,1,0,1,0,12,0,1.0,150,32,4.6875
1,10,128,80,2,1,2,3,1,2,1,1,1,0,3,0,12,0,4.0,376,75,5.013333333333334
0,1,144,114,2,0,1,5,1,0,1,1,1,0,8,0,12,0,3.0,189,33,5.7272727272727275
0,54,8,0,0,2,0,0,2,1,0,0,1,0,1,350,12,0,20.0,23,4,5.75
1,5,94,101,1,1,5,5,1,1,1,0,1,0,1,0,2,0,3.0,27,4,6.75
0,2,144,0,0,4,6,0,1,0,1,0,1,0,1,0,2,0,1.0,38,6,6.333333333333333
0,36,13,0,1,1,4,0,2,1,2,2,0,0,1,0,2,0,3.0,299,61,4.901639344262295
1,12,103,80,0,2,0,0,1,2,0,2,2,0,1,0,2,0,5.0,297,60,4.95
0,2,144,114,0,1,0,0,1,1,1,0,1,0,1,0,2,0,5.0,14,3,4.666666666666667
0,1,144,0,0,1,3,0,1,0,1,1,1,0,1,50,2,0,2.0,59,11,5.363636363636363
0,30,65,114,1,1,6,0,1,0,0,0,0,0,1,0,3,0,2.0,328,62,5.290322580645161
1,2,105,0,2,0,6,0,1,0,1,1,1,0,7,0,12,0,3.0,162,36,4.5
0,2,144,114,1,0,0,0,1,1,1,0,1,0,1,0,2,0,5.0,12,2,6.0
1,2,103,82,2,0,6,0,2,1,1,0,1,0,4,0,12,0,2.0,272,53,5.132075471698113
1,3,105,0,1,0,1,2,1,0,1,1,1,0,2,0,2,0,3.0,110,23,4.782608695652174
0,36,61,0,0,1,4,5,2,1,2,2,0,0,1,750,2,0,9.0,2021,384,5.263020833333333
0,52,150,0,0,0,1,5,1,0,0,0,0,0,1,0,2,0,4.0,790,152,5.197368421052632
0,2,144,0,1,0,1,0,1,1,1,0,1,0,1,0,3,0,2.0,601,108,5.564814814814815
1,2,104,81,2,3,0,0,0,1,1,1,1,0,3,0,12,0,3.0,13,2,6.5
0,3,144,0,1,0,1,0,1,0,1,1,1,0,2,0,2,0,2.0,120,23,5.217391304347826
1,12,105,0,0,0,6,0,1,0,0,0,0,0,1,0,12,0,1.0,34,7,4.857142857142857
0,2,144,16,1,1,4,5,1,0,2,2,2,0,3,0,3,0,1.0,369,64,5.765625
0,3,144,0,1,1,0,0,1,0,0,0,1,0,1,0,2,0,1.0,34,6,5.666666666666667
1,2,105,0,0,0,6,0,1,0,1,0,1,0,1,0,12,0,4.0,482,91,5.2967032967032965
0,0,144,0,0,1,0,0,1,1,1,2,1,0,1,0,7,0,1.0,48,10,4.8
0,24,150,114,0,4,0,0,2,2,0,0,1,0,1,0,2,0,4.0,427,89,4.797752808988764
1,212,105,0,1,0,0,0,1,0,0,0,1,0,1,0,4,1,13.0,271,56,4.839285714285714
1,22,105,0,1,0,0,0,1,0,0,0,0,0,1,90,2,0,2.0,4568,762,5.994750656167979
1,1,105,0,1,5,0,0,0,0,1,0,1,0,1,0,12,0,5.0,167,33,5.0606060606060606
1,6,105,0,0,0,1,5,1,0,0,0,0,0,1,100,12,0,1.0,89,15,5.933333333333334
0,1,144,0,0,4,6,0,1,0,0,1,1,0,1,0,11,0,1.0,789,165,4.781818181818182
1,4,105,0,0,2,6,0,0,1,0,0,0,0,1,0,12,0,3.0,313,56,5.589285714285714
0,1,144,54,1,0,1,5,1,0,1,1,1,0,1,0,2,0,3.0,279,51,5.470588235294118
1,2,135,82,2,0,6,0,1,0,1,1,1,0,7,0,12,0,6.0,370,77,4.805194805194805
1,6,101,82,2,1,2,5,1,0,1,1,2,0,4,14,2,0,5.0,341,67,5.08955223880597
1,5,135,0,2,2,0,0,1,0,0,0,1,0,2,0,7,0,4.0,359,69,5.202898550724638
1,5,105,0,1,0,1,4,1,0,1,1,1,0,1,0,12,0,1.0,23,4,5.75
1,2,105,81,0,1,6,0,1,1,1,0,1,1,2,0,2,0,4.0,209,41,5.097560975609756
0,1,144,114,1,2,4,5,1,1,0,0,1,0,1,0,2,0,2.0,302,55,5.490909090909091
0,12,159,0,1,1,2,3,1,2,0,0,1,0,1,0,2,0,2.0,127,21,6.0476190476190474
0,1,144,0,0,0,0,0,0,0,1,1,1,0,1,0,12,0,1.0,1,1,1.0
0,18,144,0,1,0,1,0,2,1,2,2,2,1,1,0,2,0,4.0,1660,325,5.107692307692307
1,38,104,0,1,4,6,0,1,1,1,1,1,0,1,0,2,0,2.0,471,93,5.064516129032258
0,36,26,30,1,6,0,0,0,1,0,0,0,0,1,100,2,0,4.0,45,4,11.25
0,5,144,0,2,0,1,5,1,1,0,0,0,0,3,0,2,0,5.0,563,110,5.118181818181818
0,2,144,0,0,0,1,0,1,0,1,1,1,0,1,20,3,0,1.0,201,32,6.28125
0,11,144,0,0,0,4,0,1,0,0,0,1,0,1,0,4,0,5.0,1141,214,5.331775700934579
0,12,144,0,0,4,0,0,1,0,2,2,2,0,1,0,2,0,5.0,1297,274,4.733576642335766
0,4,144,0,1,0,1,0,1,0,0,0,1,0,3,0,12,0,2.0,199,42,4.738095238095238
1,2,105,0,0,0,5,5,1,0,0,0,1,0,4,100,2,0,5.0,111,20,5.55
0,96,48,42,0,1,2,2,1,0,0,0,0,0,1,0,12,0,2.0,171,35,4.885714285714286
1,12,135,0,0,2,4,5,1,0,1,0,0,0,1,100,12,1,10.0,1078,195,5.528205128205128
0,2,144,0,1,0,1,0,1,1,0,0,2,0,1,0,0,0,1.0,106,19,5.578947368421052
1,8,107,82,0,6,0,0,1,0,0,0,0,0,2,0,2,1,7.0,980,201,4.875621890547263
0,48,22,114,2,4,0,0,1,1,2,2,0,0,2,0,3,0,3.0,430,76,5.657894736842105
1,12,105,0,1,1,6,0,1,0,1,1,1,0,1,0,2,0,2.0,291,56,5.196428571428571
0,21,5,10,0,0,6,0,2,1,0,0,0,0,1,0,3,0,1.0,33,6,5.5
0,3,144,0,1,0,1,0,1,0,0,0,1,0,1,0,2,1,6.0,213,42,5.071428571428571
1,3,105,0,1,1,4,4,0,0,1,1,1,0,1,0,12,0,5.0,567,112,5.0625
1,2,105,0,0,0,1,0,0,0,0,0,2,0,1,0,12,0,1.0,23,4,5.75
0,8,144,0,1,0,0,0,1,2,2,2,2,0,1,0,2,0,5.0,368,71,5.183098591549296
0,2,144,0,1,1,0,0,1,0,1,1,1,0,1,0,2,0,1.0,277,56,4.946428571428571
1,2,105,0,2,0,6,0,1,1,1,1,1,0,5,0,2,0,5.0,68,11,6.181818181818182
0,17,144,0,1,3,4,0,1,0,0,0,2,0,1,100,3,0,1.0,218,45,4.844444444444444
1,12,104,0,2,0,3,5,1,1,1,1,1,0,3,0,2,0,4.0,101,13,7.769230769230769
0,4,144,16,1,0,0,0,1,0,0,0,0,0,1,0,12,0,2.0,527,102,5.166666666666667
0,8,144,0,0,3,0,0,1,0,0,0,1,0,1,0,12,0,2.0,287,49,5.857142857142857
0,2,144,114,2,0,1,5,1,1,1,1,1,0,9,0,4,0,9.0,185,34,5.4411764705882355
0,24,144,0,1,0,1,5,1,1,0,0,2,0,1,0,3,0,1.0,155,27,5.7407407407407405
0,48,8,0,1,2,0,0,2,2,0,0,1,0,1,0,2,0,0.0,160,28,5.714285714285714
0,18,144,0,1,3,4,0,1,0,0,0,0,0,1,0,2,0,2.0,135,28,4.821428571428571
1,5,135,0,0,2,6,0,1,1,1,1,1,0,1,0,12,0,3.0,211,31,6.806451612903226
1,30,105,0,1,0,5,0,0,0,1,0,0,0,1,0,12,0,4.0,157,34,4.617647058823529
0,4,69,114,1,0,1,5,1,1,0,0,0,0,1,0,12,0,8.0,164,31,5.290322580645161
1,3,105,0,0,0,6,0,1,0,1,2,1,0,2,0,12,0,9.0,180,32,5.625
0,2,144,0,0,1,0,0,1,0,0,0,1,0,1,0,4,1,9.0,544,104,5.230769230769231
0,24,144,0,0,3,6,0,1,0,2,2,2,0,1,0,12,0,1.0,81,15,5.4
0,2,144,0,1,0,1,0,1,0,0,0,1,0,1,0,12,0,2.0,167,28,5.964285714285714
0,2,144,0,2,0,1,5,1,1,1,1,1,0,5,0,2,0,2.0,28,6,4.666666666666667
0,1,144,0,2,0,1,0,2,0,1,1,1,0,4,0,2,0,1.0,327,61,5.360655737704918
0,2,144,114,0,0,0,0,1,0,1,1,1,0,1,0,2,0,3.0,369,76,4.855263157894737
0,2,144,0,2,0,1,0,1,0,1,1,2,0,6,0,5,0,10.0,70,11,6.363636363636363
1,2,105,0,1,0,3,5,0,0,0,0,1,0,1,0,2,0,2.0,151,27,5.592592592592593
0,2,144,0,0,0,1,0,1,1,0,0,1,0,1,0,2,0,1.0,268,52,5.153846153846154
1,4,105,0,0,1,2,0,1,1,1,1,1,0,1,0,2,0,4.0,414,89,4.651685393258427
0,4,144,0,1,0,1,0,1,1,1,0,1,0,1,1,12,0,1.0,132,25,5.28
0,48,144,0,0,0,1,0,2,0,2,2,1,1,1,0,2,0,2.0,448,86,5.209302325581396
1,3,103,82,0,0,5,5,1,1,1,1,1,0,1,80,2,0,5.0,293,57,5.140350877192983
1,2,104,81,2,0,1,3,1,1,1,1,1,0,5,0,12,0,4.0,436,81,5.382716049382716
0,2,80,127,2,0,1,5,1,1,1,1,1,0,6,0,12,0,1.0,82,16,5.125
0,1,56,54,2,5,0,0,1,1,1,2,1,0,7,250,12,0,1.0,236,36,6.555555555555555
0,60,51,0,0,0,5,5,1,1,0,2,2,0,1,0,12,0,1.0,69,15,4.6
0,3,144,114,1,1,0,0,1,0,1,1,1,0,3,0,2,0,1.0,178,35,5.085714285714285
0,3,144,0,1,0,1,0,1,0,1,0,1,0,1,0,2,0,4.0,270,50,5.4
1,4,102,82,1,1,3,3,0,0,1,1,1,0,1,0,2,0,3.0,453,76,5.9605263157894735
0,12,155,0,0,4,6,0,0,0,0,0,1,0,1,50,2,0,3.0,26,6,4.333333333333333
0,12,144,0,1,6,0,0,0,0,0,0,0,0,1,0,2,0,3.0,510,98,5.204081632653061
0,3,144,0,0,0,6,0,2,1,0,0,1,0,1,150,2,0,3.0,91,18,5.055555555555555
1,4,105,0,1,1,3,3,1,0,1,0,1,0,1,0,2,0,2.0,376,73,5.1506849315068495
0,60,144,0,1,1,0,0,1,1,0,0,2,0,1,0,2,0,2.0,200,37,5.405405405405405
0,3,144,0,0,0,6,0,1,1,0,0,1,0,1,50,2,0,3.0,301,62,4.854838709677419
0,24,144,114,1,0,1,5,1,1,2,0,2,0,1,0,7,0,1.0,436,80,5.45
0,2,144,114,1,0,1,0,1,0,1,1,1,0,1,0,12,0,3.0,131,24,5.458333333333333
1,8,104,0,1,1,0,0,1,1,1,1,1,0,1,0,3,0,2.0,128,21,6.095238095238095
0,6,144,0,1,1,4,0,0,0,0,0,1,0,1,0,2,0,4.0,71,15,4.733333333333333
0,2,144,0,1,1,0,0,1,0,1,1,1,0,2,0,12,0,9.0,167,32,5.21875
1,2,105,0,1,0,6,0,1,0,0,0,1,0,1,0,12,0,1.0,161,29,5.551724137931035
0,5,144,0,1,1,4,5,1,0,0,0,1,0,1,0,2,0,11.0,446,60,7.433333333333334
1,27,104,0,1,2,4,4,2,1,0,0,2,0,1,0,5,0,1.0,244,49,4.979591836734694
0,42,28,0,1,0,1,0,1,1,0,2,2,0,1,0,2,0,1.0,71,14,5.071428571428571
0,1,144,114,2,1,4,5,1,0,1,1,1,0,5,0,12,0,5.0,122,22,5.545454545454546
0,8,22,0,0,3,0,0,2,0,0,0,1,0,1,0,12,0,3.0,115,20,5.75
0,17,60,0,0,6,0,0,1,0,0,0,1,0,1,155,12,0,0.0,78,15,5.2
1,1,104,106,0,0,1,5,1,1,1,0,1,0,1,0,2,0,8.0,884,148,5.972972972972973
0,3,144,0,1,1,0,0,1,1,0,0,1,0,1,0,2,0,7.0,209,35,5.9714285714285715
1,3,104,0,0,0,5,0,1,1,1,1,1,1,1,0,12,0,5.0,151,28,5.392857142857143
1,24,114,0,1,1,5,0,2,2,1,0,1,0,1,0,12,0,1.0,59,9,6.555555555555555
0,6,144,0,1,0,1,0,1,1,0,0,0,0,1,0,12,0,1.0,390,77,5.064935064935065
0,1,22,114,1,0,1,5,1,0,1,1,1,0,1,0,1,0,1.0,73,13,5.615384615384615
1,72,105,0,1,0,0,0,1,1,0,0,0,0,2,0,12,0,3.0,305,59,5.169491525423729
0,17,60,0,0,1,6,0,0,0,0,0,1,0,1,0,2,0,0.0,343,71,4.830985915492958
0,12,144,0,0,1,4,5,1,0,2,2,0,0,2,0,2,0,6.0,2948,528,5.583333333333333
1,5,104,0,1,4,5,0,1,0,1,1,1,0,2,0,12,0,2.0,40,7,5.714285714285714
1,18,105,0,1,0,1,1,1,0,0,0,0,0,1,300,7,0,3.0,170,31,5.483870967741935
0,3,144,114,2,0,0,0,0,0,0,0,1,0,2,0,2,0,6.0,772,142,5.436619718309859
1,2,126,82,0,0,6,0,0,0,1,1,1,0,2,50,12,0,6.0,574,87,6.597701149425287
1,3,105,0,0,1,0,0,1,0,1,1,1,0,1,0,2,0,3.0,50,8,6.25
1,2,105,0,2,0,3,0,0,0,1,1,1,0,3,0,12,0,5.0,83,13,6.384615384615385
0,1,144,0,2,0,4,5,1,0,1,1,1,0,6,0,2,0,5.0,78,16,4.875
0,2,144,0,2,0,0,0,1,0,1,1,1,0,4,0,2,0,3.0,492,99,4.96969696969697
1,7,125,82,1,6,0,0,1,0,1,0,1,0,1,150,12,0,2.0,247,49,5.040816326530612
0,1,144,0,2,0,1,5,1,0,1,1,1,0,7,0,12,0,5.0,378,77,4.909090909090909
1,1,105,81,1,0,1,4,1,0,1,1,1,0,1,0,2,0,3.0,308,49,6.285714285714286
0,1,30,114,2,0,2,0,1,0,0,0,1,0,2,0,2,0,13.0,1174,192,6.114583333333333
1,1,105,0,1,0,1,5,1,0,1,1,1,0,3,0,2,0,3.0,607,114,5.324561403508772
0,2,144,0,0,0,1,5,1,1,1,1,0,0,1,0,2,0,5.0,87,18,4.833333333333333
1,2,122,81,0,6,0,0,1,2,1,0,1,0,1,100,2,0,5.0,657,121,5.429752066115703
1,3,104,82,0,5,6,0,1,1,0,0,2,0,1,0,12,0,4.0,36,5,7.2
0,3,144,0,0,3,6,0,1,0,1,1,1,0,1,0,12,0,2.0,234,43,5.441860465116279
0,24,144,0,1,0,1,0,1,1,0,0,0,0,1,0,12,0,2.0,522,91,5.736263736263736
1,3,105,0,0,5,0,0,0,0,1,0,1,0,1,0,12,0,5.0,214,38,5.631578947368421
1,12,105,0,0,0,1,5,0,0,2,2,2,0,1,0,2,0,3.0,68,11,6.181818181818182
0,3,144,0,1,1,0,0,1,0,0,0,0,0,1,0,12,0,4.0,166,29,5.724137931034483
1,48,105,0,0,5,6,0,1,0,0,0,0,0,1,0,2,0,1.0,190,36,5.277777777777778
0,4,144,114,2,1,2,5,0,0,2,2,2,0,5,0,2,0,8.0,112,22,5.090909090909091
1,4,105,82,1,5,6,0,0,0,1,1,1,0,1,0,2,0,3.0,109,20,5.45
0,2,144,0,2,0,1,0,1,1,2,2,1,0,3,0,12,0,2.0,1567,264,5.9356060606060606
1,10,105,106,1,0,5,5,1,0,1,0,1,0,1,0,2,0,1.0,3,1,3.0
1,3,103,0,2,0,1,1,0,2,1,1,1,0,3,150,2,0,4.0,151,30,5.033333333333333
1,1,120,0,0,0,5,5,1,0,1,1,1,0,4,0,2,0,8.0,259,43,6.023255813953488
1,3,104,0,1,0,6,0,0,1,2,0,2,0,1,0,12,0,15.0,743,106,7.009433962264151
0,12,144,0,1,4,0,0,1,0,0,0,0,0,1,0,12,0,5.0,667,129,5.170542635658915
1,12,122,0,2,0,6,0,1,1,0,0,1,0,3,0,12,1,9.0,832,157,5.2993630573248405
1,48,93,0,1,3,4,4,1,1,2,0,0,0,6,0,2,0,4.0,290,59,4.915254237288136
0,2,144,0,2,0,0,0,1,0,2,2,2,0,6,0,5,0,1.0,68,13,5.230769230769231
0,1,144,0,2,0,1,5,1,1,2,0,2,0,4,50,12,0,5.0,440,82,5.365853658536586
0,7,144,0,0,2,0,0,1,0,0,0,0,0,1,0,12,0,2.0,467,89,5.247191011235955
1,5,105,0,0,0,1,5,1,1,1,0,1,0,1,0,2,0,1.0,195,41,4.7560975609756095
0,60,60,0,0,2,4,5,0,1,2,2,0,0,1,0,2,0,13.0,537,108,4.972222222222222
0,2,47,114,0,0,1,0,2,1,2,2,2,0,1,0,2,0,4.0,303,57,5.315789473684211
1,24,103,96,0,5,6,0,2,2,0,0,0,0,1,250,2,0,5.0,1344,250,5.376
0,3,144,114,1,2,4,0,1,1,0,0,1,0,1,0,4,0,1.0,54,9,6.0
1,36,135,0,1,5,0,0,0,0,0,0,0,0,1,0,12,0,1.0,271,55,4.927272727272728
1,7,105,0,2,5,6,0,1,0,1,0,1,0,2,0,12,0,3.0,426,78,5.461538461538462
0,84,13,0,0,0,5,5,2,1,0,0,1,0,1,0,12,0,1.0,353,65,5.430769230769231
1,12,103,0,1,0,5,5,1,2,2,2,2,0,1,0,4,0,7.0,1,1,1.0
0,72,41,0,0,1,4,0,0,1,0,0,0,0,1,200,2,0,2.0,951,183,5.19672131147541
0,1,144,16,1,0,1,0,0,0,1,1,1,0,6,0,2,0,5.0,57,12,4.75
0,1,144,0,1,1,6,0,0,0,1,1,1,0,1,0,12,0,3.0,302,65,4.6461538461538465
1,1,105,0,0,0,2,0,0,0,1,1,1,0,3,0,12,0,3.0,535,102,5.245098039215686
0,8,41,114,0,6,0,0,1,1,2,2,2,0,1,0,12,0,1.0,428,83,5.156626506024097
1,3,120,94,2,0,2,5,0,0,1,1,1,0,3,0,12,0,1.0,198,36,5.5
0,2,144,0,0,0,1,0,1,0,1,1,1,0,1,0,3,0,1.0,79,12,6.583333333333333
0,2,144,0,0,0,0,0,0,0,0,0,0,0,1,0,12,0,1.0,381,83,4.590361445783133
0,1,144,114,0,0,1,5,0,0,1,1,1,0,3,0,2,0,5.0,306,63,4.857142857142857
1,3,105,0,1,5,0,0,0,1,0,0,1,0,1,0,2,0,1.0,16,3,5.333333333333333
0,4,144,0,1,0,1,0,1,1,0,0,1,0,1,0,2,0,4.0,220,42,5.238095238095238
1,4,105,0,0,0,0,0,0,0,1,1,1,0,3,0,2,0,0.0,421,83,5.072289156626506
1,5,105,82,0,6,0,0,0,0,1,1,1,0,1,0,12,0,3.0,440,77,5.714285714285714
0,84,37,0,2,0,2,0,0,1,0,0,0,0,2,0,2,0,1.0,235,44,5.340909090909091
1,2,96,0,2,0,3,5,1,1,1,1,1,0,2,0,2,0,5.0,155,29,5.344827586206897
1,2,105,82,0,3,0,0,0,0,1,0,1,0,1,0,2,0,1.0,341,68,5.014705882352941
1,1,103,0,1,0,6,0,2,2,1,0,2,0,1,0,2,0,2.0,528,88,6.0
1,20,141,86,0,1,4,0,2,2,0,0,0,0,1,100,7,0,2.0,18,3,6.0
0,72,47,0,1,0,1,0,3,1,2,2,0,0,1,0,2,0,2.0,142,22,6.454545454545454
1,6,104,0,1,1,5,5,1,2,2,2,2,0,1,0,12,0,6.0,248,36,6.888888888888889
1,3,105,106,0,0,1,0,0,0,2,2,2,0,1,0,12,0,4.0,45,9,5.0
1,1,105,0,2,1,3,4,0,1,1,1,1,0,5,0,2,0,7.0,328,60,5.466666666666667
0,2,144,0,0,0,1,0,0,1,1,1,1,0,2,0,2,0,2.0,308,54,5.703703703703703
0,3,144,114,1,0,1,5,1,0,1,0,1,0,2,0,2,0,2.0,568,118,4.813559322033898
0,8,144,0,1,0,6,0,1,1,0,0,0,0,1,0,2,0,2.0,610,112,5.446428571428571
1,2,104,0,1,2,0,0,0,0,0,0,1,0,1,0,2,0,2.0,277,55,5.036363636363636
0,4,22,114,1,4,0,0,2,1,2,2,1,0,1,0,2,0,5.0,219,43,5.093023255813954
0,1,144,0,1,0,1,0,1,0,1,1,1,0,4,0,4,0,5.0,161,26,6.1923076923076925
0,72,169,0,0,0,0,0,1,1,0,0,2,1,1,0,2,0,2.0,519,106,4.89622641509434
1,14,105,0,0,2,6,0,1,0,0,0,0,0,2,0,12,0,10.0,668,125,5.344
0,12,144,0,1,1,6,0,1,0,1,1,0,0,1,0,3,0,2.0,1109,201,5.517412935323383
0,2,144,0,1,0,6,0,1,1,1,1,1,0,1,0,12,0,6.0,30,5,6.0
0,1,144,114,1,0,0,0,1,0,1,1,1,0,5,0,2,0,1.0,116,24,4.833333333333333
0,3,144,0,1,1,6,0,1,0,0,0,1,0,1,0,2,0,7.0,37,7,5.285714285714286
0,1,47,114,0,0,1,0,1,1,1,1,1,0,1,0,3,0,5.0,30,4,7.5
1,7,105,0,0,0,5,0,1,0,0,0,0,0,1,0,2,0,1.0,95,21,4.523809523809524
1,6,120,0,1,0,6,0,0,0,1,1,1,0,1,30,2,0,1.0,398,84,4.738095238095238
0,1,144,114,0,1,0,0,1,1,1,1,1,0,1,0,5,0,1.0,104,19,5.473684210526316
0,8,144,0,0,1,0,0,2,0,0,0,1,0,1,0,2,0,5.0,280,52,5.384615384615385
1,18,105,0,0,0,1,1,1,0,1,1,1,0,1,0,2,0,2.0,365,71,5.140845070422535
1,1,105,0,0,2,6,0,0,0,1,1,1,0,1,0,12,0,3.0,150,30,5.0
1,36,122,0,1,1,0,0,1,2,1,1,1,0,1,100,2,0,1.0,120,22,5.454545454545454
1,8,114,97,1,0,1,4,1,2,1,1,1,0,1,100,2,0,4.0,204,41,4.975609756097561
1,3,105,0,1,1,4,5,1,0,1,1,1,0,5,0,2,0,8.0,310,51,6.078431372549019
1,6,88,82,1,0,1,5,1,0,1,1,1,0,2,50,2,0,2.0,14,2,7.0
0,3,144,0,1,0,3,5,0,0,1,2,2,0,3,0,2,1,4.0,128,28,4.571428571428571
1,2,105,0,1,2,6,0,1,0,1,1,1,0,1,0,2,0,7.0,658,117,5.6239316239316235
1,3,104,0,2,0,1,5,0,1,1,1,1,0,2,0,12,0,2.0,117,14,8.357142857142858
0,4,144,0,1,1,6,0,1,0,0,0,0,0,1,0,2,0,2.0,434,85,5.105882352941176
1,10,88,0,0,0,2,0,0,0,0,0,0,0,1,0,3,0,3.0,356,60,5.933333333333334
1,1,104,82,2,0,3,5,1,1,1,1,1,0,4,0,0,0,10.0,1416,225,6.293333333333333
0,4,144,0,0,4,0,0,1,0,0,0,1,0,1,150,12,0,13.0,239,46,5.195652173913044
1,5,143,0,1,0,6,0,1,0,0,0,0,0,1,0,2,0,6.0,396,71,5.577464788732394
1,5,140,82,1,0,3,3,1,1,1,0,1,0,1,0,2,0,3.0,388,80,4.85
0,2,144,0,1,1,0,0,1,0,1,1,1,0,1,0,2,0,1.0,168,33,5.090909090909091
1,1,105,0,2,0,4,5,0,0,1,0,1,0,3,0,12,0,3.0,37,5,7.4
1,2,105,0,0,2,6,0,0,0,1,1,1,0,1,0,2,0,5.0,60,8,7.5
1,3,88,0,0,0,5,0,1,0,0,0,1,0,1,450,2,0,1.0,149,22,6.7727272727272725
0,0,152,114,0,0,6,0,1,0,1,1,1,0,1,0,12,0,6.0,117,26,4.5
1,3,105,0,0,1,0,0,1,0,0,0,1,0,1,100,2,0,3.0,452,70,6.457142857142857
0,6,144,0,1,0,1,3,1,1,0,0,0,0,1,100,3,0,5.0,225,35,6.428571428571429
0,18,32,21,0,4,6,0,2,1,1,0,1,0,1,0,12,0,3.0,312,67,4.656716417910448
1,2,104,0,1,0,6,0,0,1,1,1,1,0,1,0,2,0,3.0,118,25,4.72
0,3,144,0,0,1,0,0,1,0,0,0,1,0,1,0,12,0,1.0,35,6,5.833333333333333
0,1,144,0,1,0,1,2,0,1,1,1,1,0,1,0,2,0,4.0,234,44,5.318181818181818
0,2,147,114,1,0,6,0,1,2,0,0,0,0,1,0,4,0,1.0,24,4,6.0
0,2,144,0,0,0,4,0,1,1,1,0,1,0,1,0,2,0,6.0,265,51,5.196078431372549
0,1,144,114,0,0,1,5,1,0,1,1,2,0,2,0,7,0,3.0,368,71,5.183098591549296
1,1,105,0,0,3,6,0,1,0,1,0,1,0,1,0,2,0,3.0,54,9,6.0
0,1,144,114,1,0,1,0,1,1,1,0,1,0,1,0,2,0,1.0,14,3,4.666666666666667
0,2,144,0,0,0,0,0,1,0,1,1,1,0,1,0,2,0,7.0,609,112,5.4375
1,4,104,0,1,2,5,5,2,1,1,0,0,0,1,0,12,0,2.0,63,12,5.25
0,18,159,0,0,2,0,0,1,2,0,0,1,0,1,300,2,0,3.0,1341,225,5.96
0,24,41,0,0,4,0,0,0,1,0,0,0,0,1,250,2,0,5.0,414,84,4.928571428571429
1,12,105,0,0,1,5,5,1,0,1,0,0,0,1,0,12,0,5.0,581,105,5.533333333333333
1,24,105,0,1,6,0,0,1,0,0,0,0,0,1,100,12,0,2.0,314,59,5.322033898305085
1,1,105,0,2,0,6,0,1,1,1,1,1,0,2,0,2,0,4.0,149,27,5.518518518518518
0,12,69,114,1,1,2,3,1,1,1,1,1,0,1,0,2,0,1.0,444,89,4.98876404494382
1,3,105,0,1,4,0,0,0,0,1,1,1,0,1,0,2,0,2.0,147,22,6.681818181818182
0,2,5,114,0,0,1,0,1,0,2,2,1,0,1,0,2,0,4.0,88,16,5.5
0,48,144,0,1,5,0,0,2,1,0,0,0,0,1,0,12,0,5.0,280,48,5.833333333333333
0,18,41,0,0,1,2,0,0,1,0,0,1,0,1,0,12,0,1.0,180,32,5.625
0,60,155,0,1,1,6,0,0,1,0,0,1,0,1,100,2,0,2.0,337,70,4.814285714285714
0,12,144,0,0,0,1,0,1,1,1,1,1,0,1,0,7,0,1.0,912,175,5.211428571428572
1,4,105,0,0,0,0,0,1,0,0,0,1,0,1,0,2,0,6.0,20,3,6.666666666666667
0,2,144,0,1,2,0,0,1,0,1,1,1,0,1,20,3,0,1.0,144,25,5.76
0,36,144,0,0,0,1,0,2,0,0,0,0,0,1,0,12,0,2.0,40,9,4.444444444444445
0,7,144,0,0,0,1,5,1,1,0,0,1,0,1,0,7,0,1.0,529,101,5.237623762376238
0,2,144,45,1,0,1,5,1,1,1,0,1,0,1,50,2,0,4.0,233,43,5.4186046511627906
0,7,144,0,1,1,0,0,1,0,1,0,0,0,1,0,2,0,5.0,1053,192,5.484375
1,6,126,82,1,5,0,0,1,1,1,0,1,0,1,150,2,0,3.0,209,37,5.648648648648648
1,6,105,0,1,0,5,5,0,0,0,0,0,0,1,0,12,0,4.0,795,154,5.162337662337662
0,4,22,0,0,1,2,0,1,1,0,0,1,0,1,0,1,0,25.0,132,25,5.28
0,2,144,0,2,0,1,5,0,1,0,0,1,0,4,0,2,0,5.0,485,83,5.843373493975903
1,1,104,82,2,0,1,0,1,1,1,1,1,0,2,0,12,0,4.0,179,36,4.972222222222222
0,12,60,47,0,0,1,5,0,2,0,0,0,0,1,300,12,0,5.0,233,46,5.065217391304348
0,2,144,0,0,0,0,0,1,1,1,1,1,0,1,0,2,0,5.0,672,126,5.333333333333333
0,2,144,0,1,1,6,0,0,0,0,0,0,0,1,0,2,0,4.0,189,30,6.3
1,4,104,82,1,0,0,0,1,1,1,0,1,0,1,0,2,0,2.0,122,24,5.083333333333333
0,3,144,6,1,0,1,5,1,1,0,0,1,0,1,0,2,0,6.0,283,48,5.895833333333333
0,2,144,114,1,1,0,0,1,1,1,0,1,0,1,0,2,0,3.0,14,3,4.666666666666667
1,6,120,0,1,1,6,0,1,0,0,0,0,0,1,0,2,0,9.0,909,169,5.378698224852071
0,48,17,0,0,1,6,0,0,0,0,0,2,0,1,0,2,0,3.0,177,35,5.057142857142857
0,1,144,114,1,4,0,0,1,0,1,0,1,0,5,0,5,0,5.0,229,39,5.871794871794871
1,2,96,81,1,1,3,5,1,1,0,0,1,0,1,50,2,0,2.0,893,172,5.191860465116279
0,3,144,0,1,1,0,0,1,0,1,1,1,0,1,0,12,0,3.0,11,2,5.5
0,1,144,114,2,0,1,0,1,0,1,1,1,0,2,0,12,0,1.0,57,12,4.75
0,62,8,114,1,2,4,0,1,1,0,0,0,0,1,0,2,0,3.0,302,57,5.298245614035087
0,12,69,114,2,1,0,0,0,0,2,2,2,0,4,0,12,0,10.0,2150,366,5.8743169398907105
1,2,105,0,0,0,1,5,1,0,1,1,1,0,1,0,12,1,7.0,128,22,5.818181818181818
0,24,22,16,0,0,0,0,2,1,0,0,0,0,1,0,2,0,2.0,12,2,6.0
1,1,105,0,1,0,6,0,1,0,0,0,1,0,1,0,12,0,3.0,318,64,4.96875
1,48,126,0,0,0,0,0,1,1,0,0,0,0,1,0,12,0,1.0,103,19,5.421052631578948
1,2,105,73,2,0,3,5,0,0,1,1,1,1,4,100,7,0,6.0,285,56,5.089285714285714
1,2,105,82,0,0,6,0,1,0,1,1,1,0,1,0,12,0,1.0,322,61,5.278688524590164
1,8,105,0,0,0,0,0,1,0,0,0,1,0,1,0,2,1,1.0,153,33,4.636363636363637
1,1,104,82,1,1,3,5,0,1,1,0,1,0,1,50,2,0,7.0,305,48,6.354166666666667
1,12,105,0,0,0,6,0,2,1,0,0,1,0,1,0,2,0,1.0,67,8,8.375
1,3,105,0,1,0,0,0,0,0,1,1,1,1,1,0,12,0,1.0,18,3,6.0
0,16,164,10,1,0,0,0,1,1,0,0,2,0,2,0,2,0,2.0,274,48,5.708333333333333
1,12,105,0,0,0,6,0,1,0,1,0,0,0,1,0,2,0,3.0,599,107,5.598130841121495
1,2,105,0,2,4,5,5,1,0,1,1,1,0,5,0,2,0,5.0,188,30,6.266666666666667
0,9,61,48,0,6,0,0,2,2,0,0,1,0,1,600,12,0,3.0,872,173,5.040462427745664
1,8,105,0,1,1,6,0,1,0,0,0,0,0,1,30,12,0,2.0,346,68,5.088235294117647
1,24,105,0,1,0,6,0,1,0,0,0,0,0,1,0,12,0,5.0,98,21,4.666666666666667
1,2,105,80,1,6,0,0,0,0,1,1,1,0,1,0,12,0,4.0,156,32,4.875
1,1,105,0,1,0,5,5,0,0,1,0,1,0,2,0,2,0,7.0,817,156,5.237179487179487
1,6,105,0,1,1,5,0,0,0,1,1,1,1,1,0,2,0,1.0,236,45,5.2444444444444445
1,2,135,81,1,0,5,0,0,1,2,2,2,0,1,0,12,0,2.0,72,14,5.142857142857143
0,4,144,0,1,0,0,0,2,0,0,0,1,0,1,0,3,0,1.0,139,27,5.148148148148148
1,3,104,0,2,2,6,0,0,1,1,1,1,0,2,0,12,0,5.0,43,8,5.375
1,18,105,0,0,3,6,0,1,1,0,0,1,0,1,0,12,1,7.0,362,67,5.402985074626866
1,1,104,0,1,0,1,5,1,1,1,0,2,0,1,0,2,0,4.0,97,16,6.0625
1,2,105,82,1,0,0,0,1,0,1,1,1,0,3,0,3,0,4.0,156,27,5.777777777777778
1,1,105,0,0,1,6,0,0,0,1,1,1,0,1,0,12,0,5.0,128,21,6.095238095238095
0,2,144,114,0,0,0,0,1,0,0,0,1,0,1,50,2,1,5.0,1110,180,6.166666666666667
0,2,144,0,1,0,1,0,1,1,1,1,1,0,1,0,2,0,9.0,318,59,5.389830508474576
1,2,105,0,1,1,4,5,1,0,1,1,1,0,1,0,2,0,4.0,74,10,7.4
1,11,105,0,1,0,0,0,1,0,0,0,0,0,1,0,2,0,3.0,247,46,5.369565217391305
1,9,104,0,1,6,0,0,1,1,0,0,1,0,1,40,2,0,4.0,116,19,6.105263157894737
1,11,104,0,1,5,0,0,1,1,1,1,1,0,1,0,2,0,4.0,145,25,5.8
1,8,104,0,0,4,5,5,2,1,1,0,1,0,1,0,2,0,1.0,195,33,5.909090909090909
0,2,144,114,1,4,6,0,1,1,1,1,1,0,1,0,2,0,5.0,12,2,6.0
0,3,144,0,0,0,6,0,1,0,0,0,1,0,1,0,2,0,1.0,137,26,5.269230769230769
0,24,144,0,1,0,6,0,1,0,0,0,0,1,1,0,0,0,3.0,758,148,5.121621621621622
0,11,159,0,0,4,0,0,1,2,0,0,1,0,1,200,2,0,3.0,25,4,6.25
0,9,144,0,1,0,1,5,1,1,0,0,0,0,1,0,4,1,3.0,582,120,4.85
1,2,104,0,1,0,5,5,1,1,1,1,1,0,2,0,2,0,2.0,118,22,5.363636363636363
0,2,144,0,0,1,6,0,1,0,0,0,1,0,1,0,12,0,3.0,218,39,5.589743589743589
1,11,104,82,1,4,6,0,1,1,0,0,1,0,1,10,12,0,3.0,301,59,5.101694915254237
0,95,66,0,1,1,0,0,2,0,0,0,0,0,1,0,2,0,2.0,213,40,5.325
1,13,128,96,0,4,6,0,2,0,0,0,1,0,1,0,3,0,6.0,639,117,5.461538461538462
1,7,105,0,1,5,0,0,0,0,0,0,2,0,1,0,12,0,1.0,34,7,4.857142857142857
0,3,5,114,0,4,5,0,2,0,1,1,1,0,1,0,1,0,1.0,105,20,5.25
0,1,144,0,1,1,6,0,1,1,0,0,1,0,1,0,2,0,4.0,248,41,6.048780487804878
0,3,144,0,0,1,0,0,0,0,1,0,0,0,1,0,2,0,3.0,134,25,5.36
1,1,104,0,1,4,6,0,0,1,1,1,1,0,1,0,2,0,3.0,134,29,4.620689655172414
1,3,105,0,1,2,3,5,0,1,1,1,1,0,1,0,5,0,4.0,264,59,4.47457627118644
0,1,144,0,1,0,0,0,2,0,1,0,1,0,1,0,12,0,3.0,381,81,4.703703703703703
1,3,105,0,2,3,4,5,1,0,1,0,1,0,2,0,12,0,4.0,179,33,5.424242424242424
0,17,144,0,0,0,1,0,1,0,1,1,1,0,1,0,7,0,6.0,168,25,6.72
1,1,105,106,2,0,1,4,1,0,1,0,1,0,3,0,12,0,26.0,733,121,6.0578512396694215
1,6,105,0,0,2,6,0,0,0,1,1,1,0,1,0,2,0,1.0,850,166,5.120481927710843
0,84,51,0,1,5,6,0,0,2,0,0,0,0,1,250,2,0,2.0,154,29,5.310344827586207
0,2,144,0,1,0,1,3,1,0,1,0,1,0,2,0,12,0,10.0,75,12,6.25
0,2,144,114,1,0,0,0,1,1,0,0,1,0,1,0,12,0,2.0,324,57,5.684210526315789
0,36,144,0,2,0,1,0,2,0,2,2,0,0,2,0,2,0,1.0,149,27,5.518518518518518
0,2,144,0,0,0,1,0,1,0,2,2,1,0,1,0,2,0,1.0,82,14,5.857142857142857
1,12,105,101,0,4,0,0,2,1,0,0,1,0,1,0,12,0,5.0,594,123,4.829268292682927
1,2,105,0,0,0,1,0,1,0,0,0,1,0,1,70,2,0,1.0,102,20,5.1
0,12,144,0,1,1,6,0,1,0,2,2,0,0,1,0,12,0,3.0,187,39,4.794871794871795
0,24,8,0,1,2,0,0,2,1,0,0,1,0,1,400,12,0,24.0,38,6,6.333333333333333
1,30,105,0,1,0,6,0,0,0,0,0,0,0,1,50,12,0,1.0,138,20,6.9
0,2,144,0,1,4,0,0,1,0,1,1,1,0,1,0,12,0,5.0,100,17,5.882352941176471
1,2,105,0,1,0,1,0,0,0,2,2,2,0,1,0,2,0,1.0,167,32,5.21875
0,5,144,114,1,1,4,5,1,0,0,0,0,0,1,0,2,0,2.0,412,78,5.282051282051282
0,1,144,114,2,1,4,0,1,0,1,1,1,0,2,0,12,0,3.0,144,31,4.645161290322581
0,48,144,0,0,1,3,0,2,0,2,1,1,0,1,1,2,0,0.0,42,8,5.25
1,3,105,0,0,3,0,0,0,0,0,0,1,0,1,0,12,0,6.0,68,10,6.8
0,6,144,0,1,0,2,5,1,1,0,0,0,0,1,0,2,0,4.0,354,68,5.205882352941177
1,8,104,81,2,0,3,5,1,1,1,1,1,0,3,0,2,0,0.0,49,8,6.125
0,3,144,0,0,1,4,0,1,0,1,1,1,0,2,0,2,0,6.0,544,103,5.281553398058253
0,3,144,0,1,4,0,0,1,0,1,0,1,0,1,0,3,0,10.0,250,35,7.142857142857143
0,2,144,0,0,0,1,0,1,0,0,0,1,0,1,0,2,0,6.0,690,138,5.0
1,1,105,0,2,0,4,5,1,0,1,1,1,0,2,0,2,0,2.0,69,14,4.928571428571429
1,2,128,0,0,1,4,5,0,0,1,1,1,0,1,0,2,0,2.0,780,154,5.064935064935065
0,2,144,0,1,2,0,0,1,0,1,1,1,0,1,20,3,0,1.0,122,21,5.809523809523809
1,3,105,0,2,0,5,5,1,1,1,0,1,0,2,0,12,0,8.0,581,105,5.533333333333333
1,2,104,0,0,0,1,3,1,1,1,0,1,0,1,0,3,0,4.0,437,81,5.395061728395062
0,9,144,0,1,4,0,0,1,0,1,0,0,0,1,0,12,0,4.0,429,81,5.296296296296297
0,14,144,0,1,1,0,0,1,0,1,1,0,0,1,0,2,0,4.0,659,126,5.23015873015873
1,2,142,82,0,6,0,0,0,0,1,1,1,0,1,50,2,0,2.0,163,25,6.52
0,6,144,0,1,1,6,0,1,1,1,0,1,0,1,0,2,0,5.0,336,62,5.419354838709677
1,2,105,0,1,1,3,5,0,0,2,0,1,0,1,0,12,0,5.0,120,22,5.454545454545454
0,2,144,0,0,0,1,5,1,1,1,1,1,0,4,0,2,0,5.0,302,52,5.8076923076923075
1,1,104,0,2,0,1,5,0,0,1,1,1,0,3,0,12,0,4.0,191,37,5.162162162162162
0,84,17,0,1,1,6,0,1,0,0,0,0,0,1,0,12,0,1.0,113,21,5.380952380952381
1,8,105,0,0,5,6,0,0,0,0,0,0,0,1,0,12,0,2.0,358,70,5.114285714285714
1,2,105,0,0,2,6,0,1,0,1,1,1,0,1,0,2,0,5.0,74,13,5.6923076923076925
1,12,103,0,1,5,0,0,1,2,1,1,1,0,1,0,2,0,5.0,22,4,5.5
1,18,104,0,0,4,5,5,2,1,1,1,0,0,1,0,12,0,5.0,374,75,4.986666666666666
0,11,60,47,1,0,4,5,0,0,2,2,2,0,1,0,12,0,2.0,347,68,5.102941176470588
1,12,105,0,1,1,4,5,1,0,1,1,1,0,1,0,2,3,11.0,241,49,4.918367346938775
0,1,144,0,0,0,1,0,1,1,1,1,1,0,1,0,12,0,1.0,52,8,6.5
1,48,105,0,1,5,0,0,1,0,0,0,0,0,1,0,3,0,5.0,163,30,5.433333333333334
0,2,144,0,0,1,4,5,1,0,1,0,1,0,4,0,12,0,11.0,55,9,6.111111111111111
1,8,104,0,1,0,6,0,1,1,2,2,2,0,1,0,2,0,5.0,826,165,5.006060606060606
0,9,41,0,0,1,0,0,0,1,0,0,1,0,1,0,2,0,3.0,271,46,5.891304347826087
1,2,120,0,2,0,5,5,0,0,1,1,1,0,3,0,5,0,4.0,250,47,5.319148936170213
1,3,105,0,0,0,0,0,1,0,0,0,1,0,1,0,2,0,1.0,123,24,5.125
1,1,105,0,2,2,5,5,0,0,1,1,1,0,4,0,2,0,3.0,481,91,5.285714285714286
0,1,144,0,1,4,0,0,1,0,0,0,1,0,1,0,2,0,4.0,239,39,6.128205128205129
0,2,144,0,2,0,1,0,2,0,1,1,1,0,6,0,2,0,5.0,628,118,5.322033898305085
0,4,144,114,1,1,0,0,1,1,1,2,2,0,1,0,2,0,4.0,407,76,5.355263157894737
1,6,105,0,1,0,2,5,0,1,2,2,2,0,1,0,12,0,1.0,25,5,5.0
1,2,104,0,2,0,3,4,1,1,1,1,1,0,5,0,2,0,4.0,35,6,5.833333333333333
1,2,128,82,1,1,6,0,0,1,2,2,1,0,1,0,2,0,3.0,102,17,6.0
0,2,144,114,1,1,0,0,1,0,0,0,1,0,1,30,2,0,4.0,503,89,5.651685393258427
0,2,144,114,1,0,1,0,2,0,1,0,1,0,1,50,5,0,4.0,229,45,5.088888888888889
1,4,133,0,1,0,1,1,1,1,1,1,1,0,2,0,2,0,2.0,364,63,5.777777777777778
1,60,105,0,1,6,0,0,2,0,0,0,0,1,1,0,2,0,5.0,20,4,5.0
1,2,105,0,0,1,6,0,0,1,1,1,1,0,1,20,2,0,3.0,28,7,4.0
0,24,144,0,1,0,1,0,1,0,0,0,0,0,1,0,3,0,3.0,278,52,5.346153846153846
0,3,144,114,1,0,1,5,1,0,1,1,1,0,2,0,2,0,2.0,22,4,5.5
0,5,41,0,0,1,0,0,0,1,0,0,1,0,1,0,2,0,1.0,320,60,5.333333333333333
0,2,144,0,1,0,1,5,1,1,1,1,1,0,1,20,3,0,1.0,141,25,5.64
1,7,105,0,1,0,1,5,1,0,0,0,0,0,1,0,7,0,3.0,574,108,5.314814814814815
1,4,104,0,0,5,6,0,1,1,1,1,1,0,1,0,2,0,2.0,41,7,5.857142857142857
0,24,144,0,0,4,0,0,1,1,0,0,1,0,1,0,2,0,2.0,231,46,5.021739130434782
1,7,128,0,0,2,0,0,1,0,0,0,2,0,1,0,12,0,0.0,356,78,4.564102564102564
0,3,166,114,1,0,1,3,1,0,0,0,0,0,1,8,12,0,5.0,670,124,5.403225806451613
0,0,152,114,1,1,0,0,1,0,1,1,1,0,1,0,12,0,3.0,115,24,4.791666666666667
1,21,105,0,1,0,5,5,1,1,2,0,0,0,1,0,2,0,8.0,475,98,4.846938775510204
1,2,105,0,0,6,0,0,0,0,0,0,1,0,1,0,2,0,3.0,25,3,8.333333333333334
1,12,140,0,1,1,4,5,1,0,1,1,0,0,1,0,2,0,3.0,519,88,5.8977272727272725
0,2,144,0,0,6,0,0,1,0,0,0,1,0,1,50,2,0,2.0,92,17,5.411764705882353
0,2,144,0,1,1,4,0,1,0,1,0,1,0,1,0,7,0,1.0,148,30,4.933333333333334
1,2,132,82,1,0,6,0,1,0,1,0,1,0,1,50,2,2,5.0,1168,214,5.457943925233645
0,7,144,48,1,0,6,0,1,0,0,0,1,0,1,100,2,0,3.0,155,24,6.458333333333333
0,2,144,114,0,1,0,0,1,1,0,0,1,0,1,0,2,0,4.0,12,2,6.0
1,1,104,0,2,0,3,5,0,1,1,1,1,0,4,0,2,0,5.0,70,13,5.384615384615385
0,7,155,124,1,4,6,0,0,0,0,0,0,0,1,0,5,0,3.0,193,32,6.03125
0,1,144,0,0,1,6,0,1,0,1,1,1,0,1,0,2,0,2.0,943,175,5.388571428571429
0,108,8,0,0,2,0,0,2,1,0,0,2,0,1,0,12,0,1.0,503,92,5.467391304347826
0,2,144,114,0,1,0,0,1,1,0,0,1,0,1,0,12,0,1.0,283,51,5.549019607843137
0,3,144,0,1,0,1,5,1,0,1,1,1,0,1,0,2,0,4.0,31,6,5.166666666666667
1,5,104,0,1,0,5,0,1,1,1,0,1,0,2,0,12,0,1.0,169,30,5.633333333333334
0,36,144,0,0,1,0,0,2,1,0,0,0,0,1,150,2,0,1.0,38,7,5.428571428571429
1,18,128,0,1,1,0,0,1,0,1,0,0,0,1,200,12,0,4.0,1299,248,5.237903225806452
1,7,105,96,1,2,5,5,1,1,1,2,0,0,1,0,2,0,2.0,198,38,5.2105263157894735
0,1,17,114,0,1,6,0,1,1,1,1,1,0,1,0,12,0,1.0,169,34,4.970588235294118
0,20,144,12,1,1,5,5,1,0,0,0,0,0,2,0,12,0,11.0,912,173,5.271676300578035
0,1,144,114,2,0,1,5,1,1,1,1,1,0,10,0,12,0,21.0,432,81,5.333333333333333
0,0,144,0,2,0,1,5,1,0,1,1,1,0,5,0,3,0,8.0,620,119,5.2100840336134455
0,1,144,114,2,0,1,5,0,0,1,1,1,0,6,0,2,0,5.0,217,42,5.166666666666667
0,2,144,0,1,0,1,5,1,1,0,0,1,0,1,0,2,0,3.0,65,13,5.0
0,7,51,30,1,0,1,0,1,1,0,0,1,0,1,100,12,0,2.0,505,90,5.611111111111111
0,2,144,0,1,0,1,0,1,0,2,2,1,0,1,0,2,0,1.0,123,21,5.857142857142857
1,2,105,0,0,0,0,0,1,1,0,0,1,0,1,0,12,0,3.0,226,48,4.708333333333333
0,4,144,0,1,0,1,5,1,1,1,1,1,0,1,0,2,0,4.0,238,46,5.173913043478261
1,24,105,0,1,1,2,5,1,0,0,0,0,0,1,0,2,0,7.0,291,54,5.388888888888889
0,15,144,0,1,6,0,0,1,0,0,0,0,0,1,0,2,0,6.0,926,182,5.087912087912088
0,3,144,0,1,0,1,5,1,0,0,0,1,0,1,0,2,0,4.0,705,133,5.3007518796992485
0,3,144,0,1,1,0,0,0,0,1,0,1,0,1,0,2,0,5.0,248,47,5.276595744680851
0,1,144,0,1,0,0,0,0,0,1,1,1,0,1,0,2,0,1.0,109,21,5.190476190476191
1,4,104,0,0,0,5,0,1,1,2,0,2,0,1,0,12,0,2.0,173,32,5.40625
0,1,144,0,0,2,0,0,1,0,1,1,1,0,1,0,2,0,1.0,75,11,6.818181818181818
1,4,105,0,0,2,4,5,1,0,2,2,1,0,1,50,2,0,1.0,708,128,5.53125
1,36,104,0,0,1,6,0,2,1,1,0,1,0,1,0,3,0,1.0,92,20,4.6
0,3,144,0,0,0,1,0,0,0,0,0,1,0,1,0,2,0,3.0,477,90,5.3
0,3,144,114,1,0,0,0,1,0,0,0,2,0,2,0,12,0,5.0,185,38,4.868421052631579
0,2,144,114,2,1,6,0,0,0,1,1,1,0,2,0,12,0,3.0,156,28,5.571428571428571
1,3,105,0,1,0,1,1,1,0,1,0,1,0,1,0,12,0,4.0,819,143,5.7272727272727275
1,2,105,0,2,0,3,5,0,0,1,1,1,0,3,0,12,0,7.0,2943,514,5.72568093385214
0,26,144,0,1,0,1,0,1,0,0,0,1,0,1,0,12,0,5.0,291,58,5.017241379310345
1,36,117,80,0,0,1,0,3,2,0,0,0,0,2,200,2,0,3.0,1007,188,5.3563829787234045
0,120,36,0,1,5,6,0,0,1,2,2,0,0,1,0,2,0,5.0,404,83,4.867469879518072
1,2,105,0,1,0,1,2,0,0,1,1,1,0,1,0,2,0,13.0,313,55,5.6909090909090905
0,3,144,0,1,1,0,0,1,0,0,0,1,0,1,0,12,0,4.0,54,8,6.75
1,9,104,0,1,0,0,0,1,1,1,1,1,0,1,0,7,0,2.0,448,91,4.923076923076923
1,4,105,0,0,0,0,0,1,0,1,1,1,0,1,0,2,0,2.0,81,14,5.785714285714286
1,2,103,0,2,0,1,0,2,2,1,1,1,0,4,0,2,0,5.0,709,131,5.412213740458015
0,36,17,0,1,1,6,0,0,1,2,2,2,0,1,0,2,0,5.0,528,105,5.0285714285714285
0,3,144,0,0,1,0,0,1,0,0,0,2,0,1,0,12,0,7.0,115,23,5.0
1,3,122,82,2,5,6,0,1,1,1,1,1,0,2,0,2,0,2.0,966,187,5.165775401069519
0,4,144,0,0,0,0,0,1,0,0,0,1,0,1,0,7,0,2.0,47,8,5.875
0,48,41,0,0,1,0,0,1,0,2,2,1,1,1,0,12,0,2.0,16,3,5.333333333333333
1,48,85,0,1,1,5,5,2,2,0,2,2,0,1,300,2,0,2.0,250,51,4.901960784313726
1,41,120,0,1,0,6,0,2,1,0,0,0,0,1,0,2,0,5.0,839,170,4.935294117647059
0,8,144,16,0,0,1,0,1,0,2,2,0,0,1,0,2,0,3.0,322,60,5.366666666666666
0,1,144,0,1,1,0,0,1,1,1,0,1,0,1,0,12,0,16.0,106,21,5.0476190476190474
0,1,144,0,1,0,6,0,1,0,0,0,1,0,1,0,2,0,6.0,458,78,5.871794871794871
1,2,105,0,2,4,6,0,0,0,1,1,1,0,4,0,12,0,4.0,475,98,4.846938775510204
0,2,144,0,1,0,1,5,1,0,1,0,1,0,1,0,12,0,4.0,586,109,5.376146788990826
1,13,103,96,1,0,2,5,1,2,0,0,1,0,1,0,2,0,4.0,126,23,5.478260869565218
1,12,105,0,1,0,1,4,0,0,0,0,0,0,1,0,2,0,6.0,704,133,5.293233082706767
0,12,144,0,1,0,6,0,0,0,1,1,1,0,1,0,12,0,5.0,525,91,5.769230769230769
1,24,105,82,2,0,1,5,1,0,2,2,2,1,5,0,2,0,1.0,52,8,6.5
1,12,105,0,0,1,6,0,1,0,2,2,2,0,1,0,2,0,2.0,167,32,5.21875
0,1,144,0,0,0,1,1,1,0,1,1,2,0,6,1,12,0,4.0,24,5,4.8
1,11,105,0,1,2,5,5,1,0,0,0,0,0,1,0,2,0,1.0,37,7,5.285714285714286
0,6,144,0,1,1,0,0,1,0,0,0,1,0,1,0,2,0,1.0,214,44,4.863636363636363
1,3,105,82,1,2,4,5,1,0,1,1,1,0,1,0,3,0,4.0,186,38,4.894736842105263
0,1,144,114,1,4,6,0,1,0,1,1,1,0,1,0,2,0,10.0,683,133,5.135338345864661
1,1,105,0,0,0,0,0,0,0,1,1,1,0,1,0,12,0,4.0,216,46,4.695652173913044
1,6,96,0,1,1,3,3,1,0,0,0,1,0,1,0,7,0,1.0,417,75,5.56
1,1,104,81,2,0,1,5,1,1,1,1,1,0,2,0,12,0,5.0,401,61,6.573770491803279
1,18,96,73,2,0,2,5,1,2,2,2,2,0,3,0,2,0,10.0,348,69,5.043478260869565
0,6,144,0,1,0,1,5,1,0,0,0,0,0,1,0,12,0,1.0,319,55,5.8
0,3,144,0,0,1,6,0,1,0,1,0,1,0,1,0,4,0,1.0,292,59,4.9491525423728815
0,2,144,0,0,0,0,0,1,0,1,1,1,0,1,0,2,0,5.0,699,120,5.825
1,2,137,0,0,3,0,0,0,0,0,0,0,0,1,0,2,0,2.0,514,91,5.648351648351649
1,1,105,0,1,1,4,0,1,0,1,0,1,0,1,0,2,2,3.0,867,164,5.286585365853658
1,3,104,0,1,0,1,5,1,1,1,1,1,0,1,0,2,0,1.0,56,10,5.6
1,2,105,0,0,3,0,0,1,0,1,0,1,0,1,0,12,0,9.0,404,81,4.987654320987654
0,24,47,35,1,0,0,0,1,0,0,0,1,0,1,0,12,0,0.0,159,24,6.625
0,6,144,0,1,0,0,0,1,0,0,1,1,0,2,50,2,0,3.0,461,84,5.488095238095238
0,2,144,0,0,4,0,0,1,1,0,0,1,0,1,0,2,0,1.0,246,48,5.125
0,7,8,6,1,1,0,0,2,2,0,0,1,0,1,500,2,0,1.0,12,2,6.0
0,1,144,0,1,1,0,0,1,0,1,1,1,0,1,0,4,1,6.0,706,133,5.30827067669173
1,2,105,0,1,0,1,4,1,0,1,0,1,0,1,50,2,1,7.0,812,151,5.377483443708609
1,84,105,0,0,1,6,0,1,0,0,0,0,0,1,0,2,0,2.0,162,30,5.4
0,60,60,0,1,1,6,0,1,0,0,0,2,0,1,0,2,0,1.0,8,1,8.0
0,1,144,0,1,6,0,0,1,0,0,0,1,0,1,0,2,0,2.0,56,8,7.0
0,48,5,0,1,0,2,0,2,1,1,1,1,0,1,0,2,0,3.0,286,57,5.017543859649122
1,1,94,0,0,0,0,0,0,0,1,1,1,0,1,0,12,0,4.0,183,34,5.382352941176471
1,1,104,113,2,1,3,4,0,1,1,1,1,0,5,0,2,0,2.0,171,32,5.34375
1,1,104,81,1,1,5,0,0,1,1,0,0,0,1,200,12,0,3.0,222,40,5.55
1,3,104,0,0,0,1,0,1,1,1,0,1,0,1,0,2,0,1.0,85,14,6.071428571428571
1,2,105,0,1,2,3,5,1,1,0,0,1,0,1,0,2,0,1.0,150,29,5.172413793103448
1,2,104,94,1,2,6,0,1,1,1,0,1,0,1,50,3,0,2.0,664,115,5.773913043478261
0,48,159,0,0,1,0,0,1,1,0,0,1,0,1,200,2,0,0.0,263,55,4.781818181818182
0,5,8,57,0,2,6,0,0,2,0,0,0,0,1,0,2,0,1.0,52,10,5.2
0,2,144,0,0,1,4,0,1,0,1,1,1,0,1,0,2,0,3.0,363,63,5.761904761904762
1,13,104,0,1,0,1,5,2,1,0,0,1,0,1,0,12,0,5.0,722,147,4.91156462585034
1,3,105,0,0,4,0,0,0,0,1,0,1,0,1,0,3,0,4.0,178,27,6.592592592592593
1,8,84,0,0,2,6,0,1,1,1,1,0,0,1,100,12,0,2.0,25,5,5.0
1,3,105,0,0,0,6,0,0,0,0,0,0,0,1,0,12,0,2.0,28,5,5.6
0,3,47,114,1,1,4,0,1,0,1,0,1,0,1,0,3,0,11.0,47,9,5.222222222222222
0,3,136,0,0,1,0,0,1,1,1,0,1,0,4,0,2,0,3.0,81,17,4.764705882352941
0,1,144,0,1,0,1,0,0,1,1,1,1,0,2,0,2,0,4.0,299,57,5.245614035087719
0,2,144,0,1,0,1,0,1,0,1,1,1,0,1,20,3,0,1.0,201,32,6.28125
1,2,84,0,1,5,0,0,0,0,1,1,2,0,1,0,2,0,0.0,76,15,5.066666666666666
1,1,105,73,1,0,3,5,1,0,1,0,1,0,1,0,2,0,3.0,457,72,6.347222222222222
1,18,105,81,1,1,2,5,1,0,1,0,1,0,1,0,12,0,3.0,121,22,5.5
0,2,144,114,0,0,1,3,0,0,1,1,1,0,1,0,2,0,1.0,24,5,4.8
