Type,Age,Breed1,Breed2,Gender,Color1,Color2,Color3,MaturitySize,FurLength,Vaccinated,Dewormed,Sterilized,Health,Quantity,Fee,State,VideoAmt,PhotoAmt,desc_length,desc_words,average_word_length
0,4,144,0,1,0,1,0,1,0,0,0,1,0,1,150,12,0,8.0,146,25,5.84
1,3,103,0,1,0,1,3,2,2,0,0,1,0,1,50,2,0,2.0,658,126,5.222222222222222
1,6,105,0,1,1,0,0,0,0,0,0,0,0,1,0,2,0,1.0,39,8,4.875
0,3,144,0,1,5,0,0,1,0,1,0,1,0,3,0,2,0,5.0,94,14,6.714285714285714
0,5,17,114,0,6,0,0,1,0,0,0,0,0,1,0,12,0,6.0,245,44,5.568181818181818
1,60,103,0,0,0,1,5,2,2,0,0,0,0,1,0,2,0,3.0,477,89,5.359550561797753
1,6,104,0,1,4,6,0,1,1,1,0,1,0,1,50,2,0,4.0,126,21,6.0
1,3,105,0,1,1,2,0,0,0,0,0,1,0,1,0,2,0,7.0,625,110,5.681818181818182
1,2,104,0,0,2,0,0,0,1,1,1,1,0,1,0,12,0,2.0,33,4,8.25
0,3,144,0,1,1,0,0,1,0,0,0,1,0,1,0,12,0,4.0,165,31,5.32258064516129
0,4,144,0,1,0,0,0,1,0,1,0,1,0,1,0,6,0,5.0,678,125,5.424
1,17,105,0,1,0,1,5,0,0,2,2,0,0,1,0,2,0,3.0,430,84,5.119047619047619
1,3,105,0,1,5,6,0,1,0,0,0,1,0,1,0,12,1,3.0,426,84,5.071428571428571
0,36,166,0,1,0,1,0,2,1,2,2,2,1,1,0,12,0,4.0,284,59,4.813559322033898
0,12,144,0,1,4,6,0,1,0,2,2,2,0,1,0,2,1,1.0,521,92,5.663043478260869
0,4,144,114,1,6,0,0,0,0,0,0,0,0,1,0,2,0,2.0,608,116,5.241379310344827
0,3,144,0,0,0,6,0,1,0,0,0,1,0,1,0,2,0,3.0,91,17,5.352941176470588
1,12,105,82,0,2,6,0,1,0,0,0,0,0,2,0,12,0,2.0,160,24,6.666666666666667
0,3,144,0,0,0,6,0,1,0,0,0,0,0,1,0,2,0,3.0,316,62,5.096774193548387
1,10,105,0,1,3,0,0,1,0,0,0,0,0,1,0,12,0,8.0,296,54,5.481481481481482
0,2,144,0,0,0,1,3,1,0,1,1,1,0,1,0,2,0,2.0,517,102,5.068627450980392
1,2,105,73,1,0,3,5,0,0,1,1,1,0,1,0,2,0,5.0,729,116,6.2844827586206895
0,2,144,16,2,4,6,0,2,0,0,0,1,0,3,0,2,1,8.0,344,51,6.745098039215686
0,3,159,117,1,1,0,0,0,0,1,1,1,0,1,0,4,0,3.0,37,6,6.166666666666667
0,1,69,47,2,0,4,5,1,1,1,1,1,0,4,0,2,0,2.0,207,40,5.175
0,36,144,0,1,1,0,0,1,0,0,0,0,0,1,0,2,0,1.0,35,6,5.833333333333333
0,2,144,114,1,0,1,0,1,1,1,0,1,0,1,0,2,0,4.0,12,2,6.0
1,6,105,106,1,5,0,0,1,0,2,2,2,0,1,0,7,0,4.0,336,64,5.25
0,2,144,0,1,0,1,0,1,0,1,1,1,0,3,0,7,0,3.0,305,62,4.919354838709677
1,3,105,0,0,0,6,0,0,0,1,1,1,0,2,0,1,0,9.0,345,63,5.476190476190476
0,2,144,4,1,0,1,0,1,1,1,0,1,0,1,250,12,0,13.0,157,28,5.607142857142857
0,1,144,0,1,0,1,0,1,0,0,0,1,0,1,0,2,0,9.0,136,23,5.913043478260869
0,5,144,0,1,0,1,5,1,0,0,0,1,0,1,0,12,0,1.0,144,22,6.545454545454546
0,7,144,0,0,1,6,0,1,1,0,2,2,0,1,0,2,0,1.0,30,5,6.0
1,22,104,0,1,0,0,0,1,1,0,0,0,0,1,0,3,0,7.0,291,54,5.388888888888889
0,10,144,0,1,6,0,0,1,0,1,0,0,0,1,0,12,0,2.0,65,11,5.909090909090909
1,6,104,0,0,5,6,0,1,1,0,0,0,0,1,120,2,1,5.0,698,128,5.453125
0,1,144,0,1,0,2,0,1,1,1,1,1,0,1,0,12,0,5.0,297,55,5.4
1,12,104,0,1,0,6,0,1,1,0,0,0,0,1,150,2,0,1.0,109,19,5.7368421052631575
0,6,144,0,1,0,0,0,1,1,1,0,1,0,1,0,2,1,4.0,535,100,5.35
0,2,144,0,1,1,6,0,1,1,2,2,1,0,1,0,2,0,2.0,124,22,5.636363636363637
1,1,105,0,2,1,3,5,1,1,0,0,1,0,20,0,12,0,5.0,142,24,5.916666666666667
1,3,135,0,0,2,0,0,0,0,2,2,2,0,1,0,2,0,1.0,144,26,5.538461538461538
0,1,144,0,2,0,1,5,1,0,2,2,2,0,5,0,2,0,15.0,1,1,1.0
0,2,144,0,1,1,0,0,1,0,1,0,1,0,4,0,4,0,2.0,452,90,5.022222222222222
1,2,135,0,2,0,3,4,1,1,1,1,1,0,2,0,2,0,2.0,180,31,5.806451612903226
1,12,105,0,2,0,6,0,1,0,1,1,1,0,2,0,12,0,2.0,502,94,5.340425531914893
0,36,51,0,1,5,6,0,1,1,0,0,1,0,1,0,2,0,1.0,225,39,5.769230769230769
0,12,41,0,0,5,0,0,1,0,0,0,0,0,1,0,2,0,7.0,262,50,5.24
0,48,17,0,1,4,0,0,0,0,0,0,0,0,1,0,12,0,1.0,74,14,5.285714285714286
1,24,122,0,0,0,1,5,1,2,0,0,1,0,1,0,2,0,1.0,149,24,6.208333333333333
0,76,54,0,1,0,1,5,1,1,0,0,1,0,1,0,2,0,2.0,130,23,5.6521739130434785
1,30,84,0,1,5,6,0,1,1,1,1,1,0,1,0,12,0,1.0,76,14,5.428571428571429
0,9,144,114,2,0,1,0,1,0,0,0,1,0,2,30,2,0,3.0,474,87,5.448275862068965
0,3,144,0,1,1,0,0,1,0,2,2,1,0,1,0,2,0,2.0,106,18,5.888888888888889
0,24,164,56,0,0,1,3,1,1,0,0,0,0,1,200,2,0,2.0,276,51,5.411764705882353
1,4,105,81,0,0,4,0,1,1,0,0,1,0,1,0,3,0,3.0,780,132,5.909090909090909
0,1,144,0,1,4,0,0,1,1,2,2,2,0,2,0,0,0,1.0,89,15,5.933333333333334
1,24,105,82,1,4,0,0,0,0,0,0,2,0,1,0,2,0,2.0,102,20,5.1
0,3,144,114,0,1,6,0,1,0,1,1,1,0,1,1,3,0,2.0,271,57,4.754385964912281
1,2,122,82,2,0,1,0,2,1,1,1,1,0,2,50,2,0,2.0,276,50,5.52
1,12,135,0,0,2,4,0,1,0,0,0,0,0,1,0,2,0,3.0,292,59,4.9491525423728815
0,2,157,114,2,1,4,0,1,0,1,0,1,0,4,0,2,0,8.0,152,27,5.62962962962963
1,3,105,0,2,0,5,5,1,0,1,1,1,0,7,0,2,0,14.0,569,112,5.080357142857143
1,10,105,0,1,0,6,0,1,1,1,1,1,0,1,0,2,0,1.0,115,21,5.476190476190476
0,0,144,0,2,0,1,5,1,0,1,1,1,0,8,0,2,0,7.0,113,19,5.947368421052632
1,1,105,81,1,6,0,0,0,1,1,1,1,0,1,0,2,0,4.0,158,32,4.9375
0,2,144,0,0,6,0,0,1,0,0,0,1,0,1,0,2,0,1.0,279,51,5.470588235294118
1,2,104,0,1,0,6,0,0,1,1,1,1,0,1,0,12,0,1.0,180,27,6.666666666666667
1,6,104,82,1,0,1,0,0,1,0,0,0,0,1,30,2,0,3.0,35,5,7.0
1,1,105,0,1,0,3,5,0,0,1,1,1,0,1,0,12,0,1.0,28,7,4.0
0,12,144,0,0,4,0,0,1,0,1,0,1,0,1,0,2,0,3.0,8,1,8.0
1,4,104,0,2,5,6,0,0,1,1,1,1,0,2,40,2,0,1.0,99,16,6.1875
1,0,135,0,0,4,5,5,1,1,1,1,1,0,1,0,12,0,1.0,263,48,5.479166666666667
1,4,105,0,1,0,1,1,1,0,1,0,1,1,1,0,2,0,2.0,339,62,5.467741935483871
1,10,135,0,1,0,6,0,0,1,0,0,0,0,1,0,2,0,1.0,58,11,5.2727272727272725
0,1,144,0,0,4,6,0,1,1,1,1,1,0,1,0,3,0,3.0,244,46,5.304347826086956
1,1,105,0,1,0,3,5,0,0,1,1,1,0,1,0,2,0,4.0,161,24,6.708333333333333
0,1,144,114,2,2,3,3,1,0,1,1,1,0,6,0,12,0,1.0,493,88,5.6022727272727275
0,54,8,0,0,2,0,0,2,1,0,0,1,0,1,350,12,0,20.0,23,4,5.75
1,12,105,80,0,1,6,0,1,1,0,0,0,0,1,100,2,0,4.0,682,119,5.73109243697479
0,50,144,114,1,4,6,0,1,1,1,1,1,0,1,0,2,0,4.0,182,31,5.870967741935484
0,1,144,0,1,1,0,0,1,0,1,1,1,0,1,0,4,1,8.0,698,132,5.287878787878788
0,1,144,0,1,1,0,0,1,0,1,1,1,0,2,0,2,0,3.0,26,5,5.2
0,2,144,0,1,0,1,0,1,0,1,1,1,0,4,0,12,0,3.0,156,32,4.875
0,2,144,0,1,1,6,0,1,0,1,1,1,0,1,0,2,0,1.0,742,125,5.936
1,4,105,0,1,0,6,0,0,0,1,1,1,0,1,0,2,0,3.0,54,9,6.0
1,2,105,0,0,0,6,0,0,0,1,0,1,1,1,9,2,1,10.0,458,86,5.325581395348837
0,12,144,0,0,3,0,0,1,0,2,0,2,1,1,0,2,0,2.0,781,159,4.911949685534591
0,3,144,0,1,0,1,0,1,0,0,0,1,0,1,0,2,0,3.0,266,54,4.925925925925926
1,5,105,0,1,0,3,3,1,1,1,1,1,0,2,0,12,0,2.0,171,26,6.576923076923077
1,4,105,0,1,0,3,5,1,0,1,1,1,0,3,0,2,0,7.0,215,44,4.886363636363637
0,2,144,0,2,0,4,5,1,0,1,2,1,0,8,0,12,0,1.0,297,57,5.2105263157894735
1,3,128,82,2,0,6,0,1,0,1,1,1,0,5,0,2,0,5.0,174,28,6.214285714285714
1,4,105,0,0,3,6,0,0,0,1,0,1,0,1,0,2,2,4.0,232,44,5.2727272727272725
1,24,104,80,1,0,3,5,1,2,2,2,2,0,6,0,2,0,4.0,20,5,4.0
0,2,144,0,1,0,0,0,1,1,1,1,1,0,1,20,3,0,1.0,144,25,5.76
1,7,105,82,2,2,5,5,1,0,2,2,2,0,2,0,2,0,1.0,554,105,5.276190476190476
0,2,30,0,0,0,1,0,0,0,1,0,1,0,1,0,12,0,6.0,402,72,5.583333333333333
1,1,105,0,0,0,4,4,1,0,1,1,1,0,1,0,2,2,5.0,882,168,5.25
0,9,144,0,0,5,0,0,1,0,2,0,1,0,1,0,2,0,4.0,212,42,5.0476190476190474
0,12,8,114,2,0,1,0,1,1,2,2,1,0,3,0,2,0,9.0,798,142,5.619718309859155
1,60,105,0,0,3,0,0,2,0,0,0,0,0,1,0,12,0,1.0,231,38,6.078947368421052
1,1,105,0,0,0,3,5,0,0,1,2,2,0,5,5,12,0,4.0,603,126,4.785714285714286
0,1,150,114,0,1,6,0,1,1,1,1,1,0,1,0,12,0,3.0,69,15,4.6
1,10,104,82,0,3,6,0,2,1,1,1,1,0,1,0,12,0,1.0,626,122,5.131147540983607
0,3,144,4,0,1,4,0,1,0,1,0,0,0,1,0,12,0,8.0,70,11,6.363636363636363
0,2,144,0,1,1,0,0,1,0,0,0,1,0,1,0,2,0,4.0,209,38,5.5
1,3,84,0,2,1,3,0,0,1,1,1,1,0,2,0,2,0,4.0,265,55,4.818181818181818
0,48,47,0,1,0,1,1,2,1,0,0,1,0,1,0,4,0,1.0,456,85,5.364705882352941
0,4,0,114,1,1,2,0,1,0,0,0,1,0,1,100,2,0,5.0,229,41,5.585365853658536
0,4,144,0,1,0,3,0,1,1,0,0,0,0,1,0,4,0,3.0,523,92,5.684782608695652
0,120,62,0,1,2,5,0,0,1,2,2,2,0,1,0,2,0,1.0,207,37,5.594594594594595
0,12,8,0,1,2,6,0,1,1,0,0,0,0,1,0,2,0,3.0,132,24,5.5
1,3,105,0,1,5,6,0,1,0,1,1,1,0,1,0,2,1,7.0,415,80,5.1875
0,36,144,0,2,0,2,0,2,2,2,2,2,0,4,0,2,0,3.0,22,4,5.5
0,2,144,114,0,0,1,5,1,1,1,1,1,0,1,0,2,0,2.0,219,42,5.214285714285714
0,3,144,0,0,0,1,5,1,0,1,0,1,0,1,0,7,0,6.0,323,53,6.09433962264151
1,2,105,0,1,0,0,0,0,0,0,0,1,0,1,0,12,0,5.0,156,30,5.2
0,24,144,114,1,1,6,0,1,1,2,2,2,0,2,0,3,0,4.0,342,68,5.029411764705882
0,4,165,114,0,0,6,0,1,0,0,0,1,0,1,0,2,0,3.0,78,13,6.0
0,1,144,0,2,0,4,5,0,0,1,1,1,0,6,0,12,0,2.0,245,48,5.104166666666667
1,2,105,0,1,3,6,0,0,0,1,1,1,0,1,0,2,0,3.0,138,29,4.758620689655173
1,1,104,0,2,0,5,5,1,1,1,1,1,0,3,0,2,0,6.0,303,55,5.509090909090909
1,2,96,0,1,0,1,5,1,1,1,1,1,0,1,0,12,0,4.0,329,60,5.483333333333333
0,3,144,114,0,4,0,0,1,0,0,0,0,0,1,0,2,0,2.0,230,46,5.0
1,1,105,0,1,0,6,0,1,0,1,1,1,0,1,0,2,0,1.0,45,9,5.0
0,1,144,0,1,0,1,0,1,0,1,1,2,0,9,0,2,0,6.0,36,8,4.5
0,12,164,41,0,0,1,0,0,1,0,0,2,0,2,0,2,0,2.0,330,59,5.593220338983051
0,2,99,114,0,0,1,0,2,0,0,0,1,0,1,0,2,0,4.0,105,20,5.25
0,1,144,114,2,0,1,3,0,0,1,0,2,0,6,0,2,0,5.0,371,60,6.183333333333334
1,2,104,106,1,0,6,0,1,1,1,1,1,0,1,0,2,0,3.0,617,116,5.318965517241379
1,7,105,0,0,0,6,0,1,0,1,1,1,0,1,0,2,0,3.0,121,21,5.761904761904762
0,1,144,114,0,6,0,0,0,1,1,1,1,0,4,0,3,0,0.0,243,47,5.170212765957447
0,1,144,114,1,4,0,0,1,1,1,1,1,0,1,0,3,0,4.0,183,30,6.1
0,2,144,0,2,1,3,0,0,0,1,1,1,0,2,0,2,0,1.0,252,46,5.478260869565218
1,3,105,0,0,2,3,0,1,0,1,1,1,0,1,0,3,0,1.0,203,37,5.486486486486487
1,24,105,0,1,3,5,5,1,0,0,0,0,0,1,0,12,0,3.0,304,53,5.735849056603773
0,2,144,0,1,1,6,0,1,0,1,1,1,0,1,20,3,0,1.0,176,31,5.67741935483871
0,2,144,0,1,1,0,0,1,0,1,0,1,0,2,0,2,0,2.0,764,144,5.305555555555555
0,0,69,54,0,4,0,0,1,2,2,2,2,0,1,0,2,0,4.0,60,11,5.454545454545454
1,12,105,0,0,2,3,0,1,0,1,1,1,0,1,100,2,0,3.0,212,43,4.930232558139535
0,2,144,54,1,0,6,0,1,1,1,1,1,0,1,0,2,0,3.0,512,93,5.505376344086022
0,4,144,0,1,0,0,0,1,0,0,0,1,1,1,0,12,0,3.0,440,85,5.176470588235294
0,3,144,0,1,1,0,0,1,0,0,0,1,0,1,0,2,0,1.0,34,6,5.666666666666667
0,48,65,0,0,1,0,0,1,2,2,2,2,0,1,0,2,0,1.0,522,98,5.326530612244898
0,12,144,0,2,0,1,0,0,0,2,2,2,0,3,0,2,0,3.0,128,23,5.565217391304348
0,24,144,0,0,0,3,0,1,0,1,1,1,0,1,0,2,0,2.0,765,146,5.239726027397261
1,0,105,0,0,3,4,0,1,0,1,1,1,0,2,0,2,0,10.0,252,44,5.7272727272727275
1,2,105,0,1,0,2,5,1,0,1,1,1,0,1,0,5,0,4.0,438,81,5.407407407407407
1,4,104,82,1,2,0,0,0,1,0,0,1,0,2,0,12,0,3.0,15,3,5.0
0,2,144,0,1,0,1,5,0,0,2,2,2,0,1,0,2,0,1.0,323,63,5.126984126984127
1,3,105,0,1,0,2,2,0,0,1,1,1,0,1,0,12,0,5.0,712,131,5.435114503816794
1,24,105,0,0,4,6,0,1,0,1,0,1,1,1,0,2,0,6.0,756,153,4.9411764705882355
1,1,105,0,0,5,6,0,1,0,1,1,1,0,1,0,2,0,7.0,500,85,5.882352941176471
1,6,104,0,1,2,3,3,1,1,1,1,2,0,2,50,12,0,0.0,636,126,5.0476190476190474
1,2,105,0,0,0,4,0,1,0,1,1,1,1,1,0,2,0,1.0,185,37,5.0
0,60,22,0,1,2,3,0,2,0,2,2,2,0,1,0,2,0,2.0,191,37,5.162162162162162
1,3,104,0,1,1,2,5,0,1,0,0,1,1,1,0,2,0,4.0,652,124,5.258064516129032
0,30,69,114,0,1,6,0,1,1,0,0,0,0,1,0,2,0,4.0,348,61,5.704918032786885
1,62,105,0,0,0,0,0,2,0,0,0,0,0,1,0,12,0,2.0,316,67,4.7164179104477615
1,12,105,0,1,0,6,0,1,0,1,0,0,0,1,30,2,0,1.0,593,114,5.201754385964913
0,12,5,114,1,0,1,1,0,1,0,0,0,0,1,0,2,0,5.0,381,70,5.442857142857143
0,50,60,0,0,5,6,0,0,0,0,0,0,0,1,0,2,0,4.0,711,145,4.903448275862069
1,12,88,82,1,0,6,0,1,0,0,0,1,0,1,0,2,0,4.0,245,30,8.166666666666666
0,3,144,16,2,0,1,0,1,0,2,2,2,0,3,0,3,0,1.0,232,41,5.658536585365853
1,1,104,80,0,2,6,0,1,1,1,1,1,0,1,50,2,0,7.0,744,137,5.430656934306569
1,2,105,0,1,1,4,5,1,0,0,0,1,0,2,100,2,1,12.0,864,155,5.574193548387097
0,7,144,0,1,0,6,0,1,1,1,1,0,0,1,0,3,0,4.0,211,38,5.552631578947368
0,3,144,0,1,5,6,0,2,1,0,0,1,0,2,0,3,0,2.0,97,17,5.705882352941177
1,6,105,0,0,3,6,0,1,0,1,1,1,0,1,0,2,0,3.0,72,12,6.0
0,2,144,0,1,4,0,0,1,0,1,1,1,0,1,150,2,0,5.0,238,42,5.666666666666667
0,12,144,0,1,1,0,0,1,0,0,0,2,0,1,100,7,0,3.0,140,25,5.6
0,2,144,0,0,0,1,0,1,0,2,2,1,0,1,0,2,0,3.0,88,16,5.5
0,2,165,114,1,0,1,5,1,0,1,0,1,0,1,0,12,0,7.0,27,4,6.75
0,3,144,0,1,3,4,0,1,0,0,0,1,0,1,100,3,0,1.0,68,13,5.230769230769231
1,4,105,0,0,0,5,5,1,0,0,0,0,0,1,0,2,0,14.0,369,71,5.197183098591549
1,2,119,0,0,0,6,0,1,1,0,0,1,0,1,0,12,0,1.0,70,15,4.666666666666667
0,1,144,0,2,0,1,5,1,0,1,1,1,0,5,0,2,0,6.0,105,21,5.0
1,36,104,0,0,0,5,5,2,1,0,0,0,0,1,0,2,0,4.0,322,59,5.4576271186440675
1,9,105,0,1,4,6,0,1,0,1,0,1,0,1,0,12,0,4.0,1731,330,5.245454545454545
0,2,144,35,0,0,0,0,2,0,1,1,1,0,2,0,2,0,2.0,124,23,5.391304347826087
0,2,144,0,1,1,0,0,1,1,0,0,1,0,1,0,2,0,2.0,306,61,5.016393442622951
1,3,82,62,0,5,6,0,0,0,1,0,1,0,1,0,2,0,3.0,370,72,5.138888888888889
1,12,105,0,0,1,6,0,1,1,1,1,1,0,1,0,12,0,0.0,52,8,6.5
1,9,93,73,0,6,0,0,2,1,1,0,1,0,1,250,2,0,1.0,79,18,4.388888888888889
1,6,101,82,2,1,2,5,1,0,1,1,2,0,4,14,2,0,5.0,341,67,5.08955223880597
1,8,96,0,1,0,1,2,0,0,2,2,0,0,1,0,12,0,5.0,320,61,5.245901639344262
0,36,144,118,0,1,3,0,1,0,2,2,2,0,1,0,2,0,5.0,388,78,4.9743589743589745
1,24,104,0,0,0,0,0,1,1,1,1,1,0,1,0,2,0,4.0,136,24,5.666666666666667
1,2,105,0,2,4,5,5,1,0,1,1,1,0,3,0,2,0,4.0,50,9,5.555555555555555
0,4,144,16,1,4,0,0,1,0,1,1,1,0,1,0,2,0,11.0,375,67,5.597014925373134
1,6,104,0,1,0,6,0,1,1,0,0,1,0,1,0,2,0,5.0,238,45,5.288888888888889
1,12,105,0,0,0,6,0,1,0,2,2,1,0,1,50,2,0,1.0,179,33,5.424242424242424
0,3,144,0,1,1,6,0,1,0,0,0,1,0,1,0,12,0,7.0,246,41,6.0
1,36,96,0,1,0,2,5,1,0,0,0,1,0,1,100,4,0,5.0,533,103,5.174757281553398
0,2,144,114,1,0,3,5,1,1,1,1,1,0,1,0,2,0,4.0,172,34,5.0588235294117645
1,24,122,0,0,2,3,3,2,2,2,2,2,0,1,0,12,0,1.0,331,65,5.092307692307692
0,4,81,0,0,0,1,1,0,2,0,0,1,0,1,0,2,0,1.0,232,42,5.523809523809524
0,60,62,0,1,4,0,0,0,2,2,2,0,1,1,0,12,0,2.0,47,9,5.222222222222222
1,3,105,82,0,3,6,0,1,0,1,0,1,0,1,0,2,0,11.0,238,47,5.0638297872340425
0,132,144,20,1,0,0,0,0,0,0,0,1,0,1,0,2,0,3.0,585,111,5.27027027027027
0,6,144,0,0,1,0,0,0,1,0,0,1,0,1,0,2,0,1.0,106,18,5.888888888888889
1,6,103,0,1,2,0,0,2,2,0,0,1,0,1,100,2,0,3.0,248,51,4.862745098039215
0,2,144,0,0,0,1,3,1,1,1,0,1,0,3,0,2,0,14.0,301,53,5.679245283018868
0,2,5,114,0,0,1,0,1,0,2,2,1,0,1,0,2,0,4.0,88,16,5.5
1,1,105,0,1,0,1,5,0,0,1,1,1,0,3,0,2,0,4.0,112,26,4.3076923076923075
1,39,122,0,1,5,6,0,2,2,2,2,2,0,1,0,12,0,2.0,150,24,6.25
1,1,105,0,2,0,1,4,0,0,1,1,1,0,5,0,12,0,6.0,238,33,7.212121212121212
1,13,104,0,0,2,3,5,2,1,1,1,1,0,1,0,12,0,3.0,305,55,5.545454545454546
0,2,144,114,0,0,1,0,1,1,1,0,1,0,1,0,2,0,2.0,14,3,4.666666666666667
1,2,105,0,0,2,0,0,0,0,1,1,1,0,1,0,2,0,1.0,327,63,5.190476190476191
1,2,131,0,0,2,0,0,1,0,1,0,1,0,1,100,2,0,3.0,108,22,4.909090909090909
0,8,144,0,1,0,0,0,1,2,2,2,2,0,1,0,2,0,5.0,368,71,5.183098591549296
0,1,144,0,1,0,5,0,1,1,1,1,1,0,1,0,4,0,2.0,250,53,4.716981132075472
0,12,65,114,0,1,4,0,0,1,2,2,2,0,1,0,12,0,1.0,1566,264,5.931818181818182
1,3,105,0,2,0,0,0,0,0,1,0,1,0,2,0,2,0,2.0,338,61,5.540983606557377
0,4,144,0,1,0,6,0,1,0,1,0,1,0,1,0,12,0,5.0,91,15,6.066666666666666
1,2,88,82,0,0,6,0,2,0,1,0,1,0,1,90,2,0,5.0,91,14,6.5
1,6,105,0,1,0,6,0,1,0,0,0,0,0,1,90,2,0,5.0,4582,770,5.950649350649351
1,2,105,0,1,6,0,0,0,0,1,0,1,0,1,0,3,0,5.0,384,78,4.923076923076923
1,1,105,0,2,0,3,4,2,0,1,1,1,0,3,0,2,0,3.0,207,45,4.6
1,24,128,101,1,1,6,0,1,0,1,1,1,0,1,0,3,0,13.0,810,153,5.294117647058823
1,3,104,0,1,5,6,0,1,1,0,0,1,0,1,0,12,0,8.0,225,42,5.357142857142857
0,1,144,0,1,1,0,0,1,0,1,1,1,0,1,0,12,0,2.0,211,39,5.410256410256411
0,24,144,0,1,0,0,0,1,1,0,0,0,0,1,100,2,0,2.0,424,75,5.653333333333333
0,18,41,0,1,1,0,0,0,1,1,0,0,0,1,0,7,0,5.0,350,62,5.645161290322581
0,1,144,0,2,0,1,0,1,0,1,1,1,0,2,0,12,0,2.0,161,30,5.366666666666666
1,4,105,0,0,3,6,0,0,0,1,0,0,0,1,0,12,0,5.0,106,17,6.235294117647059
0,2,144,0,0,1,6,0,1,0,0,0,1,0,1,0,2,0,4.0,176,31,5.67741935483871
0,16,60,0,0,0,1,5,0,2,0,0,0,0,1,180,2,0,4.0,1081,184,5.875
0,2,144,0,1,0,1,1,1,1,0,0,1,0,1,0,2,0,4.0,284,49,5.795918367346939
1,5,114,101,0,0,6,0,2,1,1,0,1,0,1,50,2,0,5.0,369,60,6.15
1,0,104,82,1,2,0,0,0,1,1,1,1,0,1,0,2,0,3.0,162,33,4.909090909090909
1,23,104,0,1,1,0,0,1,1,0,0,1,0,1,0,12,0,2.0,14,3,4.666666666666667
1,8,104,0,1,0,6,0,1,1,2,2,2,0,1,0,2,0,5.0,826,165,5.006060606060606
1,14,105,0,0,1,6,0,1,0,0,0,0,0,1,0,12,0,2.0,404,73,5.534246575342466
0,7,144,114,0,0,1,2,1,0,0,0,2,0,1,0,7,0,0.0,140,29,4.827586206896552
0,4,144,0,1,0,1,0,1,0,0,0,1,0,3,0,12,0,0.0,256,47,5.446808510638298
0,14,144,44,1,1,0,0,1,1,0,0,0,0,1,0,12,0,4.0,154,24,6.416666666666667
0,15,144,0,1,0,1,5,1,1,0,0,0,0,1,0,2,0,2.0,17,3,5.666666666666667
1,6,128,0,1,1,0,0,1,0,1,0,1,0,1,100,12,0,3.0,257,60,4.283333333333333
0,2,70,114,1,0,1,0,1,0,1,1,1,0,1,0,12,0,4.0,93,18,5.166666666666667
0,10,166,0,0,0,1,0,1,0,1,1,1,0,1,0,2,0,1.0,116,22,5.2727272727272725
1,18,128,0,1,1,0,0,1,0,1,0,0,0,1,200,12,0,4.0,1299,248,5.237903225806452
1,3,84,71,1,0,2,5,2,0,1,1,1,0,3,0,2,0,2.0,344,63,5.4603174603174605
1,1,104,0,2,0,2,0,0,1,0,1,1,0,2,0,2,0,0.0,135,23,5.869565217391305
1,4,105,0,0,0,3,5,0,0,1,1,1,0,2,0,12,0,7.0,17,3,5.666666666666667
0,1,144,0,1,1,0,0,1,0,1,0,1,0,1,0,2,0,2.0,148,31,4.774193548387097
0,4,144,114,1,0,0,0,1,1,0,0,1,0,1,150,2,0,1.0,88,18,4.888888888888889
1,12,104,0,1,1,2,0,0,1,0,0,0,1,1,0,2,0,1.0,741,142,5.21830985915493
0,5,144,0,1,0,6,0,1,2,0,0,1,0,2,1,2,0,2.0,47,9,5.222222222222222
0,24,144,0,1,4,6,0,1,0,0,0,1,0,1,50,2,0,3.0,311,54,5.7592592592592595
1,4,105,0,0,0,6,0,0,0,0,0,0,0,1,0,2,0,7.0,358,65,5.507692307692308
1,48,105,0,1,0,5,5,2,0,0,0,0,0,1,0,2,0,1.0,171,32,5.34375
1,36,105,0,1,2,5,5,1,1,2,2,0,0,1,0,2,0,5.0,577,107,5.392523364485982
1,4,103,0,1,1,3,5,1,2,0,0,1,0,1,50,2,0,5.0,846,154,5.4935064935064934
1,6,104,0,1,2,6,0,1,2,0,0,1,0,1,0,1,0,2.0,348,57,6.105263157894737
0,19,22,0,0,1,0,0,2,0,0,0,0,0,1,0,2,0,3.0,311,52,5.980769230769231
0,2,144,114,1,1,0,0,1,1,1,0,1,0,1,0,2,0,5.0,12,2,6.0
1,1,105,0,0,0,5,5,1,0,1,0,1,0,1,0,2,0,3.0,424,67,6.3283582089552235
1,9,104,0,1,6,0,0,1,1,0,0,0,0,2,0,2,0,1.0,32,7,4.571428571428571
0,2,144,0,1,1,0,0,1,0,1,0,1,0,1,0,2,0,4.0,368,71,5.183098591549296
1,1,105,0,0,5,6,0,0,0,1,1,1,0,1,0,2,0,3.0,309,58,5.327586206896552
0,12,5,114,0,1,3,5,1,0,1,1,0,0,1,0,12,0,1.0,395,80,4.9375
0,3,144,0,0,0,0,0,1,1,1,0,1,0,1,0,12,0,5.0,97,16,6.0625
1,12,105,0,1,1,3,5,1,0,0,0,0,0,1,0,2,0,1.0,343,62,5.532258064516129
0,1,144,114,2,0,1,0,1,2,1,1,1,0,2,0,2,1,5.0,149,28,5.321428571428571
0,24,144,0,0,0,6,0,1,1,1,0,1,0,1,0,12,0,5.0,68,12,5.666666666666667
0,36,49,0,0,0,1,5,3,2,0,0,1,0,1,0,2,0,1.0,215,43,5.0
1,3,104,82,2,0,1,3,0,1,1,1,1,0,3,0,5,0,5.0,293,53,5.528301886792453
1,2,105,0,1,0,3,5,1,0,1,1,1,0,1,0,12,0,7.0,211,38,5.552631578947368
0,1,144,0,1,0,1,0,2,0,1,1,1,0,1,50,2,0,2.0,362,69,5.246376811594203
0,18,144,9,1,0,2,3,1,0,0,0,0,0,1,0,2,0,10.0,214,42,5.095238095238095
1,3,120,0,1,1,6,0,1,0,2,2,2,0,1,0,2,0,2.0,49,9,5.444444444444445
1,2,105,0,0,1,4,0,0,0,1,0,1,0,1,0,12,0,3.0,104,16,6.5
1,1,104,82,2,0,1,5,0,0,1,1,1,0,4,0,7,0,1.0,33,7,4.714285714285714
0,5,144,114,1,1,0,0,1,0,1,0,0,0,1,0,12,0,10.0,1904,389,4.894601542416453
1,2,104,82,2,1,2,3,0,1,1,1,1,0,2,0,2,0,2.0,891,169,5.272189349112426
0,36,144,0,0,1,4,5,1,1,0,0,0,0,1,0,4,0,4.0,901,176,5.119318181818182
1,4,104,82,0,0,3,0,1,1,1,0,1,0,4,0,2,0,17.0,1939,358,5.416201117318436
0,36,60,0,1,1,6,0,0,2,0,0,0,0,1,0,4,0,1.0,1533,296,5.179054054054054
0,1,144,0,1,1,6,0,1,0,2,2,1,0,1,0,2,0,3.0,117,19,6.157894736842105
1,12,128,0,0,1,4,0,2,0,1,0,1,1,1,0,2,0,3.0,169,26,6.5
1,1,105,0,0,0,1,5,0,0,1,0,1,0,4,0,2,0,5.0,511,100,5.11
1,3,105,0,1,0,6,0,1,1,1,1,1,0,1,0,12,0,3.0,755,149,5.067114093959732
1,2,104,0,2,0,1,5,1,0,2,2,2,0,4,0,3,0,1.0,33,5,6.6
0,1,144,114,2,0,1,0,1,0,1,1,1,0,7,0,4,0,4.0,424,72,5.888888888888889
1,18,103,0,1,0,0,0,2,2,0,0,1,0,1,300,2,0,2.0,295,49,6.020408163265306
0,2,144,0,0,1,0,0,1,0,1,1,1,0,1,20,3,0,1.0,122,21,5.809523809523809
0,4,144,0,1,1,0,0,1,0,0,0,1,0,1,0,2,0,2.0,428,86,4.976744186046512
1,8,128,82,0,0,6,0,1,1,0,0,0,0,1,0,12,0,4.0,1466,297,4.936026936026936
1,1,105,0,1,0,1,0,1,0,1,1,1,0,1,0,12,0,1.0,163,33,4.9393939393939394
1,11,105,82,0,0,1,1,2,0,0,2,2,0,1,0,2,0,0.0,70,12,5.833333333333333
0,4,144,0,2,1,2,5,1,0,0,0,1,0,3,0,2,0,1.0,155,31,5.0
0,48,41,0,0,6,0,0,1,1,0,2,1,0,1,0,2,0,1.0,213,37,5.756756756756757
1,3,104,0,1,6,0,0,1,1,1,1,1,0,1,0,2,0,1.0,300,60,5.0
0,24,69,123,0,0,1,5,1,2,0,0,0,0,2,200,12,0,1.0,267,45,5.933333333333334
0,2,144,0,1,1,0,0,1,1,2,0,1,0,1,0,4,0,2.0,23,5,4.6
0,15,144,114,0,0,1,5,1,0,0,0,0,1,1,0,12,0,3.0,156,31,5.032258064516129
1,2,135,0,2,1,0,0,1,1,1,1,1,0,2,0,12,0,3.0,109,23,4.739130434782608
0,10,144,0,0,0,0,0,1,0,0,0,0,0,1,0,12,0,6.0,29,6,4.833333333333333
1,41,120,0,1,0,6,0,2,1,0,0,0,0,1,0,2,0,5.0,839,170,4.935294117647059
1,1,135,0,2,1,4,5,0,0,1,1,1,1,4,0,2,0,1.0,729,142,5.133802816901408
1,2,135,0,0,3,5,0,1,1,1,0,1,0,2,100,12,0,3.0,137,25,5.48
1,3,105,0,0,0,6,0,1,0,2,2,2,0,1,0,3,0,2.0,58,10,5.8
0,3,144,0,0,1,6,0,1,1,0,0,1,0,1,0,2,0,2.0,76,14,5.428571428571429
1,2,105,82,2,0,1,1,1,0,1,1,1,0,3,0,2,0,1.0,204,36,5.666666666666667
0,3,144,0,2,0,1,5,1,1,1,1,1,0,7,0,2,0,0.0,425,81,5.246913580246914
1,8,105,0,1,1,5,5,1,0,1,0,1,0,1,0,12,0,2.0,242,43,5.627906976744186
0,2,144,0,1,1,0,0,1,0,0,0,1,0,1,0,2,0,1.0,136,24,5.666666666666667
0,1,144,114,2,0,1,5,1,0,1,1,1,0,5,0,0,0,10.0,393,71,5.535211267605634
0,2,144,0,1,1,0,0,1,1,0,0,1,0,1,350,7,0,2.0,672,106,6.339622641509434
1,72,105,0,1,2,3,5,0,0,1,1,0,0,1,0,2,0,2.0,1103,202,5.46039603960396
0,5,144,0,0,1,0,0,1,0,0,0,1,0,1,0,4,0,4.0,523,110,4.754545454545455
0,3,144,0,1,1,6,0,1,1,0,0,1,0,1,0,2,0,7.0,420,74,5.675675675675675
1,48,105,0,1,5,6,0,1,0,1,1,1,0,1,0,12,0,5.0,408,77,5.298701298701299
1,12,104,0,1,3,4,0,0,1,2,2,1,0,1,0,12,0,3.0,408,76,5.368421052631579
1,1,105,0,2,0,1,5,0,0,1,1,1,0,2,0,2,0,3.0,57,11,5.181818181818182
1,3,122,82,1,0,2,5,1,1,1,1,1,0,1,50,2,0,5.0,677,122,5.549180327868853
0,96,164,30,0,5,0,0,0,2,1,1,1,0,1,20,3,0,1.0,69,12,5.75
1,1,105,0,2,1,4,5,0,0,1,1,1,0,7,0,2,0,1.0,362,67,5.402985074626866
0,3,144,0,2,1,4,0,1,1,1,1,1,0,2,0,2,0,1.0,43,9,4.777777777777778
1,4,105,81,0,0,6,0,1,1,0,0,1,0,1,0,3,0,3.0,748,126,5.936507936507937
0,1,144,0,1,4,0,0,1,0,1,0,1,0,1,0,2,0,1.0,537,98,5.479591836734694
1,6,105,0,0,1,6,0,1,0,0,0,1,0,1,0,5,0,1.0,177,37,4.783783783783784
1,2,142,0,2,0,6,0,0,0,0,0,2,0,2,0,9,0,2.0,418,78,5.358974358974359
0,2,65,114,1,0,6,0,0,1,1,1,1,0,3,0,6,0,5.0,210,38,5.526315789473684
0,36,51,0,0,6,0,0,0,0,0,0,1,0,1,0,12,0,1.0,39,8,4.875
0,2,144,0,0,1,0,0,1,0,1,1,1,0,1,0,2,0,1.0,144,28,5.142857142857143
1,3,105,0,1,6,0,0,0,0,0,0,1,0,1,0,12,0,3.0,374,71,5.267605633802817
0,36,164,114,1,1,0,0,0,1,2,2,2,0,1,0,3,0,1.0,187,34,5.5
1,1,105,82,2,1,2,4,1,0,1,1,1,0,2,0,12,0,14.0,324,52,6.230769230769231
1,16,105,0,1,5,6,0,1,0,1,0,0,0,1,0,2,0,10.0,431,78,5.5256410256410255
0,2,144,0,1,0,4,0,1,1,1,1,1,0,1,0,4,0,1.0,131,25,5.24
1,9,105,103,0,5,0,0,1,1,1,0,1,0,1,10,12,0,3.0,441,89,4.955056179775281
0,1,144,0,0,1,0,0,1,0,2,0,1,0,1,0,2,0,2.0,89,17,5.235294117647059
0,3,144,0,1,0,0,0,1,0,1,0,1,0,1,0,2,0,3.0,74,14,5.285714285714286
1,4,104,0,1,0,6,0,1,1,0,0,1,0,1,0,6,0,7.0,125,22,5.681818181818182
0,48,43,47,0,0,1,3,0,0,0,0,1,0,1,0,2,0,3.0,48,7,6.857142857142857
1,6,105,106,0,2,6,0,0,0,0,0,1,0,1,100,12,0,6.0,2989,513,5.826510721247564
0,2,144,0,0,0,3,5,1,1,1,0,1,0,1,0,12,0,6.0,428,75,5.706666666666667
0,84,30,47,0,0,1,5,0,0,0,0,1,0,2,0,2,0,11.0,1028,193,5.3264248704663215
1,15,104,0,1,6,0,0,1,1,1,0,1,0,1,0,4,0,1.0,61,10,6.1
1,3,105,0,0,2,0,0,1,0,1,1,1,0,1,0,12,0,2.0,99,21,4.714285714285714
0,12,144,53,0,3,6,0,1,1,0,0,1,0,1,0,2,0,0.0,314,60,5.233333333333333
1,12,105,0,0,3,4,5,2,1,1,0,1,0,1,0,12,0,8.0,130,26,5.0
0,2,144,114,2,1,4,5,1,1,0,0,1,0,4,0,2,3,13.0,334,50,6.68
0,60,41,0,1,4,6,0,0,1,2,2,0,0,1,250,2,0,3.0,181,36,5.027777777777778
0,36,144,0,0,0,1,0,2,0,0,0,0,0,1,0,12,0,2.0,40,9,4.444444444444445
0,1,144,0,2,0,1,0,1,1,1,1,1,0,4,0,12,0,5.0,347,68,5.102941176470588
1,8,103,0,1,6,0,0,0,1,1,0,0,0,1,100,2,0,2.0,179,38,4.7105263157894735
1,1,122,81,2,0,5,5,1,0,1,1,1,0,5,0,12,0,6.0,311,59,5.271186440677966
0,1,144,0,1,0,2,0,1,0,1,0,1,0,1,0,12,0,7.0,468,90,5.2
0,1,144,0,1,0,1,0,1,1,1,1,1,0,1,20,3,0,1.0,122,21,5.809523809523809
1,8,105,0,0,1,2,5,1,0,2,1,1,0,1,0,12,0,3.0,116,19,6.105263157894737
1,6,104,82,0,1,6,0,1,1,1,0,1,0,1,0,12,0,1.0,91,18,5.055555555555555
1,6,128,0,1,0,1,5,0,0,2,2,2,0,1,50,2,0,24.0,314,63,4.984126984126984
0,6,18,0,1,1,6,0,0,0,0,0,1,0,1,500,12,0,3.0,660,109,6.055045871559633
0,15,144,0,1,1,0,0,1,0,1,0,1,0,1,0,2,0,4.0,356,63,5.650793650793651
0,24,144,0,1,4,6,0,1,1,0,0,0,0,1,1,2,0,5.0,596,122,4.885245901639344
0,1,144,0,2,1,0,0,1,0,1,1,1,0,7,0,3,0,2.0,118,16,7.375
0,3,13,54,1,0,1,5,1,1,1,0,0,0,1,150,12,0,3.0,178,34,5.235294117647059
1,2,112,82,0,4,6,0,1,1,2,0,1,0,1,0,12,0,5.0,1220,236,5.169491525423729
0,17,60,0,0,0,1,5,1,2,0,0,1,1,1,350,12,0,14.0,1006,202,4.98019801980198
0,7,51,30,1,0,1,0,1,1,0,0,1,0,1,100,12,0,2.0,505,90,5.611111111111111
1,6,122,81,0,5,6,0,1,1,0,0,1,0,1,0,2,0,3.0,8,1,8.0
0,12,144,0,0,0,0,0,1,0,0,0,0,0,1,0,7,0,2.0,248,52,4.769230769230769
0,60,60,54,0,4,6,0,0,1,0,0,0,0,1,100,2,0,11.0,713,145,4.917241379310345
1,24,105,0,0,5,6,0,1,0,0,0,1,0,2,0,12,0,1.0,117,21,5.571428571428571
1,1,105,0,0,2,6,0,0,0,1,1,1,0,1,0,2,0,4.0,66,15,4.4
1,2,105,0,1,1,4,5,1,0,1,1,1,0,1,0,2,0,4.0,74,10,7.4
1,6,128,82,0,1,6,0,1,0,0,0,0,0,1,0,12,0,2.0,589,115,5.121739130434783
0,1,144,0,0,0,6,0,1,1,1,1,1,0,3,0,2,0,4.0,572,109,5.247706422018348
0,2,144,114,0,0,1,0,1,1,0,0,1,0,1,0,2,0,1.0,12,2,6.0
1,2,104,0,0,5,0,0,0,1,2,2,2,0,2,0,2,0,1.0,82,13,6.3076923076923075
1,18,105,82,1,5,0,0,1,0,0,0,0,0,1,0,2,0,2.0,89,6,14.833333333333334
0,2,144,0,0,3,0,0,1,0,1,0,1,0,1,0,12,0,2.0,132,23,5.739130434782608
0,36,5,114,0,0,2,5,2,1,2,2,2,0,1,0,2,0,1.0,707,120,5.891666666666667
1,2,103,81,0,5,6,0,0,1,1,0,1,0,1,0,2,0,7.0,228,45,5.066666666666666
1,1,104,0,2,3,5,0,0,0,1,0,1,0,3,0,12,0,5.0,138,25,5.52
1,5,94,0,1,0,4,0,0,0,0,0,0,0,1,0,12,0,3.0,355,59,6.016949152542373
1,36,105,101,2,5,6,0,1,1,0,0,0,0,3,0,12,0,3.0,307,56,5.482142857142857
1,1,104,82,2,0,4,5,0,1,1,1,1,0,3,0,5,0,5.0,268,37,7.243243243243243
0,1,144,0,1,0,1,0,1,1,0,0,1,0,1,0,2,0,7.0,421,75,5.613333333333333
1,10,84,0,0,0,5,5,1,0,0,0,1,0,1,70,5,0,2.0,310,64,4.84375
0,7,144,0,0,0,0,0,1,1,1,1,1,0,1,0,2,0,1.0,385,68,5.661764705882353
1,8,105,0,1,0,2,5,1,0,1,0,1,0,1,0,2,0,5.0,289,52,5.5576923076923075
1,4,105,0,0,5,6,0,0,0,1,0,1,0,1,0,12,0,4.0,1111,219,5.073059360730594
1,60,114,0,2,1,3,0,1,1,0,0,0,0,4,0,2,0,5.0,314,65,4.8307692307692305
1,2,103,0,0,4,0,0,1,1,1,0,1,0,2,0,2,0,3.0,182,32,5.6875
0,1,144,0,1,0,6,0,1,0,0,0,1,0,1,0,2,0,6.0,458,78,5.871794871794871
0,48,144,0,1,0,1,5,1,1,2,2,2,1,1,0,12,1,5.0,231,45,5.133333333333334
0,4,8,114,0,4,6,0,2,1,0,0,1,0,1,0,7,0,3.0,532,90,5.911111111111111
1,2,105,81,2,0,4,5,1,0,1,1,1,0,5,0,2,0,10.0,716,136,5.264705882352941
1,6,103,0,1,4,5,5,1,2,0,0,0,0,1,0,2,1,7.0,1432,219,6.538812785388128
0,12,144,114,1,0,6,0,1,0,0,0,0,0,1,0,2,0,7.0,1171,217,5.3963133640553
0,2,144,0,1,0,3,0,1,0,0,0,1,0,1,0,2,0,4.0,177,30,5.9
0,1,22,114,2,0,1,3,1,0,1,0,1,0,5,0,2,0,5.0,211,42,5.023809523809524
0,4,30,114,0,4,0,0,0,0,1,1,1,0,1,0,2,0,3.0,155,30,5.166666666666667
1,6,104,82,1,0,6,0,0,0,0,0,1,0,1,0,2,0,1.0,71,14,5.071428571428571
1,18,105,0,1,1,0,0,1,0,2,0,0,0,1,0,12,0,3.0,717,138,5.195652173913044
0,3,144,54,0,0,0,0,1,0,0,0,1,0,1,0,2,0,8.0,332,61,5.442622950819672
1,12,105,0,1,2,0,0,1,0,2,2,1,0,1,0,12,0,0.0,632,121,5.223140495867769
0,1,144,0,1,0,1,0,1,0,2,2,1,0,1,0,2,0,3.0,124,22,5.636363636363637
0,12,144,114,1,3,6,0,1,1,0,0,1,0,1,0,3,0,3.0,209,41,5.097560975609756
0,36,51,114,0,1,5,0,0,1,2,2,0,0,1,0,2,0,4.0,271,53,5.113207547169812
1,2,105,0,0,0,6,0,1,0,1,0,1,0,1,0,2,0,1.0,129,23,5.608695652173913
0,2,144,0,0,1,0,0,1,0,2,2,1,0,1,0,2,0,3.0,99,21,4.714285714285714
0,2,144,0,0,4,0,0,1,1,0,0,1,0,1,0,2,0,1.0,245,48,5.104166666666667
1,22,105,0,0,0,1,5,1,0,0,0,0,0,1,0,2,0,4.0,117,20,5.85
0,60,38,114,0,1,6,0,1,0,0,0,0,0,1,300,2,0,1.0,1587,278,5.7086330935251794
1,2,94,106,1,0,0,0,1,1,1,0,1,0,1,150,2,0,4.0,174,29,6.0
0,24,41,0,0,4,0,0,0,1,0,0,0,0,1,250,2,0,5.0,414,84,4.928571428571429
1,2,105,0,2,1,5,5,1,0,1,1,1,0,2,0,5,0,3.0,260,46,5.6521739130434785
0,2,144,0,1,0,1,0,0,0,0,0,1,0,1,0,2,0,5.0,188,38,4.947368421052632
0,24,144,114,1,6,0,0,1,0,0,0,0,0,1,0,4,0,5.0,241,53,4.547169811320755
0,2,144,0,1,6,0,0,1,0,1,1,1,0,1,20,3,0,1.0,144,25,5.76
0,3,144,0,0,0,2,0,1,0,1,1,1,0,1,0,12,0,4.0,258,43,6.0
1,1,105,81,2,0,2,5,0,0,1,1,1,0,4,0,12,0,5.0,422,76,5.552631578947368
1,7,104,0,1,0,1,5,1,1,1,1,1,0,2,0,12,0,7.0,355,58,6.120689655172414
0,24,147,0,0,0,6,0,1,2,2,2,0,0,1,0,12,0,3.0,334,63,5.301587301587301
0,3,144,0,1,0,0,0,1,0,1,0,1,0,1,80,2,0,1.0,103,20,5.15
0,1,144,114,1,0,1,4,0,0,1,0,1,0,1,50,3,0,2.0,128,27,4.7407407407407405
1,4,105,82,1,0,2,5,1,1,1,1,1,0,1,0,12,0,11.0,327,63,5.190476190476191
0,48,144,114,0,1,0,0,1,1,0,0,1,0,1,0,2,0,3.0,147,4,36.75
1,5,104,0,0,3,6,0,1,0,0,0,1,1,1,0,2,0,9.0,56,10,5.6
1,2,105,0,2,0,2,4,0,0,1,1,1,0,5,0,2,0,5.0,57,11,5.181818181818182
0,3,144,53,1,1,4,0,1,1,0,0,1,0,2,50,2,0,5.0,232,43,5.395348837209302
0,4,144,0,0,1,0,0,1,1,0,0,1,0,1,0,2,0,1.0,44,8,5.5
1,8,104,0,1,1,0,0,1,1,1,1,1,0,1,0,3,0,2.0,128,21,6.095238095238095
0,24,144,0,1,1,0,0,1,0,1,1,1,2,1,0,11,0,5.0,609,106,5.745283018867925
1,7,103,81,0,4,0,0,1,1,1,1,1,0,1,0,2,0,2.0,158,29,5.448275862068965
0,5,144,114,2,0,5,0,1,0,2,2,2,0,2,0,0,0,8.0,343,66,5.196969696969697
0,75,47,114,1,0,0,0,1,0,0,0,0,0,1,0,2,0,2.0,138,26,5.3076923076923075
1,2,104,0,2,0,1,4,0,1,1,1,1,0,2,0,12,0,3.0,20,3,6.666666666666667
1,5,105,0,0,2,6,0,0,0,1,1,1,0,1,0,2,0,3.0,219,41,5.341463414634147
1,2,105,0,2,3,6,0,1,0,1,1,1,0,5,0,2,0,1.0,101,20,5.05
0,3,144,0,1,1,6,0,1,0,0,0,1,0,1,50,2,0,2.0,1085,185,5.864864864864865
1,2,105,0,0,6,0,0,0,0,1,1,1,0,1,0,6,0,1.0,209,38,5.5
1,16,135,0,0,0,6,0,1,0,1,1,1,0,10,0,3,0,4.0,474,96,4.9375
1,2,105,0,2,1,5,0,0,0,1,1,1,0,3,0,6,0,3.0,212,36,5.888888888888889
0,3,144,0,1,0,1,0,1,1,0,0,2,0,1,100,3,0,3.0,69,13,5.3076923076923075
0,2,144,0,0,0,1,0,1,1,0,1,1,0,1,40,3,0,3.0,370,63,5.873015873015873
0,13,41,0,0,2,0,0,0,2,0,0,1,0,1,0,2,0,4.0,140,27,5.185185185185185
1,15,128,0,1,5,0,0,1,0,0,0,1,0,1,10,2,0,4.0,435,82,5.304878048780488
0,8,144,0,0,0,0,0,1,0,0,0,0,0,1,0,2,0,3.0,173,39,4.435897435897436
1,3,104,0,0,0,6,0,1,1,0,0,1,0,1,50,2,0,2.0,88,18,4.888888888888889
0,36,144,16,1,4,0,0,1,0,1,0,0,0,1,0,2,0,5.0,339,64,5.296875
1,4,88,0,1,0,3,5,0,0,0,0,1,0,1,0,12,0,3.0,502,98,5.122448979591836
1,3,135,80,0,2,0,0,1,1,1,0,1,0,1,100,12,0,5.0,534,95,5.621052631578947
0,2,144,0,0,1,0,0,1,0,1,0,1,0,1,0,2,0,1.0,107,18,5.944444444444445
1,3,103,101,2,0,3,5,0,2,1,1,1,0,3,200,2,0,1.0,353,65,5.430769230769231
0,6,164,47,1,1,4,0,0,1,2,0,0,0,1,0,12,0,5.0,461,77,5.987012987012987
0,1,144,114,1,0,1,1,0,0,2,2,2,0,2,0,2,0,5.0,318,58,5.482758620689655
1,2,104,0,1,0,6,0,1,1,1,1,1,0,1,0,12,0,4.0,184,36,5.111111111111111
0,2,144,0,0,0,1,0,1,0,1,0,1,0,1,0,2,0,1.0,37,7,5.285714285714286
0,1,144,0,1,0,0,0,1,0,1,0,1,0,1,0,2,0,5.0,354,52,6.8076923076923075
1,4,105,0,1,5,6,0,1,0,0,0,2,0,2,0,7,0,2.0,69,12,5.75
1,1,105,0,1,1,0,0,2,0,1,0,1,0,1,0,2,0,4.0,181,38,4.7631578947368425
0,2,144,0,2,0,1,0,1,1,1,1,1,0,3,0,7,0,5.0,340,66,5.151515151515151
1,4,105,0,1,0,4,5,0,0,1,1,1,0,1,0,12,0,5.0,427,76,5.618421052631579
0,6,144,0,1,0,1,3,1,0,1,1,1,0,1,0,2,0,1.0,290,55,5.2727272727272725
0,2,144,0,0,1,0,0,1,0,1,0,1,0,1,0,2,0,3.0,193,38,5.078947368421052
0,6,144,0,0,0,0,0,1,0,2,2,2,0,1,0,12,0,2.0,334,67,4.985074626865671
0,2,144,0,1,4,5,5,1,0,0,0,1,0,1,0,2,0,1.0,58,10,5.8
1,4,105,106,2,0,6,0,1,0,0,0,2,0,2,0,7,0,2.0,688,133,5.172932330827067
1,80,135,0,1,0,5,5,1,0,0,1,0,0,1,50,12,0,2.0,58,10,5.8
0,2,144,0,2,0,1,5,1,0,2,2,2,0,5,0,2,0,5.0,325,60,5.416666666666667
1,3,105,0,0,0,6,0,1,0,1,2,1,0,2,0,12,0,9.0,180,32,5.625
0,3,144,0,1,4,0,0,1,0,1,0,1,0,1,0,7,0,3.0,91,16,5.6875
1,4,104,0,2,0,1,2,1,1,2,2,2,0,2,0,2,0,3.0,21,4,5.25
0,3,22,114,1,0,1,0,1,0,0,0,1,0,1,0,2,0,4.0,79,14,5.642857142857143
0,22,8,0,1,1,6,0,1,0,0,0,1,0,1,0,2,0,2.0,285,62,4.596774193548387
0,3,144,0,1,0,0,0,1,1,0,0,1,1,1,0,2,0,1.0,49,9,5.444444444444445
1,4,104,0,0,5,0,0,1,1,1,1,1,0,1,0,2,0,5.0,83,14,5.928571428571429
0,5,65,114,1,1,6,0,1,1,2,0,0,0,1,0,2,0,1.0,149,29,5.137931034482759
0,96,8,0,0,2,0,0,2,2,0,0,1,0,1,0,12,0,1.0,33,7,4.714285714285714
1,2,105,0,2,0,6,0,1,0,1,1,1,0,7,0,12,0,3.0,162,36,4.5
1,1,105,0,2,1,3,5,1,0,1,1,1,0,3,0,7,0,6.0,757,144,5.256944444444445
0,2,144,0,1,0,6,0,1,0,0,0,1,0,1,0,2,0,8.0,294,51,5.764705882352941
1,7,96,110,1,0,3,5,1,0,0,0,1,0,1,0,2,0,11.0,16,3,5.333333333333333
1,5,135,82,1,0,3,5,2,1,1,1,1,0,1,0,2,0,1.0,142,27,5.2592592592592595
0,120,144,0,0,1,2,0,1,1,2,2,2,1,1,0,12,0,1.0,979,192,5.098958333333333
0,2,144,0,1,1,4,4,1,0,1,1,1,0,1,0,2,0,3.0,302,54,5.592592592592593
0,3,144,16,0,1,4,5,1,1,0,0,0,0,1,0,4,0,4.0,661,116,5.698275862068965
1,1,135,82,1,1,2,3,1,0,1,0,1,0,1,50,2,0,7.0,714,130,5.492307692307692
1,24,96,82,1,2,5,5,0,0,0,0,0,0,1,50,12,0,13.0,2092,374,5.593582887700535
0,18,32,21,0,4,6,0,2,1,1,0,1,0,1,0,12,0,3.0,312,67,4.656716417910448
0,96,30,0,0,1,0,0,0,0,0,2,1,0,1,100,2,0,2.0,290,58,5.0
1,2,105,82,0,1,6,0,0,0,2,2,0,0,1,0,12,0,3.0,192,35,5.485714285714286
1,5,105,0,1,0,5,5,1,0,1,0,1,0,1,0,12,0,2.0,316,55,5.745454545454545
0,12,144,0,1,4,0,0,0,0,0,1,1,0,1,0,12,0,2.0,511,95,5.378947368421053
0,3,144,0,1,0,1,3,1,1,0,0,1,0,1,0,2,1,5.0,329,67,4.91044776119403
0,2,144,0,0,1,0,0,1,1,0,0,1,0,1,0,2,0,1.0,197,38,5.184210526315789
0,7,61,0,1,5,6,0,2,1,0,0,1,0,1,1000,6,0,5.0,550,101,5.445544554455446
0,12,155,20,1,0,2,0,0,0,2,2,2,0,1,0,12,0,2.0,180,35,5.142857142857143
1,15,135,0,0,3,6,0,1,0,0,0,1,0,1,0,12,0,3.0,113,23,4.913043478260869
0,24,144,0,1,1,0,0,0,0,0,0,0,0,1,0,2,0,5.0,485,92,5.271739130434782
1,3,105,82,1,0,3,5,1,0,1,0,1,0,1,0,2,0,5.0,333,60,5.55
0,24,69,114,0,2,0,0,1,1,1,1,1,0,1,20,3,0,2.0,139,25,5.56
1,11,103,0,0,0,6,0,1,0,1,1,1,0,1,50,2,0,2.0,374,76,4.921052631578948
1,5,105,0,1,0,1,4,0,0,0,0,2,0,1,0,7,0,2.0,136,27,5.037037037037037
1,6,105,0,1,0,1,1,0,0,0,0,0,0,1,30,12,0,1.0,264,52,5.076923076923077
0,24,8,0,1,2,0,0,2,1,0,0,1,0,1,400,12,0,24.0,38,6,6.333333333333333
1,2,105,0,0,0,1,0,1,0,1,1,1,0,1,0,12,0,2.0,298,56,5.321428571428571
0,8,69,114,1,0,1,5,1,1,0,0,1,0,1,0,2,0,7.0,2110,387,5.452196382428941
0,2,145,114,1,0,0,0,1,0,2,2,1,0,1,0,2,0,4.0,134,25,5.36
0,12,144,0,0,1,6,0,1,0,2,2,0,0,1,0,2,0,4.0,211,43,4.906976744186046
1,5,131,0,1,5,6,0,1,1,1,1,1,0,1,0,12,0,2.0,34,6,5.666666666666667
1,1,105,96,2,0,5,5,0,1,1,1,2,0,4,0,2,0,0.0,158,29,5.448275862068965
0,4,144,35,0,0,1,0,1,0,2,2,1,0,1,0,12,0,6.0,361,65,5.553846153846154
0,24,13,0,1,6,0,0,1,1,2,2,1,0,1,0,7,0,1.0,235,49,4.795918367346939
1,2,105,0,1,2,0,0,0,0,1,0,1,0,1,0,2,0,1.0,151,29,5.206896551724138
0,2,144,0,1,0,6,0,1,0,1,1,1,0,1,0,4,1,1.0,806,156,5.166666666666667
0,1,144,114,1,1,6,0,1,0,1,2,1,0,1,0,2,0,1.0,20,4,5.0
1,1,105,0,1,2,0,0,1,0,1,0,1,0,2,0,2,0,2.0,20,3,6.666666666666667
1,2,105,0,0,1,3,0,1,1,1,1,1,0,1,0,2,0,3.0,219,38,5.7631578947368425
0,48,144,0,0,1,6,0,1,0,0,0,0,0,1,0,2,0,4.0,568,109,5.2110091743119265
1,12,105,0,1,0,5,5,1,0,0,0,1,0,3,0,12,0,2.0,150,24,6.25
0,3,36,0,0,1,4,0,0,1,0,0,1,0,1,0,9,0,2.0,98,19,5.157894736842105
0,2,144,114,2,1,3,3,2,1,1,1,1,0,4,0,2,0,1.0,759,150,5.06
0,4,144,0,0,0,1,0,1,0,0,0,1,0,1,0,5,0,3.0,542,109,4.972477064220183
1,1,104,0,2,1,2,4,1,1,1,1,1,0,4,0,2,0,5.0,1070,177,6.045197740112994
0,3,22,114,1,6,0,0,1,1,0,0,1,0,1,0,4,0,5.0,807,147,5.489795918367347
0,2,144,114,0,0,1,1,0,1,0,0,1,0,1,0,2,0,5.0,390,75,5.2
0,3,22,114,1,0,0,0,1,0,0,0,0,0,1,0,4,0,3.0,797,151,5.2781456953642385
0,2,144,114,2,0,6,0,1,1,0,0,1,0,2,0,2,4,17.0,845,158,5.348101265822785
0,2,149,16,1,2,6,0,1,0,2,2,1,0,1,0,2,0,2.0,67,13,5.153846153846154
1,1,103,82,0,0,6,0,0,1,1,1,1,0,1,30,7,0,4.0,221,39,5.666666666666667
0,2,144,0,2,1,0,0,1,0,1,1,1,0,2,0,2,0,0.0,431,87,4.954022988505747
1,1,105,0,2,0,6,0,1,0,1,1,1,0,4,0,2,0,0.0,132,20,6.6
1,10,105,0,1,1,2,5,0,0,0,0,1,0,1,0,12,0,4.0,187,40,4.675
0,12,144,0,0,3,0,0,1,0,0,0,0,0,1,300,2,0,3.0,366,53,6.90566037735849
0,2,144,114,1,0,1,0,1,0,0,0,2,0,3,0,2,0,3.0,7,1,7.0
0,2,144,114,0,1,4,0,1,1,1,1,1,0,1,0,2,0,1.0,124,21,5.904761904761905
0,1,144,0,0,0,1,0,1,0,2,0,1,0,1,0,2,0,2.0,89,17,5.235294117647059
0,60,41,0,1,6,0,0,0,1,0,0,2,0,1,1,7,0,1.0,238,45,5.288888888888889
0,2,144,114,2,0,1,0,1,0,1,1,1,0,5,0,2,0,6.0,611,116,5.267241379310345
0,4,61,0,0,0,6,0,2,1,2,2,2,0,1,0,2,0,1.0,224,31,7.225806451612903
1,2,105,0,1,6,0,0,1,0,0,0,1,0,1,30,2,0,1.0,371,66,5.621212121212121
0,8,144,0,1,6,0,0,1,2,0,0,0,0,1,0,0,0,4.0,97,20,4.85
1,3,105,0,1,0,6,0,0,0,1,1,1,0,1,0,12,0,15.0,611,127,4.811023622047244
0,3,144,114,1,0,1,5,1,0,1,1,1,0,2,0,2,0,2.0,22,4,5.5
0,3,144,0,0,1,0,0,1,0,1,1,1,0,1,0,12,0,5.0,63,9,7.0
0,2,144,114,1,1,6,0,1,1,0,0,1,0,1,0,2,0,5.0,12,2,6.0
1,12,104,0,0,5,0,0,1,1,0,0,0,0,1,0,12,0,2.0,430,90,4.777777777777778
1,2,105,0,2,2,6,0,0,0,1,1,1,0,3,0,12,0,13.0,299,54,5.537037037037037
0,4,144,0,0,0,1,0,1,1,0,0,0,0,1,0,2,0,4.0,351,71,4.943661971830986
0,7,65,114,0,1,2,5,1,1,2,2,1,0,1,0,2,0,2.0,185,31,5.967741935483871
0,3,144,0,0,1,0,0,1,0,1,0,1,0,2,0,2,1,1.0,179,35,5.114285714285714
0,29,165,0,1,0,1,5,2,0,0,0,1,0,1,1,2,0,0.0,144,24,6.0
0,24,144,114,2,0,1,0,1,0,1,1,0,0,2,0,2,0,0.0,876,167,5.245508982035928
0,12,41,0,0,4,0,0,0,1,2,2,2,0,1,0,12,0,1.0,1567,264,5.9356060606060606
1,2,105,0,1,3,5,5,0,0,1,0,1,0,1,0,12,0,10.0,546,90,6.066666666666666
0,1,144,0,2,1,4,5,1,0,1,1,1,0,9,0,2,0,8.0,64,10,6.4
0,3,144,0,0,1,4,5,1,1,1,0,1,0,1,0,3,0,0.0,487,94,5.180851063829787
0,11,144,0,0,4,0,0,2,0,0,0,1,0,1,0,4,0,4.0,445,86,5.174418604651163
0,48,62,0,1,0,2,0,0,1,0,0,0,0,1,0,2,0,2.0,479,88,5.443181818181818
1,13,103,96,1,0,2,5,1,2,0,0,1,0,1,0,2,0,4.0,126,23,5.478260869565218
1,2,105,0,0,3,6,0,0,0,1,1,1,0,1,0,2,0,1.0,191,43,4.441860465116279
0,36,47,0,0,0,1,0,1,0,0,0,2,0,1,0,12,0,4.0,308,64,4.8125
0,10,16,116,1,0,6,0,1,1,0,0,0,0,1,0,2,0,6.0,2987,505,5.914851485148515
1,8,84,71,0,4,5,0,2,1,2,0,1,0,1,0,11,0,4.0,422,64,6.59375
0,2,144,0,0,0,1,5,0,0,0,0,1,0,1,0,2,0,3.0,91,16,5.6875
0,2,144,114,0,0,1,3,0,0,1,1,1,0,1,0,2,0,1.0,24,5,4.8
0,5,144,53,0,0,1,5,1,1,0,0,1,0,1,0,4,0,5.0,709,133,5.330827067669173
1,8,105,81,1,0,2,3,1,0,1,0,1,0,10,0,12,0,3.0,71,13,5.461538461538462
1,12,105,0,1,3,6,0,1,0,1,0,1,0,1,0,2,0,2.0,453,68,6.661764705882353
0,42,29,19,2,1,0,0,1,0,0,0,1,0,2,0,2,0,0.0,45,8,5.625
0,2,144,114,0,1,0,0,1,0,1,1,1,0,1,0,2,0,3.0,208,44,4.7272727272727275
0,2,144,0,1,0,0,0,2,0,1,0,1,1,1,0,12,0,2.0,212,35,6.057142857142857
0,3,144,0,0,0,1,0,1,1,0,0,2,0,1,0,3,0,1.0,216,39,5.538461538461538
1,1,104,0,1,6,0,0,0,1,1,1,1,0,1,0,12,0,2.0,23,4,5.75
0,9,144,0,1,0,1,0,1,0,0,2,0,0,1,0,12,0,1.0,911,176,5.176136363636363
1,2,105,0,1,0,1,5,0,0,1,1,1,0,3,0,12,0,3.0,17,3,5.666666666666667
1,6,104,0,2,1,6,0,0,1,0,0,0,0,2,0,12,0,5.0,530,100,5.3
1,9,105,0,1,0,0,0,1,0,1,1,1,0,1,0,2,0,5.0,268,40,6.7
0,36,60,47,1,0,5,5,0,2,0,0,2,0,1,0,6,0,4.0,161,30,5.366666666666666
1,12,103,0,2,0,6,0,2,2,1,1,1,0,3,0,12,0,1.0,2119,410,5.168292682926829
1,6,105,0,1,0,3,5,1,0,1,1,1,0,1,0,2,0,1.0,41,6,6.833333333333333
1,1,105,0,2,0,6,0,0,0,2,2,1,0,2,0,2,1,4.0,170,32,5.3125
1,4,103,0,0,3,0,0,0,2,2,2,2,0,1,0,12,0,3.0,19,4,4.75
0,3,144,0,1,0,0,0,1,0,1,1,1,0,1,0,2,0,5.0,350,71,4.929577464788732
1,2,105,0,0,1,6,0,1,1,0,0,1,0,1,0,2,0,2.0,214,44,4.863636363636363
0,60,144,0,1,6,0,0,0,2,0,0,2,0,1,0,12,0,5.0,274,55,4.9818181818181815
1,1,105,0,2,0,5,5,1,0,1,1,1,0,4,0,2,0,5.0,184,36,5.111111111111111
0,1,144,0,0,0,5,5,1,1,1,1,2,0,1,250,2,0,1.0,45,8,5.625
1,3,104,0,2,0,4,4,0,1,1,1,1,0,4,0,2,0,10.0,129,20,6.45
0,3,144,0,1,0,4,0,1,0,0,0,2,0,1,100,3,0,2.0,40,8,5.0
0,1,144,0,2,0,1,5,0,0,0,0,1,0,3,0,2,0,3.0,64,11,5.818181818181818
0,3,144,0,2,0,1,5,1,0,1,0,1,0,4,0,2,0,6.0,292,52,5.615384615384615
1,36,119,0,1,0,5,5,2,2,0,0,1,1,1,0,2,0,1.0,283,43,6.5813953488372094
1,5,103,0,1,5,0,0,1,1,1,0,1,1,1,100,3,0,6.0,331,70,4.728571428571429
0,2,144,0,2,0,1,0,2,0,1,0,1,0,2,50,2,0,20.0,3454,614,5.625407166123779
1,2,104,0,2,2,6,0,0,1,1,1,1,0,7,0,4,0,5.0,199,39,5.102564102564102
1,8,105,0,1,1,0,0,1,0,0,0,0,0,1,0,2,0,1.0,285,51,5.588235294117647
0,3,144,0,2,0,1,5,1,0,1,1,1,0,3,0,2,0,5.0,372,65,5.723076923076923
0,0,69,0,1,0,0,0,0,1,2,2,2,1,1,0,2,0,3.0,91,18,5.055555555555555
0,1,144,114,2,0,0,0,1,1,1,1,1,0,2,0,3,0,5.0,173,33,5.242424242424242
0,32,41,0,1,1,0,0,0,0,0,0,0,0,1,500,2,0,3.0,61,10,6.1
0,2,144,76,0,0,1,0,2,1,0,0,1,0,1,0,2,0,2.0,90,17,5.294117647058823
0,48,144,114,0,1,0,0,0,0,0,0,0,0,1,0,2,0,3.0,12,2,6.0
1,9,104,81,2,0,3,5,1,1,1,2,2,0,2,0,4,0,3.0,34,6,5.666666666666667
0,2,144,0,1,6,0,0,1,0,1,1,1,0,1,20,3,0,1.0,141,25,5.64
1,1,104,0,0,0,6,0,1,1,1,1,1,0,1,0,2,0,3.0,298,53,5.622641509433962
0,60,152,114,0,4,5,5,2,0,0,0,0,0,1,0,2,0,5.0,370,71,5.211267605633803
0,60,8,0,0,2,4,5,2,2,0,0,0,0,1,500,2,0,1.0,1444,268,5.388059701492537
0,3,144,0,1,6,0,0,1,1,1,1,1,0,1,300,12,0,5.0,138,5,27.6
1,1,135,0,0,2,0,0,2,0,1,1,1,0,1,0,2,0,12.0,755,148,5.101351351351352
0,2,144,0,0,0,0,0,1,0,1,0,1,0,1,0,2,0,3.0,124,21,5.904761904761905
1,3,105,0,0,0,5,5,1,0,1,0,1,0,1,0,0,0,5.0,529,84,6.2976190476190474
0,1,144,0,0,0,1,0,1,1,1,1,1,0,1,0,3,0,1.0,131,22,5.954545454545454
0,6,30,114,0,0,1,0,0,0,1,0,1,0,1,0,2,0,3.0,667,140,4.764285714285714
0,3,22,38,1,1,6,0,2,0,0,0,1,0,1,0,2,0,5.0,144,25,5.76
0,3,8,114,1,1,0,0,1,1,1,1,1,0,1,0,12,0,2.0,132,26,5.076923076923077
0,2,144,114,0,1,0,0,1,1,0,0,1,0,1,0,2,0,1.0,12,2,6.0
1,16,105,0,0,4,0,0,0,1,1,1,1,0,1,0,12,0,6.0,40,6,6.666666666666667
0,36,144,0,0,0,1,0,1,0,0,0,2,0,1,0,12,0,8.0,152,30,5.066666666666666
0,4,144,0,0,0,1,0,1,0,2,2,2,0,1,0,2,0,2.0,163,29,5.620689655172414
1,4,105,0,1,0,3,5,0,0,1,1,1,0,7,0,2,0,4.0,246,50,4.92
0,2,144,0,1,1,0,0,1,0,1,1,2,0,1,5,3,0,2.0,15,3,5.0
1,2,104,0,0,0,1,4,1,1,1,0,1,0,1,50,2,1,5.0,781,144,5.423611111111111
0,1,144,114,1,0,1,0,1,1,1,1,1,0,1,0,2,0,1.0,12,2,6.0
0,2,144,0,1,1,0,0,2,0,1,0,1,0,1,0,3,0,1.0,645,122,5.286885245901639
1,15,128,82,0,1,4,0,1,0,2,2,2,0,1,0,2,0,3.0,814,163,4.993865030674846
1,3,105,0,0,1,5,0,0,0,0,0,0,0,1,0,2,0,2.0,962,193,4.984455958549223
1,6,105,0,1,0,1,0,1,0,0,0,0,0,1,100,12,0,1.0,64,7,9.142857142857142
1,3,104,73,1,0,3,5,1,1,1,0,1,0,1,150,2,0,8.0,155,23,6.739130434782608
0,36,144,0,0,2,0,0,1,1,0,0,1,0,1,0,2,0,2.0,381,79,4.822784810126582
1,2,105,0,0,2,6,0,0,0,1,1,1,0,1,0,2,0,5.0,60,8,7.5
1,4,105,0,1,6,0,0,1,0,0,0,1,0,1,0,2,0,3.0,225,43,5.232558139534884
1,24,103,81,1,1,5,5,0,1,1,1,1,0,5,0,1,0,2.0,362,61,5.934426229508197
1,1,88,0,2,0,1,0,0,0,1,1,1,0,3,0,2,0,4.0,138,24,5.75
1,2,105,0,2,0,5,5,1,0,1,0,1,0,2,9,2,0,6.0,1034,187,5.529411764705882
1,2,105,0,1,0,0,0,0,0,1,0,1,0,1,0,2,0,4.0,254,49,5.183673469387755
1,6,103,0,0,0,0,0,1,1,1,0,1,0,1,0,2,0,5.0,12,1,12.0
1,3,105,0,0,0,2,5,1,0,1,0,1,0,4,0,2,0,15.0,425,61,6.967213114754099
0,2,144,0,0,0,6,0,1,1,0,0,1,0,1,0,12,0,3.0,334,66,5.0606060606060606
1,24,105,0,1,0,5,5,1,0,0,0,0,0,1,0,2,0,17.0,429,83,5.168674698795181
1,6,96,0,1,0,1,2,1,0,0,0,0,0,1,0,12,0,5.0,205,35,5.857142857142857
0,2,144,114,0,0,1,0,1,0,0,0,1,0,2,0,2,0,3.0,130,23,5.6521739130434785
1,3,104,0,0,0,5,5,1,1,1,0,1,0,1,0,12,1,7.0,698,115,6.069565217391304
1,20,141,86,0,1,4,0,2,2,0,0,0,0,1,100,7,0,2.0,18,3,6.0
1,24,105,82,1,5,0,0,1,0,0,0,0,0,1,0,2,0,3.0,41,4,10.25
1,2,105,0,0,0,0,0,0,0,1,1,1,0,1,0,2,0,4.0,487,90,5.411111111111111
0,24,144,0,0,2,3,3,0,0,2,2,1,0,1,0,12,0,5.0,300,59,5.084745762711864
1,2,105,0,1,0,5,5,1,0,2,0,2,0,1,0,12,0,1.0,44,9,4.888888888888889
0,1,144,0,1,0,0,0,1,1,1,1,1,0,1,0,3,0,1.0,133,22,6.045454545454546
1,4,105,0,1,0,0,0,1,0,1,1,1,0,1,0,1,0,6.0,250,46,5.434782608695652
1,5,105,0,0,0,6,0,1,0,1,0,1,0,1,0,12,0,1.0,66,13,5.076923076923077
1,2,105,0,1,0,1,5,1,0,0,0,1,0,1,80,12,0,2.0,629,115,5.469565217391304
1,2,105,0,1,0,1,0,0,0,2,2,2,0,1,0,2,0,2.0,237,47,5.042553191489362
0,2,144,114,1,1,6,0,1,1,1,0,1,0,1,0,2,0,5.0,14,3,4.666666666666667
1,4,135,0,0,1,4,5,1,2,2,0,2,0,1,0,2,0,1.0,62,13,4.769230769230769
0,4,144,0,1,1,3,0,1,0,0,0,0,0,2,0,12,0,1.0,246,41,6.0
0,8,144,0,1,0,0,0,1,0,0,0,1,0,1,0,4,1,9.0,644,118,5.4576271186440675
1,5,105,0,1,3,6,0,1,0,1,0,1,0,1,0,12,0,3.0,1132,214,5.289719626168225
1,2,104,82,2,0,5,5,0,1,0,0,1,0,2,200,2,0,11.0,21,4,5.25
1,12,135,0,0,2,3,0,1,0,2,2,1,0,1,0,2,0,1.0,95,21,4.523809523809524
1,3,105,106,1,2,4,0,1,1,1,1,1,0,1,0,7,0,3.0,274,48,5.708333333333333
1,2,105,0,0,2,3,5,0,0,1,1,1,0,1,0,2,0,3.0,408,67,6.08955223880597
1,1,105,0,1,0,0,0,1,0,1,0,1,0,1,0,2,0,2.0,156,30,5.2
1,2,105,82,2,0,5,5,1,1,1,1,1,0,5,0,2,0,10.0,166,26,6.384615384615385
0,3,22,26,0,2,4,5,1,0,2,2,2,0,1,200,2,0,0.0,111,23,4.826086956521739
0,27,144,0,1,2,0,0,1,0,0,0,0,0,1,0,12,0,4.0,497,99,5.02020202020202
0,1,144,114,0,1,0,0,1,0,1,1,0,0,1,0,2,0,2.0,76,13,5.846153846153846
1,2,142,0,0,6,0,0,1,0,1,0,1,0,2,0,2,0,4.0,72,12,6.0
0,36,60,0,1,1,4,0,0,1,0,0,0,0,1,0,2,0,1.0,299,51,5.862745098039215
0,2,5,114,1,0,1,0,1,1,1,1,1,0,1,0,2,0,1.0,48,10,4.8
0,28,61,0,0,0,6,0,2,1,0,0,2,0,1,50,2,0,2.0,304,64,4.75
1,2,105,0,1,1,3,5,1,0,1,0,1,0,1,0,12,0,2.0,108,19,5.684210526315789
0,1,144,0,1,1,6,0,1,0,1,1,1,0,1,0,2,0,2.0,560,100,5.6
0,10,144,0,1,0,3,0,0,0,0,0,0,0,1,0,2,0,1.0,59,12,4.916666666666667
0,1,28,114,0,0,6,0,1,0,1,1,1,0,1,0,6,0,4.0,272,49,5.551020408163265
0,2,144,0,1,0,1,5,1,0,1,1,1,0,1,20,3,0,1.0,201,32,6.28125
0,4,144,0,0,1,0,0,1,0,0,0,1,0,1,0,2,0,1.0,85,16,5.3125
1,1,104,0,0,0,5,0,0,1,1,1,1,0,1,0,2,0,2.0,150,27,5.555555555555555
1,3,104,0,2,2,6,0,0,1,1,1,1,0,2,0,12,0,5.0,43,8,5.375
0,2,144,0,2,0,1,5,1,1,0,0,1,0,2,0,0,0,2.0,64,13,4.923076923076923
0,1,144,0,1,6,0,0,0,0,1,1,1,0,1,0,2,0,1.0,143,24,5.958333333333333
1,10,105,0,0,1,2,0,1,0,0,0,0,0,1,0,12,0,1.0,281,61,4.60655737704918
0,2,144,0,1,0,0,0,1,0,0,0,1,1,1,0,12,0,4.0,487,102,4.7745098039215685
0,6,42,38,1,1,0,0,2,1,0,0,0,0,1,0,2,0,7.0,161,29,5.551724137931035
1,30,135,81,0,4,0,0,3,1,0,0,0,0,1,0,2,0,5.0,480,94,5.1063829787234045
0,24,17,0,0,1,6,0,1,0,0,0,1,0,1,0,2,0,1.0,276,64,4.3125
1,9,128,101,1,0,4,5,1,1,1,1,1,0,1,200,2,0,1.0,42,7,6.0
0,2,144,0,2,1,4,0,1,0,1,0,1,0,5,0,2,0,7.0,535,101,5.297029702970297
1,3,108,82,2,0,3,5,1,0,1,1,1,0,7,0,2,0,3.0,818,158,5.177215189873418
0,2,144,0,0,4,0,0,1,0,0,0,1,0,1,0,12,0,3.0,155,26,5.961538461538462
1,5,105,82,1,1,5,5,0,0,0,0,1,0,1,0,2,0,5.0,681,125,5.448
1,2,105,81,2,0,5,0,0,1,1,1,1,0,2,0,2,0,2.0,112,20,5.6
0,2,144,0,1,0,1,5,1,1,1,1,1,0,3,0,2,0,6.0,369,72,5.125
0,3,144,0,0,0,1,0,1,0,0,0,1,0,1,0,2,0,4.0,291,58,5.017241379310345
1,6,135,0,0,1,2,3,1,0,1,0,1,0,1,0,12,0,5.0,329,61,5.39344262295082
0,12,144,0,1,1,0,0,0,1,0,0,1,0,1,80,2,0,4.0,400,79,5.063291139240507
1,24,122,0,1,2,3,5,1,1,2,2,1,0,1,0,12,0,1.0,238,48,4.958333333333333
0,22,13,4,0,0,5,5,1,0,0,0,1,0,1,0,2,0,4.0,457,83,5.506024096385542
1,24,96,0,2,0,2,2,1,0,0,0,0,0,5,0,12,0,5.0,132,25,5.28
0,9,144,0,0,0,6,0,1,0,0,0,0,0,1,0,2,0,2.0,272,54,5.037037037037037
0,2,144,0,1,6,0,0,1,1,0,0,1,0,1,0,2,0,1.0,79,14,5.642857142857143
1,5,105,0,1,0,5,0,0,0,1,1,1,0,1,0,2,0,5.0,265,54,4.907407407407407
0,36,144,0,0,4,0,0,1,1,0,0,0,0,5,0,2,0,1.0,226,43,5.255813953488372
1,3,105,0,0,3,6,0,0,0,2,2,2,0,1,0,12,0,2.0,27,4,6.75
0,10,144,114,1,0,1,5,1,0,1,1,1,0,1,0,2,0,3.0,472,94,5.0212765957446805
0,72,60,0,1,1,2,5,1,1,2,2,1,0,1,0,12,0,7.0,621,105,5.914285714285715
0,60,99,0,0,1,0,0,2,0,2,2,1,1,1,0,2,0,3.0,544,100,5.44
0,2,144,0,0,1,0,0,1,0,1,0,1,0,1,0,12,0,4.0,339,62,5.467741935483871
0,9,144,0,1,1,0,0,0,0,1,1,1,0,2,0,4,0,0.0,159,31,5.129032258064516
0,8,144,114,1,6,0,0,1,0,0,0,0,0,1,0,2,1,1.0,248,48,5.166666666666667
1,8,85,107,1,0,1,5,1,0,1,1,0,0,1,0,2,0,6.0,397,82,4.841463414634147
1,2,104,82,1,5,0,0,0,1,1,1,0,0,1,0,2,0,1.0,355,72,4.930555555555555
0,7,144,0,1,0,0,0,1,0,0,0,0,0,1,0,2,0,3.0,204,41,4.975609756097561
0,1,144,76,0,0,1,0,2,1,0,0,1,0,1,0,2,0,4.0,279,47,5.9361702127659575
1,2,104,82,2,0,5,5,1,1,1,0,1,0,3,0,5,0,8.0,877,164,5.347560975609756
0,4,144,0,1,1,6,0,1,0,0,2,1,0,1,0,2,0,1.0,542,93,5.827956989247312
0,2,144,0,2,0,1,1,0,1,1,1,1,0,12,0,2,0,5.0,86,17,5.0588235294117645
1,30,105,0,1,4,5,5,1,1,0,0,0,0,1,1,2,0,1.0,156,28,5.571428571428571
1,1,105,82,1,0,3,5,1,0,1,1,1,0,2,0,3,0,3.0,131,25,5.24
1,3,115,0,2,0,1,5,1,0,1,1,1,0,4,0,2,0,4.0,51,11,4.636363636363637
1,3,104,106,0,3,4,5,0,1,1,1,0,0,1,0,12,0,5.0,12,3,4.0
0,3,144,53,1,0,2,0,1,1,0,0,1,0,1,0,2,0,7.0,105,16,6.5625
1,4,105,0,0,1,6,0,0,0,1,1,1,0,1,30,12,0,3.0,434,81,5.3580246913580245
0,10,158,125,1,4,0,0,2,1,0,0,0,0,1,5,12,0,0.0,196,40,4.9
1,3,104,0,0,2,0,0,1,1,0,0,2,0,1,0,2,0,3.0,285,53,5.377358490566038
0,36,144,0,1,2,0,0,1,0,0,0,1,0,1,50,12,0,1.0,154,29,5.310344827586207
0,5,8,57,0,2,6,0,0,2,0,0,0,0,1,0,2,0,1.0,52,10,5.2
1,3,135,82,1,0,6,0,1,0,1,1,1,0,2,0,12,0,7.0,677,115,5.886956521739131
1,36,122,0,0,2,3,4,1,1,2,2,2,0,1,0,12,0,4.0,255,56,4.553571428571429
1,2,105,0,2,1,6,0,1,0,1,1,1,0,3,0,2,0,3.0,109,23,4.739130434782608
0,2,144,0,2,1,0,0,1,0,1,1,1,0,4,0,2,0,5.0,424,81,5.234567901234568
1,1,104,96,2,0,1,5,0,2,1,1,1,0,2,0,7,0,1.0,133,25,5.32
0,2,144,0,1,0,1,0,1,0,1,0,1,0,1,0,2,0,3.0,185,33,5.606060606060606
0,24,144,0,0,1,4,5,1,1,2,2,2,0,1,0,4,0,5.0,200,43,4.651162790697675
1,1,105,73,1,0,1,5,1,0,1,0,1,0,1,0,2,0,7.0,588,115,5.113043478260869
1,2,104,0,1,0,6,0,1,1,1,1,1,0,1,60,7,0,8.0,63,11,5.7272727272727275
0,28,144,0,0,0,1,5,2,1,2,2,2,0,1,0,3,0,2.0,314,65,4.8307692307692305
0,2,144,0,1,0,6,0,1,1,1,1,1,0,1,0,12,0,6.0,30,5,6.0
1,1,105,0,2,0,3,5,1,0,1,1,1,0,2,0,4,0,5.0,322,64,5.03125
0,2,17,36,2,1,4,5,1,0,0,0,0,0,4,0,2,0,5.0,205,35,5.857142857142857
0,0,144,0,1,1,6,0,1,1,1,1,1,0,1,0,2,0,4.0,18,3,6.0
0,1,144,0,0,1,6,0,1,1,1,1,1,0,1,0,3,0,2.0,103,15,6.866666666666666
1,17,120,0,1,1,2,2,1,0,0,0,1,0,1,0,12,0,1.0,430,83,5.180722891566265
0,36,60,0,1,1,6,0,1,2,0,0,1,0,1,200,2,0,2.0,8,1,8.0
0,24,144,114,1,1,6,0,1,0,1,1,1,0,2,0,5,0,3.0,123,20,6.15
1,4,105,0,0,5,6,0,1,0,1,1,1,0,1,0,2,0,5.0,55,9,6.111111111111111
1,5,105,0,1,0,0,0,0,0,1,0,1,0,1,0,2,0,2.0,316,61,5.180327868852459
1,3,105,0,1,0,3,5,1,0,1,1,1,0,1,0,2,0,1.0,33,7,4.714285714285714
1,3,105,0,0,2,3,0,0,0,2,2,2,0,1,0,12,0,4.0,34,6,5.666666666666667
0,5,40,0,0,1,4,0,0,1,0,0,1,0,1,500,2,0,2.0,924,186,4.967741935483871
0,2,144,0,0,0,6,0,1,1,1,0,1,0,1,0,3,0,1.0,122,19,6.421052631578948
1,30,105,0,1,0,5,5,1,0,0,0,0,0,1,0,2,0,2.0,319,60,5.316666666666666
1,5,105,0,1,1,0,0,1,0,1,1,1,0,1,0,0,0,1.0,38,7,5.428571428571429
0,24,155,30,2,1,6,0,0,1,0,0,0,1,4,385,2,0,5.0,472,86,5.488372093023256
1,1,104,0,2,4,5,0,0,1,1,1,1,0,5,0,2,0,3.0,123,17,7.235294117647059
1,3,128,81,1,1,6,0,1,1,1,1,1,0,2,150,2,0,5.0,308,53,5.811320754716981
0,4,144,114,1,6,0,0,1,0,0,0,1,0,1,0,12,0,3.0,144,31,4.645161290322581
1,2,104,0,1,1,5,5,1,1,1,1,1,0,1,0,2,0,4.0,190,32,5.9375
0,2,144,0,0,1,0,0,1,0,0,0,1,0,1,0,2,0,2.0,208,39,5.333333333333333
0,6,54,114,0,1,4,0,0,0,1,0,1,0,1,0,2,0,2.0,407,81,5.0246913580246915
0,4,144,114,1,0,1,0,1,1,1,1,1,0,1,0,4,0,7.0,235,41,5.7317073170731705
1,2,105,0,0,0,0,0,0,0,1,1,1,0,1,0,12,0,6.0,431,89,4.842696629213483
0,2,22,114,1,0,2,3,2,1,0,0,1,0,1,0,2,0,19.0,30,5,6.0
0,2,144,0,0,0,0,0,0,1,2,2,2,0,1,0,2,0,4.0,313,5,62.6
1,3,105,0,2,4,5,5,1,0,1,1,1,0,4,0,5,0,4.0,162,31,5.225806451612903
0,36,144,0,1,0,1,3,1,0,1,0,0,0,1,0,2,0,3.0,792,153,5.176470588235294
0,2,144,0,1,4,0,0,1,0,2,2,1,0,1,0,12,0,1.0,20,5,4.0
0,2,144,0,1,4,6,0,1,1,0,0,1,0,1,80,3,0,1.0,255,42,6.071428571428571
1,3,104,82,1,0,2,5,1,0,1,1,1,0,1,0,2,0,2.0,372,69,5.391304347826087
1,3,114,96,1,1,2,0,0,1,1,0,1,0,1,100,12,0,5.0,421,81,5.197530864197531
0,2,144,0,0,1,6,0,0,0,0,0,1,0,1,0,2,0,6.0,285,56,5.089285714285714
0,2,166,114,1,0,1,0,1,0,0,0,1,0,4,0,2,0,6.0,108,17,6.352941176470588
1,2,105,0,1,0,6,0,0,0,1,1,1,0,1,0,12,0,1.0,142,22,6.454545454545454
0,18,144,0,0,1,6,0,1,0,2,2,2,0,1,0,2,0,4.0,410,74,5.54054054054054
1,2,140,113,1,0,1,2,0,0,1,1,1,0,1,0,12,0,4.0,226,40,5.65
0,5,144,0,0,0,6,0,1,0,0,0,1,0,1,0,2,0,1.0,291,54,5.388888888888889
0,4,144,0,1,1,6,0,1,0,0,0,0,0,2,100,2,0,2.0,168,37,4.54054054054054
0,2,144,114,0,0,1,0,1,1,0,0,1,0,1,0,2,0,5.0,12,2,6.0
0,13,144,41,1,0,1,5,1,0,0,0,0,0,1,0,3,0,5.0,358,77,4.64935064935065
0,48,69,0,1,1,3,5,1,2,1,2,2,0,1,0,12,0,3.0,308,64,4.8125
0,2,144,0,0,1,5,0,1,0,0,0,2,0,2,0,2,0,5.0,229,40,5.725
0,1,144,0,1,1,0,0,1,1,1,1,1,0,2,0,2,0,2.0,431,83,5.192771084337349
0,2,144,0,1,0,1,5,1,0,1,1,2,0,2,0,2,0,5.0,231,42,5.5
0,2,144,0,0,0,1,0,1,0,1,1,1,0,1,0,12,0,5.0,45,8,5.625
0,3,144,0,1,0,1,0,1,0,0,0,1,0,1,0,2,0,0.0,304,60,5.066666666666666
0,66,3,0,1,0,6,0,1,0,1,0,1,0,1,300,4,0,1.0,95,20,4.75
0,24,144,0,1,1,0,0,2,0,0,0,0,0,1,50,3,0,4.0,293,60,4.883333333333334
0,2,144,114,1,1,0,0,1,1,1,0,1,0,1,0,2,0,7.0,12,2,6.0
0,24,36,124,0,1,0,0,0,0,0,0,0,0,1,0,2,0,3.0,718,139,5.16546762589928
0,1,144,114,2,6,0,0,1,1,1,1,1,0,16,0,2,0,1.0,64,12,5.333333333333333
0,36,5,0,1,0,1,0,3,0,2,2,2,0,1,0,2,0,3.0,160,31,5.161290322580645
0,1,144,0,0,0,0,0,1,1,0,0,1,0,1,0,12,0,1.0,168,36,4.666666666666667
0,3,144,0,2,0,1,3,1,2,1,1,1,0,5,0,2,0,7.0,275,53,5.188679245283019
0,3,144,0,1,1,6,0,1,1,2,2,1,0,1,0,2,0,7.0,202,33,6.121212121212121
1,1,105,0,2,0,1,5,0,0,1,1,1,0,13,0,2,1,13.0,681,128,5.3203125
1,2,103,0,1,0,2,5,1,2,1,1,1,0,4,0,5,0,5.0,201,38,5.2894736842105265
0,3,22,114,1,4,6,0,2,1,2,2,0,0,1,0,2,0,3.0,231,45,5.133333333333334
0,72,144,0,1,0,0,0,1,0,2,0,1,1,1,0,2,0,4.0,1193,237,5.033755274261603
1,36,105,106,0,0,5,0,1,0,0,0,0,0,1,0,12,0,6.0,2190,408,5.367647058823529
0,2,144,0,2,0,6,0,2,0,1,1,1,0,6,0,7,0,1.0,141,29,4.862068965517241
1,4,104,0,1,1,5,5,0,1,1,1,1,0,1,0,2,0,1.0,80,16,5.0
1,2,105,0,2,0,2,5,1,1,0,0,1,0,2,0,2,0,3.0,450,77,5.8441558441558445
1,7,104,0,1,5,6,0,1,1,0,0,0,0,1,0,2,0,3.0,679,117,5.803418803418803
0,2,144,27,0,0,6,0,1,0,0,0,1,0,1,0,2,0,4.0,695,125,5.56
0,24,144,54,0,1,0,0,1,1,2,0,1,0,1,0,1,0,2.0,285,62,4.596774193548387
1,2,105,0,0,0,5,0,0,0,1,1,1,0,1,0,12,0,3.0,82,17,4.823529411764706
1,2,104,82,2,0,1,4,1,1,1,1,1,0,15,0,5,0,8.0,166,32,5.1875
0,19,144,0,0,0,6,0,1,0,0,0,0,0,1,0,10,0,4.0,529,104,5.086538461538462
1,3,122,81,1,2,0,0,2,1,1,0,1,0,1,150,2,0,7.0,620,108,5.7407407407407405
0,60,8,0,0,4,0,0,1,1,0,0,1,0,1,0,2,0,2.0,54,8,6.75
0,6,144,0,1,1,6,0,1,2,0,0,0,0,1,0,2,0,4.0,416,74,5.621621621621622
1,24,103,0,0,5,6,0,2,2,1,1,1,0,1,100,12,0,3.0,88,18,4.888888888888889
0,3,144,35,0,0,6,0,2,1,0,0,1,1,2,0,2,0,9.0,340,50,6.8
1,6,105,0,1,5,6,0,1,0,1,1,1,0,1,0,2,0,5.0,56,10,5.6
0,1,144,0,0,4,0,0,0,1,1,1,1,0,1,0,2,0,3.0,308,59,5.220338983050848
1,3,135,0,2,1,2,5,1,1,1,0,1,0,2,60,2,0,4.0,1120,204,5.490196078431373
0,2,144,0,2,0,1,0,1,1,2,2,2,0,3,0,2,0,3.0,159,31,5.129032258064516
0,6,144,0,0,1,0,0,1,1,0,1,1,1,1,0,3,0,1.0,98,19,5.157894736842105
1,112,105,0,0,0,6,0,0,0,1,1,1,0,1,0,12,0,5.0,271,50,5.42
0,7,144,0,0,0,1,5,1,0,0,0,2,0,1,0,4,0,4.0,219,44,4.9772727272727275
1,6,103,0,1,3,0,0,0,2,1,0,1,0,1,150,12,0,4.0,961,190,5.057894736842106
0,1,144,0,1,1,0,0,1,0,1,1,1,0,1,0,2,0,5.0,34,6,5.666666666666667
1,2,84,66,2,0,1,5,1,0,1,1,1,0,5,0,2,0,8.0,452,90,5.022222222222222
0,2,144,114,1,1,0,0,1,0,1,1,1,0,1,0,2,0,23.0,784,150,5.226666666666667
1,2,105,0,2,0,1,5,1,0,1,0,1,0,3,0,2,0,3.0,218,39,5.589743589743589
1,2,105,0,1,0,1,5,0,0,1,1,1,0,1,0,3,0,11.0,159,30,5.3
0,76,144,114,2,0,2,5,1,0,0,0,1,0,2,0,2,2,3.0,229,45,5.088888888888889
0,2,144,0,1,0,1,0,1,0,0,0,1,0,1,0,12,0,2.0,154,28,5.5
0,16,69,114,1,1,4,0,1,0,0,0,0,0,1,300,2,0,1.0,545,83,6.566265060240964
1,67,126,0,0,5,0,0,1,1,0,0,0,0,1,0,2,0,1.0,443,82,5.402439024390244
0,6,51,54,0,4,5,0,1,1,0,0,1,0,1,200,3,0,2.0,116,17,6.823529411764706
0,4,165,0,1,0,6,0,1,0,1,1,1,0,1,0,2,0,3.0,906,187,4.8449197860962565
1,4,135,0,1,0,2,5,1,0,0,0,1,0,1,0,2,0,1.0,274,50,5.48
0,4,144,0,1,6,0,0,1,1,1,1,1,0,1,0,2,0,2.0,156,25,6.24
0,2,144,0,0,1,0,0,1,1,0,0,1,0,1,0,2,0,1.0,196,37,5.297297297297297
1,2,105,0,1,0,4,5,0,0,0,0,1,0,1,0,2,0,2.0,127,22,5.7727272727272725
0,24,144,114,2,4,6,0,0,1,1,1,1,0,4,0,12,0,0.0,85,15,5.666666666666667
0,96,8,0,0,2,0,0,2,2,0,0,0,0,1,300,7,0,1.0,131,28,4.678571428571429
1,2,105,0,2,0,5,0,1,1,1,1,1,0,5,0,2,0,12.0,243,44,5.5227272727272725
0,3,144,0,1,0,1,0,1,0,0,0,1,0,1,50,2,0,2.0,419,80,5.2375
0,2,144,0,1,0,1,0,1,0,2,2,1,0,1,0,2,0,2.0,125,21,5.9523809523809526
0,0,152,114,1,1,0,0,1,0,1,1,1,0,1,0,12,0,2.0,91,18,5.055555555555555
0,1,144,0,2,6,0,0,1,0,1,1,1,0,5,0,7,0,4.0,192,35,5.485714285714286
0,5,144,0,1,0,0,0,1,0,0,0,0,0,1,250,2,1,4.0,814,151,5.3907284768211925
0,2,144,114,1,4,0,0,1,1,0,0,1,0,1,0,2,0,4.0,12,2,6.0
0,0,144,114,2,0,1,5,0,0,2,2,2,2,5,0,12,0,10.0,233,2,116.5
0,1,144,0,2,0,1,0,1,0,1,1,1,0,6,0,12,0,5.0,54,11,4.909090909090909
0,2,144,0,1,0,6,0,1,0,0,0,0,0,1,0,4,0,5.0,554,114,4.859649122807017
1,2,135,0,0,2,6,0,1,0,1,0,1,0,1,0,2,0,2.0,298,55,5.418181818181818
0,72,5,0,1,0,1,0,2,1,1,0,0,0,1,0,12,0,4.0,388,67,5.791044776119403
1,12,105,0,2,0,1,4,1,1,1,1,1,0,3,0,12,0,1.0,602,119,5.0588235294117645
0,9,30,114,0,0,6,0,0,0,2,0,1,0,1,0,1,0,3.0,121,23,5.260869565217392
1,5,105,0,1,1,6,0,0,0,1,1,1,0,1,100,12,0,2.0,408,76,5.368421052631579
0,2,144,114,0,1,0,0,1,1,0,0,1,0,1,0,2,0,1.0,12,2,6.0
1,48,105,0,1,4,6,0,1,0,0,0,0,0,1,0,2,0,5.0,309,54,5.722222222222222
1,3,104,106,1,0,5,5,0,1,1,1,1,0,1,0,12,0,1.0,66,12,5.5
0,48,13,0,1,0,6,0,1,1,0,0,0,0,1,0,2,0,0.0,552,115,4.8
0,2,99,114,1,0,1,0,3,0,0,0,1,0,1,0,2,0,3.0,146,27,5.407407407407407
0,4,144,0,1,1,0,0,1,0,0,0,0,0,1,0,4,0,11.0,270,46,5.869565217391305
1,5,103,0,0,2,0,0,1,1,1,0,1,0,1,50,2,0,2.0,16,3,5.333333333333333
1,1,104,0,2,1,5,5,1,1,1,1,1,0,2,0,12,0,5.0,208,40,5.2
0,2,144,0,1,0,1,0,1,1,2,2,1,0,1,0,2,0,2.0,136,23,5.913043478260869
1,2,105,0,1,0,1,5,0,0,0,0,1,0,5,0,2,0,6.0,119,26,4.576923076923077
1,1,105,0,0,0,6,0,1,0,1,1,1,0,1,0,12,0,1.0,215,43,5.0
1,3,105,0,0,1,2,0,0,0,0,0,1,0,1,0,2,0,6.0,612,103,5.941747572815534
0,0,144,0,2,0,1,0,1,1,1,2,1,0,3,0,7,0,1.0,89,17,5.235294117647059
0,7,144,0,0,2,0,0,1,0,0,0,0,0,1,0,12,0,2.0,467,89,5.247191011235955
0,2,144,0,2,0,1,0,1,0,1,1,1,0,2,0,4,0,2.0,315,62,5.080645161290323
0,18,144,114,1,2,0,0,1,2,0,0,1,0,1,0,2,0,8.0,376,80,4.7
0,24,166,114,1,1,6,0,2,0,0,0,0,0,1,0,12,0,5.0,2084,314,6.6369426751592355
0,1,144,0,0,0,0,0,1,0,1,1,1,0,1,0,7,0,2.0,125,27,4.62962962962963
0,1,28,114,1,4,0,0,1,0,1,1,1,0,1,0,6,0,3.0,112,18,6.222222222222222
1,10,105,0,2,3,0,0,1,0,2,0,1,0,2,0,12,0,3.0,636,128,4.96875
1,7,105,81,1,1,2,0,0,0,1,0,1,0,1,0,12,0,3.0,42,7,6.0
0,36,41,126,1,4,6,0,0,1,0,0,0,0,1,200,2,0,5.0,1791,316,5.667721518987341
1,3,135,0,1,0,5,0,0,0,1,0,1,0,1,0,4,0,3.0,423,89,4.752808988764045
1,36,104,0,0,1,6,0,2,1,1,0,1,0,1,0,3,0,1.0,92,20,4.6
0,8,144,0,0,0,1,5,1,1,0,2,1,0,1,0,2,0,0.0,123,23,5.3478260869565215
1,5,105,101,0,0,1,5,1,1,1,0,1,0,1,0,3,0,5.0,116,21,5.523809523809524
1,1,104,0,0,0,0,0,0,1,1,1,1,0,1,0,2,0,2.0,807,169,4.775147928994083
1,2,104,0,1,0,5,5,0,1,0,0,1,0,1,0,2,0,8.0,212,39,5.435897435897436
1,1,88,106,0,0,5,5,1,0,1,0,1,0,1,0,2,1,6.0,1006,148,6.797297297297297
0,8,144,0,1,4,0,0,1,1,2,2,2,0,1,0,2,0,3.0,181,35,5.171428571428572
0,3,144,0,1,1,0,0,1,1,1,1,1,0,1,0,2,0,1.0,65,12,5.416666666666667
0,6,144,0,1,0,1,2,1,1,1,0,1,0,1,0,4,0,3.0,197,41,4.804878048780488
0,1,144,54,0,0,4,0,1,0,1,0,1,0,1,0,2,0,2.0,282,47,6.0
1,2,105,0,1,0,0,0,0,0,1,1,1,0,1,0,2,3,4.0,586,114,5.140350877192983
0,2,144,0,1,0,1,5,1,0,1,1,1,0,1,0,2,0,5.0,218,42,5.190476190476191
0,26,144,0,1,0,1,0,1,0,0,0,1,0,1,0,12,0,5.0,291,58,5.017241379310345
0,2,144,0,1,1,0,0,1,0,0,0,0,0,1,0,4,0,4.0,288,53,5.433962264150943
0,36,17,0,0,1,6,0,1,0,0,0,1,0,1,0,7,0,3.0,372,74,5.027027027027027
1,2,128,0,2,4,5,5,0,0,1,1,1,0,4,0,12,0,2.0,69,13,5.3076923076923075
0,2,144,0,0,0,1,0,1,0,1,0,1,0,1,0,2,0,2.0,380,73,5.205479452054795
0,24,17,0,0,1,6,0,0,0,2,2,0,0,1,0,12,0,5.0,302,53,5.69811320754717
0,82,47,0,0,0,0,0,2,0,0,0,0,0,1,300,2,0,3.0,357,70,5.1
0,24,168,0,0,0,0,0,1,1,0,0,1,0,1,0,12,0,1.0,243,46,5.282608695652174
1,2,104,0,2,6,0,0,1,1,0,0,1,0,6,0,2,0,7.0,198,34,5.823529411764706
0,1,144,0,1,1,6,0,1,1,1,1,1,0,1,0,2,0,3.0,512,90,5.688888888888889
0,10,60,0,1,4,6,0,0,1,0,0,1,0,1,0,12,1,5.0,1944,359,5.415041782729805
1,2,135,0,2,0,1,5,0,0,0,0,1,0,2,0,12,0,4.0,676,126,5.365079365079365
1,14,104,0,1,0,1,2,1,1,1,0,0,0,1,200,12,0,1.0,4014,789,5.08745247148289
1,2,103,80,2,5,6,0,1,2,1,0,1,0,2,0,5,0,4.0,90,18,5.0
0,6,144,0,0,5,0,0,1,0,2,2,2,0,1,0,2,0,0.0,208,41,5.073170731707317
0,77,8,0,0,2,0,0,1,1,0,0,1,0,1,0,12,0,4.0,567,113,5.017699115044247
0,4,5,0,2,0,1,0,2,1,0,0,2,0,2,3000,1,0,5.0,503,87,5.781609195402299
0,92,60,30,0,1,5,5,1,2,0,0,2,0,2,200,2,0,3.0,617,124,4.975806451612903
0,60,60,0,1,1,4,5,1,1,0,0,1,0,1,300,12,0,2.0,304,63,4.825396825396825
0,12,144,0,1,0,6,0,1,0,1,1,1,0,1,20,3,0,1.0,142,25,5.68
0,2,144,0,2,0,1,0,1,0,1,0,1,0,3,0,12,0,5.0,268,48,5.583333333333333
0,3,144,0,1,1,0,0,1,0,0,0,1,0,1,0,12,0,4.0,54,8,6.75
0,4,144,0,1,0,1,4,1,1,1,1,1,0,6,0,2,0,5.0,141,25,5.64
0,4,144,114,0,3,0,0,0,0,0,0,2,0,1,0,12,0,2.0,184,37,4.972972972972973
1,3,105,0,0,0,5,5,0,1,1,1,1,0,3,0,12,0,3.0,16,3,5.333333333333333
1,6,84,0,0,1,5,5,1,0,1,0,0,0,1,0,12,0,0.0,448,92,4.869565217391305
1,1,135,82,2,2,4,0,1,0,1,1,1,0,2,0,12,0,7.0,854,154,5.545454545454546
1,12,104,0,0,6,0,0,0,0,0,0,0,0,1,0,12,0,5.0,430,82,5.2439024390243905
1,7,125,106,1,1,6,0,0,1,2,2,1,0,1,0,2,0,4.0,1173,238,4.928571428571429
1,2,104,0,0,0,0,0,1,1,1,0,1,0,1,0,2,0,2.0,122,23,5.304347826086956
0,1,144,0,0,1,4,5,1,1,1,0,1,0,5,0,3,2,23.0,550,99,5.555555555555555
0,8,144,0,1,0,0,0,1,0,0,0,0,0,1,0,5,0,8.0,459,87,5.275862068965517
0,1,144,0,2,1,4,0,1,0,0,0,0,0,2,0,2,0,1.0,157,26,6.038461538461538
1,12,104,0,1,0,1,5,1,1,2,2,1,0,2,0,12,0,8.0,714,134,5.3283582089552235
0,5,69,0,1,1,6,0,1,2,0,0,1,0,2,0,2,0,3.0,65,10,6.5
0,1,144,0,0,0,1,0,1,0,1,1,1,0,2,0,12,0,4.0,72,15,4.8
1,8,105,0,1,0,5,0,1,0,1,1,0,0,1,0,2,0,5.0,1888,310,6.090322580645161
0,3,144,0,0,1,0,0,1,1,1,2,2,0,1,100,5,0,1.0,62,10,6.2
0,9,8,114,1,1,0,0,2,1,0,0,0,0,1,0,12,0,2.0,184,37,4.972972972972973
0,2,144,0,0,0,4,5,1,1,1,1,1,0,4,0,3,0,7.0,578,103,5.611650485436893
0,0,144,0,1,0,1,0,1,1,2,2,2,0,5,0,12,0,9.0,149,28,5.321428571428571
1,11,105,0,1,0,0,0,1,0,0,0,0,0,1,0,2,0,3.0,247,46,5.369565217391305
1,3,104,0,1,5,6,0,1,1,0,0,1,0,1,0,2,0,4.0,148,28,5.285714285714286
1,3,105,0,1,0,6,0,1,0,0,1,0,0,1,0,12,1,1.0,1264,247,5.117408906882591
0,26,30,0,1,1,0,0,0,1,0,0,1,0,1,100,12,0,2.0,228,53,4.30188679245283
1,6,105,0,1,1,5,0,1,0,2,2,1,0,1,0,2,0,1.0,24,4,6.0
1,12,128,0,1,1,2,5,1,0,1,1,1,0,1,0,2,0,4.0,377,65,5.8
1,4,105,0,0,0,1,0,1,1,1,1,1,0,1,0,2,0,1.0,201,35,5.742857142857143
1,24,105,0,1,1,5,5,0,0,1,0,0,0,1,0,2,0,3.0,157,29,5.413793103448276
1,3,103,0,1,4,0,0,1,2,1,1,1,1,1,0,12,0,2.0,298,54,5.518518518518518
0,30,144,16,0,2,0,0,1,0,0,0,0,0,1,0,2,0,1.0,202,39,5.17948717948718
1,3,104,0,2,1,0,0,1,1,1,0,1,0,2,0,2,0,2.0,282,46,6.130434782608695
0,1,144,31,0,0,1,0,1,0,1,0,1,0,2,0,2,0,3.0,20,3,6.666666666666667
0,2,144,0,2,0,1,5,1,1,1,1,1,0,2,0,7,0,2.0,131,23,5.695652173913044
1,8,105,106,1,5,6,0,1,0,1,1,0,0,1,0,2,0,2.0,200,36,5.555555555555555
0,48,144,0,0,1,0,0,1,0,0,0,2,0,1,0,2,0,2.0,527,99,5.3232323232323235
1,1,104,0,1,0,6,0,1,1,2,0,2,0,1,0,12,0,3.0,205,43,4.767441860465116
0,1,165,54,1,0,6,0,1,0,0,0,0,0,1,0,2,0,27.0,389,69,5.63768115942029
1,6,125,0,1,5,6,0,1,1,2,2,2,0,1,0,2,0,5.0,228,44,5.181818181818182
1,3,103,81,1,5,6,0,0,2,0,0,0,0,1,0,12,0,5.0,451,95,4.747368421052632
0,9,8,0,0,2,0,0,2,2,0,0,0,0,1,200,2,0,3.0,55,12,4.583333333333333
0,7,144,0,0,0,1,0,2,0,0,0,0,0,1,0,2,0,1.0,477,95,5.021052631578947
1,12,135,0,2,0,1,1,1,1,1,1,1,0,7,0,12,0,6.0,122,21,5.809523809523809
0,12,144,0,1,0,1,0,2,0,0,0,0,0,1,0,2,0,20.0,248,43,5.767441860465116
1,12,105,0,2,0,0,0,1,0,0,0,0,0,2,0,2,0,4.0,761,139,5.474820143884892
0,2,144,0,0,0,1,0,1,1,0,0,1,0,1,0,2,0,1.0,1240,228,5.43859649122807
0,12,144,114,0,0,3,0,1,0,1,0,1,0,1,0,2,0,7.0,880,166,5.301204819277109
0,2,144,0,2,0,2,5,1,0,1,1,1,0,6,0,2,0,2.0,99,19,5.2105263157894735
0,2,144,0,1,0,6,0,1,1,0,0,0,0,1,150,12,0,13.0,80,13,6.153846153846154
0,12,38,0,1,0,6,0,1,0,0,0,1,0,1,0,2,0,5.0,261,40,6.525
1,24,92,0,0,0,0,0,1,0,1,1,2,0,1,0,2,0,1.0,88,19,4.631578947368421
0,3,144,114,2,0,1,1,1,0,1,0,1,0,3,0,12,0,3.0,880,151,5.827814569536423
1,1,105,0,1,0,6,0,1,0,1,0,1,0,1,0,12,0,3.0,280,51,5.490196078431373
0,9,144,0,1,4,0,0,1,0,0,0,0,0,1,0,4,0,4.0,488,94,5.191489361702128
0,3,69,12,1,4,5,5,1,1,1,0,1,0,1,150,12,0,8.0,95,15,6.333333333333333
0,1,144,0,2,0,4,5,1,0,2,2,2,1,4,0,12,0,1.0,2178,373,5.839142091152815
1,1,105,0,1,0,6,0,0,0,1,1,0,0,1,0,2,0,6.0,662,136,4.867647058823529
0,11,60,47,1,0,4,5,0,0,2,2,2,0,1,0,12,0,2.0,347,68,5.102941176470588
0,2,144,0,0,0,6,0,1,0,1,1,1,0,1,0,2,0,3.0,137,27,5.074074074074074
1,24,105,106,1,0,3,0,1,0,1,0,0,0,1,0,2,0,5.0,681,128,5.3203125
0,15,144,0,0,4,6,0,1,0,0,0,0,0,1,0,2,0,4.0,89,18,4.944444444444445
0,3,144,0,1,0,1,0,0,0,0,0,1,0,1,0,12,0,6.0,27,4,6.75
0,2,144,0,2,1,4,5,1,1,1,1,1,0,2,0,2,0,4.0,284,32,8.875
1,1,105,0,1,0,1,0,1,0,1,1,1,0,1,0,12,0,1.0,103,20,5.15
0,1,144,0,0,1,0,0,0,0,1,1,1,0,1,0,2,0,0.0,89,18,4.944444444444445
1,1,104,106,0,0,1,5,1,1,1,0,1,0,1,0,2,0,8.0,884,148,5.972972972972973
0,1,144,114,2,0,0,0,0,0,1,1,1,0,2,0,2,0,3.0,308,56,5.5
0,3,144,16,1,1,0,0,1,0,0,0,1,0,1,0,2,0,4.0,66,11,6.0
1,9,135,0,1,0,1,1,1,1,0,0,0,0,1,0,2,0,5.0,632,115,5.495652173913044
0,2,144,0,1,6,0,0,1,1,0,0,0,0,1,0,12,0,3.0,201,39,5.153846153846154
1,4,104,0,1,4,6,0,1,1,1,1,1,0,1,0,5,0,5.0,117,19,6.157894736842105
0,2,144,114,1,0,1,0,1,1,1,0,1,0,1,0,2,0,5.0,14,3,4.666666666666667
0,2,144,114,1,1,0,0,1,0,1,1,1,0,2,0,2,0,5.0,214,42,5.095238095238095
0,3,144,0,0,4,0,0,1,0,2,0,1,0,1,0,12,0,6.0,237,37,6.405405405405405
1,10,105,0,1,1,4,0,1,1,1,0,0,0,1,0,2,0,1.0,272,50,5.44
0,2,144,114,1,0,6,0,1,1,0,0,1,0,1,0,2,0,2.0,12,2,6.0
0,2,144,0,2,0,1,5,1,0,0,0,1,0,5,0,12,0,13.0,852,163,5.226993865030675
0,67,47,0,0,0,0,0,2,2,0,0,1,0,1,0,2,0,1.0,95,16,5.9375
1,2,105,0,0,3,6,0,2,0,1,1,1,0,1,0,2,0,11.0,396,70,5.6571428571428575
1,2,128,81,1,1,4,5,0,1,1,1,1,0,1,100,2,0,2.0,122,22,5.545454545454546
1,6,104,0,0,6,0,0,1,1,1,1,1,0,1,0,3,0,4.0,195,41,4.7560975609756095
1,2,104,82,0,0,1,5,1,1,0,0,1,0,2,100,2,0,7.0,288,44,6.545454545454546
0,2,144,114,1,0,1,0,1,0,2,0,1,0,1,0,12,0,5.0,153,27,5.666666666666667
1,12,128,82,1,1,4,0,1,1,0,0,0,0,2,0,12,0,4.0,697,132,5.28030303030303
1,5,105,0,0,6,0,0,1,1,2,2,2,0,1,0,2,0,3.0,212,36,5.888888888888889
0,2,144,114,1,0,0,0,1,1,0,0,1,0,1,0,12,0,2.0,324,57,5.684210526315789
1,6,104,0,1,2,6,0,1,1,1,1,2,0,1,0,12,0,5.0,128,22,5.818181818181818
1,4,105,0,0,6,0,0,0,0,1,1,1,0,1,0,2,0,4.0,253,40,6.325
1,2,126,94,0,5,0,0,0,1,1,0,1,0,1,0,4,0,2.0,49,9,5.444444444444445
0,19,144,0,1,0,1,3,0,0,1,0,1,0,1,0,12,0,4.0,326,60,5.433333333333334
1,3,88,113,2,1,4,0,0,1,1,0,1,0,3,0,4,0,3.0,86,17,5.0588235294117645
1,7,105,82,1,0,5,0,1,0,0,0,1,0,1,0,2,0,2.0,96,19,5.052631578947368
1,5,105,82,1,2,3,5,0,0,0,0,1,0,2,10,12,0,12.0,191,33,5.787878787878788
1,6,105,82,2,4,5,0,1,0,0,0,0,0,2,0,2,0,8.0,348,70,4.9714285714285715
0,2,144,0,2,0,6,0,1,0,1,0,1,0,2,0,12,0,18.0,283,50,5.66
0,4,4,4,2,0,1,0,1,0,2,2,1,0,2,0,2,0,6.0,823,146,5.636986301369863
1,18,105,0,1,0,1,5,1,1,0,0,0,0,1,0,2,0,5.0,313,58,5.396551724137931
0,24,41,0,2,1,4,0,0,1,0,0,0,0,2,350,12,0,3.0,1076,198,5.434343434343434
1,1,105,0,0,1,3,5,0,0,1,1,1,0,1,0,12,0,2.0,50,10,5.0
0,36,144,0,0,0,1,0,1,1,0,0,2,0,1,0,2,0,3.0,71,15,4.733333333333333
1,2,105,0,0,5,0,0,1,0,1,1,1,0,1,0,12,0,1.0,401,73,5.493150684931507
1,12,104,0,1,6,0,0,1,1,2,2,2,0,1,0,0,0,1.0,10,2,5.0
0,13,69,114,1,6,0,0,1,1,0,0,0,0,1,0,12,0,6.0,1980,374,5.294117647058823
1,12,104,0,2,0,5,5,1,1,1,1,1,0,4,0,12,0,7.0,491,82,5.987804878048781
0,2,144,0,1,0,0,0,1,0,1,1,1,0,1,0,2,0,11.0,438,78,5.615384615384615
1,1,122,0,1,6,0,0,1,2,1,1,1,0,1,800,2,0,3.0,103,18,5.722222222222222
0,20,144,0,1,1,6,0,1,1,0,0,0,0,1,0,2,1,4.0,180,33,5.454545454545454
0,2,144,0,1,0,1,0,1,0,1,1,1,0,1,0,2,0,3.0,185,32,5.78125
0,12,144,0,1,0,1,2,1,0,0,0,0,0,1,0,2,0,3.0,213,42,5.071428571428571
1,0,104,83,2,0,5,5,1,1,1,1,1,0,4,100,2,0,2.0,296,54,5.481481481481482
1,2,135,82,0,0,6,0,1,0,0,0,1,0,1,50,2,0,4.0,162,28,5.785714285714286
0,2,166,114,1,0,1,0,1,1,0,2,1,0,1,0,2,0,4.0,120,22,5.454545454545454
0,12,164,114,1,0,1,0,1,1,0,0,2,0,3,0,3,0,2.0,568,111,5.117117117117117
0,2,144,114,1,2,0,0,1,0,0,0,1,0,2,150,12,0,5.0,344,64,5.375
1,2,105,0,1,0,6,0,1,0,0,0,1,0,1,0,2,0,1.0,64,12,5.333333333333333
0,4,144,6,0,2,0,0,1,1,0,1,0,0,1,0,2,0,3.0,109,20,5.45
1,2,105,0,0,5,0,0,0,0,1,0,1,1,1,8,2,0,8.0,568,99,5.737373737373737
0,2,144,0,1,0,1,0,1,0,1,0,1,0,1,0,3,0,3.0,172,25,6.88
1,1,105,0,1,0,1,2,2,1,1,0,2,0,1,0,2,0,4.0,826,142,5.816901408450704
1,6,104,0,2,0,5,0,0,1,1,0,0,0,3,100,2,0,3.0,269,46,5.8478260869565215
1,7,104,94,1,0,6,0,1,1,2,2,1,0,2,0,2,0,4.0,71,13,5.461538461538462
0,3,144,114,2,0,3,0,1,0,1,1,1,0,2,0,4,0,5.0,207,37,5.594594594594595
1,6,120,0,1,0,5,0,1,0,0,0,0,0,1,0,12,0,2.0,97,18,5.388888888888889
1,4,105,0,0,2,6,0,1,0,0,0,0,0,1,0,2,0,3.0,14,2,7.0
0,29,8,0,0,1,2,3,2,2,2,2,1,0,1,400,2,0,3.0,374,66,5.666666666666667
0,4,144,0,1,0,1,2,1,0,0,0,0,0,4,0,4,0,4.0,443,84,5.273809523809524
1,12,105,0,1,3,6,0,1,0,2,2,2,0,1,0,2,0,1.0,47,6,7.833333333333333
1,3,104,81,0,6,0,0,1,1,1,1,1,0,2,100,3,0,3.0,232,45,5.155555555555556
0,2,144,0,0,1,0,0,0,0,1,1,1,1,1,0,12,0,1.0,132,24,5.5
1,12,103,0,1,0,5,5,1,2,2,2,2,0,1,0,4,0,7.0,1,1,1.0
1,24,104,0,1,0,1,5,1,1,0,0,0,0,1,0,12,0,5.0,208,32,6.5
0,36,144,0,1,1,0,0,1,0,0,0,0,0,1,0,2,0,1.0,187,36,5.194444444444445
1,9,105,0,0,4,6,0,0,0,1,1,1,0,1,0,2,0,2.0,82,15,5.466666666666667
1,36,105,0,1,1,5,5,1,1,1,0,0,0,1,0,2,0,10.0,523,104,5.028846153846154
0,2,144,114,1,0,1,0,1,1,1,0,1,0,1,0,2,0,3.0,12,2,6.0
0,2,79,114,1,0,1,0,1,0,2,2,1,0,1,0,2,0,4.0,134,25,5.36
0,4,144,0,0,3,4,0,1,0,1,1,1,1,1,30,2,4,6.0,840,162,5.185185185185185
0,1,144,0,1,1,0,0,1,0,2,2,1,0,1,0,4,0,5.0,107,22,4.863636363636363
0,2,144,0,0,0,0,0,1,0,1,0,1,0,1,200,2,0,4.0,379,73,5.191780821917808
0,4,144,0,1,4,0,0,0,0,1,1,1,0,1,0,2,0,0.0,33,6,5.5
1,3,105,0,1,0,1,2,1,0,1,1,1,0,2,0,2,0,3.0,110,23,4.782608695652174
0,3,17,114,1,0,1,5,1,0,0,0,1,0,1,0,2,0,6.0,897,167,5.37125748502994
0,1,144,114,0,0,1,0,1,0,1,1,1,0,1,20,2,0,5.0,61,11,5.545454545454546
0,4,144,0,1,1,2,3,1,1,0,0,1,0,1,0,2,1,6.0,923,178,5.185393258426966
0,2,144,0,0,0,0,0,1,0,1,2,1,0,1,0,2,0,4.0,186,35,5.314285714285714
1,2,105,74,1,0,0,0,2,0,1,1,1,0,1,0,2,0,5.0,437,72,6.069444444444445
1,1,122,0,1,0,0,0,0,1,0,0,1,0,1,0,12,0,1.0,302,60,5.033333333333333
1,3,105,0,0,0,1,3,1,0,0,0,1,0,1,0,12,0,8.0,901,171,5.269005847953216
0,6,144,4,1,2,4,5,1,1,0,0,1,0,1,0,2,0,11.0,1351,249,5.42570281124498
1,13,104,81,1,6,0,0,1,1,0,0,1,0,2,0,2,0,3.0,244,41,5.951219512195122
0,2,144,0,2,0,1,0,1,0,0,0,1,0,2,0,2,0,1.0,419,62,6.758064516129032
0,84,36,0,0,6,0,0,0,1,2,2,2,0,1,0,3,0,1.0,177,36,4.916666666666667
1,4,105,0,0,2,0,0,1,0,1,1,1,1,1,0,2,0,1.0,20,5,4.0
0,2,144,0,1,0,1,0,1,1,0,0,2,0,1,0,0,0,1.0,106,19,5.578947368421052
1,12,137,107,2,1,5,0,1,0,1,1,0,0,2,0,7,0,2.0,106,20,5.3
0,6,144,0,1,1,6,0,2,0,0,0,1,0,2,0,2,0,2.0,307,63,4.873015873015873
0,24,8,0,0,3,0,0,2,2,0,0,1,0,1,100,2,0,1.0,297,58,5.120689655172414
0,3,144,0,2,0,1,1,0,0,2,2,2,0,4,0,3,0,1.0,145,24,6.041666666666667
1,3,105,0,0,6,0,0,1,0,1,0,1,0,1,30,2,0,1.0,512,90,5.688888888888889
0,3,144,114,1,1,0,0,0,0,1,1,1,0,1,0,2,0,4.0,309,62,4.983870967741935
1,2,135,82,0,0,1,0,0,0,1,0,1,0,1,0,12,0,4.0,258,44,5.863636363636363
1,2,105,82,1,2,5,0,1,0,0,0,1,0,1,0,2,0,4.0,622,121,5.140495867768595
0,1,144,114,0,0,1,0,1,1,1,0,1,0,1,0,2,0,1.0,14,3,4.666666666666667
0,36,40,0,1,1,0,0,0,2,2,2,0,0,1,0,2,0,1.0,178,35,5.085714285714285
0,17,60,0,0,4,0,0,0,1,0,0,0,0,1,200,2,0,1.0,360,52,6.923076923076923
0,3,144,0,2,0,1,5,1,1,1,1,1,0,3,0,2,0,5.0,424,78,5.435897435897436
0,24,144,0,1,0,1,5,1,1,0,0,2,0,1,0,3,0,1.0,155,27,5.7407407407407405
1,1,105,0,1,0,6,0,1,0,1,0,1,0,1,0,12,0,2.0,59,9,6.555555555555555
0,19,159,0,0,2,0,0,1,1,0,0,1,0,1,390,2,0,3.0,425,73,5.821917808219178
0,3,30,0,0,1,0,0,0,0,0,0,2,0,1,350,12,0,5.0,285,50,5.7
1,1,104,0,1,0,6,0,1,1,1,0,1,0,1,0,2,0,1.0,533,108,4.935185185185185
0,8,22,0,1,2,0,0,2,0,0,0,1,0,1,300,2,0,2.0,242,46,5.260869565217392
1,12,105,0,1,0,1,5,1,0,0,0,0,2,1,0,7,0,10.0,1479,280,5.2821428571428575
0,2,144,0,1,6,0,0,1,0,1,1,1,0,1,20,3,0,1.0,141,25,5.64
1,3,122,96,1,0,5,5,1,2,1,1,1,0,1,0,8,0,3.0,14,2,7.0
1,6,105,0,0,1,6,0,0,0,0,0,0,0,1,0,12,0,2.0,333,64,5.203125
1,1,105,0,1,3,6,0,1,0,1,0,1,0,1,0,12,0,3.0,49,8,6.125
1,0,105,0,2,5,0,0,0,0,1,1,1,0,3,0,7,0,2.0,73,13,5.615384615384615
0,2,144,114,1,0,1,0,1,0,1,1,1,0,1,0,0,1,4.0,170,30,5.666666666666667
1,60,135,0,2,0,1,4,1,1,0,0,0,0,3,30,12,0,3.0,170,30,5.666666666666667
1,2,104,82,1,0,1,0,1,1,1,0,1,0,1,0,2,0,4.0,284,57,4.982456140350878
0,17,13,0,0,0,4,5,1,1,1,0,1,0,1,0,2,0,3.0,1508,278,5.424460431654676
0,2,47,0,0,0,0,0,2,1,1,1,1,0,1,0,2,1,1.0,21,5,4.2
0,2,144,114,0,1,0,0,1,0,0,0,1,0,1,0,2,0,3.0,234,43,5.441860465116279
1,5,96,82,1,0,3,5,1,1,1,0,1,0,1,0,2,0,4.0,259,41,6.317073170731708
0,1,144,0,1,0,1,0,1,0,2,2,1,0,1,0,2,0,2.0,127,22,5.7727272727272725
0,2,69,114,1,0,1,0,1,1,0,2,1,0,1,0,2,0,3.0,136,24,5.666666666666667
0,12,144,0,1,0,1,5,1,1,0,0,0,0,1,0,2,0,5.0,319,62,5.145161290322581
0,9,144,0,1,0,6,0,1,0,0,0,0,0,1,0,2,0,1.0,201,36,5.583333333333333
1,1,104,0,0,2,3,0,2,1,1,1,1,0,1,0,2,0,3.0,99,17,5.823529411764706
1,12,105,82,2,4,5,5,1,0,2,2,2,0,7,0,2,0,1.0,586,104,5.634615384615385
0,12,41,0,1,2,0,0,0,2,2,2,2,0,1,0,2,0,1.0,142,26,5.461538461538462
0,60,144,0,0,1,4,0,2,0,0,0,1,0,1,0,2,0,1.0,49,7,7.0
0,11,144,0,0,1,6,0,1,1,0,0,0,0,1,0,2,0,1.0,183,34,5.382352941176471
0,11,144,114,0,1,5,0,1,1,1,1,1,0,1,0,2,1,3.0,103,6,17.166666666666668
1,3,104,0,2,0,5,5,1,1,1,1,1,0,2,0,2,0,5.0,480,88,5.454545454545454
1,3,105,82,2,0,0,0,0,0,0,0,1,0,2,0,2,0,23.0,1245,231,5.3896103896103895
0,14,144,0,1,0,1,5,1,1,0,0,0,0,1,0,12,0,11.0,1428,284,5.028169014084507
0,24,144,114,1,1,0,0,1,1,1,0,1,0,1,0,3,0,3.0,112,19,5.894736842105263
1,2,105,0,2,4,5,0,1,1,1,1,1,0,4,0,2,1,4.0,100,13,7.6923076923076925
0,3,144,0,2,0,1,3,1,0,2,2,2,0,7,50,12,0,5.0,173,28,6.178571428571429
1,4,83,0,1,4,6,0,1,1,0,0,1,1,1,350,2,0,1.0,205,38,5.394736842105263
0,2,144,4,1,0,1,0,1,1,0,0,0,0,1,0,2,0,26.0,424,78,5.435897435897436
0,1,22,0,1,0,3,5,1,0,1,1,1,0,1,0,1,0,1.0,15,3,5.0
0,68,47,114,0,0,1,0,2,0,0,0,1,0,1,0,4,0,6.0,290,35,8.285714285714286
1,2,105,109,1,1,3,4,1,1,1,0,1,0,1,15,12,0,3.0,454,79,5.746835443037975
0,3,147,0,1,0,6,0,1,0,1,1,1,0,1,0,2,0,5.0,129,20,6.45
0,3,144,0,1,1,0,0,1,1,1,1,1,0,1,0,2,0,8.0,149,24,6.208333333333333
0,1,144,0,1,1,6,0,1,0,1,1,1,0,3,0,2,0,1.0,155,29,5.344827586206897
0,2,144,0,1,0,1,5,2,0,0,0,1,0,1,50,2,0,5.0,97,16,6.0625
0,24,144,0,1,0,3,5,1,0,0,0,0,0,1,0,2,0,3.0,303,56,5.410714285714286
1,24,140,96,1,0,1,1,1,2,2,1,2,0,1,0,2,0,1.0,168,31,5.419354838709677
1,24,122,0,1,0,1,0,1,2,0,0,2,0,1,350,2,0,13.0,483,87,5.551724137931035
1,4,122,81,0,6,0,0,2,2,1,0,1,0,1,150,2,0,4.0,630,116,5.431034482758621
0,6,144,0,1,0,1,0,1,0,0,0,1,0,1,0,2,0,4.0,1085,215,5.046511627906977
1,2,104,0,0,1,6,0,0,1,1,1,1,0,1,0,2,0,7.0,379,65,5.8307692307692305
0,2,144,0,0,1,0,0,1,0,1,1,1,0,1,0,2,0,3.0,379,75,5.053333333333334
0,2,144,0,1,0,1,0,1,0,1,0,1,0,1,0,4,0,1.0,120,24,5.0
1,1,135,0,0,1,3,0,0,0,1,1,1,0,1,0,2,0,5.0,642,117,5.487179487179487
1,1,104,0,0,2,4,0,1,1,1,0,1,0,1,50,2,0,8.0,744,137,5.430656934306569
1,12,96,73,1,0,1,2,1,1,1,0,0,0,2,0,2,0,6.0,408,73,5.589041095890411
0,13,144,114,1,6,0,0,0,0,1,1,0,0,1,0,2,0,1.0,165,30,5.5
0,2,144,0,1,5,0,0,1,0,1,1,2,0,4,0,5,0,5.0,245,49,5.0
1,2,104,0,0,1,0,0,2,1,1,0,2,0,1,0,2,0,2.0,85,13,6.538461538461538
0,36,36,0,2,1,4,0,1,1,2,2,2,0,4,0,12,0,5.0,254,56,4.535714285714286
0,6,144,0,1,1,0,0,0,0,0,0,1,0,1,0,2,0,2.0,71,15,4.733333333333333
0,2,144,0,1,0,1,5,1,0,1,0,1,0,1,0,12,1,6.0,594,111,5.351351351351352
1,3,105,0,1,1,6,0,0,0,1,2,2,0,1,0,3,0,1.0,165,32,5.15625
0,15,41,30,1,4,0,0,1,0,0,0,1,0,1,500,4,0,1.0,168,33,5.090909090909091
1,2,104,106,2,0,4,5,1,1,1,0,1,0,3,0,2,0,5.0,1209,228,5.302631578947368
0,24,144,0,1,0,1,0,1,0,0,0,0,0,1,0,2,0,5.0,384,73,5.260273972602739
1,3,105,0,1,0,6,0,1,0,0,0,1,0,1,0,12,0,4.0,109,18,6.055555555555555
1,3,104,0,1,5,6,0,1,1,0,0,1,0,1,0,2,0,1.0,49,11,4.454545454545454
0,1,144,0,0,0,1,5,1,0,2,2,1,0,1,0,2,0,5.0,64,10,6.4
0,4,144,0,0,0,6,0,1,0,0,0,1,0,2,0,2,1,15.0,666,127,5.244094488188976
0,18,144,0,1,0,1,5,1,0,0,2,0,0,1,0,3,0,3.0,397,81,4.901234567901234
0,48,60,0,0,0,1,5,0,2,1,1,1,0,1,50,7,0,1.0,116,23,5.043478260869565
1,48,104,0,0,1,6,0,1,1,0,0,0,0,1,0,2,0,6.0,413,74,5.581081081081081
1,3,105,0,0,0,1,0,0,0,1,0,1,0,1,0,5,0,2.0,35,7,5.0
0,2,69,114,0,0,6,0,1,0,0,0,1,0,1,0,2,0,7.0,618,116,5.327586206896552
1,9,105,106,0,2,0,0,1,0,1,1,1,0,1,0,2,0,5.0,376,56,6.714285714285714
0,24,11,0,1,1,6,0,2,0,2,2,2,0,1,0,12,0,3.0,32,8,4.0
0,3,144,114,0,0,6,0,0,0,1,0,1,0,5,0,6,0,5.0,3,1,3.0
0,24,144,0,0,0,1,0,2,1,0,0,1,0,1,0,12,1,1.0,1054,216,4.87962962962963
0,2,144,0,1,1,6,0,0,0,2,2,2,0,1,0,2,0,1.0,287,49,5.857142857142857
1,4,105,0,0,0,0,0,1,0,1,1,1,0,1,0,2,0,1.0,80,16,5.0
0,8,47,114,1,0,1,0,2,0,0,1,1,0,1,100,2,0,2.0,291,56,5.196428571428571
1,1,105,0,2,2,6,0,1,0,1,1,1,0,5,0,12,0,3.0,232,37,6.27027027027027
1,9,122,66,1,0,1,2,1,1,1,1,1,0,1,0,2,0,2.0,60,6,10.0
0,2,144,0,0,0,1,0,1,0,0,0,1,0,1,0,2,0,1.0,191,41,4.658536585365853
0,5,54,0,0,1,6,0,0,0,1,1,1,0,1,0,2,0,2.0,260,46,5.6521739130434785
1,24,131,0,0,2,0,0,1,1,0,0,1,0,1,0,12,0,4.0,251,51,4.921568627450981
1,5,105,0,0,0,6,0,1,0,1,0,1,0,1,0,2,0,4.0,359,63,5.698412698412699
0,48,144,0,1,1,4,0,1,0,1,1,0,0,1,0,2,0,5.0,225,39,5.769230769230769
1,36,135,0,1,5,0,0,0,0,0,0,0,0,1,0,12,0,1.0,271,55,4.927272727272728
0,1,144,114,1,0,1,0,1,1,1,0,1,0,1,0,2,0,5.0,114,19,6.0
0,27,41,47,0,5,0,0,1,1,2,2,1,0,1,0,0,0,4.0,720,143,5.034965034965035
1,12,105,0,0,0,0,0,1,0,1,0,1,0,1,1,2,0,2.0,169,36,4.694444444444445
0,3,144,114,1,0,1,5,1,1,1,0,1,0,4,0,2,0,5.0,303,54,5.611111111111111
1,2,104,0,0,0,6,0,1,1,1,0,1,0,1,0,2,0,6.0,186,39,4.769230769230769
0,2,144,0,1,1,6,0,1,1,1,1,1,0,1,0,2,0,1.0,264,54,4.888888888888889
0,18,144,114,1,6,0,0,1,0,0,0,0,0,1,0,2,0,2.0,239,46,5.195652173913044
1,2,122,0,1,2,0,0,1,2,1,0,1,0,1,700,2,0,5.0,105,19,5.526315789473684
1,8,107,0,1,0,5,5,1,0,2,1,0,0,2,0,4,0,3.0,329,63,5.222222222222222
1,10,104,0,0,0,5,5,2,1,1,1,1,0,3,0,2,0,1.0,224,44,5.090909090909091
1,2,105,0,0,0,5,0,0,0,1,1,1,0,1,0,12,0,3.0,233,43,5.4186046511627906
1,1,104,81,2,0,3,4,0,1,1,1,1,0,4,0,2,0,5.0,237,39,6.076923076923077
1,2,105,0,1,0,1,4,0,0,1,0,1,0,1,0,2,0,6.0,333,62,5.370967741935484
0,3,144,0,1,0,0,0,1,1,0,0,1,0,1,0,2,0,1.0,71,14,5.071428571428571
0,2,144,0,1,1,0,0,1,1,1,0,1,0,1,0,2,0,1.0,122,20,6.1
0,2,26,0,0,6,0,0,0,2,0,0,1,0,1,200,2,0,0.0,230,41,5.609756097560975
1,12,105,0,2,0,3,5,1,0,1,1,1,0,10,0,12,0,4.0,129,23,5.608695652173913
1,2,105,0,1,0,0,0,0,0,1,1,1,0,1,0,12,0,1.0,142,22,6.454545454545454
1,2,105,0,0,0,1,5,0,0,2,0,2,0,7,0,2,2,14.0,297,62,4.790322580645161
0,1,144,0,0,0,1,0,1,1,1,1,1,0,1,0,4,0,2.0,91,19,4.7894736842105265
0,120,60,0,0,1,6,0,1,0,0,0,2,1,1,0,2,0,2.0,141,31,4.548387096774194
0,30,8,0,2,2,0,0,2,1,0,0,1,0,2,0,2,1,3.0,377,75,5.026666666666666
0,3,144,114,1,0,1,1,0,0,2,2,2,0,1,0,12,0,1.0,50,10,5.0
0,2,144,0,0,1,0,0,1,0,1,0,1,0,1,0,2,0,3.0,416,80,5.2
1,1,105,0,1,1,5,5,1,0,1,1,1,0,1,80,12,0,3.0,464,95,4.88421052631579
0,2,144,0,0,0,0,0,1,0,1,1,1,0,1,0,2,0,7.0,609,112,5.4375
1,24,105,0,1,0,1,5,1,1,0,0,1,0,1,0,2,0,5.0,513,96,5.34375
0,3,144,0,1,1,0,0,2,0,1,0,1,0,1,0,1,0,4.0,210,44,4.7727272727272725
1,2,104,0,1,0,3,5,1,1,1,0,2,0,1,0,2,0,5.0,876,136,6.4411764705882355
1,12,104,0,1,0,0,0,2,1,2,2,2,0,1,0,3,0,2.0,479,91,5.263736263736264
1,2,114,80,1,0,6,0,1,2,1,0,1,0,1,0,2,0,6.0,2072,353,5.8696883852691215
0,60,51,0,0,0,5,5,1,1,0,2,2,0,1,0,12,0,1.0,69,15,4.6
0,2,144,0,1,0,1,0,1,1,1,1,1,0,1,0,12,0,5.0,54,12,4.5
1,2,103,82,2,0,5,0,0,1,1,1,1,0,3,0,2,0,3.0,266,48,5.541666666666667
1,12,105,0,1,1,4,5,1,0,0,0,1,0,1,0,6,0,3.0,217,37,5.864864864864865
1,2,105,0,0,5,6,0,0,0,1,1,1,0,1,0,2,0,4.0,171,27,6.333333333333333
0,0,152,114,0,1,0,0,1,0,1,1,1,0,1,0,12,0,4.0,90,17,5.294117647058823
1,1,105,0,1,5,6,0,1,0,2,2,2,0,1,0,2,0,3.0,63,13,4.846153846153846
0,2,144,0,1,2,4,5,1,0,0,0,1,1,1,0,7,1,10.0,1426,185,7.708108108108108
1,12,104,0,1,3,4,5,1,1,2,2,0,0,1,0,12,0,4.0,935,171,5.4678362573099415
0,5,22,114,1,2,0,0,1,0,0,0,1,0,1,0,2,0,1.0,269,46,5.8478260869565215
0,2,5,16,1,0,1,0,1,1,1,0,2,0,1,0,3,0,1.0,465,82,5.670731707317073
0,2,144,114,1,0,1,0,1,0,1,1,1,0,2,0,4,0,1.0,4,1,4.0
0,12,144,0,1,0,0,0,1,1,0,0,0,0,1,0,5,0,3.0,27,4,6.75
1,1,104,82,2,2,0,0,0,0,1,1,1,0,3,0,2,0,5.0,54,9,6.0
1,3,105,0,2,1,3,3,1,0,1,1,1,0,10,0,2,0,0.0,567,108,5.25
1,4,104,81,1,3,6,0,1,1,1,0,1,0,1,0,2,0,5.0,44,10,4.4
0,2,144,0,1,0,1,0,0,0,1,1,1,0,1,0,2,0,1.0,192,40,4.8
1,3,105,0,1,1,2,3,1,0,1,1,1,0,1,0,2,0,2.0,16,4,4.0
0,10,17,134,0,0,1,5,0,0,0,0,1,0,1,500,2,0,4.0,263,52,5.0576923076923075
0,10,144,0,0,0,1,0,1,1,0,0,1,0,1,0,12,0,1.0,238,51,4.666666666666667
0,1,69,114,1,1,6,0,1,0,1,0,1,0,1,0,2,0,7.0,353,63,5.603174603174603
0,4,144,0,1,0,1,0,0,0,2,2,2,0,1,0,2,0,2.0,256,54,4.7407407407407405
1,17,105,0,1,0,1,5,1,0,1,1,1,0,1,0,2,0,1.0,193,30,6.433333333333334
1,12,105,0,1,0,1,5,1,1,0,0,0,0,1,0,2,0,1.0,88,11,8.0
0,2,144,0,0,0,1,0,1,0,1,1,1,0,1,0,2,0,1.0,359,63,5.698412698412699
0,2,144,0,1,0,1,5,1,0,1,1,1,0,1,0,12,0,1.0,45,8,5.625
0,3,144,0,1,0,1,0,1,1,1,1,1,0,1,0,7,0,2.0,31,6,5.166666666666667
0,3,144,0,1,1,6,0,1,0,0,0,1,0,1,0,12,0,4.0,86,15,5.733333333333333
0,0,150,0,2,0,1,2,0,1,1,1,1,0,8,0,2,0,5.0,1346,273,4.930402930402931
1,3,105,0,1,0,1,3,1,0,0,0,1,0,1,100,2,0,3.0,2348,446,5.26457399103139
0,1,22,114,0,4,6,0,2,0,1,1,1,0,1,0,2,0,4.0,301,63,4.777777777777778
1,3,105,0,1,4,0,0,0,0,1,0,1,0,1,0,2,0,5.0,409,85,4.811764705882353
0,36,60,0,1,6,0,0,0,2,0,0,1,1,1,0,3,0,2.0,349,61,5.721311475409836
1,1,105,0,0,2,0,0,0,0,2,2,2,0,1,0,2,0,1.0,45,6,7.5
1,2,104,81,2,0,3,0,1,1,1,1,1,0,4,0,12,0,1.0,290,62,4.67741935483871
1,1,122,0,2,0,1,1,1,2,1,1,2,0,4,0,2,0,3.0,53,9,5.888888888888889
0,12,144,0,1,6,0,0,1,0,0,0,0,0,1,0,5,0,28.0,967,183,5.284153005464481
1,28,82,0,2,6,0,0,1,0,1,1,1,0,4,0,2,1,4.0,456,83,5.493975903614458
1,7,135,0,0,0,1,3,2,0,0,0,1,0,1,0,2,0,2.0,106,18,5.888888888888889
1,0,105,0,2,0,5,5,1,1,1,1,1,0,3,0,12,0,0.0,567,92,6.163043478260869
1,2,103,81,0,3,4,5,0,1,1,1,1,0,2,0,10,0,2.0,79,13,6.076923076923077
0,1,144,114,1,0,1,0,1,1,1,1,1,0,1,0,2,0,2.0,12,2,6.0
1,2,84,0,1,5,0,0,0,0,1,1,2,0,1,0,2,0,0.0,76,15,5.066666666666666
0,48,40,0,0,1,2,5,0,2,0,0,1,0,1,200,2,0,2.0,193,38,5.078947368421052
1,2,105,0,1,0,3,5,1,0,1,0,1,0,1,0,2,0,2.0,83,15,5.533333333333333
1,3,122,80,0,6,0,0,1,2,1,0,1,0,1,700,2,0,3.0,94,18,5.222222222222222
0,10,144,114,1,6,0,0,1,1,1,2,2,0,1,0,2,0,1.0,29,5,5.8
0,12,144,0,2,0,1,0,1,1,1,0,0,0,2,0,2,0,5.0,430,72,5.972222222222222
1,30,114,81,1,2,6,0,1,1,0,0,0,0,1,0,2,0,4.0,16,3,5.333333333333333
0,3,144,0,0,5,6,0,1,0,0,0,1,0,1,100,2,0,2.0,22,4,5.5
0,1,144,0,1,1,0,0,1,0,0,0,2,0,1,0,2,0,6.0,281,49,5.73469387755102
0,12,144,0,2,1,0,0,1,1,2,2,2,0,4,0,12,0,5.0,2150,366,5.8743169398907105
0,2,144,0,1,1,6,0,1,0,0,0,1,0,1,0,2,0,8.0,325,57,5.701754385964913
0,2,144,114,2,0,1,5,0,0,2,2,2,1,7,0,12,0,12.0,12,2,6.0
0,2,144,114,0,1,0,0,1,1,0,0,1,0,1,0,12,0,1.0,283,51,5.549019607843137
1,1,128,0,1,1,4,4,1,0,1,1,1,0,4,0,12,0,2.0,248,46,5.391304347826087
1,2,128,82,2,1,6,0,0,1,1,1,1,0,4,0,12,0,4.0,544,103,5.281553398058253
0,2,144,0,1,3,6,0,1,0,1,1,1,0,1,0,2,0,5.0,1236,230,5.373913043478261
0,6,144,27,1,0,0,0,0,1,1,0,0,0,1,100,12,0,4.0,23,5,4.6
0,1,144,0,1,0,1,0,1,1,1,1,1,0,1,0,2,0,2.0,64,14,4.571428571428571
0,1,144,0,1,3,4,0,1,0,0,0,1,0,1,10,3,0,1.0,350,66,5.303030303030303
1,2,104,82,2,0,1,5,0,1,1,1,1,0,2,0,5,0,5.0,369,63,5.857142857142857
1,6,105,0,0,0,2,0,2,0,0,0,0,0,2,60,2,0,3.0,600,106,5.660377358490566
1,24,105,0,1,0,6,0,1,0,1,0,1,0,4,0,1,0,4.0,578,100,5.78
1,2,105,0,1,5,6,0,1,0,1,0,1,0,1,0,2,0,3.0,364,60,6.066666666666666
0,4,144,0,0,0,6,0,1,0,0,0,1,0,1,0,2,0,1.0,148,30,4.933333333333334
0,2,144,0,0,0,1,0,1,0,1,0,1,0,1,0,2,0,11.0,229,46,4.978260869565218
1,2,128,72,0,1,4,0,0,0,1,1,1,0,1,0,12,0,4.0,235,45,5.222222222222222
0,19,163,20,1,4,6,0,1,0,0,0,0,0,1,0,2,0,1.0,225,42,5.357142857142857
0,2,144,0,2,0,1,5,0,0,1,1,1,0,10,0,12,0,2.0,20,5,4.0
1,1,104,0,1,1,5,0,1,1,1,1,1,0,1,0,12,0,5.0,125,26,4.8076923076923075
1,18,104,0,1,4,0,0,1,1,0,0,1,0,1,0,2,0,4.0,228,43,5.3023255813953485
1,32,105,82,2,2,5,0,1,0,0,0,0,0,2,0,12,0,6.0,531,100,5.31
0,2,144,0,1,1,0,0,1,0,1,1,1,0,1,20,3,0,1.0,117,20,5.85
1,1,105,0,1,6,0,0,0,0,1,1,1,0,1,0,12,0,5.0,224,40,5.6
0,1,144,0,1,0,1,0,1,0,0,0,1,0,1,0,2,0,8.0,187,31,6.032258064516129
1,2,104,0,0,3,6,0,2,1,1,0,2,0,1,40,2,0,3.0,674,108,6.2407407407407405
1,84,117,0,1,1,2,0,1,2,0,0,0,0,1,0,2,0,2.0,96,19,5.052631578947368
1,3,105,0,1,1,6,0,1,0,0,0,1,0,1,50,12,0,6.0,1217,228,5.337719298245614
1,3,105,0,1,4,5,5,0,0,1,1,1,0,1,0,12,0,5.0,541,110,4.918181818181818
0,2,144,0,1,0,1,0,1,0,2,2,1,0,1,0,2,0,1.0,105,18,5.833333333333333
0,24,144,0,1,0,5,5,1,0,0,0,0,0,1,0,2,0,1.0,235,46,5.108695652173913
1,10,128,0,2,0,1,5,2,1,1,1,2,0,3,30,2,0,7.0,287,61,4.704918032786885
0,5,144,4,1,0,3,0,2,0,0,0,1,0,1,0,2,0,3.0,564,106,5.320754716981132
1,3,104,0,2,1,4,4,1,1,1,1,1,0,4,0,12,0,2.0,296,49,6.040816326530612
1,2,105,0,0,5,6,0,1,0,1,0,1,0,1,0,12,0,9.0,665,132,5.037878787878788
0,1,144,0,1,1,4,5,1,1,2,2,2,0,2,0,3,0,1.0,52,11,4.7272727272727275
1,1,105,82,0,0,6,0,1,0,1,1,1,0,1,0,2,0,10.0,140,26,5.384615384615385
1,2,105,0,1,0,6,0,1,0,1,1,1,0,1,0,2,0,8.0,245,44,5.568181818181818
0,1,17,0,1,1,0,0,1,0,1,1,1,0,1,0,2,0,5.0,677,133,5.090225563909774
1,9,105,0,1,5,0,0,1,0,1,2,2,0,1,0,12,0,3.0,100,16,6.25
0,8,144,0,1,1,6,0,1,0,0,0,0,0,1,0,2,0,4.0,895,177,5.056497175141243
0,1,144,0,1,1,2,3,1,1,1,1,1,0,1,0,2,0,3.0,205,39,5.256410256410256
1,3,105,0,1,0,1,5,0,0,0,0,0,0,1,50,12,0,1.0,114,17,6.705882352941177
0,24,22,114,1,1,6,0,1,1,0,0,0,0,2,0,2,0,1.0,971,176,5.517045454545454
1,4,105,0,0,0,6,0,0,0,0,0,1,0,1,0,12,0,4.0,484,88,5.5
1,3,105,82,1,0,0,0,0,1,1,0,1,0,1,0,12,0,5.0,67,12,5.583333333333333
1,4,105,0,0,2,0,0,1,0,2,2,1,0,1,50,2,0,1.0,721,132,5.462121212121212
1,2,104,0,0,0,6,0,0,1,1,1,1,0,1,0,2,0,5.0,31,10,3.1
1,1,104,81,1,1,4,5,0,1,1,1,1,0,1,30,2,0,4.0,234,36,6.5
0,13,144,0,0,0,1,1,2,2,0,0,2,0,1,0,12,0,0.0,234,46,5.086956521739131
1,1,135,0,2,0,1,4,0,0,1,1,1,0,2,0,2,0,8.0,551,100,5.51
1,2,105,0,0,0,6,0,1,0,0,0,1,0,1,0,2,0,3.0,56,8,7.0
1,10,122,0,0,1,4,0,2,2,0,0,1,0,1,100,0,0,2.0,210,44,4.7727272727272725
0,3,22,114,0,0,6,0,1,1,0,0,1,0,1,0,2,0,3.0,134,27,4.962962962962963
1,1,105,0,0,2,6,0,0,0,1,0,1,0,1,0,2,0,4.0,389,80,4.8625
1,24,103,0,1,5,0,0,1,1,2,0,1,0,1,0,2,0,7.0,415,82,5.060975609756097
1,2,104,80,0,0,1,5,1,1,2,0,1,0,2,0,3,0,1.0,74,12,6.166666666666667
1,1,135,0,1,5,0,0,1,0,1,0,1,0,1,0,2,0,5.0,66,11,6.0
0,2,144,0,1,1,0,0,1,1,0,0,1,0,1,0,2,0,4.0,332,55,6.036363636363636
0,1,144,0,2,0,1,5,1,1,1,0,2,0,2,0,2,0,1.0,197,36,5.472222222222222
0,3,144,114,0,2,6,0,1,0,0,0,1,0,1,0,12,0,2.0,23,5,4.6
0,0,144,0,2,0,1,0,0,0,1,1,1,0,9,0,2,0,4.0,955,185,5.162162162162162
0,1,144,0,1,1,0,0,1,0,2,2,1,0,1,0,2,0,4.0,129,23,5.608695652173913
1,4,105,0,2,0,1,0,0,0,0,0,1,0,4,0,2,0,4.0,242,48,5.041666666666667
1,1,104,81,2,5,6,0,0,1,1,1,1,0,4,0,2,0,7.0,55,9,6.111111111111111
0,24,144,9,1,2,4,0,1,0,0,0,0,0,1,0,2,0,4.0,329,64,5.140625
1,2,105,82,1,0,3,5,0,0,1,1,1,0,1,0,12,0,3.0,304,52,5.846153846153846
1,6,105,82,0,0,5,0,0,0,1,0,0,0,1,0,2,0,1.0,189,34,5.5588235294117645
1,8,105,0,1,2,5,5,1,0,0,0,0,0,1,0,2,1,8.0,427,83,5.144578313253012
0,5,54,114,0,1,0,0,1,0,1,0,1,0,1,0,2,0,1.0,171,33,5.181818181818182
1,6,105,0,0,0,0,0,1,0,1,1,1,0,1,0,2,0,2.0,211,39,5.410256410256411
1,2,105,82,2,0,1,5,1,0,1,1,2,0,2,1,12,0,5.0,363,62,5.854838709677419
1,15,104,0,2,0,2,5,1,1,1,2,2,0,2,0,2,0,9.0,173,32,5.40625
1,9,142,112,0,3,6,0,2,1,0,0,2,0,1,100,7,0,5.0,41,7,5.857142857142857
1,18,104,0,2,1,3,4,1,1,1,1,1,0,4,0,2,0,5.0,162,30,5.4
1,4,105,0,1,0,1,2,0,0,0,0,1,0,2,0,2,0,8.0,499,94,5.308510638297872
0,12,144,0,1,0,1,0,1,0,1,0,1,0,1,0,2,1,1.0,21,4,5.25
0,2,144,114,2,0,1,5,1,1,2,2,2,0,4,0,0,0,4.0,188,31,6.064516129032258
0,18,60,0,0,1,2,3,1,1,0,0,1,0,1,150,2,0,2.0,102,17,6.0
1,5,104,0,1,1,3,5,1,1,0,0,1,0,1,0,2,0,3.0,329,51,6.450980392156863
0,3,17,16,1,1,6,0,1,0,0,0,1,0,1,500,7,0,1.0,92,14,6.571428571428571
0,4,144,114,1,0,3,0,2,1,1,1,1,0,1,0,12,0,5.0,775,144,5.381944444444445
0,2,144,114,1,2,0,0,1,1,1,0,1,0,1,0,12,0,5.0,406,75,5.413333333333333
0,2,144,0,0,0,0,0,1,0,1,1,1,2,2,0,12,0,2.0,225,42,5.357142857142857
1,4,135,0,0,3,6,0,1,0,0,0,2,0,1,0,2,0,2.0,82,14,5.857142857142857
1,2,105,0,2,1,3,5,1,0,2,2,2,1,2,0,3,0,4.0,316,62,5.096774193548387
0,2,166,114,2,0,1,0,1,0,2,2,1,0,3,0,12,0,1.0,95,19,5.0
1,1,105,0,1,3,6,0,1,0,1,1,1,0,1,0,12,0,4.0,195,32,6.09375
0,36,13,0,2,0,5,5,2,1,0,0,1,0,2,0,12,0,1.0,1297,237,5.472573839662447
1,1,105,0,1,0,3,5,1,0,1,0,1,1,2,0,2,0,7.0,1007,176,5.721590909090909
0,1,144,0,0,0,6,0,0,0,2,2,2,0,1,0,5,0,4.0,914,164,5.573170731707317
0,1,144,114,1,0,1,0,0,0,1,1,2,0,1,0,2,0,1.0,381,71,5.366197183098592
0,4,144,0,1,1,4,5,1,1,0,0,1,0,4,0,3,0,5.0,142,25,5.68
1,12,92,82,0,0,0,0,0,0,0,0,0,0,1,120,2,0,0.0,93,16,5.8125
1,24,122,96,1,4,0,0,1,2,2,2,1,0,1,0,12,0,5.0,415,76,5.4605263157894735
0,1,144,0,1,0,1,5,1,1,1,1,1,0,1,0,3,0,1.0,105,15,7.0
1,1,103,0,1,0,1,2,2,2,1,1,2,0,1,0,2,0,4.0,294,46,6.391304347826087
1,2,105,106,1,1,3,0,1,0,1,0,1,0,1,0,2,0,3.0,178,33,5.393939393939394
0,10,144,0,0,0,0,0,1,0,0,0,2,0,1,50,2,0,1.0,69,13,5.3076923076923075
0,3,144,0,1,0,0,0,1,1,0,0,1,0,1,0,2,0,1.0,107,23,4.6521739130434785
1,1,135,0,0,5,0,0,0,0,1,1,1,0,1,0,2,0,7.0,279,49,5.6938775510204085
0,2,144,0,1,4,6,0,1,0,1,1,2,0,1,0,3,0,2.0,437,85,5.141176470588236
0,12,144,20,0,0,2,0,1,1,0,0,1,0,1,100,2,1,10.0,274,45,6.088888888888889
1,2,105,0,0,0,1,5,1,0,1,1,1,0,1,0,12,0,3.0,289,47,6.148936170212766
1,1,104,0,2,0,5,5,0,0,1,1,1,0,2,0,2,0,2.0,230,44,5.2272727272727275
0,12,144,0,1,1,4,0,1,0,0,0,0,0,1,0,2,0,3.0,307,56,5.482142857142857
0,19,17,0,0,0,1,5,1,0,0,0,1,0,1,500,2,0,4.0,653,132,4.946969696969697
1,5,105,0,0,0,3,0,0,0,0,0,1,0,1,0,2,0,1.0,232,49,4.73469387755102
0,1,144,0,1,0,1,5,1,0,2,0,2,0,1,0,4,3,4.0,728,140,5.2
0,1,144,16,2,1,0,0,1,0,1,1,1,0,2,0,2,0,5.0,211,37,5.702702702702703
0,2,144,0,1,1,0,0,1,0,1,0,1,0,1,0,2,0,2.0,402,79,5.0886075949367084
1,12,104,0,1,6,0,0,1,1,2,2,2,0,1,0,0,0,1.0,9,1,9.0
0,100,60,0,0,4,5,5,0,0,0,2,1,1,1,0,2,0,5.0,661,142,4.654929577464789
0,3,144,0,1,1,0,0,1,0,1,0,1,0,1,0,2,0,4.0,107,19,5.631578947368421
1,12,128,82,2,6,0,0,1,0,0,0,1,0,4,0,2,0,4.0,80,14,5.714285714285714
0,3,144,0,1,1,0,0,1,0,2,2,1,0,1,0,3,0,2.0,213,37,5.756756756756757
1,6,104,0,0,0,6,0,2,1,1,1,1,0,1,0,2,0,4.0,353,63,5.603174603174603
1,48,105,0,1,0,1,0,1,0,0,0,0,0,1,0,2,0,1.0,736,138,5.333333333333333
0,2,144,0,0,0,1,0,1,1,1,0,1,0,1,0,2,0,4.0,602,127,4.74015748031496
0,1,144,0,2,0,1,3,1,1,1,1,1,0,5,0,2,0,11.0,198,36,5.5
1,8,104,0,1,0,0,0,0,1,1,1,0,0,1,80,12,0,6.0,290,50,5.8
0,8,144,0,1,1,0,0,2,1,2,2,0,0,1,0,2,1,1.0,158,29,5.448275862068965
0,4,144,6,0,2,0,0,1,0,0,1,1,0,1,300,2,0,4.0,177,31,5.709677419354839
1,3,105,0,1,0,6,0,0,0,2,2,2,0,1,0,12,0,3.0,309,62,4.983870967741935
1,15,135,106,1,3,0,0,1,0,0,1,1,0,3,0,9,0,1.0,99,18,5.5
1,12,88,101,1,5,0,0,1,0,0,0,0,0,1,0,2,0,2.0,163,32,5.09375
1,12,105,0,0,0,6,0,2,0,1,1,1,0,1,0,2,0,5.0,617,123,5.016260162601626
1,7,105,0,1,1,6,0,1,1,1,1,1,0,3,0,12,0,3.0,46,8,5.75
1,2,122,82,0,0,6,0,1,1,1,1,1,0,1,0,12,0,6.0,368,69,5.333333333333333
0,1,144,0,1,6,0,0,1,1,1,1,1,0,1,0,3,0,4.0,95,16,5.9375
0,14,69,0,1,6,0,0,1,1,1,0,1,0,1,0,2,0,16.0,210,44,4.7727272727272725
1,4,101,0,2,0,1,5,1,1,1,1,1,0,3,0,2,0,5.0,926,174,5.32183908045977
0,2,144,0,0,0,1,1,1,0,0,0,1,0,1,0,4,0,5.0,342,69,4.956521739130435
1,21,135,0,0,3,6,0,1,0,0,0,0,0,1,0,2,0,4.0,177,31,5.709677419354839
1,7,105,0,0,0,5,0,1,0,0,0,0,0,1,0,2,0,1.0,95,21,4.523809523809524
0,1,144,0,1,0,6,0,1,1,1,1,1,0,1,0,3,0,4.0,319,60,5.316666666666666
1,3,104,81,1,0,6,0,1,1,1,0,1,0,1,0,12,0,6.0,143,21,6.809523809523809
0,60,47,114,0,0,1,0,2,1,2,2,1,0,1,0,2,0,0.0,65,13,5.0
1,1,105,0,0,0,5,5,1,0,1,1,1,0,1,0,5,0,2.0,267,49,5.448979591836735
0,1,144,0,0,6,0,0,1,1,1,0,1,0,1,0,2,0,5.0,343,69,4.971014492753623
1,2,104,0,0,3,6,0,1,1,1,0,2,0,1,0,2,0,6.0,930,157,5.923566878980892
1,4,105,0,1,6,0,0,1,1,2,2,0,0,1,0,7,0,7.0,698,144,4.847222222222222
0,12,17,0,0,6,0,0,0,0,0,0,0,0,1,0,2,0,1.0,159,31,5.129032258064516
1,3,104,0,0,0,6,0,0,0,1,1,1,0,1,0,2,0,1.0,199,37,5.378378378378378
0,72,40,0,0,1,2,5,0,2,0,0,1,0,1,300,12,0,5.0,714,146,4.890410958904109
1,2,104,106,0,0,1,4,1,1,0,0,1,0,1,0,3,0,7.0,1311,234,5.602564102564102
1,2,104,0,2,0,4,5,1,1,1,1,1,0,2,0,2,0,1.0,72,11,6.545454545454546
1,2,103,81,0,0,1,4,1,1,1,0,1,0,1,50,2,0,6.0,938,167,5.616766467065868
0,17,152,119,0,1,0,0,2,0,0,0,0,0,1,300,2,0,2.0,453,90,5.033333333333333
1,24,83,0,1,1,5,5,1,2,0,0,0,0,1,400,2,1,10.0,1682,284,5.922535211267606
1,4,105,0,2,0,1,5,0,0,1,1,1,0,4,0,12,0,2.0,194,31,6.258064516129032
1,12,105,0,1,0,6,0,1,0,1,0,1,0,1,0,12,0,1.0,376,73,5.1506849315068495
0,1,144,114,1,0,1,0,1,0,0,0,1,0,1,0,2,0,4.0,58,13,4.461538461538462
0,3,144,0,1,0,6,0,1,0,1,0,1,0,1,0,12,0,3.0,291,55,5.290909090909091
0,3,69,10,1,1,0,0,1,1,0,0,0,0,1,0,12,0,2.0,185,34,5.4411764705882355
0,36,144,114,0,0,0,0,1,1,0,0,0,0,1,150,2,0,1.0,35,8,4.375
1,1,103,0,2,0,1,2,0,0,1,1,1,0,3,0,2,0,3.0,56,10,5.6
0,48,8,114,1,1,2,0,1,1,0,0,1,0,1,0,5,0,3.0,651,124,5.25
1,1,105,0,1,1,2,2,0,0,1,0,1,0,4,0,4,0,2.0,397,73,5.438356164383562
1,0,105,0,2,4,6,0,0,0,1,1,1,0,5,0,12,0,7.0,814,149,5.4630872483221475
0,3,144,0,2,1,0,0,2,0,1,1,1,0,3,0,12,0,1.0,283,49,5.775510204081633
0,2,144,0,1,1,6,0,1,0,0,0,1,0,2,0,12,0,3.0,510,87,5.862068965517241
1,5,119,80,2,0,5,5,1,1,0,0,2,0,3,0,12,0,6.0,78,15,5.2
0,24,41,0,0,6,0,0,0,1,2,2,2,0,1,0,12,0,3.0,161,27,5.962962962962963
1,5,104,0,1,1,6,0,0,1,0,0,0,0,1,50,2,0,1.0,238,32,7.4375
1,8,103,0,0,3,6,0,1,2,1,0,1,0,1,0,2,0,5.0,694,138,5.028985507246377
0,2,144,0,1,0,1,3,1,0,1,1,1,0,2,0,2,0,2.0,304,35,8.685714285714285
0,2,144,0,0,6,0,0,1,0,1,0,1,0,1,0,2,0,9.0,435,80,5.4375
1,3,120,0,0,1,4,0,0,1,1,1,1,0,1,0,12,0,9.0,550,105,5.238095238095238
1,24,128,106,1,3,6,0,1,0,0,0,0,0,1,0,2,0,3.0,216,46,4.695652173913044
1,2,105,0,2,0,2,4,1,0,1,1,1,0,4,0,2,0,12.0,142,24,5.916666666666667
1,1,105,0,1,0,6,0,1,0,1,1,1,0,1,0,12,0,1.0,39,8,4.875
1,3,104,0,0,4,6,0,0,1,1,1,1,0,1,0,6,0,2.0,80,16,5.0
1,3,143,0,0,0,6,0,0,0,0,0,1,0,1,0,2,0,3.0,502,94,5.340425531914893
1,1,104,81,1,0,0,0,0,1,1,1,1,0,1,0,12,0,4.0,224,44,5.090909090909091
0,72,65,4,1,0,0,0,1,1,2,2,0,0,1,0,2,0,2.0,229,44,5.204545454545454
0,1,144,0,2,6,0,0,2,1,1,1,1,0,2,0,2,0,4.0,190,34,5.588235294117647
0,4,144,0,0,0,0,0,2,1,0,0,0,0,1,0,2,0,2.0,105,22,4.7727272727272725
0,3,144,0,0,1,0,0,1,0,1,1,1,0,1,0,2,0,1.0,231,41,5.634146341463414
1,1,105,82,2,3,5,5,1,0,1,1,1,0,2,0,12,0,5.0,155,26,5.961538461538462
1,2,105,0,2,0,1,5,1,0,1,1,1,0,4,0,12,0,5.0,80,16,5.0
0,1,144,114,0,0,6,0,1,1,1,0,1,0,1,0,2,0,4.0,12,2,6.0
0,3,144,0,1,1,0,0,1,0,1,1,1,0,1,0,0,0,5.0,28,5,5.6
0,3,144,0,0,0,0,0,1,0,1,0,1,0,1,0,2,0,2.0,394,79,4.987341772151899
1,1,96,0,1,0,2,5,0,1,1,0,1,0,1,20,2,0,2.0,382,81,4.716049382716049
0,2,144,0,2,0,2,3,1,1,0,1,2,0,8,10,2,0,7.0,75,13,5.769230769230769
1,1,105,0,2,0,6,0,0,0,1,1,1,0,3,0,2,0,5.0,116,22,5.2727272727272725
1,2,105,0,0,2,6,0,1,1,1,1,1,0,1,0,2,0,1.0,88,16,5.5
0,1,144,0,0,0,1,0,1,0,1,0,1,0,1,0,2,0,4.0,188,34,5.529411764705882
0,3,144,0,0,1,6,0,1,1,0,0,1,0,1,0,7,0,3.0,545,93,5.860215053763441
0,18,5,0,0,0,1,1,2,1,2,2,2,0,1,0,12,0,0.0,237,47,5.042553191489362
1,2,105,0,0,5,6,0,0,0,2,2,2,0,1,0,12,0,7.0,719,102,7.049019607843137
1,34,120,0,2,0,4,5,1,1,1,1,1,0,4,0,3,0,5.0,28,6,4.666666666666667
0,18,47,16,0,1,0,0,2,0,0,0,1,0,1,0,12,0,1.0,61,12,5.083333333333333
1,2,104,0,2,0,3,5,1,1,2,2,2,0,4,0,12,0,4.0,603,103,5.854368932038835
0,1,144,114,0,1,0,0,1,1,0,0,1,0,1,0,2,0,1.0,12,2,6.0
0,5,144,0,1,0,1,0,1,0,0,0,1,0,1,0,12,0,0.0,125,24,5.208333333333333
1,3,105,0,1,3,6,0,1,0,1,1,1,0,1,0,7,0,5.0,210,40,5.25
1,6,105,0,1,0,1,5,1,1,0,0,0,0,1,0,7,0,7.0,103,19,5.421052631578948
1,1,105,0,2,0,1,5,0,0,2,2,2,0,3,0,2,0,5.0,395,78,5.064102564102564
1,12,140,110,1,1,3,3,0,1,0,0,1,0,1,0,2,0,1.0,191,34,5.617647058823529
0,1,144,0,1,0,1,0,1,1,1,1,1,0,1,0,4,0,3.0,703,131,5.366412213740458
0,9,144,0,0,1,6,0,1,0,1,0,1,0,1,0,2,0,2.0,454,91,4.989010989010989
0,2,30,114,2,0,2,0,0,0,1,1,1,0,2,0,2,0,6.0,846,150,5.64
0,2,144,0,1,1,0,0,1,0,1,0,1,0,1,80,2,0,1.0,73,14,5.214285714285714
0,3,144,0,1,1,0,0,1,0,0,0,1,0,1,0,2,0,3.0,406,80,5.075
1,1,144,0,0,0,6,0,0,0,1,1,2,0,1,0,2,0,2.0,513,102,5.029411764705882
1,16,104,0,1,0,6,0,1,1,1,0,1,0,1,0,2,0,1.0,70,13,5.384615384615385
0,1,144,0,0,0,0,0,1,0,0,0,1,0,1,0,2,0,7.0,381,69,5.521739130434782
1,3,104,0,2,1,3,5,1,1,1,1,1,0,3,0,2,0,2.0,70,12,5.833333333333333
1,3,105,0,1,1,0,0,0,0,1,0,1,0,1,0,12,0,2.0,201,37,5.4324324324324325
1,24,103,0,1,0,1,2,1,2,2,2,2,0,1,0,12,0,1.0,332,66,5.03030303030303
1,2,103,0,1,5,6,0,1,2,0,0,1,0,2,0,12,0,5.0,17,3,5.666666666666667
1,29,122,80,1,2,3,5,1,2,1,0,0,0,1,160,2,2,19.0,1619,298,5.432885906040268
0,1,144,0,0,1,0,0,1,0,1,1,1,0,1,20,3,0,1.0,122,21,5.809523809523809
0,3,144,0,1,0,1,0,1,0,0,0,1,0,1,0,12,0,3.0,190,35,5.428571428571429
1,2,105,0,1,0,3,5,0,0,1,1,1,0,2,0,2,0,5.0,131,23,5.695652173913044
0,4,60,30,1,0,6,0,0,1,0,0,1,0,1,200,12,0,4.0,339,68,4.985294117647059
0,5,144,0,1,1,2,2,1,0,0,0,2,0,1,0,2,0,3.0,710,136,5.220588235294118
1,4,105,0,0,5,6,0,0,0,1,1,1,0,1,0,12,0,5.0,109,20,5.45
1,6,105,0,1,1,6,0,0,0,0,0,0,0,1,30,12,0,1.0,264,52,5.076923076923077
0,12,60,0,0,0,1,5,1,0,0,0,1,0,1,0,4,0,1.0,90,14,6.428571428571429
0,2,144,0,1,0,0,0,1,0,1,1,1,0,1,0,2,0,5.0,441,78,5.653846153846154
0,2,144,114,0,0,1,5,1,0,1,1,1,0,1,0,2,0,1.0,29,5,5.8
0,1,144,114,0,4,0,0,1,1,1,1,1,0,1,0,2,0,4.0,513,97,5.288659793814433
0,24,150,114,1,0,4,5,1,1,0,1,0,0,1,50,3,0,2.0,211,38,5.552631578947368
0,2,69,114,2,1,4,5,1,0,1,0,1,0,6,0,2,0,6.0,156,30,5.2
0,84,22,0,0,0,0,0,2,0,2,2,2,0,1,0,2,0,1.0,513,107,4.794392523364486
0,24,144,0,1,4,0,0,1,2,0,0,0,0,1,0,2,0,1.0,119,24,4.958333333333333
1,1,84,0,2,0,5,5,0,1,1,0,1,0,5,0,12,1,6.0,497,99,5.02020202020202
0,1,144,114,2,1,3,3,1,1,0,0,1,0,5,0,2,0,3.0,318,59,5.389830508474576
1,1,105,0,1,2,6,0,0,1,1,1,1,0,1,0,2,0,2.0,313,63,4.968253968253968
1,1,104,0,1,0,1,4,0,1,1,2,2,0,1,0,12,0,3.0,154,31,4.967741935483871
0,2,79,114,1,1,0,0,1,0,2,2,1,0,1,0,2,0,2.0,123,21,5.857142857142857
1,2,105,82,1,0,6,0,0,0,0,0,1,0,1,0,2,1,4.0,356,61,5.836065573770492
0,10,144,0,0,0,1,0,2,0,2,2,2,1,1,0,4,0,5.0,634,129,4.9147286821705425
1,24,105,0,1,0,0,0,1,0,1,1,0,0,1,0,2,0,1.0,17,2,8.5
0,24,144,0,0,0,4,0,0,1,2,2,2,1,1,0,2,0,1.0,49,9,5.444444444444445
1,3,105,0,0,3,6,0,1,0,1,1,1,0,3,0,12,0,5.0,17,4,4.25
1,3,105,0,0,3,6,0,0,0,1,0,1,0,1,0,12,0,1.0,48,8,6.0
0,2,144,0,1,0,1,0,1,0,1,1,2,0,3,0,5,0,3.0,195,36,5.416666666666667
1,1,104,81,0,3,4,5,1,1,1,0,1,0,2,0,12,0,15.0,256,44,5.818181818181818
0,2,144,0,0,0,0,0,1,0,0,0,1,0,1,0,2,0,3.0,118,23,5.130434782608695
0,36,144,0,1,1,0,0,1,0,0,0,0,0,1,0,2,0,5.0,588,115,5.113043478260869
1,1,104,0,1,0,4,5,1,1,2,2,1,0,1,0,12,0,5.0,120,23,5.217391304347826
0,4,144,0,0,0,1,2,1,1,1,0,1,0,1,0,2,0,17.0,1201,225,5.337777777777778
0,2,144,0,1,0,1,5,1,0,1,1,1,0,1,1,3,0,6.0,97,12,8.083333333333334
0,13,51,114,1,0,5,5,1,1,0,0,0,0,1,0,2,0,3.0,232,45,5.155555555555556
1,4,107,0,2,3,6,0,0,0,1,1,1,0,4,0,3,0,4.0,408,75,5.44
1,12,105,0,1,0,0,0,1,0,0,0,0,0,3,50,8,0,3.0,68,14,4.857142857142857
0,1,69,114,1,0,1,0,1,0,1,0,1,0,1,0,2,0,2.0,281,47,5.9787234042553195
1,6,114,0,0,0,0,0,1,1,1,1,1,0,1,50,2,0,2.0,147,24,6.125
0,2,144,0,1,1,4,0,1,0,1,1,1,0,2,0,12,0,3.0,378,71,5.323943661971831
0,2,144,0,0,0,1,5,1,0,2,2,1,0,1,0,2,0,6.0,141,30,4.7
