Type,Age,Breed1,Breed2,Gender,Color1,Color2,Color3,MaturitySize,FurLength,Vaccinated,Dewormed,Sterilized,Health,Quantity,Fee,State,VideoAmt,PhotoAmt,desc_length,desc_words,average_word_length
1,1,105,0,1,0,6,0,0,0,1,1,2,0,1,0,12,1,3.0,300,55,5.454545454545454
0,1,144,0,2,0,1,5,1,0,1,1,1,0,9,0,2,0,28.0,393,68,5.779411764705882
1,4,104,0,1,2,5,5,2,1,1,0,0,0,1,0,12,0,2.0,63,12,5.25
1,4,104,0,0,5,6,0,1,1,1,1,1,0,1,0,2,0,2.0,41,7,5.857142857142857
0,12,144,0,0,0,6,0,2,0,0,0,1,0,1,0,2,0,3.0,559,104,5.375
0,2,144,54,0,0,6,0,1,0,1,1,1,0,1,0,2,0,7.0,324,57,5.684210526315789
0,20,144,0,1,2,0,0,1,0,0,0,0,0,1,0,2,0,16.0,88,13,6.769230769230769
1,6,90,0,2,3,6,0,1,0,1,1,1,0,5,0,7,0,3.0,826,126,6.555555555555555
1,1,104,0,2,1,4,5,0,1,1,1,1,0,4,0,2,0,2.0,432,82,5.2682926829268295
0,36,144,0,1,0,0,0,1,0,1,1,0,0,1,0,2,0,1.0,202,39,5.17948717948718
1,2,105,82,1,0,6,0,1,0,1,0,1,0,1,0,2,0,11.0,297,54,5.5
1,1,104,81,2,0,3,5,1,1,2,2,2,0,4,0,2,0,8.0,174,33,5.2727272727272725
1,1,161,121,1,1,0,0,0,0,1,0,1,0,1,0,2,0,3.0,274,55,4.9818181818181815
1,0,105,0,2,0,1,0,1,1,1,1,1,0,4,0,2,0,1.0,318,58,5.482758620689655
1,24,103,96,0,5,6,0,2,2,0,0,0,0,1,250,2,0,5.0,1344,250,5.376
0,12,144,0,0,1,4,0,1,1,2,2,2,0,1,0,12,0,2.0,1567,264,5.9356060606060606
1,12,111,0,1,0,6,0,1,1,0,0,0,0,1,0,12,0,1.0,41,8,5.125
1,2,104,0,2,0,0,0,2,1,1,1,2,0,2,0,2,0,5.0,288,54,5.333333333333333
0,72,169,0,0,0,0,0,1,1,0,0,2,1,1,0,2,0,2.0,519,106,4.89622641509434
1,2,105,80,1,6,0,0,0,0,1,1,1,0,1,0,12,0,4.0,156,32,4.875
0,2,144,0,1,0,6,0,1,0,1,0,1,0,1,0,2,0,3.0,453,89,5.089887640449438
0,3,144,0,0,0,1,0,1,0,2,2,2,0,1,0,2,0,4.0,290,54,5.37037037037037
0,12,144,0,0,4,0,0,1,1,2,2,1,1,1,0,2,0,8.0,1244,235,5.293617021276596
0,15,144,0,1,1,0,0,1,0,0,0,0,0,1,250,12,0,2.0,119,23,5.173913043478261
1,3,105,96,1,0,6,0,1,1,0,0,1,0,1,0,12,0,2.0,36,5,7.2
0,24,51,39,0,5,6,0,0,1,2,2,0,0,1,0,2,0,10.0,272,54,5.037037037037037
1,1,120,0,0,4,0,0,0,0,1,1,1,0,1,0,2,0,1.0,38,8,4.75
1,2,105,0,2,0,1,4,0,1,1,1,1,0,3,30,2,0,4.0,498,90,5.533333333333333
0,2,144,114,1,1,6,0,1,1,1,0,1,0,1,0,2,0,3.0,12,2,6.0
1,2,104,82,0,1,4,0,1,1,1,0,1,0,1,0,2,0,5.0,909,141,6.446808510638298
0,2,144,0,0,4,0,0,1,1,1,0,1,0,1,0,12,0,1.0,121,22,5.5
1,36,105,0,1,0,5,5,1,2,0,0,2,0,1,300,2,0,2.0,36,7,5.142857142857143
1,2,135,81,1,0,5,0,0,1,2,2,2,0,1,0,12,0,2.0,72,14,5.142857142857143
0,4,144,114,1,0,1,0,1,1,0,0,1,0,1,150,2,0,1.0,148,33,4.484848484848484
0,2,144,0,0,0,0,0,1,1,1,1,1,0,1,0,2,0,5.0,362,63,5.746031746031746
1,2,105,0,0,6,0,0,1,0,1,1,1,0,2,0,12,0,1.0,170,32,5.3125
1,1,105,0,1,1,2,2,1,0,1,1,1,0,1,0,1,0,3.0,329,59,5.576271186440678
0,2,144,0,0,1,0,0,1,0,1,1,1,0,1,0,12,0,1.0,218,42,5.190476190476191
1,2,105,106,1,5,6,0,0,0,1,0,1,0,1,0,2,0,13.0,518,96,5.395833333333333
1,6,105,0,1,5,6,0,0,0,1,0,1,0,1,0,2,0,1.0,200,37,5.405405405405405
1,2,135,0,1,1,2,4,1,0,1,0,1,0,1,0,2,0,5.0,1157,219,5.28310502283105
0,3,144,114,0,0,1,0,2,0,0,0,1,0,1,0,2,0,3.0,84,15,5.6
1,24,84,0,1,0,1,5,2,1,2,2,2,0,1,0,12,0,4.0,398,70,5.685714285714286
0,2,144,0,1,1,0,0,0,0,1,1,1,0,1,0,12,0,1.0,34,8,4.25
0,17,47,0,0,0,0,0,1,0,0,0,1,0,1,0,2,0,0.0,121,24,5.041666666666667
0,1,144,114,1,4,0,0,1,0,1,0,1,0,5,0,5,0,5.0,229,39,5.871794871794871
0,2,144,0,1,0,6,0,1,0,1,1,1,0,1,0,2,0,2.0,175,34,5.147058823529412
1,4,104,0,0,3,0,0,1,1,2,2,2,0,1,25,7,0,3.0,84,14,6.0
0,2,144,114,0,0,1,0,1,1,0,0,1,0,1,0,2,0,1.0,12,2,6.0
1,6,105,0,0,1,3,5,0,0,1,1,1,0,3,0,12,0,4.0,385,76,5.065789473684211
0,2,144,114,1,2,0,0,2,1,1,1,1,0,6,0,7,0,5.0,158,24,6.583333333333333
1,84,122,86,1,4,0,0,1,2,0,0,0,0,2,0,12,0,2.0,583,111,5.252252252252252
1,1,122,73,1,2,5,5,1,2,0,0,1,0,1,150,12,2,6.0,338,56,6.035714285714286
0,3,144,0,1,1,6,0,0,0,1,0,2,0,3,0,2,0,2.0,325,49,6.63265306122449
1,14,105,0,1,0,6,0,1,0,0,0,0,0,1,0,7,0,9.0,1746,284,6.147887323943662
1,5,105,0,1,0,6,0,1,0,1,0,1,0,1,0,12,0,1.0,76,15,5.066666666666666
1,1,128,82,1,5,0,0,1,1,1,1,1,0,1,0,2,0,1.0,8,1,8.0
1,14,103,82,1,0,3,5,2,2,0,0,0,0,1,0,2,0,2.0,165,35,4.714285714285714
0,17,144,114,2,0,3,5,1,0,2,2,0,0,2,0,3,0,2.0,299,54,5.537037037037037
1,2,122,0,1,5,0,0,1,2,0,0,1,0,1,480,4,0,2.0,244,43,5.674418604651163
0,48,40,0,0,2,0,0,0,1,0,0,1,0,1,0,12,0,1.0,98,18,5.444444444444445
0,7,144,0,1,1,0,0,1,0,0,0,0,0,1,0,2,2,6.0,552,105,5.257142857142857
0,1,144,0,1,1,4,5,1,0,2,0,2,0,5,0,2,0,6.0,385,71,5.422535211267606
0,4,144,0,1,0,6,0,1,0,1,0,1,1,1,0,2,0,6.0,514,110,4.672727272727273
0,3,5,114,1,0,1,0,1,1,1,0,1,0,1,200,2,0,2.0,472,74,6.378378378378378
0,24,144,0,0,1,0,0,1,1,0,0,2,0,1,0,12,0,5.0,577,101,5.712871287128713
1,2,105,0,2,0,1,4,0,0,1,2,1,0,3,0,2,0,3.0,308,56,5.5
1,0,105,0,1,0,1,1,1,0,0,0,0,0,1,0,2,0,1.0,83,14,5.928571428571429
1,1,105,0,1,3,0,0,0,0,1,1,1,0,1,0,12,1,6.0,185,39,4.743589743589744
1,3,104,0,1,5,0,0,1,1,1,1,1,0,1,0,2,0,2.0,221,44,5.0227272727272725
1,4,104,82,1,0,0,0,1,1,1,0,1,0,1,0,2,0,2.0,122,24,5.083333333333333
0,4,144,0,1,3,0,0,0,1,1,0,0,0,1,0,2,0,8.0,352,64,5.5
1,15,84,63,2,0,5,5,1,1,0,0,0,0,2,0,12,0,4.0,166,27,6.148148148148148
0,2,144,4,1,1,0,0,1,0,1,1,1,0,1,0,2,0,2.0,481,91,5.285714285714286
0,1,144,114,1,0,0,0,1,1,1,1,1,0,2,0,3,0,9.0,129,23,5.608695652173913
1,6,105,0,1,1,2,0,1,0,1,1,1,0,1,0,2,0,1.0,55,9,6.111111111111111
0,2,144,0,1,0,1,3,1,0,1,0,1,0,2,0,1,0,5.0,397,76,5.223684210526316
1,5,104,88,0,0,6,0,1,1,1,0,1,0,1,0,2,0,2.0,51,7,7.285714285714286
1,1,104,0,2,0,1,5,0,1,1,1,1,0,4,0,2,0,9.0,477,76,6.276315789473684
0,10,149,130,1,1,6,0,1,0,0,0,0,0,1,0,3,0,2.0,328,62,5.290322580645161
0,42,144,0,0,1,0,0,2,0,1,1,1,1,1,0,3,0,3.0,320,63,5.079365079365079
0,2,144,6,1,1,0,0,1,1,0,0,1,0,2,0,3,0,0.0,41,6,6.833333333333333
1,1,105,0,1,0,5,0,0,0,1,0,1,0,1,0,2,0,2.0,208,37,5.621621621621622
1,1,137,0,2,0,5,5,1,1,1,0,1,0,2,0,12,0,5.0,381,72,5.291666666666667
0,2,69,114,1,2,0,0,1,1,1,1,1,0,1,0,2,0,4.0,297,59,5.033898305084746
1,4,105,0,0,0,6,0,1,0,1,0,1,0,2,0,6,0,1.0,423,72,5.875
0,1,144,114,1,0,1,0,0,0,1,0,1,0,3,50,4,1,11.0,561,107,5.242990654205608
1,5,105,0,0,0,0,0,1,0,1,0,1,0,1,0,2,1,12.0,260,47,5.531914893617022
0,30,144,0,0,0,1,5,1,0,2,2,2,2,1,0,2,0,6.0,745,151,4.933774834437086
1,8,128,0,0,6,0,0,1,0,1,1,1,0,1,100,2,0,1.0,15,3,5.0
0,10,144,6,0,2,0,0,1,1,1,1,1,0,1,0,2,1,5.0,103,6,17.166666666666668
1,4,143,0,0,0,6,0,1,0,0,0,1,0,1,100,12,0,5.0,391,66,5.924242424242424
0,36,144,0,1,0,1,0,1,0,0,0,1,0,2,0,2,0,17.0,268,49,5.469387755102041
0,1,5,0,1,0,1,0,1,0,1,0,1,0,2,0,12,0,3.0,209,44,4.75
0,1,69,114,1,0,4,0,1,1,0,0,1,0,1,200,2,0,8.0,2982,558,5.344086021505376
1,3,104,0,1,1,3,5,1,1,1,1,1,0,3,0,2,0,1.0,839,158,5.310126582278481
0,4,144,0,1,1,0,0,1,0,0,0,0,0,1,0,12,0,8.0,597,118,5.059322033898305
1,2,105,0,1,5,6,0,0,0,1,1,1,0,1,50,2,0,4.0,137,26,5.269230769230769
0,36,144,0,0,1,2,0,2,0,2,2,1,0,1,0,12,0,2.0,99,17,5.823529411764706
0,9,57,114,1,0,0,0,2,1,0,0,0,0,1,0,2,0,1.0,148,28,5.285714285714286
0,12,144,0,1,1,0,0,1,0,2,2,2,0,1,0,2,0,1.0,58,9,6.444444444444445
1,2,105,0,1,3,4,5,1,0,0,0,0,0,1,0,4,1,5.0,287,54,5.314814814814815
1,1,105,0,2,0,3,4,1,0,1,1,1,0,4,50,2,1,7.0,360,67,5.373134328358209
0,72,41,0,0,1,4,0,1,0,2,2,2,0,1,200,3,0,2.0,37,6,6.166666666666667
1,36,105,0,0,0,1,5,1,0,0,0,1,0,1,0,12,0,4.0,341,68,5.014705882352941
1,2,105,0,0,2,3,5,1,0,0,0,1,0,1,0,2,0,11.0,1174,244,4.811475409836065
1,6,105,0,0,0,1,5,0,0,0,0,0,0,1,100,2,0,3.0,323,66,4.893939393939394
1,12,105,0,1,0,0,0,1,0,1,0,0,0,1,30,2,0,3.0,534,106,5.037735849056604
0,8,144,0,1,6,0,0,1,1,0,0,0,0,1,0,12,0,3.0,121,20,6.05
1,2,82,80,1,0,5,5,1,2,1,1,1,0,1,0,12,0,1.0,173,31,5.580645161290323
1,1,105,0,2,3,6,0,1,0,1,0,1,0,2,0,2,0,4.0,394,76,5.184210526315789
1,3,104,0,2,2,6,0,1,1,1,1,1,0,2,0,2,0,5.0,262,48,5.458333333333333
0,3,144,0,1,1,0,0,1,0,0,0,1,0,1,0,2,0,10.0,760,138,5.507246376811594
0,2,144,0,0,4,6,0,1,0,1,0,1,0,1,0,2,0,3.0,138,24,5.75
0,2,144,0,1,0,1,0,0,0,1,0,1,1,1,0,2,0,2.0,459,91,5.043956043956044
1,5,88,0,1,0,4,0,0,0,1,1,1,0,1,0,2,0,1.0,87,17,5.117647058823529
0,3,144,0,1,1,6,0,2,0,2,2,1,0,1,0,2,0,2.0,119,21,5.666666666666667
0,4,144,35,0,0,1,0,1,0,1,1,1,0,1,0,12,0,2.0,48,8,6.0
0,2,144,0,0,0,3,0,1,1,1,1,1,0,2,0,2,0,19.0,253,42,6.023809523809524
0,1,144,0,0,4,0,0,1,1,2,2,1,0,1,0,2,0,4.0,88,17,5.176470588235294
1,3,104,0,2,0,2,5,0,1,0,0,1,0,5,0,2,0,0.0,392,87,4.505747126436781
0,9,144,0,1,1,0,0,1,0,0,0,0,0,1,0,2,0,9.0,54,11,4.909090909090909
1,1,104,0,0,0,6,0,0,1,1,0,1,0,1,0,6,0,10.0,327,57,5.7368421052631575
0,7,144,0,1,1,0,0,2,1,2,2,2,0,1,0,2,0,4.0,61,10,6.1
0,24,144,35,0,0,1,5,1,0,0,0,1,0,1,1,3,0,3.0,137,23,5.956521739130435
0,3,144,0,0,0,6,0,1,0,2,2,2,0,1,0,2,1,3.0,178,30,5.933333333333334
0,1,144,114,0,0,6,0,1,1,1,0,1,0,1,0,2,0,4.0,12,2,6.0
0,3,144,0,1,1,0,0,0,0,1,0,1,0,1,0,2,0,5.0,248,47,5.276595744680851
0,24,144,0,1,4,0,0,1,1,2,2,2,0,20,0,5,0,1.0,93,19,4.894736842105263
1,12,105,0,1,0,1,5,1,0,1,1,1,0,1,0,12,0,1.0,125,23,5.434782608695652
1,1,105,0,0,2,3,5,1,0,1,1,1,0,1,0,2,1,3.0,777,156,4.980769230769231
0,1,144,54,1,0,6,0,1,1,0,0,1,0,1,0,2,0,19.0,509,91,5.593406593406593
1,2,104,0,1,0,1,5,0,1,1,0,1,0,1,0,3,0,3.0,39,7,5.571428571428571
1,2,105,0,1,0,5,5,1,0,1,0,1,0,1,0,12,0,3.0,355,73,4.863013698630137
1,1,104,0,0,6,0,0,1,1,1,1,1,0,1,0,2,0,3.0,166,28,5.928571428571429
1,2,122,81,1,0,3,5,1,1,1,1,1,0,1,50,2,0,4.0,339,62,5.467741935483871
1,4,135,0,1,0,1,2,1,0,2,2,2,0,1,0,12,1,2.0,285,51,5.588235294117647
1,11,105,0,1,0,3,5,1,0,0,0,0,0,1,50,2,0,5.0,204,37,5.513513513513513
0,9,144,0,1,0,1,3,1,0,0,0,0,0,1,0,2,0,2.0,531,98,5.418367346938775
0,1,144,0,2,0,1,0,1,0,0,0,1,0,2,0,2,0,5.0,39,5,7.8
1,4,105,82,0,3,6,0,0,0,1,0,1,0,1,0,12,0,4.0,640,121,5.289256198347108
1,2,140,0,2,0,1,5,1,0,1,1,1,0,3,0,12,0,9.0,475,90,5.277777777777778
0,2,144,0,0,1,6,0,1,0,0,0,1,0,1,0,2,0,1.0,70,13,5.384615384615385
1,4,104,81,0,6,0,0,0,1,1,0,1,0,1,0,2,0,1.0,27,4,6.75
1,1,122,80,0,2,4,0,1,2,1,0,1,0,1,100,2,0,4.0,1068,191,5.591623036649215
1,2,105,0,0,2,4,0,1,0,0,0,1,0,3,0,2,0,5.0,412,75,5.493333333333333
1,3,104,81,2,0,6,0,1,1,2,2,2,0,2,0,2,0,7.0,453,81,5.592592592592593
0,9,144,0,0,1,0,0,1,1,0,0,0,0,1,0,1,0,5.0,840,162,5.185185185185185
0,1,144,0,1,0,1,0,1,1,1,1,1,0,1,0,2,0,4.0,67,10,6.7
0,2,144,0,1,1,0,0,1,1,0,0,1,0,1,0,2,0,1.0,188,35,5.371428571428571
1,0,104,101,2,0,3,3,1,1,0,0,0,0,3,0,1,0,3.0,72,13,5.538461538461538
0,3,144,0,1,1,2,0,1,0,0,0,0,0,1,0,2,0,3.0,164,30,5.466666666666667
0,2,144,0,2,0,1,5,1,0,1,1,1,0,4,0,2,0,5.0,67,12,5.583333333333333
0,1,28,114,2,0,6,0,1,0,1,1,1,0,2,0,6,0,3.0,522,98,5.326530612244898
1,12,105,0,0,2,5,0,1,0,0,0,0,0,1,0,12,0,2.0,276,57,4.842105263157895
0,5,37,0,0,0,1,0,0,1,0,0,1,0,2,0,12,0,1.0,136,28,4.857142857142857
1,12,105,0,0,3,4,5,2,0,1,1,1,0,1,0,12,0,4.0,276,52,5.3076923076923075
0,4,144,0,1,1,6,0,1,0,0,0,1,0,1,0,2,0,5.0,491,92,5.336956521739131
1,2,104,0,1,0,4,0,1,1,1,1,1,0,1,0,2,0,4.0,126,24,5.25
0,3,144,0,1,1,0,0,1,2,1,1,1,0,1,0,2,0,3.0,255,51,5.0
1,1,104,0,0,2,6,0,0,1,1,1,1,0,1,0,2,0,7.0,119,20,5.95
0,2,165,114,1,0,6,0,1,0,1,0,1,0,1,0,12,0,8.0,29,5,5.8
0,3,144,0,1,3,0,0,0,0,1,1,1,0,1,0,4,0,1.0,49,8,6.125
1,1,88,82,1,0,5,0,1,0,1,1,1,0,1,50,2,0,5.0,946,169,5.597633136094674
0,3,99,114,0,0,1,0,1,0,2,2,1,0,1,0,2,0,4.0,132,23,5.739130434782608
0,12,144,0,1,4,0,0,1,1,1,1,0,0,1,0,7,0,5.0,861,155,5.554838709677419
1,12,128,80,0,1,4,5,1,2,0,0,1,0,1,100,2,0,2.0,326,61,5.344262295081967
0,5,144,0,1,0,0,0,1,0,0,0,0,0,1,0,5,0,1.0,96,20,4.8
1,2,105,0,2,4,6,0,2,0,1,0,1,0,4,10,12,0,3.0,498,93,5.354838709677419
0,42,17,114,0,1,6,0,1,0,0,0,1,0,1,0,2,0,3.0,129,22,5.863636363636363
1,4,84,61,1,1,3,0,0,1,2,2,0,0,1,0,3,0,4.0,145,27,5.37037037037037
0,2,144,114,2,1,2,0,1,0,1,0,1,0,2,0,2,0,9.0,640,120,5.333333333333333
0,84,8,0,1,2,0,0,2,2,0,0,1,0,1,0,12,0,2.0,990,186,5.32258064516129
0,6,144,0,1,1,0,0,1,0,0,0,1,0,1,0,2,0,13.0,3125,592,5.278716216216216
0,4,144,0,1,0,0,0,2,0,0,0,1,0,1,0,3,0,1.0,139,27,5.148148148148148
1,9,122,80,0,0,2,5,2,2,1,1,1,0,2,300,12,0,3.0,34,5,6.8
0,1,167,114,1,0,1,0,1,0,1,1,1,0,1,0,12,0,1.0,620,113,5.486725663716814
0,1,144,114,1,1,6,0,1,1,1,0,1,0,1,0,2,0,3.0,12,2,6.0
0,2,144,0,0,0,0,0,1,0,1,0,1,0,1,0,12,0,1.0,109,22,4.954545454545454
1,9,135,82,1,1,2,0,1,0,1,1,1,0,1,0,2,0,3.0,571,118,4.838983050847458
0,2,144,0,1,0,1,5,1,0,0,0,1,0,1,0,7,0,1.0,325,66,4.924242424242424
1,3,105,0,2,0,1,3,1,1,1,1,1,0,4,0,7,0,2.0,65,12,5.416666666666667
1,4,105,0,1,1,0,0,1,0,1,1,1,0,1,0,2,0,1.0,300,58,5.172413793103448
0,2,144,0,1,0,0,0,1,0,1,1,1,0,1,0,2,0,1.0,375,75,5.0
1,6,143,0,1,1,2,2,1,1,2,2,0,0,1,0,2,0,2.0,117,20,5.85
1,1,104,0,0,0,3,5,1,1,1,1,1,0,1,0,2,0,1.0,208,37,5.621621621621622
0,2,144,0,0,0,1,5,1,0,1,1,1,0,1,20,3,0,1.0,201,32,6.28125
0,12,144,0,0,1,2,0,1,0,0,0,1,0,1,0,2,0,5.0,14,3,4.666666666666667
0,80,54,0,0,0,1,5,1,0,0,0,0,0,1,200,2,0,3.0,1383,244,5.668032786885246
1,2,135,106,1,5,0,0,0,0,2,2,1,0,1,0,2,0,0.0,107,20,5.35
1,4,105,0,1,0,3,5,0,0,1,1,1,0,1,0,2,0,5.0,234,36,6.5
0,2,30,0,1,0,1,0,0,0,1,0,1,0,2,0,2,0,2.0,661,124,5.330645161290323
1,7,120,101,0,4,6,0,1,0,2,0,0,0,1,10,2,0,5.0,142,20,7.1
1,0,105,0,2,0,2,0,0,0,2,2,2,0,2,0,2,0,4.0,699,129,5.4186046511627906
0,3,144,0,0,1,6,0,1,0,1,1,1,0,1,0,12,0,3.0,112,21,5.333333333333333
1,2,105,0,0,1,0,0,1,1,0,0,1,0,1,0,2,0,2.0,214,44,4.863636363636363
0,12,144,0,0,1,0,0,1,1,0,0,0,0,1,0,12,0,6.0,220,43,5.116279069767442
0,1,144,0,0,0,6,0,1,1,1,1,1,0,1,0,3,0,2.0,140,21,6.666666666666667
0,2,144,0,1,1,6,0,1,1,0,0,1,0,1,0,12,0,1.0,394,75,5.253333333333333
1,2,105,0,2,0,1,5,1,0,1,1,1,0,5,0,2,0,4.0,302,57,5.298245614035087
0,12,144,0,1,1,0,0,1,0,0,0,0,0,1,0,2,0,3.0,122,25,4.88
0,2,144,0,1,0,1,5,1,1,1,1,1,0,1,20,3,0,1.0,141,25,5.64
1,1,105,0,2,1,5,0,0,0,1,1,1,0,2,0,5,2,12.0,685,113,6.061946902654867
0,3,69,47,0,0,1,0,0,1,0,0,1,0,1,0,0,0,6.0,420,76,5.526315789473684
0,24,144,0,1,2,0,0,1,0,0,0,0,0,1,0,2,0,7.0,408,79,5.1645569620253164
0,3,144,0,1,6,0,0,1,0,1,1,1,0,1,20,3,0,1.0,122,21,5.809523809523809
1,6,135,0,0,0,5,0,1,1,0,0,0,0,1,0,2,0,6.0,326,60,5.433333333333334
0,2,144,0,0,0,6,0,1,1,1,1,1,0,2,0,12,0,2.0,209,40,5.225
0,1,144,114,0,0,1,0,1,1,1,1,1,0,1,0,2,0,2.0,12,2,6.0
1,24,104,0,1,0,3,5,1,1,2,2,2,0,1,0,12,0,1.0,53,9,5.888888888888889
1,2,105,0,0,1,0,0,0,0,0,0,1,0,1,50,2,0,1.0,62,12,5.166666666666667
1,2,94,101,1,4,0,0,1,0,1,0,1,0,1,150,2,0,4.0,176,31,5.67741935483871
0,1,144,114,1,1,2,0,0,0,2,2,2,0,1,0,2,0,8.0,137,28,4.892857142857143
0,1,144,114,1,0,1,3,1,0,1,0,1,0,1,0,7,0,2.0,219,38,5.7631578947368425
0,2,144,0,2,1,6,0,1,0,0,0,1,0,2,0,4,1,10.0,250,49,5.1020408163265305
1,0,105,0,2,0,1,5,1,0,1,1,1,0,5,0,12,0,1.0,136,29,4.689655172413793
1,3,105,0,0,0,5,5,0,0,0,0,1,0,1,0,2,0,7.0,174,32,5.4375
1,2,105,0,1,6,0,0,0,0,1,1,1,0,1,0,2,0,2.0,815,148,5.506756756756757
0,4,144,0,0,0,0,0,1,0,0,0,1,0,1,0,7,0,2.0,47,8,5.875
0,2,144,0,2,0,4,0,1,0,1,0,1,0,3,0,2,0,4.0,129,19,6.7894736842105265
0,84,54,0,1,0,1,5,1,0,0,0,0,0,1,100,3,0,1.0,19,3,6.333333333333333
0,2,144,0,1,1,0,0,1,0,1,1,1,0,1,0,2,0,4.0,437,81,5.395061728395062
0,12,144,0,1,1,2,0,1,1,0,0,0,0,1,0,2,0,2.0,217,37,5.864864864864865
0,60,144,0,1,0,1,0,2,0,0,0,0,0,1,0,3,0,5.0,722,138,5.231884057971015
0,2,144,0,0,1,0,0,1,0,1,1,1,0,1,0,2,0,1.0,155,29,5.344827586206897
1,1,105,0,1,0,0,0,1,0,1,1,1,0,1,0,6,0,4.0,816,155,5.264516129032258
0,17,144,0,1,6,0,0,1,1,1,0,1,0,1,0,2,0,0.0,292,66,4.424242424242424
1,36,104,0,2,0,2,5,1,1,0,0,1,0,5,0,2,0,2.0,529,90,5.877777777777778
0,3,49,0,1,0,6,0,3,1,0,1,1,1,1,0,0,0,4.0,630,115,5.478260869565218
0,2,144,0,1,0,1,1,1,0,1,0,1,0,5,0,2,0,1.0,84,13,6.461538461538462
0,12,22,114,0,4,0,0,2,0,2,2,1,0,1,0,2,0,2.0,85,13,6.538461538461538
1,1,104,0,0,2,5,5,1,1,1,0,1,0,2,0,12,1,9.0,477,90,5.3
1,1,104,0,2,0,4,5,0,1,1,1,1,0,5,0,2,0,1.0,168,24,7.0
0,8,144,0,1,1,4,0,1,0,0,0,0,0,1,0,3,0,3.0,152,27,5.62962962962963
0,2,144,41,1,0,1,5,1,0,1,0,1,0,1,0,2,0,1.0,285,48,5.9375
0,6,144,0,1,1,0,0,1,0,0,0,0,0,1,0,2,0,1.0,672,135,4.977777777777778
1,12,104,0,0,5,0,0,1,1,0,0,1,0,1,0,2,0,3.0,346,63,5.492063492063492
1,3,90,0,0,0,0,0,1,1,0,0,1,0,1,0,2,0,3.0,482,99,4.8686868686868685
0,3,144,0,1,1,0,0,2,0,1,0,1,0,1,0,1,0,6.0,247,45,5.488888888888889
0,48,155,30,1,4,0,0,0,0,2,2,2,0,1,0,2,0,4.0,271,53,5.113207547169812
1,4,96,0,1,0,2,5,1,0,0,0,1,0,2,0,2,0,3.0,609,96,6.34375
0,3,144,114,1,0,0,0,1,0,0,0,2,0,2,0,12,0,5.0,185,38,4.868421052631579
1,3,105,0,0,0,0,0,1,1,0,0,1,0,1,0,2,0,5.0,547,109,5.018348623853211
1,6,105,0,0,0,6,0,1,0,2,2,2,0,1,0,12,0,3.0,82,12,6.833333333333333
0,9,144,0,1,0,1,0,1,0,0,0,0,0,1,0,3,0,6.0,824,149,5.530201342281879
1,2,105,0,1,0,1,5,0,0,1,1,1,0,2,0,2,0,2.0,188,36,5.222222222222222
0,12,144,0,1,1,4,5,1,0,2,2,2,0,1,0,3,0,5.0,345,61,5.655737704918033
1,7,105,0,2,5,6,0,1,0,1,0,1,0,2,0,12,0,3.0,426,78,5.461538461538462
0,12,41,114,0,1,4,0,1,1,0,0,0,0,1,0,2,1,8.0,331,48,6.895833333333333
0,12,144,0,2,1,0,0,1,1,2,2,2,0,4,0,12,0,7.0,2150,366,5.8743169398907105
0,1,144,114,0,1,0,0,1,1,1,0,1,0,1,0,2,0,3.0,12,2,6.0
1,6,140,70,1,0,1,0,1,0,1,0,0,0,2,0,3,0,5.0,541,107,5.05607476635514
0,2,144,129,1,0,1,0,1,0,0,0,1,0,1,0,3,0,6.0,236,39,6.051282051282051
1,12,105,0,0,3,0,0,1,0,0,0,0,0,1,0,12,0,4.0,166,33,5.03030303030303
1,10,109,101,1,1,0,0,1,0,1,1,1,0,1,0,2,0,2.0,333,67,4.970149253731344
0,2,144,114,1,1,6,0,1,1,0,0,1,0,1,0,2,0,5.0,12,2,6.0
0,2,144,0,2,1,4,5,2,0,0,0,1,0,6,0,2,0,1.0,326,44,7.409090909090909
0,2,146,114,0,0,1,0,1,0,0,0,1,0,1,100,12,2,6.0,358,65,5.507692307692308
1,4,105,0,0,6,0,0,1,0,1,1,1,0,1,0,2,0,1.0,27,6,4.5
1,147,128,0,1,1,4,0,2,1,0,0,0,0,1,0,2,0,1.0,100,16,6.25
1,24,128,82,1,1,4,0,0,0,0,2,0,0,1,0,2,0,3.0,465,89,5.224719101123595
1,3,105,0,1,3,6,0,1,0,1,0,1,0,1,0,2,0,3.0,78,13,6.0
1,4,105,0,1,0,2,5,1,0,1,1,1,0,1,0,2,0,7.0,368,63,5.841269841269841
1,4,105,82,0,2,0,0,1,1,1,1,1,0,1,0,2,0,0.0,19,3,6.333333333333333
0,3,144,0,2,0,3,0,1,1,1,1,1,0,2,0,12,0,2.0,193,30,6.433333333333334
1,1,105,0,0,0,6,0,1,1,1,1,1,0,1,30,2,0,2.0,239,51,4.686274509803922
1,60,105,0,1,6,0,0,2,0,0,0,0,1,1,0,2,0,5.0,20,4,5.0
1,4,105,106,0,0,5,5,1,0,0,0,1,0,1,100,2,0,5.0,510,87,5.862068965517241
0,12,144,0,1,4,0,0,1,1,0,0,0,0,1,0,4,3,11.0,1584,283,5.597173144876325
1,3,105,64,1,0,6,0,0,0,1,0,1,0,1,0,3,0,4.0,225,37,6.081081081081081
0,5,144,0,1,0,6,0,1,0,1,1,1,0,2,1,7,0,2.0,106,18,5.888888888888889
0,84,13,0,0,0,5,5,2,1,0,0,1,0,1,0,12,0,1.0,353,65,5.430769230769231
1,2,105,82,2,0,2,5,1,0,1,1,1,0,5,0,2,0,5.0,391,70,5.585714285714285
1,7,128,82,0,1,4,0,1,0,0,0,0,0,1,0,2,0,7.0,577,112,5.151785714285714
0,3,144,0,1,0,1,5,0,1,0,0,1,0,1,200,2,0,2.0,222,41,5.414634146341464
1,60,105,0,0,1,4,5,0,0,0,0,0,0,1,0,12,0,3.0,682,135,5.051851851851852
1,2,104,0,1,0,6,0,0,1,1,1,1,0,1,0,2,0,3.0,118,25,4.72
0,1,47,114,0,0,1,0,1,1,1,1,1,0,1,0,3,0,5.0,30,4,7.5
0,3,144,0,2,0,1,0,0,0,1,1,1,0,14,0,12,0,0.0,4,1,4.0
0,2,80,127,2,0,1,5,1,1,1,1,1,0,6,0,12,0,1.0,82,16,5.125
0,31,54,0,0,1,6,0,1,0,0,0,1,0,1,400,2,0,1.0,353,67,5.268656716417911
1,3,105,0,0,0,6,0,1,0,1,0,1,0,1,0,2,0,6.0,398,82,4.853658536585366
0,2,144,0,1,0,1,5,1,1,0,0,1,0,1,0,2,0,5.0,284,49,5.795918367346939
0,0,144,114,2,0,1,2,1,1,1,1,1,0,7,0,12,0,1.0,83,16,5.1875
1,2,105,82,1,0,0,0,1,0,1,1,1,0,3,0,3,0,4.0,156,27,5.777777777777778
1,12,105,0,1,0,3,5,1,0,1,1,1,0,1,0,12,0,1.0,241,49,4.918367346938775
1,1,105,0,0,0,5,0,1,0,1,1,1,0,1,0,2,1,7.0,173,33,5.242424242424242
0,2,144,114,1,1,0,0,1,1,1,0,1,0,1,0,2,0,9.0,12,2,6.0
0,1,144,0,2,0,1,5,1,1,1,1,1,0,8,0,4,0,28.0,318,56,5.678571428571429
0,3,144,114,2,1,0,0,1,0,0,1,1,0,5,0,2,0,2.0,79,16,4.9375
1,3,104,0,0,3,0,0,2,1,0,0,1,0,1,150,2,0,3.0,389,69,5.63768115942029
0,1,144,114,2,1,3,0,2,0,1,1,1,0,3,0,12,0,5.0,41,8,5.125
0,2,144,0,1,1,0,0,1,1,0,0,1,0,1,80,3,0,1.0,255,42,6.071428571428571
0,26,13,114,1,1,4,4,1,2,0,0,2,0,1,0,2,0,4.0,31,6,5.166666666666667
0,4,144,54,1,2,6,0,0,0,0,0,2,0,1,0,12,0,4.0,549,105,5.228571428571429
0,2,144,54,1,1,6,0,2,1,0,0,1,0,1,0,2,0,6.0,131,21,6.238095238095238
1,4,135,0,0,5,0,0,0,0,0,0,1,0,1,0,2,0,3.0,129,24,5.375
0,1,144,0,1,0,1,0,1,1,1,1,1,0,2,0,2,0,3.0,118,20,5.9
0,7,144,0,1,0,2,0,1,0,2,2,0,0,1,0,2,0,1.0,524,100,5.24
1,1,115,106,0,0,1,1,1,0,1,0,1,0,1,0,2,0,4.0,218,44,4.954545454545454
0,5,22,114,1,2,4,0,1,0,1,0,0,0,1,0,2,0,2.0,313,52,6.019230769230769
1,2,104,106,0,2,0,0,1,1,1,1,1,0,1,150,2,0,4.0,251,49,5.122448979591836
0,48,60,0,0,6,0,0,0,1,0,0,0,0,1,0,12,0,2.0,139,27,5.148148148148148
0,12,144,0,1,1,0,0,1,1,0,0,0,0,1,0,2,0,5.0,163,26,6.269230769230769
0,1,144,0,2,1,0,0,0,0,1,1,1,0,5,0,2,0,0.0,194,37,5.243243243243243
0,2,144,0,0,0,1,0,2,0,2,2,1,0,1,0,2,0,2.0,88,17,5.176470588235294
0,9,55,0,1,4,0,0,1,0,1,1,1,0,1,0,2,0,1.0,179,38,4.7105263157894735
1,1,105,0,1,0,1,0,0,0,1,1,1,0,1,0,2,0,4.0,191,35,5.457142857142857
0,3,13,30,1,4,5,5,1,0,2,0,1,0,1,0,12,0,3.0,459,86,5.337209302325581
1,36,135,0,1,1,0,0,1,0,0,0,0,0,1,0,12,0,6.0,807,151,5.344370860927152
1,7,128,96,1,0,2,4,1,1,1,1,1,0,1,0,2,0,3.0,133,25,5.32
1,12,105,0,0,0,6,0,1,0,0,0,0,0,1,0,12,0,1.0,34,7,4.857142857142857
0,1,144,0,2,1,6,0,1,0,0,0,1,0,2,0,2,8,26.0,625,121,5.1652892561983474
0,48,144,114,1,1,6,0,1,0,2,2,0,0,2,0,4,0,3.0,418,81,5.160493827160494
1,14,103,68,0,4,0,0,2,1,2,2,1,1,1,0,12,0,2.0,21,3,7.0
0,1,144,0,1,1,0,0,1,0,1,0,1,0,1,0,2,0,19.0,707,134,5.276119402985074
0,15,144,0,1,1,0,0,1,1,0,0,0,0,1,0,2,0,2.0,36,6,6.0
0,2,144,0,1,4,0,0,1,0,1,1,1,0,1,0,2,0,8.0,894,154,5.805194805194805
1,3,105,0,1,5,6,0,1,0,1,0,1,0,1,0,7,0,3.0,365,67,5.447761194029851
0,1,144,0,2,0,1,3,1,0,1,1,1,0,9,0,2,0,15.0,1000,181,5.524861878453039
0,1,144,114,1,3,0,0,0,0,1,1,0,0,1,0,12,0,2.0,259,47,5.51063829787234
1,0,105,0,2,1,4,5,1,1,1,1,2,0,3,0,12,0,2.0,419,82,5.109756097560975
0,3,144,0,0,0,6,0,1,0,1,1,1,0,1,10,1,0,1.0,57,11,5.181818181818182
1,4,105,0,1,3,6,0,1,0,1,1,1,0,1,15,12,0,3.0,305,66,4.621212121212121
0,2,144,0,0,0,1,0,1,1,1,1,1,0,1,0,3,0,5.0,155,25,6.2
1,0,105,0,1,0,1,1,0,0,1,1,1,0,1,0,2,0,3.0,157,26,6.038461538461538
0,50,144,0,0,1,0,0,1,0,0,0,1,0,1,0,2,0,0.0,644,134,4.8059701492537314
0,48,77,0,0,6,0,0,2,2,0,0,1,0,1,0,12,0,3.0,659,131,5.030534351145038
1,12,104,0,1,0,1,0,1,1,1,1,0,0,1,0,2,0,3.0,404,77,5.246753246753247
0,1,144,114,1,0,1,0,1,1,1,0,1,0,1,0,2,0,1.0,14,3,4.666666666666667
0,3,144,114,1,0,1,0,1,0,1,0,1,0,2,0,2,0,5.0,310,59,5.254237288135593
0,72,159,0,0,1,2,0,1,2,2,2,1,0,1,0,12,0,4.0,625,121,5.1652892561983474
0,1,144,54,1,1,6,0,1,2,1,1,1,1,1,20,3,0,2.0,175,31,5.645161290322581
0,60,144,0,1,2,3,0,2,1,2,2,2,0,1,0,1,0,5.0,402,77,5.220779220779221
1,3,105,0,0,0,6,0,1,0,0,0,0,0,1,0,2,0,15.0,368,68,5.411764705882353
0,2,69,41,1,0,1,5,0,1,0,0,1,0,1,0,12,0,4.0,974,191,5.099476439790576
1,92,114,0,1,0,1,5,1,2,0,1,0,0,1,50,12,0,3.0,103,21,4.904761904761905
0,1,144,0,1,1,4,5,1,0,1,0,1,0,3,0,2,0,9.0,586,116,5.051724137931035
0,2,144,0,1,0,1,0,1,0,1,0,1,0,1,0,2,0,1.0,213,40,5.325
0,3,144,0,1,0,1,0,1,1,0,0,1,0,1,0,2,0,2.0,204,44,4.636363636363637
0,4,144,114,1,0,6,0,1,0,0,0,1,0,1,100,2,0,8.0,12,3,4.0
1,3,104,0,1,0,5,0,1,1,1,0,1,0,1,0,2,0,16.0,808,151,5.3509933774834435
1,6,135,0,0,2,4,0,1,0,1,1,1,0,1,50,2,0,3.0,138,23,6.0
0,4,144,0,1,1,6,0,1,1,0,0,2,0,1,0,2,2,3.0,259,50,5.18
0,48,159,0,0,4,0,0,1,1,0,0,0,0,1,0,2,0,5.0,272,40,6.8
0,1,144,0,1,1,0,0,0,0,1,1,1,0,1,0,2,0,2.0,97,23,4.217391304347826
0,52,60,0,0,1,2,5,1,0,0,0,1,0,1,0,2,0,2.0,636,126,5.0476190476190474
0,2,144,0,1,0,1,3,1,0,0,0,1,0,1,0,2,0,2.0,85,17,5.0
0,3,144,0,1,1,5,5,1,0,0,0,1,0,2,0,2,0,2.0,588,116,5.068965517241379
0,12,144,0,0,2,0,0,1,1,2,2,2,1,1,0,12,0,1.0,2150,366,5.8743169398907105
1,9,96,0,1,0,3,5,1,1,0,0,1,0,1,0,5,0,4.0,418,80,5.225
1,24,111,0,0,1,6,0,1,0,2,2,1,2,1,0,5,0,3.0,303,67,4.522388059701493
1,1,105,0,1,1,5,5,0,0,1,0,1,0,1,0,2,0,3.0,215,41,5.2439024390243905
0,2,144,0,1,1,4,0,1,1,1,1,1,0,3,0,2,0,4.0,100,16,6.25
0,1,144,0,1,0,6,0,1,0,1,1,1,0,1,0,2,0,2.0,120,24,5.0
0,48,69,114,1,0,0,0,1,1,0,0,0,0,1,0,2,0,2.0,436,76,5.7368421052631575
1,12,104,0,0,1,6,0,2,1,0,0,1,0,2,0,2,0,6.0,242,50,4.84
0,2,144,0,0,0,6,0,1,0,0,0,0,0,1,0,4,0,3.0,52,9,5.777777777777778
1,3,128,0,0,0,1,0,0,1,1,1,1,0,1,300,2,0,9.0,60,11,5.454545454545454
0,2,144,0,1,1,6,0,1,0,1,1,1,0,1,0,2,0,2.0,175,34,5.147058823529412
0,3,144,114,1,0,6,0,1,0,1,1,2,0,2,0,2,0,2.0,76,17,4.470588235294118
0,13,144,0,0,1,0,0,1,1,0,0,1,0,1,0,2,0,4.0,204,42,4.857142857142857
1,2,122,80,1,4,0,0,1,2,1,0,1,0,1,100,2,0,5.0,693,126,5.5
1,2,105,0,2,1,3,5,0,0,1,0,1,0,2,0,2,0,5.0,507,88,5.761363636363637
1,24,84,63,1,5,6,0,0,0,0,0,0,0,2,0,2,0,3.0,168,28,6.0
0,2,144,114,1,1,0,0,1,1,0,0,1,0,1,0,2,0,1.0,12,2,6.0
1,0,105,82,2,0,1,5,1,0,1,1,1,0,5,0,2,0,14.0,647,124,5.217741935483871
0,1,144,0,0,4,6,0,1,0,1,1,1,0,1,0,2,0,9.0,845,133,6.353383458646617
1,3,105,0,0,0,0,0,1,0,2,0,1,1,1,0,2,0,1.0,68,14,4.857142857142857
1,3,96,101,1,3,4,5,1,0,0,0,1,0,1,0,2,2,9.0,375,71,5.28169014084507
0,1,144,114,1,6,0,0,2,0,1,0,1,0,3,50,5,0,4.0,285,52,5.480769230769231
1,2,105,0,0,1,6,0,0,1,1,1,1,0,1,20,2,0,3.0,28,7,4.0
0,3,144,0,0,0,1,3,1,0,1,1,1,0,1,0,2,0,5.0,183,34,5.382352941176471
0,4,17,114,0,4,0,0,1,0,1,0,1,1,1,0,2,0,1.0,291,53,5.490566037735849
1,3,104,0,1,1,6,0,0,1,1,1,1,0,1,0,12,0,3.0,19,3,6.333333333333333
0,3,144,0,1,1,4,0,1,0,0,0,1,0,1,0,3,0,4.0,197,30,6.566666666666666
0,1,144,114,1,4,0,0,1,0,1,1,1,0,1,0,3,0,1.0,115,23,5.0
0,12,8,0,0,2,0,0,2,1,2,2,1,0,1,0,2,0,2.0,397,68,5.838235294117647
0,1,144,0,1,0,6,0,1,0,1,1,1,0,1,0,2,0,2.0,1203,225,5.346666666666667
0,4,60,54,2,1,6,0,0,1,0,0,0,0,2,0,2,0,5.0,215,40,5.375
0,1,144,0,0,4,0,0,1,1,2,2,1,0,1,0,2,0,2.0,88,17,5.176470588235294
0,1,144,0,1,0,1,0,1,0,1,1,1,0,1,0,2,0,4.0,386,81,4.765432098765432
0,3,144,0,1,0,1,5,1,0,1,0,1,0,1,0,2,0,5.0,551,108,5.101851851851852
0,1,144,114,2,0,1,0,1,0,1,0,1,1,3,0,2,0,5.0,519,97,5.350515463917525
0,9,144,0,1,0,0,0,2,1,2,2,2,0,1,0,2,0,1.0,415,76,5.4605263157894735
0,1,144,0,2,0,1,0,1,0,1,1,1,0,6,0,2,0,1.0,232,38,6.105263157894737
0,1,144,114,0,6,0,0,2,0,1,0,1,0,1,50,5,0,1.0,278,52,5.346153846153846
0,11,144,0,1,1,6,0,1,0,0,2,0,0,1,0,2,0,1.0,179,33,5.424242424242424
0,4,22,0,0,1,2,0,1,1,0,0,1,0,1,0,1,0,25.0,132,25,5.28
1,2,105,0,0,2,0,0,2,0,2,2,2,0,2,0,3,0,5.0,468,92,5.086956521739131
1,4,105,0,1,2,0,0,0,0,0,0,1,0,1,0,2,0,2.0,210,40,5.25
1,2,105,82,1,0,2,5,0,0,1,1,1,0,1,0,12,0,7.0,363,63,5.761904761904762
1,1,135,0,2,1,4,4,1,1,0,0,0,0,3,50,2,0,5.0,578,103,5.611650485436893
0,2,144,0,1,0,1,0,1,0,0,0,1,0,1,0,2,0,1.0,206,42,4.904761904761905
0,48,30,0,1,0,1,0,0,1,2,1,2,0,1,0,2,0,3.0,168,29,5.793103448275862
0,48,144,0,1,1,6,0,1,0,0,0,0,0,1,0,2,0,3.0,294,51,5.764705882352941
0,9,144,0,1,6,0,0,1,0,0,0,0,0,1,0,12,0,2.0,361,68,5.3088235294117645
0,1,144,0,1,4,6,0,1,0,1,1,1,0,2,1,2,0,1.0,40,7,5.714285714285714
0,2,54,114,1,0,1,5,1,0,0,0,1,0,1,0,2,0,3.0,286,55,5.2
0,36,8,0,0,1,2,0,1,1,0,0,0,0,2,0,7,0,4.0,100,18,5.555555555555555
1,12,143,0,1,0,6,0,1,0,0,0,0,0,1,0,12,0,2.0,221,43,5.1395348837209305
0,24,41,0,0,1,0,0,0,2,0,0,1,0,1,150,2,0,0.0,208,40,5.2
0,1,65,114,2,1,4,5,1,1,1,1,1,0,7,0,2,0,5.0,1001,193,5.186528497409326
0,36,144,0,1,4,0,0,2,0,0,0,0,0,1,0,2,0,1.0,21,5,4.2
1,3,103,0,2,0,1,1,0,2,1,1,1,0,3,150,2,0,4.0,151,30,5.033333333333333
1,7,94,82,0,1,6,0,1,0,0,0,1,0,1,0,12,0,0.0,397,74,5.364864864864865
1,5,103,0,1,5,6,0,1,1,0,0,1,0,1,0,2,0,3.0,15,2,7.5
1,1,105,0,2,0,1,1,1,0,1,1,1,0,2,0,2,4,11.0,1052,184,5.717391304347826
1,4,105,0,0,0,0,0,0,0,1,0,1,0,1,0,3,0,4.0,127,28,4.535714285714286
1,3,105,0,2,0,5,5,2,0,2,2,2,0,3,0,2,0,3.0,154,29,5.310344827586207
1,2,140,82,0,0,1,2,0,1,1,1,1,0,1,0,2,0,10.0,630,123,5.121951219512195
0,54,60,0,1,6,0,0,0,2,0,0,2,0,1,180,5,0,3.0,190,34,5.588235294117647
1,2,105,0,1,0,5,0,0,0,1,0,1,0,1,0,12,0,2.0,117,22,5.318181818181818
1,3,143,0,1,0,0,0,0,0,1,1,1,0,4,0,2,0,4.0,91,18,5.055555555555555
1,10,105,0,1,0,1,4,1,0,0,0,0,0,1,0,2,0,2.0,221,49,4.510204081632653
1,2,83,63,1,1,0,0,0,0,1,0,1,0,1,0,7,0,5.0,391,74,5.283783783783784
1,1,105,0,0,3,0,0,0,0,1,1,1,0,3,9,12,0,3.0,320,56,5.714285714285714
0,1,144,0,1,6,0,0,0,0,1,1,1,0,1,0,5,2,5.0,305,61,5.0
0,7,69,0,1,0,0,0,2,2,0,0,0,0,1,0,12,0,1.0,39,7,5.571428571428571
0,6,144,0,1,1,4,0,1,0,0,0,0,0,2,0,12,0,2.0,801,129,6.209302325581396
0,2,144,0,0,1,0,0,1,0,2,2,1,0,1,0,2,0,5.0,213,34,6.264705882352941
0,1,144,0,1,0,2,3,1,1,1,0,1,0,1,50,2,0,10.0,1402,246,5.699186991869919
1,1,105,0,1,3,6,0,0,0,1,1,1,1,1,1,2,0,16.0,1016,190,5.347368421052631
0,1,144,0,0,0,1,0,1,1,1,1,1,0,1,0,3,0,1.0,118,20,5.9
1,1,104,0,2,0,0,0,1,1,1,0,1,0,3,0,3,0,4.0,47,11,4.2727272727272725
0,36,60,0,1,6,0,0,0,2,0,0,1,0,1,0,2,0,1.0,262,54,4.851851851851852
1,6,105,0,1,0,5,5,1,1,1,1,1,0,1,0,2,0,2.0,170,35,4.857142857142857
1,3,105,0,0,5,6,0,0,0,1,0,1,0,1,0,12,0,5.0,679,134,5.067164179104478
0,12,144,31,1,0,6,0,2,0,0,0,0,0,1,100,2,0,6.0,207,37,5.594594594594595
1,12,105,0,1,5,0,0,2,0,0,1,1,0,1,0,10,0,1.0,84,12,7.0
1,1,105,0,2,0,1,5,0,0,1,1,1,0,4,0,2,0,4.0,245,44,5.568181818181818
1,36,105,0,1,0,1,5,0,0,0,0,1,0,3,0,2,0,1.0,255,48,5.3125
1,4,135,0,2,0,2,4,1,1,0,0,0,0,3,0,7,0,3.0,38,8,4.75
1,3,105,101,1,5,6,0,1,0,1,0,1,0,1,0,12,0,3.0,880,181,4.861878453038674
1,4,135,0,2,3,5,5,1,1,1,1,1,0,2,0,7,0,5.0,163,30,5.433333333333334
1,3,105,82,1,2,3,3,1,1,1,0,1,0,1,0,12,0,0.0,87,15,5.8
1,1,104,0,2,2,4,4,1,1,1,1,1,0,4,0,7,0,4.0,167,31,5.387096774193548
0,7,144,114,0,0,1,2,1,0,0,0,2,0,1,0,7,0,0.0,140,29,4.827586206896552
0,2,144,0,1,0,2,0,1,1,1,1,1,0,1,0,2,0,3.0,332,66,5.03030303030303
1,1,105,0,1,0,6,0,1,0,0,0,1,0,1,0,12,0,5.0,147,28,5.25
1,4,105,0,1,0,0,0,1,0,2,2,1,0,1,100,12,0,1.0,151,22,6.863636363636363
1,6,105,82,0,0,6,0,1,0,1,1,1,0,2,0,2,0,5.0,625,123,5.08130081300813
0,2,144,0,0,1,6,0,1,0,1,0,1,0,1,0,12,0,11.0,74,13,5.6923076923076925
1,3,105,0,1,0,0,0,1,0,1,1,1,0,1,0,2,0,11.0,255,47,5.425531914893617
0,21,2,114,1,1,6,0,1,0,0,0,0,1,1,0,2,0,2.0,398,63,6.317460317460317
0,2,144,0,2,1,2,2,2,0,2,2,1,0,5,0,12,0,3.0,279,53,5.264150943396227
1,12,104,80,1,5,0,0,1,1,2,2,1,0,2,0,12,0,1.0,77,16,4.8125
1,9,114,82,1,0,3,5,2,0,0,0,1,0,2,0,2,0,3.0,261,43,6.069767441860465
0,7,22,114,1,6,0,0,1,0,0,0,0,0,1,0,2,1,6.0,2936,539,5.447124304267161
0,2,144,0,2,0,1,5,1,0,1,0,1,0,5,0,2,0,5.0,521,100,5.21
1,7,104,0,1,5,0,0,0,1,0,0,0,0,1,0,2,0,2.0,156,29,5.379310344827586
1,3,135,0,1,0,1,5,0,0,0,0,1,0,1,0,2,0,4.0,408,76,5.368421052631579
0,5,144,0,0,1,5,5,1,0,0,0,1,0,3,0,2,0,3.0,705,135,5.222222222222222
0,48,60,30,0,6,0,0,0,0,0,0,1,0,1,0,2,0,4.0,483,92,5.25
1,2,104,0,1,4,6,0,1,1,0,0,1,0,1,0,2,0,7.0,325,60,5.416666666666667
0,24,30,0,1,1,0,0,0,0,2,2,1,1,1,0,0,0,3.0,67,13,5.153846153846154
0,1,144,0,0,1,6,0,1,1,1,1,1,0,1,0,12,0,12.0,167,30,5.566666666666666
1,7,105,0,1,6,0,0,0,0,0,0,0,0,1,0,6,0,3.0,174,34,5.117647058823529
1,5,105,0,1,5,0,0,1,0,1,1,1,0,1,0,12,0,5.0,346,67,5.164179104477612
0,3,144,16,2,0,1,5,1,0,0,0,2,0,3,0,3,0,2.0,241,47,5.127659574468085
0,6,144,0,1,1,4,0,0,0,0,0,1,0,1,0,2,0,4.0,71,15,4.733333333333333
1,1,105,0,2,0,4,5,1,0,1,1,1,0,5,0,12,0,3.0,232,37,6.27027027027027
1,3,105,0,1,3,6,0,2,1,1,1,2,0,1,100,2,0,2.0,586,122,4.80327868852459
1,3,105,0,1,0,1,5,0,0,1,1,1,0,1,0,12,0,1.0,266,52,5.115384615384615
1,12,103,80,1,0,0,0,1,2,1,1,0,0,1,100,2,0,2.0,33,6,5.5
0,1,144,0,2,1,5,5,1,0,1,1,1,0,6,0,2,0,0.0,657,125,5.256
0,2,22,114,1,0,2,2,2,0,1,1,1,0,1,0,1,5,7.0,172,34,5.0588235294117645
0,60,51,0,1,5,0,0,1,1,0,0,0,0,1,0,2,0,1.0,662,135,4.9037037037037035
0,2,144,0,1,1,0,0,1,0,0,0,1,0,1,0,2,0,13.0,1518,282,5.382978723404255
0,1,144,0,0,1,0,0,1,0,1,0,1,0,1,0,2,0,3.0,321,64,5.015625
1,5,105,0,1,0,4,5,1,0,1,1,0,0,2,0,2,0,5.0,364,66,5.515151515151516
0,4,144,0,1,0,1,3,1,1,0,0,1,0,1,0,2,0,6.0,662,138,4.797101449275362
0,2,144,0,1,0,1,0,0,0,1,1,1,0,1,0,2,0,4.0,290,53,5.471698113207547
0,2,166,114,1,0,1,0,1,0,0,0,1,0,1,0,2,0,5.0,220,41,5.365853658536586
1,1,105,0,1,0,0,0,2,0,1,0,1,0,2,0,2,0,4.0,263,52,5.0576923076923075
0,5,144,0,1,0,1,5,1,0,0,1,1,0,1,0,5,0,4.0,322,60,5.366666666666666
1,12,104,0,0,1,0,0,1,1,1,1,0,0,1,0,12,0,3.0,255,44,5.795454545454546
1,4,105,0,0,1,4,0,1,0,2,2,1,0,1,0,2,0,3.0,46,7,6.571428571428571
0,2,144,0,1,0,1,4,1,0,1,1,1,0,4,0,2,0,1.0,104,23,4.521739130434782
1,2,105,0,0,2,0,0,0,0,1,1,1,1,1,0,2,0,3.0,579,130,4.453846153846154
1,6,104,0,0,0,0,0,1,1,0,0,0,0,1,0,12,0,3.0,280,56,5.0
1,24,103,0,1,2,4,0,0,2,1,1,1,0,1,100,2,0,4.0,265,51,5.196078431372549
0,37,144,0,1,0,6,0,1,0,0,0,0,0,1,80,2,1,5.0,1277,206,6.199029126213592
1,8,105,0,0,0,0,0,1,0,0,0,1,0,1,0,2,1,1.0,153,33,4.636363636363637
1,4,105,0,1,0,1,2,0,1,1,1,1,0,1,0,8,0,2.0,264,54,4.888888888888889
1,6,105,0,0,2,0,0,0,0,1,0,0,0,1,0,2,1,0.0,41,7,5.857142857142857
0,2,144,114,0,1,4,5,1,1,2,2,1,0,1,0,2,0,4.0,273,55,4.963636363636364
0,3,166,114,2,0,1,0,2,0,0,0,1,0,3,0,2,0,4.0,223,42,5.309523809523809
1,36,105,110,1,0,1,5,1,0,0,0,0,0,1,0,2,0,4.0,1233,222,5.554054054054054
0,1,144,0,2,0,6,0,2,0,1,1,1,0,3,0,12,0,2.0,482,85,5.670588235294118
0,2,144,114,1,1,0,0,1,0,1,0,1,0,1,0,12,0,9.0,777,129,6.023255813953488
0,2,144,114,1,1,0,0,1,1,1,0,1,0,1,0,2,0,11.0,12,2,6.0
1,84,103,80,2,0,6,0,1,1,0,0,0,0,2,50,2,0,3.0,488,83,5.879518072289157
0,36,60,39,0,0,1,4,0,1,0,0,1,0,1,0,7,0,0.0,49,7,7.0
1,22,105,0,1,1,6,0,1,1,0,0,0,0,1,0,12,0,1.0,706,145,4.86896551724138
0,30,159,0,1,1,0,0,1,1,0,0,0,0,1,350,7,0,2.0,572,104,5.5
1,12,105,0,0,5,6,0,2,0,0,0,0,0,1,20,12,0,5.0,126,22,5.7272727272727275
0,2,144,0,0,0,1,0,1,0,1,0,1,0,1,0,4,0,1.0,267,56,4.767857142857143
0,1,144,0,0,0,1,0,2,0,1,1,1,0,1,0,2,0,1.0,207,40,5.175
1,1,135,0,2,2,5,5,1,1,2,2,1,0,5,0,2,0,2.0,304,54,5.62962962962963
0,60,144,0,0,0,4,5,1,0,0,0,0,0,1,0,12,0,3.0,404,81,4.987654320987654
0,2,144,0,2,0,3,5,1,0,0,0,1,0,3,30,2,0,3.0,422,79,5.341772151898734
0,24,60,0,1,1,6,0,0,1,0,0,0,0,1,0,2,0,1.0,16,3,5.333333333333333
0,36,7,0,1,0,5,5,0,2,2,2,0,0,1,0,7,0,6.0,378,72,5.25
1,18,122,82,1,4,0,0,1,1,2,0,1,0,2,0,2,0,5.0,94,16,5.875
0,48,144,0,1,2,4,0,1,1,1,0,0,0,1,0,1,0,1.0,348,68,5.117647058823529
0,89,165,122,1,0,6,0,2,0,0,0,0,0,1,0,2,0,1.0,28,6,4.666666666666667
0,1,144,0,2,0,1,5,2,0,1,1,1,0,4,0,2,0,6.0,511,93,5.494623655913978
1,6,103,0,0,0,0,0,1,2,1,1,1,0,1,150,2,0,3.0,169,36,4.694444444444445
1,24,103,0,1,0,1,0,1,2,0,0,1,0,1,0,2,0,2.0,261,50,5.22
1,1,105,0,2,3,4,5,0,0,1,1,2,0,3,0,2,0,22.0,217,36,6.027777777777778
0,24,144,0,1,1,6,0,1,0,0,0,0,0,1,0,2,0,2.0,246,49,5.020408163265306
1,1,82,0,1,4,0,0,0,0,2,0,2,0,1,20,2,0,4.0,535,100,5.35
1,9,105,0,1,0,0,0,1,1,0,0,0,0,1,0,2,0,1.0,78,15,5.2
0,2,144,0,1,1,4,0,1,1,1,0,1,0,1,0,12,0,1.0,129,25,5.16
0,2,144,0,1,0,0,0,1,0,1,1,1,0,1,0,2,0,2.0,351,69,5.086956521739131
1,2,105,0,1,0,1,4,1,0,1,0,1,0,1,50,2,1,6.0,841,159,5.289308176100629
0,12,144,0,1,6,0,0,2,0,0,0,0,0,1,0,12,0,0.0,430,83,5.180722891566265
1,1,105,0,0,0,4,5,0,0,1,1,1,0,1,0,2,0,4.0,232,44,5.2727272727272725
1,2,105,82,2,1,2,5,0,0,1,1,1,0,3,0,12,3,4.0,716,131,5.465648854961832
1,3,104,0,0,4,6,0,1,1,2,2,1,0,1,0,2,0,4.0,57,11,5.181818181818182
0,2,144,0,0,0,0,0,1,0,0,0,1,0,1,0,2,0,1.0,172,32,5.375
0,2,144,114,1,1,0,0,1,0,1,0,1,0,1,0,2,0,6.0,123,22,5.590909090909091
0,36,69,114,0,0,6,0,1,1,0,0,0,0,1,0,2,0,2.0,223,40,5.575
1,4,105,0,1,0,0,0,1,0,1,1,1,0,1,5,2,0,1.0,355,68,5.220588235294118
0,12,144,0,0,4,0,0,1,0,1,0,0,0,1,0,7,0,4.0,395,81,4.8765432098765435
0,6,144,0,1,1,0,0,1,0,1,1,1,0,1,0,2,0,2.0,162,30,5.4
0,12,65,114,1,1,2,0,0,1,2,2,2,0,1,0,2,0,5.0,214,46,4.6521739130434785
1,8,84,0,1,1,6,0,1,1,1,1,2,0,1,0,2,0,4.0,170,29,5.862068965517241
0,6,144,0,0,1,6,0,1,0,0,0,1,0,1,0,2,0,4.0,197,37,5.324324324324325
1,4,105,0,2,2,5,0,2,0,1,1,1,0,3,0,2,0,2.0,254,50,5.08
1,10,84,0,0,0,5,5,1,1,0,1,1,0,1,0,2,0,3.0,138,25,5.52
0,2,144,0,1,2,0,0,1,0,1,1,1,0,1,20,3,0,1.0,144,25,5.76
1,7,105,0,1,1,3,4,1,0,1,0,0,0,1,0,2,0,5.0,114,16,7.125
1,8,105,0,0,0,6,0,1,0,0,0,0,0,1,0,2,0,3.0,43,9,4.777777777777778
1,2,105,0,1,0,1,1,1,0,1,1,1,0,1,0,12,0,6.0,685,112,6.116071428571429
0,3,144,0,1,1,4,5,1,1,2,2,2,0,1,0,12,0,2.0,485,67,7.2388059701492535
0,36,144,0,0,1,0,0,1,0,0,0,0,0,2,0,2,0,3.0,733,139,5.273381294964029
0,24,30,0,1,3,0,0,0,0,0,0,0,0,1,0,12,0,3.0,101,17,5.9411764705882355
0,1,38,133,2,0,1,5,1,1,1,1,1,0,9,100,6,0,5.0,1878,267,7.033707865168539
1,5,105,0,0,0,0,0,0,1,0,0,1,0,1,0,12,0,3.0,268,48,5.583333333333333
0,17,60,0,0,1,4,5,0,2,1,1,1,0,1,0,2,0,4.0,717,135,5.311111111111111
0,1,144,114,0,1,6,0,1,0,2,2,1,0,5,0,12,0,2.0,42,9,4.666666666666667
0,2,144,114,2,0,1,5,1,0,1,1,1,0,6,0,2,0,5.0,200,37,5.405405405405405
0,1,144,0,1,0,1,0,1,0,0,0,2,0,1,0,2,0,4.0,95,19,5.0
1,1,105,0,1,5,0,0,0,0,1,0,1,0,1,0,12,0,5.0,167,33,5.0606060606060606
1,3,105,0,0,2,4,0,1,0,1,0,1,0,1,0,2,0,2.0,83,15,5.533333333333333
1,84,93,0,1,5,0,0,1,0,0,0,0,0,1,0,2,2,5.0,135,27,5.0
0,2,144,0,2,0,6,0,1,1,1,1,1,0,11,0,2,0,8.0,361,78,4.628205128205129
0,2,144,35,1,0,2,0,2,1,0,0,1,0,1,0,2,0,6.0,188,34,5.529411764705882
0,2,144,0,1,0,1,3,1,0,1,0,1,0,2,0,12,0,10.0,75,12,6.25
1,3,104,0,1,1,6,0,1,1,1,1,1,0,1,0,12,0,4.0,63,10,6.3
0,3,144,0,2,0,1,5,1,0,1,1,1,0,3,0,2,0,7.0,715,140,5.107142857142857
1,2,105,0,0,3,6,0,1,0,1,0,1,0,1,0,2,0,22.0,347,66,5.257575757575758
1,2,128,0,2,1,4,0,0,1,1,1,1,0,4,0,7,0,4.0,20,3,6.666666666666667
1,3,105,0,1,5,6,0,1,0,1,1,1,0,1,0,2,0,6.0,883,155,5.696774193548387
0,2,144,0,0,1,6,0,1,0,1,1,1,0,1,0,12,0,2.0,273,51,5.352941176470588
0,4,144,0,0,1,0,0,1,0,0,0,1,1,1,0,2,0,1.0,1769,320,5.528125
1,12,103,0,1,5,0,0,1,2,1,1,1,0,1,0,2,0,5.0,22,4,5.5
0,2,144,114,1,0,1,0,2,0,1,0,1,0,1,50,5,0,4.0,229,45,5.088888888888889
1,2,105,0,0,0,1,5,1,0,0,0,1,0,1,10,2,0,3.0,22,3,7.333333333333333
1,1,105,0,2,1,3,4,0,1,1,1,1,0,5,0,2,0,7.0,328,60,5.466666666666667
1,3,104,0,1,0,3,5,0,1,1,1,1,0,1,0,2,0,1.0,449,87,5.160919540229885
1,5,104,0,1,0,6,0,1,1,1,1,1,0,1,0,3,0,13.0,516,72,7.166666666666667
1,5,104,82,2,4,5,5,0,0,0,0,1,0,4,0,2,0,4.0,395,66,5.984848484848484
1,2,122,82,2,0,1,5,0,1,1,1,1,0,3,0,2,0,3.0,675,115,5.869565217391305
1,5,135,0,1,1,0,0,1,0,1,1,0,0,1,0,12,0,5.0,324,60,5.4
0,36,169,0,1,1,0,0,0,1,0,0,0,0,1,0,12,0,10.0,189,32,5.90625
0,2,144,0,1,3,0,0,1,0,0,0,1,0,1,0,12,0,1.0,23,5,4.6
1,2,105,0,1,2,6,0,1,0,1,1,1,0,1,0,2,0,7.0,658,117,5.6239316239316235
1,3,105,0,0,1,3,4,1,0,1,0,1,0,1,0,2,0,5.0,53,11,4.818181818181818
1,2,105,0,0,0,6,0,1,1,1,0,1,0,1,0,2,0,4.0,579,114,5.078947368421052
1,12,105,107,1,0,1,0,1,0,1,2,0,0,1,0,2,0,1.0,40,8,5.0
1,24,103,0,0,6,0,0,1,1,2,2,1,0,1,0,2,0,3.0,380,71,5.352112676056338
1,2,104,0,0,1,0,0,2,1,1,0,2,0,1,0,2,0,2.0,38,7,5.428571428571429
1,2,105,0,2,0,1,5,1,0,1,1,1,0,3,1,2,0,1.0,457,81,5.6419753086419755
1,2,105,0,0,0,6,0,1,0,1,1,1,0,1,0,2,0,2.0,245,44,5.568181818181818
0,2,144,0,1,1,0,0,1,1,2,2,2,0,1,0,0,0,1.0,75,12,6.25
1,2,104,81,2,0,1,3,1,1,1,1,1,0,5,0,12,0,4.0,436,81,5.382716049382716
0,2,144,0,1,1,0,0,1,0,0,0,1,0,1,0,2,0,1.0,105,21,5.0
1,12,104,0,1,1,4,0,1,1,1,1,1,0,2,0,2,0,4.0,1012,202,5.00990099009901
1,2,105,0,1,0,1,2,0,0,1,1,1,0,3,0,0,0,1.0,68,13,5.230769230769231
1,3,105,0,1,0,1,5,0,0,0,0,1,0,1,0,2,0,1.0,194,31,6.258064516129032
0,2,69,114,0,0,2,0,1,1,0,0,1,0,1,0,2,0,6.0,166,29,5.724137931034483
1,5,105,66,0,2,3,0,1,0,0,0,1,0,1,100,6,0,1.0,204,38,5.368421052631579
1,3,135,0,2,3,5,5,1,0,2,2,2,0,4,0,7,0,5.0,51,11,4.636363636363637
1,2,105,0,0,2,0,0,1,1,1,1,1,0,1,0,12,0,4.0,231,41,5.634146341463414
1,3,96,81,1,0,3,5,1,1,0,0,1,0,1,0,2,1,2.0,14,2,7.0
1,2,105,0,0,0,6,0,0,0,1,1,1,0,1,0,12,0,2.0,22,3,7.333333333333333
1,1,105,0,1,0,6,0,0,0,2,2,2,0,1,10,2,0,8.0,340,64,5.3125
0,3,144,0,2,1,2,0,1,0,0,0,1,0,3,0,2,0,3.0,220,35,6.285714285714286
1,2,128,82,2,0,2,0,0,1,1,1,1,0,3,0,2,0,8.0,202,38,5.315789473684211
1,6,122,81,0,5,6,0,1,1,0,0,1,0,1,200,2,0,5.0,61,11,5.545454545454546
1,2,105,0,0,1,5,5,1,0,0,0,1,0,2,50,6,0,5.0,442,76,5.815789473684211
0,1,144,0,1,1,0,0,1,0,0,0,0,0,1,0,2,0,1.0,292,50,5.84
0,1,144,0,1,0,1,5,1,0,0,0,0,0,3,150,12,0,29.0,370,69,5.36231884057971
0,4,144,0,1,0,0,0,1,0,2,2,0,0,1,0,2,0,1.0,127,24,5.291666666666667
0,16,164,10,1,0,0,0,1,1,0,0,2,0,2,0,2,0,2.0,274,48,5.708333333333333
0,3,144,0,1,0,1,0,1,0,0,0,1,0,1,0,2,0,3.0,156,27,5.777777777777778
1,6,105,0,1,0,5,5,0,0,2,0,0,0,1,0,12,0,2.0,459,82,5.597560975609756
0,24,54,0,0,0,1,5,1,0,0,0,1,0,1,300,2,0,1.0,508,102,4.980392156862745
0,2,144,54,1,0,1,0,1,0,1,1,1,0,1,0,2,0,2.0,461,90,5.122222222222222
1,1,105,0,2,3,5,5,0,0,1,1,1,0,5,0,7,0,5.0,77,14,5.5
1,2,82,80,1,4,5,5,1,2,1,0,1,0,1,0,2,0,6.0,904,161,5.614906832298137
0,1,144,0,1,0,1,0,1,0,2,2,1,0,1,0,2,0,4.0,126,22,5.7272727272727275
1,6,135,0,1,5,6,0,1,0,0,0,0,0,1,200,7,0,8.0,1221,240,5.0875
0,1,144,0,0,1,0,0,1,0,1,1,1,0,1,0,2,0,0.0,262,56,4.678571428571429
1,11,105,0,1,1,3,4,1,0,0,0,0,0,1,100,12,0,1.0,280,56,5.0
1,2,105,0,0,1,2,3,0,0,1,1,1,0,1,0,2,0,8.0,690,123,5.609756097560975
1,2,105,0,0,3,6,0,0,0,1,0,1,0,1,0,12,0,5.0,104,19,5.473684210526316
1,12,128,89,0,0,2,5,1,1,2,0,1,0,1,100,2,0,4.0,696,108,6.444444444444445
0,72,144,0,1,0,1,5,1,0,0,0,0,0,1,0,3,0,4.0,96,18,5.333333333333333
1,2,104,82,2,4,5,5,2,1,1,0,2,0,5,30,2,0,5.0,64,9,7.111111111111111
0,3,144,0,0,2,0,0,1,1,0,0,2,0,1,0,0,0,1.0,103,19,5.421052631578948
0,12,22,0,0,1,0,0,2,0,2,2,1,0,1,0,2,0,2.0,342,64,5.34375
1,10,105,0,0,2,0,0,1,0,0,0,1,0,1,0,2,0,5.0,131,24,5.458333333333333
1,2,122,80,1,5,6,0,1,2,1,1,1,0,1,450,3,0,7.0,187,32,5.84375
1,3,107,0,1,1,3,4,1,1,1,1,1,0,1,0,1,0,2.0,90,15,6.0
0,13,144,0,0,0,0,0,0,2,0,1,1,0,1,220,12,0,6.0,139,23,6.043478260869565
0,3,144,120,0,0,6,0,1,0,1,1,1,0,1,0,12,0,2.0,183,31,5.903225806451613
1,2,133,0,2,2,5,5,0,1,1,1,1,0,7,0,2,0,5.0,171,29,5.896551724137931
0,2,144,0,1,0,4,5,1,0,0,0,1,0,3,0,7,0,13.0,64,9,7.111111111111111
1,2,105,0,1,0,4,5,0,0,1,1,1,0,1,0,2,2,5.0,313,59,5.305084745762712
0,6,144,114,0,0,0,0,1,0,1,1,1,0,1,0,12,0,3.0,640,117,5.47008547008547
0,3,144,0,1,4,6,0,1,1,1,1,1,0,1,0,3,0,3.0,556,105,5.295238095238095
1,24,105,0,2,0,2,5,1,0,1,1,1,0,3,0,12,0,1.0,80,15,5.333333333333333
0,1,144,0,1,0,6,0,1,1,0,0,1,0,1,0,2,0,1.0,46,7,6.571428571428571
1,12,105,0,1,1,6,0,1,0,0,0,0,0,1,0,2,0,4.0,657,122,5.385245901639344
0,1,144,0,1,1,0,0,1,0,0,0,1,0,3,0,2,0,7.0,793,138,5.746376811594203
1,36,105,0,0,0,1,0,2,0,0,0,0,0,1,0,12,0,1.0,460,91,5.054945054945055
1,2,105,113,0,0,6,0,0,0,1,1,1,0,1,0,2,0,5.0,741,122,6.073770491803279
0,5,144,0,1,1,5,0,1,1,2,0,1,0,1,0,4,0,3.0,168,34,4.9411764705882355
1,2,128,101,1,6,0,0,0,0,2,2,2,0,1,50,12,0,5.0,185,38,4.868421052631579
1,2,105,0,0,1,5,5,1,0,1,0,1,0,2,0,2,0,3.0,305,61,5.0
0,2,22,0,0,3,4,5,1,1,2,0,2,0,1,150,12,0,5.0,566,86,6.5813953488372094
1,1,104,0,2,0,1,5,0,0,1,1,1,0,3,0,12,0,4.0,191,37,5.162162162162162
0,2,144,0,1,4,6,0,1,1,1,0,1,0,1,0,3,0,3.0,182,26,7.0
1,8,135,0,1,2,0,0,0,1,1,1,1,0,1,150,2,0,5.0,426,84,5.071428571428571
1,4,105,0,2,0,1,5,1,1,1,1,1,0,2,0,2,0,1.0,250,48,5.208333333333333
1,12,105,0,0,0,4,4,1,0,1,0,1,0,2,0,2,0,4.0,176,34,5.176470588235294
0,3,22,114,1,4,0,0,1,0,0,0,0,0,2,0,2,0,5.0,210,38,5.526315789473684
1,1,104,82,0,2,6,0,1,1,1,1,1,0,1,50,2,0,10.0,905,170,5.323529411764706
0,24,144,114,0,0,0,0,1,1,2,2,2,0,1,0,2,0,1.0,546,108,5.055555555555555
0,1,144,0,1,6,0,0,0,0,1,1,1,0,1,0,2,0,1.0,143,24,5.958333333333333
0,1,144,0,1,0,1,3,1,1,1,1,1,0,1,0,12,0,4.0,69,15,4.6
1,3,0,82,2,0,3,5,0,0,1,0,1,0,3,0,12,0,11.0,116,23,5.043478260869565
0,2,144,0,2,6,0,0,1,0,1,1,1,0,2,0,3,1,2.0,291,53,5.490566037735849
1,2,104,82,0,0,0,0,2,1,1,1,1,0,1,15,2,0,2.0,136,27,5.037037037037037
0,2,155,0,2,0,2,0,1,0,0,0,1,0,2,0,2,0,4.0,297,58,5.120689655172414
0,0,144,0,1,1,0,0,1,0,0,0,1,0,1,0,2,0,1.0,405,74,5.472972972972973
1,1,104,0,2,1,2,4,0,1,1,1,1,0,4,0,2,0,8.0,404,77,5.246753246753247
1,4,105,0,0,0,5,0,3,1,1,1,1,0,1,0,12,0,6.0,1,1,1.0
0,2,144,0,2,0,1,3,1,0,0,0,0,0,2,200,2,0,7.0,1718,328,5.237804878048781
0,5,144,0,1,0,1,0,1,0,0,0,0,0,1,0,2,0,5.0,245,45,5.444444444444445
0,3,144,4,0,0,6,0,1,1,0,0,1,0,1,0,2,0,5.0,14,3,4.666666666666667
1,2,104,0,0,2,3,0,0,1,1,0,1,0,1,0,12,0,3.0,16,3,5.333333333333333
0,212,144,0,1,6,0,0,1,0,2,2,1,0,1,0,12,0,1.0,367,78,4.705128205128205
0,2,144,114,0,1,0,0,1,1,0,0,1,0,1,0,2,0,1.0,12,2,6.0
1,2,105,0,0,3,6,0,1,0,1,0,1,0,1,0,12,0,3.0,355,74,4.797297297297297
0,7,144,0,0,1,6,0,1,0,0,0,0,0,1,0,2,0,24.0,433,91,4.758241758241758
0,48,47,0,0,0,1,0,2,0,0,0,1,0,1,0,2,0,2.0,457,91,5.021978021978022
1,1,84,0,1,0,0,0,1,0,1,0,1,0,1,0,2,0,7.0,712,141,5.049645390070922
0,3,42,0,1,0,3,5,0,0,2,2,2,0,1,0,2,0,4.0,255,47,5.425531914893617
1,1,105,82,2,0,5,5,1,0,1,1,1,0,3,0,2,0,3.0,274,46,5.956521739130435
0,2,144,0,0,0,1,0,1,0,0,0,1,0,1,100,2,0,3.0,102,18,5.666666666666667
0,3,144,0,0,0,1,0,1,1,0,0,1,0,1,0,2,0,3.0,187,35,5.3428571428571425
0,24,144,0,1,1,0,0,1,0,0,0,0,0,1,250,2,0,2.0,232,46,5.043478260869565
1,48,135,0,1,6,0,0,1,0,2,2,0,0,1,0,7,0,2.0,187,36,5.194444444444445
0,1,144,0,0,0,1,0,1,1,1,1,1,0,1,0,3,0,1.0,118,20,5.9
0,60,36,0,0,1,4,0,0,2,0,0,1,0,1,0,2,0,3.0,230,50,4.6
0,3,144,0,1,0,1,5,0,0,2,2,2,0,1,0,2,0,3.0,351,61,5.754098360655738
0,24,47,0,0,0,1,0,2,0,1,0,0,0,1,800,2,0,7.0,490,95,5.157894736842105
1,3,104,0,0,2,0,0,1,1,1,1,1,0,4,0,7,0,1.0,35,7,5.0
0,12,165,130,0,0,6,0,1,0,1,1,1,0,2,100,2,1,5.0,919,169,5.437869822485207
1,5,105,0,0,0,0,0,1,0,0,0,1,0,1,0,12,0,5.0,298,60,4.966666666666667
1,2,105,0,1,0,4,5,0,0,1,0,1,0,1,0,12,0,5.0,242,44,5.5
1,1,104,0,0,0,5,0,1,1,1,1,1,0,1,0,2,0,4.0,301,61,4.934426229508197
1,2,105,0,1,0,1,5,0,0,1,0,1,0,1,0,2,1,7.0,181,36,5.027777777777778
0,48,54,0,0,0,1,5,1,1,0,0,0,0,1,500,12,0,0.0,264,53,4.981132075471698
0,4,22,114,0,4,0,0,1,0,1,0,0,0,1,50,2,0,3.0,183,34,5.382352941176471
1,9,105,82,0,0,6,0,1,0,0,0,0,0,1,0,2,0,2.0,67,14,4.785714285714286
1,12,105,0,1,1,3,3,1,0,1,0,0,0,1,0,2,0,1.0,302,44,6.863636363636363
1,2,103,81,0,0,1,4,1,1,1,0,1,0,1,50,2,0,8.0,790,149,5.302013422818792
1,10,126,0,1,0,5,5,0,0,2,0,1,0,3,50,12,0,3.0,340,62,5.483870967741935
1,1,107,0,2,0,5,5,1,0,1,1,1,0,3,0,2,0,1.0,336,61,5.508196721311475
1,5,104,0,1,2,0,0,1,1,1,0,1,0,1,0,0,0,2.0,26,4,6.5
0,2,144,0,1,1,6,0,1,0,1,0,1,0,1,0,2,0,1.0,207,38,5.447368421052632
1,2,122,80,1,5,0,0,0,2,2,0,2,0,1,0,2,0,5.0,222,34,6.529411764705882
1,9,103,0,0,0,6,0,1,2,1,0,1,1,1,0,12,0,2.0,1613,303,5.323432343234323
1,48,105,0,0,0,1,3,1,0,0,0,0,0,1,0,12,0,5.0,202,37,5.45945945945946
0,3,144,0,1,0,1,3,2,0,2,2,1,0,2,0,12,0,2.0,576,109,5.284403669724771
0,4,144,0,1,1,6,0,0,0,1,0,1,0,1,0,12,0,1.0,377,71,5.309859154929577
1,18,105,0,2,0,2,5,1,1,1,1,1,1,4,0,2,0,3.0,605,99,6.111111111111111
1,1,28,0,0,0,6,0,0,0,1,1,1,0,1,0,9,0,1.0,29,6,4.833333333333333
0,24,144,0,0,0,1,0,2,1,2,2,1,0,1,0,12,0,5.0,491,92,5.336956521739131
1,2,105,0,1,0,3,5,0,0,1,1,1,0,1,20,2,1,4.0,359,74,4.851351351351352
0,1,144,0,2,0,1,3,1,0,1,1,0,0,9,0,4,0,18.0,33,6,5.5
0,1,144,0,1,0,1,5,1,1,1,1,1,0,1,0,2,0,1.0,174,30,5.8
1,3,105,0,0,6,0,0,1,0,1,0,1,0,1,0,2,0,1.0,428,81,5.283950617283951
1,84,120,0,0,5,6,0,2,0,0,0,0,0,1,0,12,0,5.0,456,88,5.181818181818182
0,2,144,114,0,1,0,0,1,1,0,0,1,0,1,0,2,0,1.0,12,2,6.0
0,4,144,0,1,0,1,0,1,0,0,0,1,0,3,0,12,0,2.0,199,42,4.738095238095238
1,36,143,0,2,0,2,4,1,1,0,0,0,0,5,0,2,0,0.0,659,113,5.831858407079646
1,1,105,0,2,1,5,5,1,1,2,2,2,0,3,0,12,0,5.0,340,61,5.573770491803279
0,2,144,0,1,0,6,0,1,1,1,1,1,0,1,0,12,0,2.0,18,3,6.0
1,2,105,0,2,0,6,0,1,0,1,1,1,0,5,0,5,0,4.0,366,70,5.228571428571429
1,2,122,80,2,0,3,5,0,2,1,1,1,0,4,300,2,0,5.0,118,21,5.619047619047619
0,2,22,114,1,0,1,0,1,0,2,2,1,0,1,0,2,0,3.0,74,12,6.166666666666667
1,1,105,0,0,0,1,3,1,0,1,1,1,0,1,0,2,0,1.0,356,69,5.159420289855072
1,4,105,81,1,0,1,5,1,1,1,0,1,0,1,65,2,0,5.0,478,97,4.927835051546392
0,3,144,114,1,0,1,0,1,1,0,0,1,0,1,0,2,0,2.0,12,2,6.0
1,2,105,0,1,0,6,0,1,0,1,0,1,0,1,0,2,0,2.0,106,21,5.0476190476190474
1,5,105,0,2,0,6,0,0,0,0,0,0,0,2,0,12,0,0.0,26,5,5.2
0,1,144,0,1,0,1,5,0,0,2,2,1,0,1,0,1,0,3.0,24,3,8.0
1,5,105,0,2,0,3,5,1,0,0,0,0,0,2,0,2,0,3.0,719,135,5.325925925925926
0,12,147,114,1,0,6,0,1,1,0,0,0,0,1,30,4,1,10.0,1380,262,5.267175572519084
0,2,144,0,0,6,0,0,1,0,1,1,1,0,1,20,3,0,1.0,117,20,5.85
0,2,144,0,0,0,0,0,1,0,1,0,1,0,1,0,2,0,4.0,279,45,6.2
0,0,144,114,2,0,1,1,2,0,2,2,2,0,2,0,2,0,4.0,565,111,5.09009009009009
0,10,144,0,1,0,1,0,0,0,0,0,0,0,1,0,2,0,2.0,107,24,4.458333333333333
0,1,144,114,1,0,1,5,1,0,1,1,1,0,1,0,2,0,4.0,662,130,5.092307692307692
0,1,69,114,1,0,1,0,1,1,0,2,1,0,1,0,2,0,3.0,124,22,5.636363636363637
0,8,144,0,0,2,4,4,0,1,0,0,0,0,1,0,2,0,2.0,185,32,5.78125
1,10,105,0,1,3,6,0,1,0,0,0,1,0,1,0,2,0,5.0,346,70,4.942857142857143
0,24,60,0,1,0,1,5,0,2,0,0,1,0,1,1000,12,0,2.0,7,1,7.0
0,1,144,0,1,1,0,0,1,0,1,1,1,0,1,0,5,0,1.0,82,16,5.125
1,5,105,0,0,1,4,5,1,0,1,1,1,0,1,0,12,0,1.0,59,10,5.9
1,9,105,0,0,0,6,0,1,0,1,0,1,0,1,0,12,1,9.0,59,11,5.363636363636363
1,1,135,0,2,1,5,5,0,0,1,1,1,0,5,0,2,0,6.0,986,198,4.97979797979798
0,1,144,35,2,0,5,0,1,0,2,2,1,0,2,0,2,0,3.0,252,46,5.478260869565218
0,1,144,114,2,1,4,5,1,0,1,1,1,0,5,0,12,0,5.0,122,22,5.545454545454546
0,24,40,0,0,4,6,0,0,1,0,0,1,0,1,0,12,0,3.0,113,18,6.277777777777778
1,3,105,0,0,1,3,5,1,0,0,0,1,0,1,0,3,0,7.0,203,35,5.8
1,3,105,0,0,0,6,0,0,0,0,0,1,0,1,0,12,0,9.0,1315,243,5.411522633744856
0,24,144,114,2,1,6,0,1,0,2,2,2,0,2,0,3,0,3.0,522,96,5.4375
0,33,22,0,1,1,0,0,1,0,0,2,1,0,1,0,1,0,4.0,71,14,5.071428571428571
0,12,144,0,2,0,6,0,2,0,1,0,1,0,2,0,2,0,5.0,174,30,5.8
1,3,105,0,1,4,0,0,1,1,0,0,1,0,1,0,2,0,1.0,263,50,5.26
1,4,105,0,1,0,6,0,0,0,1,0,1,0,1,0,3,0,3.0,126,28,4.5
0,12,144,0,1,1,0,0,1,1,1,1,1,0,1,0,12,0,1.0,438,84,5.214285714285714
1,2,105,0,1,1,3,4,1,0,1,0,0,0,1,0,2,0,11.0,577,112,5.151785714285714
0,4,144,0,1,4,6,0,1,1,0,0,0,0,1,0,12,0,7.0,1077,210,5.128571428571429
1,3,104,0,1,2,6,0,1,1,1,1,1,0,1,0,12,0,3.0,19,3,6.333333333333333
1,1,84,0,0,0,1,5,0,0,1,1,1,0,1,0,9,0,1.0,22,3,7.333333333333333
0,12,5,114,1,0,0,0,2,1,0,0,1,0,1,0,2,0,2.0,23,4,5.75
0,48,159,0,1,1,2,0,0,2,0,2,2,1,1,0,12,0,3.0,219,37,5.918918918918919
1,3,105,0,1,0,0,0,1,0,1,0,1,0,1,0,2,0,5.0,372,66,5.636363636363637
0,12,144,114,1,1,0,0,1,1,0,0,0,0,1,0,2,0,1.0,12,2,6.0
1,3,135,0,0,0,5,0,1,0,1,0,1,0,1,0,2,0,4.0,119,21,5.666666666666667
0,2,144,0,1,1,0,0,1,0,1,0,1,0,1,0,2,0,4.0,908,188,4.829787234042553
0,48,65,114,0,4,0,0,1,1,0,0,0,0,1,0,12,0,3.0,1029,189,5.444444444444445
0,24,144,0,1,1,0,0,1,1,0,0,0,0,1,0,12,0,2.0,522,91,5.736263736263736
0,2,144,0,0,1,6,0,1,0,0,0,1,0,1,0,2,0,3.0,68,11,6.181818181818182
0,2,144,0,1,1,0,0,1,1,2,2,2,0,1,0,0,0,1.0,54,9,6.0
1,4,105,0,2,0,5,5,0,0,1,1,1,0,3,0,12,0,1.0,84,17,4.9411764705882355
1,2,105,0,2,0,1,1,0,0,0,0,0,0,5,100,2,0,24.0,2637,447,5.899328859060403
0,2,144,0,0,0,6,0,1,0,1,1,1,0,1,1,7,0,9.0,16,3,5.333333333333333
1,10,105,72,0,0,6,0,2,0,2,2,2,0,1,0,12,0,3.0,542,109,4.972477064220183
1,3,105,0,2,3,0,0,1,0,1,1,2,0,2,0,2,0,1.0,378,75,5.04
0,6,99,114,0,0,1,5,1,1,0,0,1,0,1,0,4,0,4.0,516,93,5.548387096774194
1,3,88,63,0,3,6,0,0,1,2,2,2,0,1,200,12,0,4.0,159,27,5.888888888888889
1,2,84,0,1,0,3,5,1,0,1,1,1,0,1,20,2,0,1.0,443,89,4.977528089887641
0,2,60,0,1,4,6,0,0,2,0,0,0,0,1,0,2,0,7.0,385,71,5.422535211267606
1,1,105,0,2,0,3,5,1,0,1,1,1,0,2,0,12,0,3.0,348,64,5.4375
1,4,105,81,1,4,5,5,1,0,0,0,1,0,1,120,2,0,7.0,307,49,6.26530612244898
1,5,104,81,2,0,1,5,1,1,0,0,1,0,2,0,2,0,5.0,342,63,5.428571428571429
0,12,144,114,1,0,4,5,2,0,0,0,0,0,1,0,2,0,1.0,72,13,5.538461538461538
1,1,105,0,1,1,4,5,0,0,1,1,1,0,1,0,7,0,4.0,88,16,5.5
1,0,105,81,0,0,0,0,1,0,1,1,1,0,1,0,2,1,10.0,1152,213,5.408450704225352
0,41,169,0,1,1,0,0,1,1,0,0,1,0,1,200,2,0,3.0,402,77,5.220779220779221
1,2,105,0,1,0,1,0,0,0,1,0,1,0,1,0,2,0,6.0,327,62,5.274193548387097
0,2,144,0,1,2,6,0,1,0,1,1,1,0,1,20,3,0,1.0,122,21,5.809523809523809
1,2,105,0,2,0,2,5,1,0,1,1,1,0,4,0,2,0,2.0,216,39,5.538461538461538
1,2,135,0,0,1,3,4,1,0,1,0,1,0,1,0,12,0,2.0,454,87,5.218390804597701
1,2,105,82,2,4,5,5,0,0,1,1,1,0,2,0,2,0,13.0,191,34,5.617647058823529
0,1,144,0,1,1,0,0,1,1,1,0,1,0,1,0,12,0,16.0,106,21,5.0476190476190474
0,1,144,0,0,1,0,0,0,0,1,1,1,0,1,0,2,0,6.0,480,98,4.8979591836734695
1,1,103,81,1,0,2,5,1,1,1,1,1,0,1,50,2,0,5.0,732,131,5.587786259541985
0,1,144,0,2,0,1,0,1,1,1,1,1,1,2,0,4,0,6.0,128,21,6.095238095238095
1,2,135,0,1,0,6,0,1,0,1,1,1,0,1,0,2,0,5.0,106,20,5.3
1,1,104,0,2,3,5,5,1,1,1,1,1,0,3,0,12,0,5.0,362,73,4.958904109589041
1,1,105,0,2,1,4,5,0,0,1,1,1,0,4,0,3,0,5.0,29,6,4.833333333333333
0,2,144,114,0,0,1,0,1,0,0,1,1,0,1,0,7,0,1.0,202,35,5.771428571428571
1,36,126,80,2,5,0,0,1,2,0,0,1,0,5,0,2,0,5.0,289,53,5.452830188679245
1,2,105,0,1,0,1,5,0,1,1,1,1,0,1,0,2,0,1.0,106,20,5.3
0,24,22,0,0,0,6,0,2,1,0,0,1,0,1,0,2,0,2.0,259,53,4.886792452830188
0,1,144,0,2,1,6,0,0,0,1,1,1,0,3,0,7,0,4.0,403,75,5.373333333333333
0,3,144,0,1,0,1,0,1,1,0,0,0,0,1,0,2,0,3.0,519,108,4.805555555555555
1,4,128,0,1,1,6,0,0,0,0,0,1,0,1,400,12,0,4.0,682,127,5.3700787401574805
0,24,144,0,0,1,6,0,1,0,0,0,1,0,1,0,12,0,1.0,229,38,6.026315789473684
1,24,105,0,0,2,3,0,0,0,2,0,1,1,1,150,2,0,2.0,627,114,5.5
1,1,105,0,0,0,6,0,1,0,1,0,1,0,1,0,12,0,2.0,295,55,5.363636363636363
1,1,105,106,2,0,1,4,1,0,1,0,1,0,3,0,12,0,26.0,733,121,6.0578512396694215
0,24,144,0,1,1,6,0,1,0,1,1,1,0,1,0,2,0,3.0,258,47,5.48936170212766
1,9,84,0,0,3,6,0,0,1,1,1,1,0,1,0,2,0,3.0,272,46,5.913043478260869
1,0,105,0,0,0,6,0,0,0,2,2,1,0,1,0,1,0,4.0,249,41,6.073170731707317
1,3,105,0,0,1,5,5,1,0,2,2,2,0,1,0,12,0,0.0,227,48,4.729166666666667
1,1,105,0,0,0,4,4,0,0,1,1,1,0,1,0,12,0,5.0,592,110,5.381818181818182
1,2,105,0,2,3,4,5,0,0,0,0,1,0,4,0,12,0,1.0,382,74,5.162162162162162
0,1,144,114,2,0,1,5,1,1,1,1,2,0,7,0,2,0,8.0,132,26,5.076923076923077
1,3,104,0,0,5,0,0,0,1,1,1,1,0,1,0,12,0,1.0,383,66,5.803030303030303
1,7,104,0,1,0,3,5,1,1,0,0,1,0,1,0,2,0,3.0,155,23,6.739130434782608
1,3,105,0,0,3,0,0,0,0,1,1,1,0,1,0,12,2,7.0,243,46,5.282608695652174
1,2,104,0,1,6,0,0,1,1,1,1,1,0,1,0,2,0,1.0,431,85,5.070588235294117
0,1,144,0,0,6,0,0,1,0,1,1,1,0,1,0,2,0,2.0,491,96,5.114583333333333
1,3,96,0,1,0,3,5,0,1,1,0,1,0,1,50,2,0,5.0,377,73,5.164383561643835
0,2,144,0,0,1,6,0,1,0,0,0,1,0,5,50,2,0,1.0,289,58,4.982758620689655
0,17,33,114,1,0,1,0,1,1,0,0,2,0,1,100,3,0,1.0,260,55,4.7272727272727275
1,0,105,0,1,2,4,5,1,0,1,0,1,0,1,0,2,0,1.0,562,110,5.109090909090909
0,7,41,54,1,4,6,0,1,1,0,0,0,0,1,200,2,0,6.0,1062,203,5.231527093596059
0,8,60,54,1,0,6,0,0,2,1,1,0,0,1,0,2,0,11.0,225,42,5.357142857142857
1,2,82,0,1,0,1,5,1,1,1,1,2,1,1,0,7,0,1.0,169,30,5.633333333333334
0,15,51,39,1,0,0,0,0,0,0,0,1,0,1,0,4,0,0.0,57,10,5.7
1,3,105,0,0,1,6,0,1,0,0,0,1,0,1,0,12,0,10.0,947,175,5.411428571428571
0,3,144,0,1,0,1,5,1,1,1,1,1,0,1,150,3,0,3.0,69,13,5.3076923076923075
0,18,144,0,1,3,4,0,1,0,0,0,0,0,1,0,2,0,2.0,135,28,4.821428571428571
0,4,144,0,0,6,0,0,1,0,0,0,1,0,1,0,12,0,1.0,36,6,6.0
1,1,104,0,2,0,3,5,1,0,1,1,1,0,5,0,7,0,3.0,266,49,5.428571428571429
0,48,144,0,1,1,0,0,1,1,0,0,0,0,1,0,0,0,2.0,109,20,5.45
1,2,105,0,0,0,1,0,0,0,1,1,1,0,1,100,2,0,4.0,309,56,5.517857142857143
0,60,144,0,0,0,4,5,2,2,2,2,2,0,1,0,2,0,1.0,270,52,5.1923076923076925
0,2,144,0,0,0,1,5,1,0,1,1,1,0,1,0,2,0,4.0,377,75,5.026666666666666
1,5,105,96,2,0,1,0,0,0,0,0,0,0,2,0,12,0,1.0,151,28,5.392857142857143
0,36,22,0,1,0,0,0,2,1,2,2,0,0,1,0,2,0,5.0,441,65,6.7846153846153845
0,7,144,0,0,0,1,5,1,1,0,0,1,0,1,0,7,0,0.0,497,96,5.177083333333333
0,1,144,9,1,0,1,0,1,0,0,0,0,0,1,0,2,0,14.0,430,80,5.375
1,2,104,0,1,5,0,0,1,0,1,1,1,0,1,0,2,0,5.0,56,11,5.090909090909091
0,1,144,0,1,4,0,0,1,0,1,0,1,1,1,0,2,1,7.0,999,193,5.176165803108808
0,4,144,0,1,1,0,0,1,0,0,0,1,0,1,0,12,0,10.0,332,58,5.724137931034483
0,2,144,0,2,0,1,0,1,0,1,0,1,0,5,0,2,0,1.0,194,37,5.243243243243243
0,5,144,114,2,0,4,5,1,0,0,0,1,0,2,0,2,0,5.0,440,85,5.176470588235294
0,18,69,114,0,4,6,0,1,1,0,0,1,1,1,0,2,0,3.0,256,44,5.818181818181818
0,2,144,0,0,0,1,0,1,0,1,1,1,0,1,0,12,0,4.0,73,13,5.615384615384615
0,4,144,114,1,1,0,0,1,1,0,0,1,0,1,0,2,0,4.0,12,2,6.0
1,2,105,0,0,2,6,0,1,1,1,0,1,0,1,0,6,0,5.0,90,15,6.0
1,6,105,0,2,2,3,5,1,0,1,1,1,0,3,0,2,0,6.0,202,36,5.611111111111111
0,2,144,0,1,0,1,5,1,1,0,0,1,0,1,0,2,0,1.0,100,18,5.555555555555555
1,15,105,0,0,0,1,0,1,0,1,1,1,0,1,0,2,0,3.0,178,35,5.085714285714285
0,2,144,114,2,0,1,5,1,0,1,1,1,0,4,0,2,0,4.0,150,28,5.357142857142857
1,1,105,81,2,0,5,5,1,0,1,1,1,0,5,0,2,0,6.0,1606,295,5.444067796610169
0,1,144,0,0,1,6,0,1,0,1,1,1,0,2,0,12,0,1.0,129,22,5.863636363636363
0,2,144,41,0,0,1,5,1,0,1,0,1,0,1,0,2,0,1.0,247,44,5.613636363636363
1,4,105,0,0,0,5,0,1,0,2,2,2,0,1,0,3,0,5.0,600,128,4.6875
1,36,105,0,0,2,6,0,1,0,0,0,0,0,1,250,2,0,5.0,871,157,5.547770700636943
1,0,105,0,1,0,0,0,0,0,1,1,1,0,1,0,2,2,4.0,302,57,5.298245614035087
0,24,144,0,1,0,6,0,1,0,1,1,1,0,1,0,1,0,2.0,84,16,5.25
0,1,144,0,0,1,0,0,1,0,1,1,1,0,1,0,0,0,4.0,1091,214,5.098130841121495
1,3,104,0,1,3,4,5,1,0,2,2,1,0,1,0,12,0,1.0,231,43,5.372093023255814
0,18,144,0,1,1,6,0,1,0,2,2,2,0,1,0,2,0,2.0,1701,333,5.108108108108108
0,1,144,0,1,1,6,0,1,1,0,0,1,0,1,0,2,0,4.0,248,41,6.048780487804878
0,2,144,0,1,1,0,0,1,0,0,0,1,0,1,0,4,0,3.0,366,73,5.013698630136986
0,1,144,114,1,0,1,0,1,0,1,0,1,0,2,0,12,0,26.0,543,99,5.484848484848484
0,2,144,114,1,0,6,0,1,1,1,0,1,0,1,0,2,0,4.0,12,2,6.0
1,2,105,0,1,2,0,0,1,0,1,0,0,0,1,0,2,0,6.0,689,131,5.259541984732825
1,2,104,0,1,0,1,2,1,1,1,0,1,1,1,0,2,0,2.0,937,171,5.47953216374269
0,3,144,0,1,0,0,0,1,0,1,1,1,0,2,0,2,0,11.0,1120,198,5.656565656565657
0,1,144,114,1,0,1,0,1,1,1,0,1,0,1,0,2,0,1.0,14,3,4.666666666666667
0,120,41,0,1,4,0,0,0,2,0,0,1,0,1,180,2,0,3.0,88,16,5.5
0,12,144,0,1,2,3,0,1,1,1,0,1,0,1,0,4,0,3.0,151,31,4.870967741935484
0,6,8,114,0,1,0,0,1,1,2,2,2,0,1,0,2,0,4.0,205,35,5.857142857142857
1,2,105,106,1,1,0,0,1,0,1,1,1,1,1,15,2,0,1.0,211,44,4.795454545454546
1,9,105,82,1,1,3,4,1,0,1,1,1,0,2,0,2,0,8.0,242,53,4.566037735849057
1,4,105,81,0,0,0,0,1,0,2,2,1,0,1,0,2,0,5.0,483,82,5.890243902439025
1,3,88,101,0,5,0,0,1,0,1,0,1,0,1,150,2,0,1.0,30,5,6.0
0,36,144,0,1,1,0,0,1,0,0,1,0,0,1,0,2,0,2.0,318,62,5.129032258064516
0,84,144,114,1,4,6,0,1,1,0,0,2,0,1,0,12,0,4.0,301,57,5.280701754385965
1,2,105,0,1,0,3,5,0,0,1,0,1,0,1,0,12,0,7.0,302,53,5.69811320754717
0,10,144,0,0,0,1,0,1,0,0,0,0,0,1,0,2,0,5.0,422,80,5.275
1,1,105,0,0,3,6,0,1,0,1,0,1,0,1,0,2,0,3.0,54,9,6.0
1,2,105,82,2,0,3,5,0,0,1,0,1,0,5,0,5,0,7.0,274,47,5.829787234042553
0,60,43,0,0,0,4,0,1,0,0,0,0,0,1,0,2,0,3.0,485,88,5.511363636363637
1,2,84,63,1,0,6,0,0,1,1,1,1,0,1,0,12,0,0.0,111,22,5.045454545454546
1,2,105,0,0,2,0,0,1,0,1,1,1,0,1,0,2,0,2.0,24,6,4.0
0,2,53,114,1,0,1,3,1,1,0,0,2,0,2,0,3,0,1.0,502,94,5.340425531914893
1,2,105,0,1,1,2,2,1,0,1,1,1,0,1,0,2,0,5.0,101,19,5.315789473684211
0,2,144,0,0,1,6,0,1,0,1,1,1,0,1,0,2,0,1.0,168,31,5.419354838709677
1,1,105,0,1,0,6,0,1,0,1,0,1,0,1,0,2,1,8.0,699,137,5.102189781021898
1,1,105,0,1,0,1,0,0,0,1,1,1,0,1,0,1,0,1.0,228,38,6.0
0,5,144,0,1,0,1,0,1,1,0,0,0,0,1,0,12,0,3.0,1369,257,5.326848249027237
0,4,144,114,2,0,1,5,1,0,2,2,2,0,4,0,2,0,4.0,109,22,4.954545454545454
0,2,144,0,1,1,3,0,0,0,0,0,0,0,1,0,12,0,10.0,8,2,4.0
1,7,104,0,1,6,0,0,1,1,0,0,1,0,1,100,2,0,3.0,159,32,4.96875
0,1,144,114,2,1,4,5,1,1,1,1,0,0,5,0,2,0,12.0,152,29,5.241379310344827
0,4,144,0,0,0,1,3,1,1,1,0,1,1,1,0,2,0,5.0,393,76,5.171052631578948
0,41,5,0,1,0,1,0,1,1,0,0,0,0,1,0,2,0,1.0,16,3,5.333333333333333
1,7,137,0,1,0,2,3,0,1,1,1,1,0,1,0,4,0,3.0,299,59,5.067796610169491
0,3,144,0,0,1,0,0,1,0,0,0,1,0,1,0,7,1,7.0,410,77,5.324675324675325
0,24,60,0,0,1,6,0,0,1,0,1,1,0,1,100,2,0,3.0,125,22,5.681818181818182
0,30,147,16,1,0,6,0,1,0,0,0,0,0,1,0,2,0,3.0,1574,290,5.427586206896552
0,24,144,0,0,0,1,5,1,1,0,0,1,0,1,100,7,0,2.0,2167,383,5.657963446475196
1,8,105,0,1,0,2,5,1,0,1,1,1,0,1,10,10,0,4.0,377,61,6.180327868852459
0,2,144,114,1,0,0,0,1,1,1,1,1,0,1,0,2,0,1.0,189,36,5.25
1,6,105,0,0,0,5,0,1,0,0,0,0,1,1,0,2,0,8.0,603,114,5.2894736842105265
0,2,22,114,0,1,2,0,2,1,0,0,1,0,1,0,2,0,5.0,60,10,6.0
0,2,144,0,0,1,4,4,1,2,0,0,1,0,1,0,2,0,1.0,345,49,7.040816326530612
1,3,128,0,1,0,5,0,1,1,0,0,1,0,1,150,12,0,6.0,208,42,4.9523809523809526
0,96,10,0,1,0,1,3,2,0,2,2,2,0,1,0,7,0,2.0,100,17,5.882352941176471
0,36,144,0,1,4,0,0,2,0,0,0,2,0,1,100,3,0,1.0,105,22,4.7727272727272725
0,2,144,114,2,1,6,0,1,0,1,1,1,0,9,0,3,0,3.0,166,31,5.354838709677419
0,2,144,16,2,1,6,0,1,0,2,2,2,0,2,0,2,0,2.0,83,15,5.533333333333333
1,32,88,94,0,0,1,5,1,1,2,2,2,0,1,0,12,0,1.0,434,83,5.228915662650603
0,1,22,114,1,1,0,0,1,0,2,2,1,0,1,0,2,0,1.0,115,19,6.052631578947368
1,36,105,0,1,1,4,0,1,0,0,0,0,0,1,100,12,0,3.0,1172,211,5.5545023696682465
0,4,144,0,1,3,0,0,1,0,2,0,2,0,1,0,5,0,1.0,102,20,5.1
0,10,144,0,1,1,0,0,1,0,0,0,0,0,1,0,2,0,8.0,345,63,5.476190476190476
1,2,143,81,0,0,6,0,2,1,1,0,2,0,1,0,2,0,3.0,399,67,5.955223880597015
1,4,122,82,0,3,0,0,1,0,1,1,1,0,1,100,2,0,6.0,111,18,6.166666666666667
0,36,17,0,0,1,6,0,0,0,0,0,0,0,1,350,7,0,8.0,1916,356,5.382022471910112
1,1,105,82,2,1,4,5,0,0,1,0,1,0,3,0,2,0,3.0,824,157,5.248407643312102
1,2,128,101,2,0,6,0,1,1,1,1,1,0,2,0,2,0,5.0,471,79,5.962025316455696
0,12,144,0,0,0,1,0,2,0,2,2,1,0,1,0,6,0,3.0,155,26,5.961538461538462
1,3,122,93,1,6,0,0,0,2,1,1,1,0,1,200,0,0,4.0,266,49,5.428571428571429
0,2,144,0,1,0,1,0,1,0,2,2,1,0,1,0,2,0,1.0,98,17,5.764705882352941
1,2,104,0,1,0,5,5,1,1,1,1,1,0,3,0,5,0,5.0,317,62,5.112903225806452
0,12,144,0,1,0,5,5,1,1,1,1,1,0,1,0,2,0,2.0,145,32,4.53125
0,96,60,0,1,1,3,3,0,2,0,0,0,0,1,150,12,0,4.0,509,93,5.473118279569892
1,4,105,0,1,2,6,0,0,1,1,1,1,0,1,0,2,0,5.0,280,45,6.222222222222222
0,1,144,0,1,0,1,0,1,0,1,1,1,0,4,0,4,0,5.0,161,26,6.1923076923076925
1,2,105,0,1,0,6,0,0,0,1,1,1,0,1,0,12,0,3.0,16,4,4.0
0,12,69,114,0,0,0,0,1,1,2,2,2,0,1,0,12,0,3.0,1199,235,5.102127659574468
0,4,144,0,1,0,1,0,1,1,0,0,1,0,1,0,2,0,4.0,220,42,5.238095238095238
1,3,105,0,1,5,6,0,0,0,1,0,1,1,1,0,2,0,8.0,218,45,4.844444444444444
1,8,104,0,0,4,5,5,2,1,1,0,1,0,1,0,2,0,1.0,195,33,5.909090909090909
1,14,104,0,0,0,3,5,1,1,0,0,1,0,2,0,2,0,7.0,242,38,6.368421052631579
1,2,105,0,1,3,0,0,2,0,1,0,1,0,1,0,2,0,2.0,348,70,4.9714285714285715
1,36,105,73,1,0,3,5,1,0,0,0,0,0,1,0,2,0,4.0,1237,225,5.497777777777777
1,2,104,0,1,6,0,0,0,1,2,2,2,0,1,0,12,0,4.0,36,5,7.2
0,1,144,0,2,1,0,0,1,1,1,0,1,0,2,0,12,0,3.0,172,33,5.212121212121212
0,12,169,0,1,1,2,0,0,1,0,0,0,0,1,0,12,0,4.0,488,95,5.136842105263158
1,3,105,0,0,5,6,0,1,0,1,0,1,0,1,0,2,0,2.0,326,66,4.9393939393939394
0,36,144,0,1,0,1,0,1,0,1,1,0,0,1,0,2,0,3.0,3,1,3.0
1,3,135,0,1,0,1,5,0,0,0,0,1,0,1,0,12,0,3.0,499,97,5.144329896907217
0,12,164,114,1,2,3,0,0,0,2,2,2,0,1,0,12,0,5.0,405,79,5.1265822784810124
0,72,41,0,1,4,0,0,0,0,1,1,1,0,1,200,2,0,1.0,177,33,5.363636363636363
0,60,30,0,0,1,0,0,0,0,0,0,1,0,1,0,12,0,2.0,796,149,5.342281879194631
0,3,69,39,1,0,5,0,1,1,0,0,0,0,1,300,12,0,9.0,299,43,6.953488372093023
0,24,54,0,1,0,1,5,1,0,2,2,1,0,1,0,12,0,1.0,736,145,5.075862068965518
0,3,144,0,0,0,1,5,0,0,1,1,1,1,9,0,2,0,9.0,812,160,5.075
0,2,144,0,1,0,1,5,1,1,1,0,1,0,1,100,2,0,3.0,42,6,7.0
0,24,144,0,1,0,1,0,1,0,0,0,0,0,1,0,12,0,8.0,99,18,5.5
1,2,121,0,0,2,4,0,1,1,0,0,1,0,1,0,2,0,17.0,417,75,5.56
1,2,105,0,1,0,3,5,0,0,1,1,1,0,1,0,2,0,11.0,332,62,5.354838709677419
1,1,104,0,0,3,4,0,1,1,1,1,1,0,1,0,2,0,9.0,229,50,4.58
1,3,104,0,2,0,1,5,1,1,2,2,2,0,4,0,12,0,4.0,60,10,6.0
0,4,144,0,1,2,4,0,1,0,0,0,0,0,1,5,12,0,5.0,399,82,4.865853658536586
1,4,105,0,0,0,0,0,1,1,1,1,1,0,1,0,2,0,1.0,62,10,6.2
1,19,122,0,0,0,6,0,1,2,0,0,0,0,1,0,2,0,0.0,83,19,4.368421052631579
1,3,105,0,1,0,6,0,0,1,1,0,1,0,1,0,12,0,29.0,118,18,6.555555555555555
1,4,105,0,2,3,5,5,1,1,0,0,1,0,2,0,2,0,4.0,198,38,5.2105263157894735
1,12,105,0,1,1,4,0,1,0,1,1,1,0,1,0,12,0,3.0,344,59,5.830508474576271
1,24,105,0,2,0,3,5,1,0,1,1,1,0,4,0,2,0,4.0,108,18,6.0
0,12,144,0,0,1,6,0,0,0,2,2,2,0,1,0,3,0,1.0,155,31,5.0
0,8,144,0,0,3,4,0,2,0,0,0,0,0,1,80,2,0,2.0,250,50,5.0
1,1,105,0,0,5,6,0,1,0,1,1,1,0,1,15,2,0,6.0,101,20,5.05
1,4,105,0,1,3,6,0,1,1,0,0,1,0,1,250,7,0,7.0,1751,301,5.8172757475083055
1,3,105,0,0,0,0,0,0,0,1,0,1,0,1,0,2,0,1.0,484,97,4.989690721649485
1,3,105,96,2,0,1,5,0,1,1,0,1,0,5,0,12,0,5.0,191,34,5.617647058823529
1,2,143,82,1,0,6,0,0,0,1,0,1,0,1,0,12,0,2.0,274,53,5.169811320754717
0,36,144,0,0,2,3,3,1,1,1,1,1,0,1,0,2,0,1.0,87,17,5.117647058823529
0,1,161,114,1,0,4,0,1,0,1,1,1,0,1,0,2,0,5.0,359,64,5.609375
0,6,144,114,1,0,1,0,2,0,0,0,1,0,1,50,5,0,3.0,284,53,5.3584905660377355
0,1,144,0,2,0,1,0,0,0,1,1,1,0,7,0,5,0,5.0,286,54,5.296296296296297
1,1,104,0,1,1,4,0,0,0,0,0,1,0,1,0,2,0,3.0,296,61,4.852459016393443
1,16,103,81,0,6,0,0,2,1,1,0,0,0,2,150,11,0,3.0,189,36,5.25
0,24,144,0,0,4,0,0,0,0,2,2,0,0,1,0,12,0,1.0,127,27,4.703703703703703
0,3,144,114,0,0,0,0,1,0,1,0,1,0,1,0,7,0,5.0,91,16,5.6875
1,12,135,0,2,0,2,5,1,0,2,2,1,0,4,0,2,0,1.0,873,177,4.932203389830509
0,48,144,114,1,0,0,0,1,0,1,1,1,0,1,0,12,0,4.0,859,136,6.3161764705882355
0,1,144,114,2,0,1,5,1,1,1,1,1,0,3,0,12,0,0.0,216,43,5.023255813953488
1,15,104,0,1,2,6,0,1,1,0,2,2,0,1,1,12,0,1.0,13,2,6.5
1,1,104,0,1,0,5,5,1,1,1,1,1,0,1,0,2,0,1.0,154,30,5.133333333333334
1,3,105,0,0,4,6,0,1,0,1,1,1,0,1,0,2,0,3.0,110,17,6.470588235294118
0,2,41,54,1,1,6,0,1,1,1,1,1,0,1,0,2,0,4.0,383,81,4.728395061728395
1,2,104,0,1,0,6,0,0,1,1,0,1,0,1,0,12,0,1.0,20,5,4.0
1,2,105,0,0,6,0,0,1,1,0,0,1,0,1,0,2,0,1.0,204,36,5.666666666666667
0,2,79,114,0,1,0,0,1,0,2,2,1,0,1,0,2,0,2.0,88,16,5.5
0,12,144,114,1,1,6,0,1,1,0,1,0,1,1,0,12,0,2.0,85,15,5.666666666666667
0,24,13,0,0,5,6,0,2,1,0,0,0,0,1,500,2,0,4.0,444,79,5.620253164556962
0,6,144,0,1,0,0,0,1,0,0,0,1,0,1,0,12,0,2.0,39,8,4.875
0,2,144,0,1,0,0,0,0,1,0,0,1,0,1,0,4,0,4.0,136,27,5.037037037037037
1,18,135,0,0,5,0,0,1,0,1,1,1,0,1,50,2,0,3.0,137,26,5.269230769230769
1,4,128,0,1,1,6,0,0,0,1,1,1,0,1,0,12,0,2.0,252,49,5.142857142857143
0,72,144,16,0,2,3,5,1,1,2,2,2,0,1,0,2,0,2.0,767,146,5.2534246575342465
1,2,105,0,2,0,0,0,1,0,1,1,1,0,2,0,12,0,3.0,99,18,5.5
0,6,144,0,0,6,0,0,1,1,0,0,0,0,1,0,2,0,4.0,705,137,5.145985401459854
0,36,74,114,1,6,0,0,0,2,2,2,0,0,1,200,7,0,3.0,295,46,6.413043478260869
0,2,144,0,1,1,6,0,1,0,1,1,1,0,1,0,2,0,1.0,181,37,4.891891891891892
1,2,105,0,0,0,0,0,0,0,2,2,2,0,1,0,12,0,3.0,42,7,6.0
1,2,105,0,1,0,5,5,1,0,0,0,1,0,2,0,12,0,2.0,16,3,5.333333333333333
0,12,166,16,0,0,1,0,1,0,0,0,2,0,2,0,3,0,2.0,307,60,5.116666666666666
1,19,105,82,0,5,0,0,1,0,0,0,0,0,2,0,2,0,4.0,123,7,17.571428571428573
0,36,54,0,0,0,1,5,1,0,0,0,1,0,1,550,12,0,3.0,390,78,5.0
1,5,130,0,1,0,3,5,0,0,0,0,0,0,1,0,2,0,3.0,215,43,5.0
1,12,105,106,1,0,1,0,0,0,0,0,0,0,1,0,2,0,5.0,1199,243,4.934156378600823
1,29,135,0,0,0,5,5,1,0,0,0,0,0,1,0,12,0,3.0,211,39,5.410256410256411
0,3,4,114,1,0,1,0,1,1,1,1,1,0,1,0,12,0,2.0,136,28,4.857142857142857
1,1,135,106,1,0,1,5,1,0,1,1,1,0,1,0,2,0,3.0,206,38,5.421052631578948
0,6,41,0,1,1,4,0,1,0,0,0,1,0,1,0,2,1,5.0,153,29,5.275862068965517
0,12,41,0,0,4,0,0,0,1,2,2,1,0,1,0,2,0,2.0,889,163,5.45398773006135
1,5,105,110,1,0,2,3,1,0,1,0,1,0,1,0,12,0,15.0,78,11,7.090909090909091
0,1,144,114,1,1,6,0,1,1,1,0,1,0,1,0,2,0,1.0,14,3,4.666666666666667
1,12,103,0,1,6,0,0,1,2,0,0,1,0,1,200,2,0,6.0,56,10,5.6
0,3,144,0,0,1,0,0,1,0,1,1,1,0,1,0,12,0,2.0,112,21,5.333333333333333
0,3,144,0,1,1,0,0,1,1,0,0,1,0,1,0,2,0,2.0,39,6,6.5
0,24,144,114,0,1,0,0,1,0,0,0,0,0,1,0,2,2,5.0,1213,236,5.139830508474576
1,5,105,0,0,0,5,0,1,0,1,0,1,0,2,0,2,0,17.0,774,127,6.094488188976378
0,12,144,54,1,0,5,0,1,1,0,0,0,0,1,0,0,0,2.0,533,98,5.438775510204081
1,3,105,0,0,0,5,5,0,0,1,1,1,0,1,0,12,0,2.0,27,6,4.5
0,2,144,33,0,0,6,0,1,1,1,1,1,0,1,0,12,0,3.0,104,19,5.473684210526316
0,2,144,0,2,0,1,3,0,1,1,1,1,0,7,0,12,0,5.0,45,8,5.625
1,3,96,0,1,0,3,5,1,1,1,0,1,0,1,80,12,0,5.0,799,156,5.121794871794871
1,4,135,0,0,3,6,0,1,0,0,0,2,0,1,0,2,0,2.0,55,8,6.875
0,2,144,0,1,1,6,0,2,0,0,0,0,0,1,0,2,0,1.0,354,69,5.130434782608695
0,2,144,0,1,1,4,0,1,0,1,1,1,0,1,0,2,0,2.0,446,80,5.575
1,3,105,0,1,0,6,0,2,0,1,1,1,0,1,0,12,0,4.0,248,45,5.511111111111111
1,12,104,0,0,0,0,0,1,1,1,1,1,0,1,0,2,0,1.0,384,72,5.333333333333333
1,2,105,0,0,1,6,0,1,0,1,1,1,0,1,0,2,0,1.0,720,128,5.625
1,2,104,0,2,0,1,2,1,1,1,1,1,0,4,150,2,0,5.0,84,14,6.0
0,2,144,0,1,1,6,0,1,0,1,1,1,0,1,0,2,0,2.0,442,79,5.594936708860759
1,3,104,0,2,0,3,4,0,1,1,1,1,0,2,0,12,0,6.0,520,99,5.252525252525253
0,2,144,114,1,0,1,0,1,1,0,0,1,0,1,0,2,0,3.0,12,2,6.0
0,2,144,0,0,0,1,0,1,1,1,1,1,0,5,0,12,0,3.0,378,74,5.108108108108108
1,4,105,0,1,0,1,0,1,1,1,0,1,0,1,0,2,0,2.0,585,103,5.679611650485437
1,1,105,0,0,0,5,5,1,0,2,2,2,0,1,0,2,0,4.0,339,68,4.985294117647059
0,3,144,0,0,1,0,0,1,1,2,0,2,0,1,0,12,0,7.0,187,35,5.3428571428571425
1,1,105,0,0,0,5,0,1,0,1,1,1,0,1,0,2,0,2.0,149,27,5.518518518518518
1,4,140,81,1,1,4,4,1,1,0,0,1,0,1,0,2,1,7.0,267,50,5.34
1,2,128,72,0,1,4,5,0,0,1,1,1,0,1,0,12,0,3.0,266,51,5.215686274509804
1,2,105,0,2,2,6,0,1,0,1,1,1,0,2,30,2,0,2.0,340,59,5.762711864406779
0,2,144,114,0,1,2,3,1,1,1,1,1,0,1,0,2,0,1.0,305,57,5.350877192982456
0,4,144,0,1,0,1,0,1,0,1,1,2,0,1,0,2,0,2.0,288,59,4.88135593220339
0,36,173,54,2,0,1,5,1,0,0,0,0,0,2,0,2,0,5.0,650,120,5.416666666666667
1,4,105,61,0,0,0,0,1,0,0,0,1,0,1,0,12,0,2.0,229,44,5.204545454545454
0,5,144,0,1,0,0,0,0,0,1,1,1,0,1,0,2,0,5.0,211,39,5.410256410256411
0,24,144,0,1,0,1,0,1,1,0,0,0,0,1,0,12,0,1.0,587,105,5.59047619047619
1,3,105,0,1,5,6,0,0,0,1,1,1,0,1,0,2,0,2.0,54,11,4.909090909090909
1,1,105,0,0,0,6,0,1,0,2,2,2,0,1,0,12,0,3.0,446,90,4.955555555555556
0,0,144,0,1,1,6,0,1,0,0,0,0,0,1,0,4,0,9.0,389,76,5.118421052631579
1,2,105,0,0,2,6,0,0,0,0,0,1,0,1,0,2,0,2.0,261,50,5.22
0,1,144,54,1,0,1,3,1,0,1,0,1,0,1,0,2,0,2.0,272,45,6.044444444444444
0,1,144,0,1,0,0,0,1,0,1,1,1,0,6,0,2,0,8.0,414,74,5.594594594594595
1,3,105,0,0,2,6,0,0,0,0,0,1,0,1,0,2,0,3.0,16,3,5.333333333333333
1,0,105,0,2,0,1,5,1,0,2,0,0,0,18,0,2,0,21.0,984,189,5.2063492063492065
0,5,144,0,1,0,0,0,1,0,0,0,1,0,1,0,12,0,2.0,147,25,5.88
1,36,105,0,1,0,0,0,0,0,0,0,0,0,1,0,2,0,6.0,164,26,6.3076923076923075
0,2,144,0,0,4,6,0,1,0,0,0,1,0,1,0,12,0,3.0,197,33,5.96969696969697
0,67,41,0,1,1,0,0,0,1,0,0,0,0,1,300,12,0,1.0,775,163,4.754601226993865
1,11,104,0,1,0,0,0,1,1,0,0,1,0,1,0,2,0,3.0,84,16,5.25
0,9,69,114,0,1,2,0,0,1,1,0,1,0,1,0,12,0,5.0,232,41,5.658536585365853
0,2,144,16,2,1,4,5,1,1,1,1,1,0,4,0,2,0,8.0,168,31,5.419354838709677
0,8,144,0,0,1,0,0,2,0,0,0,1,0,1,0,2,0,5.0,280,52,5.384615384615385
0,32,144,0,1,1,6,0,1,1,2,0,2,0,1,0,4,0,2.0,179,33,5.424242424242424
1,4,105,0,0,2,3,0,0,0,2,2,2,0,1,0,12,0,5.0,31,5,6.2
0,24,60,0,0,5,6,0,0,2,0,0,0,0,1,0,12,0,2.0,217,38,5.7105263157894735
0,2,144,114,2,0,1,5,2,0,1,1,1,0,6,0,2,1,5.0,265,53,5.0
1,1,105,0,0,1,2,5,1,0,1,1,1,0,1,0,2,0,26.0,864,163,5.300613496932515
0,1,47,114,2,0,1,0,1,1,2,0,1,0,2,0,12,0,4.0,758,141,5.375886524822695
0,2,144,0,0,0,1,0,1,0,0,0,1,0,1,0,2,0,4.0,72,13,5.538461538461538
1,6,104,82,1,1,4,0,1,1,1,1,1,0,1,0,12,0,3.0,366,66,5.545454545454546
0,2,144,0,1,4,0,0,1,0,1,0,1,0,1,0,6,0,7.0,798,158,5.050632911392405
0,2,144,0,0,1,2,5,1,0,1,1,1,0,1,0,12,0,2.0,551,108,5.101851851851852
1,3,105,0,0,0,0,0,1,0,0,0,1,0,1,59,12,0,4.0,2349,417,5.633093525179856
0,24,145,116,0,0,6,0,1,2,0,0,1,0,1,0,2,0,0.0,200,35,5.714285714285714
0,2,144,0,1,0,1,5,1,0,1,1,1,0,2,0,4,0,1.0,320,56,5.714285714285714
1,36,96,0,1,0,3,5,1,0,2,2,1,0,1,0,2,0,4.0,199,32,6.21875
0,48,54,0,0,0,1,0,0,1,0,0,2,0,1,0,2,0,4.0,497,93,5.344086021505376
0,2,144,0,1,0,4,4,1,0,1,1,1,0,3,0,2,4,13.0,271,52,5.211538461538462
0,2,144,0,0,0,0,0,0,1,1,1,1,1,1,0,2,0,2.0,229,47,4.872340425531915
1,5,135,0,1,0,5,5,1,0,1,0,1,1,3,0,12,0,5.0,484,85,5.694117647058824
1,2,105,0,0,0,5,5,0,0,2,2,2,0,1,0,12,0,2.0,154,31,4.967741935483871
1,0,105,0,1,4,0,0,1,0,2,2,2,2,1,0,12,0,2.0,152,28,5.428571428571429
1,2,105,0,0,0,6,0,0,0,1,0,1,0,1,0,2,0,1.0,301,48,6.270833333333333
1,12,128,81,0,0,6,0,1,1,1,1,1,0,1,250,2,0,3.0,189,32,5.90625
0,60,144,0,2,0,1,0,1,0,0,0,0,0,3,0,4,0,3.0,379,71,5.338028169014085
1,3,105,0,0,2,0,0,1,0,1,0,1,0,1,0,2,0,1.0,361,58,6.224137931034483
1,2,135,82,2,2,4,0,1,0,1,1,1,0,2,0,2,0,7.0,845,149,5.671140939597316
0,2,144,16,1,1,0,0,1,1,0,0,1,0,1,0,2,0,0.0,160,28,5.714285714285714
0,2,144,0,1,1,6,0,1,1,2,2,1,0,1,0,2,0,1.0,107,18,5.944444444444445
0,2,144,114,0,1,0,0,1,0,0,1,1,0,2,0,2,0,0.0,220,40,5.5
0,31,5,54,1,0,1,3,1,1,0,0,0,0,1,0,2,0,2.0,132,25,5.28
0,1,144,114,0,0,0,0,1,1,1,0,1,0,1,0,2,0,3.0,12,2,6.0
0,2,144,0,1,4,0,0,1,0,1,1,1,0,1,0,2,0,2.0,530,100,5.3
1,24,82,0,1,1,3,3,1,1,2,2,2,0,2,0,2,0,3.0,453,91,4.978021978021978
1,1,105,0,1,1,6,0,2,0,1,0,2,0,1,0,2,0,3.0,830,137,6.0583941605839415
1,2,104,0,0,2,6,0,1,1,1,1,1,1,1,0,12,0,1.0,662,133,4.977443609022556
1,2,105,0,0,1,2,3,1,0,0,0,1,0,1,0,2,0,5.0,144,22,6.545454545454546
0,1,144,114,1,0,6,0,1,0,1,0,1,0,2,0,12,0,26.0,910,174,5.2298850574712645
1,2,83,0,0,5,6,0,1,2,0,0,1,0,1,400,2,0,10.0,1324,235,5.634042553191489
1,2,83,0,0,4,6,0,1,2,0,0,1,0,1,400,2,1,14.0,1449,261,5.551724137931035
1,5,105,82,2,6,0,0,1,0,1,2,2,0,2,0,3,0,4.0,66,11,6.0
1,6,105,0,1,0,6,0,1,0,0,0,2,0,1,0,12,0,2.0,353,60,5.883333333333334
0,2,144,16,1,0,6,0,1,1,1,1,1,0,1,0,12,0,4.0,185,35,5.285714285714286
0,7,43,0,0,0,1,0,0,0,0,0,0,0,1,0,12,0,0.0,417,71,5.873239436619718
0,1,144,0,0,0,1,0,1,0,2,2,1,0,1,0,2,0,3.0,90,17,5.294117647058823
0,84,41,0,0,0,0,0,0,1,0,0,0,0,1,0,2,0,5.0,333,66,5.045454545454546
0,2,144,0,2,1,3,5,0,0,2,2,2,0,3,0,4,1,3.0,157,30,5.233333333333333
0,12,51,114,0,1,0,0,0,0,0,0,1,0,1,0,12,0,4.0,574,119,4.823529411764706
0,4,144,0,1,0,1,0,1,0,0,0,1,0,1,0,2,0,3.0,1013,194,5.221649484536083
0,13,144,0,1,0,0,0,0,0,0,0,0,0,1,0,3,0,1.0,128,26,4.923076923076923
1,5,105,0,2,0,1,5,0,0,2,2,2,0,3,0,12,0,1.0,325,62,5.241935483870968
0,33,159,132,1,4,0,0,1,1,0,0,0,0,1,300,12,0,0.0,82,11,7.454545454545454
0,9,144,0,0,1,4,0,1,0,0,0,2,0,1,0,3,0,2.0,358,70,5.114285714285714
1,10,105,106,1,0,5,5,1,0,1,0,1,0,1,0,2,0,1.0,3,1,3.0
0,2,22,53,2,0,1,3,1,1,1,1,1,0,6,0,2,0,1.0,206,37,5.5675675675675675
0,8,144,0,0,1,0,0,1,0,1,1,1,0,1,0,7,0,2.0,913,174,5.247126436781609
1,20,114,66,0,0,5,0,2,1,1,1,0,0,1,10,2,0,2.0,332,68,4.882352941176471
1,108,105,0,0,0,1,3,1,0,2,2,0,0,1,0,12,0,10.0,760,141,5.390070921985815
0,2,144,0,1,1,6,0,2,0,1,0,1,0,1,150,2,0,3.0,228,46,4.956521739130435
1,1,105,0,0,0,4,0,0,0,1,0,1,0,1,0,2,0,4.0,544,100,5.44
1,48,105,0,0,0,6,0,2,0,0,1,0,0,1,0,12,0,5.0,234,44,5.318181818181818
1,12,120,0,0,0,6,0,2,1,1,1,1,0,1,0,2,0,3.0,315,57,5.526315789473684
0,3,144,0,1,0,0,0,1,0,0,0,1,0,1,0,2,0,1.0,203,31,6.548387096774194
1,12,122,0,0,0,6,0,1,1,0,0,0,0,2,0,2,0,1.0,238,43,5.534883720930233
0,4,144,0,1,4,0,0,1,1,2,2,1,0,1,0,2,0,2.0,198,37,5.351351351351352
1,1,105,0,2,3,6,0,1,0,1,1,1,0,9,0,2,0,5.0,1520,286,5.314685314685315
0,1,144,114,1,0,1,5,1,1,0,0,1,0,1,0,4,0,5.0,120,22,5.454545454545454
0,6,144,16,1,1,0,0,1,0,1,1,1,0,1,100,8,0,1.0,313,68,4.602941176470588
0,5,147,34,0,0,6,0,1,1,0,0,1,0,1,0,2,0,2.0,273,52,5.25
1,12,104,101,0,1,5,5,1,1,0,0,0,0,1,50,2,0,5.0,265,51,5.196078431372549
1,3,103,82,2,3,4,5,1,1,1,1,1,0,4,0,12,0,5.0,130,22,5.909090909090909
1,2,105,0,0,2,5,0,1,0,1,1,1,0,1,0,2,0,1.0,460,91,5.054945054945055
1,2,128,0,1,1,0,0,1,0,1,1,1,0,1,0,2,0,3.0,262,48,5.458333333333333
1,2,105,0,0,0,5,5,0,0,2,2,2,0,1,0,2,0,7.0,126,25,5.04
1,1,104,0,1,2,0,0,1,1,1,1,1,0,1,0,12,0,3.0,476,88,5.409090909090909
1,8,105,0,0,0,6,0,0,0,1,1,2,0,1,0,2,0,7.0,1162,184,6.315217391304348
1,12,105,0,1,1,6,0,1,0,0,0,0,1,1,0,2,0,1.0,278,56,4.964285714285714
1,18,128,81,1,4,0,0,1,1,0,0,0,0,1,0,12,0,2.0,365,72,5.069444444444445
0,24,144,0,0,0,1,0,1,0,1,1,1,0,1,0,3,0,3.0,293,51,5.745098039215686
1,2,105,0,1,0,1,4,0,0,1,1,1,0,1,0,2,0,2.0,395,70,5.642857142857143
1,24,131,104,2,0,1,5,1,1,2,2,2,0,5,0,7,0,0.0,43,9,4.777777777777778
0,1,144,0,1,1,4,5,1,1,0,1,1,0,1,40,3,0,1.0,342,62,5.516129032258065
1,2,105,66,2,1,5,5,0,0,1,1,1,0,4,0,7,0,2.0,230,42,5.476190476190476
1,2,105,0,0,1,2,3,1,1,0,0,1,0,1,0,12,0,21.0,250,54,4.62962962962963
1,8,94,0,1,0,3,0,1,1,0,0,0,0,1,0,12,0,1.0,60,9,6.666666666666667
0,48,164,114,0,4,6,0,1,1,0,2,2,0,1,0,2,0,2.0,172,35,4.914285714285715
1,1,104,0,0,6,0,0,1,1,1,0,1,0,1,0,2,0,2.0,125,19,6.578947368421052
0,1,144,0,1,0,6,0,1,0,1,0,1,0,1,0,12,0,1.0,84,18,4.666666666666667
0,11,54,114,1,0,1,5,1,0,1,1,1,0,1,0,2,0,2.0,193,39,4.948717948717949
0,1,22,114,1,4,0,0,2,0,2,2,1,0,1,0,2,0,2.0,113,18,6.277777777777778
0,8,144,35,0,0,0,0,2,0,0,0,0,0,1,0,2,0,1.0,300,59,5.084745762711864
0,2,144,0,1,4,6,0,1,0,0,0,1,0,1,0,12,0,5.0,220,39,5.641025641025641
0,4,144,0,1,1,0,0,1,0,1,1,1,0,1,0,2,0,5.0,900,181,4.972375690607735
0,48,144,0,1,1,6,0,0,1,0,0,0,0,1,0,2,0,2.0,568,108,5.2592592592592595
1,2,105,66,0,5,6,0,0,0,1,1,1,0,1,0,7,0,2.0,269,50,5.38
0,4,144,0,1,0,1,5,1,0,0,0,1,0,1,0,2,0,4.0,660,138,4.782608695652174
1,2,105,0,0,0,6,0,0,0,1,1,2,0,1,0,12,0,2.0,105,19,5.526315789473684
0,5,144,0,1,1,6,0,1,0,0,0,0,0,1,0,2,0,4.0,392,74,5.297297297297297
0,12,144,114,1,1,3,5,1,1,0,0,0,0,1,0,12,1,2.0,14,2,7.0
1,12,96,82,2,3,4,4,0,0,1,1,1,0,4,0,2,0,2.0,600,118,5.084745762711864
1,2,140,82,2,0,1,0,1,0,1,1,1,0,2,0,5,0,2.0,102,14,7.285714285714286
1,2,105,0,1,0,1,0,1,0,0,0,1,0,1,0,2,0,5.0,238,43,5.534883720930233
0,2,144,0,1,0,1,0,1,0,0,0,0,0,1,0,2,0,5.0,662,127,5.21259842519685
0,1,144,0,1,1,0,0,1,0,1,0,1,1,1,38,2,0,1.0,277,52,5.326923076923077
1,4,105,0,0,2,6,0,1,0,1,1,1,0,1,0,2,0,5.0,89,14,6.357142857142857
0,14,144,0,1,0,0,0,1,0,0,0,0,0,1,0,12,1,2.0,805,158,5.094936708860759
0,1,144,0,1,1,0,0,1,0,1,1,1,0,1,0,12,0,1.0,46,9,5.111111111111111
1,8,104,81,2,0,3,5,1,1,1,1,1,0,3,0,2,0,0.0,49,8,6.125
0,1,144,114,0,6,0,0,1,1,0,0,1,0,1,0,2,0,2.0,12,2,6.0
0,60,164,0,0,1,0,0,0,2,0,0,0,0,1,150,2,0,2.0,540,105,5.142857142857143
0,10,60,54,1,0,1,0,1,1,0,2,2,0,1,0,2,0,3.0,49,9,5.444444444444445
1,2,104,0,2,0,6,0,1,1,0,0,1,0,3,0,2,0,3.0,190,32,5.9375
1,1,103,82,1,0,1,2,0,1,1,1,1,0,1,100,7,0,2.0,146,28,5.214285714285714
1,4,104,0,0,0,0,0,1,1,1,1,1,0,1,0,2,2,11.0,548,111,4.936936936936937
0,2,144,131,1,0,1,0,1,0,0,0,0,0,1,0,2,0,13.0,339,65,5.2153846153846155
0,12,144,0,1,0,6,0,0,0,0,0,0,0,1,0,2,0,4.0,178,33,5.393939393939394
0,2,144,0,2,0,1,0,1,0,2,2,2,0,2,0,2,0,1.0,28,5,5.6
1,6,104,0,0,3,6,0,1,1,0,0,1,0,1,0,12,0,4.0,226,37,6.108108108108108
0,4,144,0,1,0,1,5,2,1,1,1,1,0,2,0,12,0,6.0,29,6,4.833333333333333
0,3,144,0,1,0,1,5,1,0,1,1,1,0,1,0,3,0,1.0,117,20,5.85
0,1,144,0,1,0,1,3,1,1,1,1,1,0,1,0,12,0,14.0,145,26,5.576923076923077
0,12,144,0,1,1,2,5,0,0,2,2,2,0,1,0,4,0,5.0,522,95,5.494736842105263
1,12,105,0,0,2,0,0,1,0,1,1,2,0,1,0,12,0,2.0,107,20,5.35
0,19,144,0,1,6,0,0,2,0,1,0,1,0,1,0,2,1,13.0,705,122,5.778688524590164
0,3,55,0,0,4,6,0,2,0,1,0,0,0,1,200,12,0,10.0,187,33,5.666666666666667
0,12,60,0,0,1,4,0,0,1,2,2,2,0,1,0,2,0,2.0,43,9,4.777777777777778
1,6,105,0,1,2,4,0,1,0,0,0,0,0,1,0,12,0,2.0,210,39,5.384615384615385
0,2,144,0,1,1,0,0,1,0,1,0,1,0,1,0,2,0,1.0,50,8,6.25
0,12,43,20,0,0,4,0,0,0,0,0,0,0,1,0,2,0,6.0,317,59,5.372881355932203
0,8,144,0,0,1,0,0,1,0,0,0,1,0,1,0,0,0,4.0,141,23,6.130434782608695
1,1,105,0,2,0,1,5,0,0,1,1,1,0,4,0,12,0,10.0,14,2,7.0
1,1,104,0,1,2,4,4,1,1,1,1,1,0,1,0,2,0,2.0,356,67,5.313432835820896
0,5,144,0,1,0,0,0,1,1,0,0,1,1,1,0,2,0,5.0,102,18,5.666666666666667
1,4,104,0,1,0,6,0,0,1,2,2,1,0,1,50,2,0,3.0,75,13,5.769230769230769
0,12,144,0,1,1,0,0,0,1,0,0,1,0,1,0,3,0,5.0,634,117,5.418803418803419
1,2,104,0,1,0,1,0,1,1,1,1,1,0,1,0,1,0,0.0,399,68,5.867647058823529
0,2,144,0,2,0,1,5,1,0,0,0,2,0,5,0,3,0,1.0,139,25,5.56
0,7,144,0,0,1,6,0,1,1,1,1,1,0,1,0,2,0,1.0,373,64,5.828125
0,24,144,0,1,0,4,4,1,0,0,0,0,0,1,0,2,0,11.0,294,59,4.983050847457627
1,3,105,0,0,0,5,0,0,0,0,0,2,0,1,0,12,0,8.0,130,20,6.5
0,24,69,0,0,6,0,0,1,1,2,2,2,0,1,100,3,0,3.0,69,16,4.3125
0,2,144,0,1,0,1,5,1,0,1,1,1,0,1,20,3,0,1.0,144,25,5.76
0,24,69,114,1,4,0,0,1,1,0,0,0,0,1,0,2,0,5.0,507,97,5.22680412371134
1,1,105,0,0,2,5,5,1,0,1,0,1,0,1,0,2,0,14.0,815,147,5.54421768707483
1,12,90,0,1,0,2,5,0,0,2,2,1,0,2,0,12,0,3.0,880,155,5.67741935483871
1,4,104,82,1,0,3,5,1,1,0,0,0,0,1,30,2,0,5.0,37,6,6.166666666666667
1,2,104,0,0,0,0,0,1,1,1,1,2,0,1,0,2,0,1.0,304,59,5.1525423728813555
0,1,144,0,1,4,0,0,1,0,1,1,1,0,1,0,2,0,1.0,493,96,5.135416666666667
0,4,144,114,1,0,5,5,1,1,0,0,2,0,2,0,2,0,5.0,249,46,5.413043478260869
0,1,47,114,1,0,1,0,1,0,0,0,1,0,1,0,12,0,3.0,73,15,4.866666666666666
1,3,105,0,0,0,0,0,1,0,1,0,1,0,1,0,2,0,2.0,220,36,6.111111111111111
0,2,144,0,1,1,0,0,1,1,1,0,1,0,1,0,2,0,1.0,34,6,5.666666666666667
0,24,144,0,0,1,6,0,1,0,2,2,2,0,1,0,12,0,2.0,81,15,5.4
0,2,144,0,0,4,6,0,1,0,1,1,1,0,1,0,12,0,3.0,100,17,5.882352941176471
0,12,69,114,0,1,4,0,1,0,0,0,0,0,1,0,2,0,4.0,192,36,5.333333333333333
0,1,144,0,2,0,1,5,1,0,2,2,1,0,8,0,2,0,8.0,132,19,6.947368421052632
0,12,144,0,1,0,0,0,1,1,1,0,0,0,1,0,2,0,10.0,315,62,5.080645161290323
0,60,41,0,0,4,0,0,0,1,2,2,2,0,1,0,2,0,5.0,151,30,5.033333333333333
0,1,144,0,1,4,6,0,1,1,1,1,1,0,1,0,3,0,2.0,100,19,5.2631578947368425
1,2,84,0,1,6,0,0,0,0,1,1,0,0,1,100,7,0,4.0,250,51,4.901960784313726
1,2,105,0,0,5,0,0,1,0,1,0,1,0,1,0,12,0,3.0,213,38,5.605263157894737
0,24,163,129,1,0,1,0,0,1,2,2,2,0,1,0,2,0,5.0,12,2,6.0
0,48,144,114,1,0,1,5,1,1,2,2,2,0,9,200,12,0,3.0,762,162,4.703703703703703
1,3,105,0,1,6,0,0,0,0,1,1,1,0,1,0,12,0,1.0,311,61,5.098360655737705
0,2,69,0,1,1,6,0,1,0,1,1,1,0,1,0,2,0,2.0,173,30,5.766666666666667
1,4,105,0,0,3,4,0,0,0,1,0,1,0,2,0,2,0,5.0,457,84,5.440476190476191
0,12,165,114,0,0,6,0,0,0,2,2,0,0,1,0,12,0,2.0,23,6,3.8333333333333335
0,24,144,0,0,0,1,0,1,0,2,2,2,0,1,0,12,0,1.0,81,15,5.4
1,2,96,0,2,0,3,5,1,1,1,1,1,0,2,0,2,0,5.0,129,21,6.142857142857143
0,2,144,114,0,0,1,0,1,0,0,0,1,0,4,0,2,0,4.0,96,15,6.4
1,2,143,0,1,0,6,0,0,0,1,1,1,0,1,0,12,0,4.0,162,28,5.785714285714286
0,49,60,0,0,1,4,5,0,2,0,0,0,0,1,0,0,0,1.0,110,22,5.0
0,1,144,0,1,1,0,0,1,0,1,0,1,0,1,0,12,0,1.0,86,15,5.733333333333333
0,5,144,114,1,3,0,0,1,1,0,0,1,0,1,0,12,2,3.0,494,96,5.145833333333333
0,2,144,0,1,1,0,0,0,0,1,1,1,0,1,0,3,0,3.0,14,2,7.0
0,2,5,114,1,0,3,0,1,1,1,1,1,0,1,0,12,0,1.0,127,27,4.703703703703703
1,2,105,0,1,0,6,0,0,0,1,0,1,0,1,0,3,0,3.0,81,12,6.75
1,4,128,80,0,0,6,0,1,1,2,0,1,0,2,100,12,0,2.0,96,19,5.052631578947368
1,2,104,82,1,5,6,0,0,1,0,0,1,0,1,0,12,0,1.0,2,1,2.0
0,36,41,0,0,1,0,0,0,1,2,2,1,0,1,0,2,0,3.0,192,39,4.923076923076923
0,84,144,0,1,1,0,0,1,0,0,0,0,0,1,0,2,0,1.0,637,124,5.137096774193548
1,2,105,0,0,2,6,0,1,0,1,1,1,0,1,0,2,0,5.0,74,13,5.6923076923076925
1,24,104,101,1,0,3,0,1,1,0,0,2,0,3,0,2,0,2.0,30,7,4.285714285714286
0,2,144,0,2,0,1,0,1,0,0,0,1,0,4,0,12,0,4.0,287,52,5.519230769230769
1,48,105,0,0,2,6,0,1,1,1,1,1,0,1,0,2,0,3.0,540,100,5.4
0,84,41,0,1,1,0,0,1,1,0,0,2,0,1,0,10,0,1.0,463,88,5.261363636363637
1,6,105,0,2,4,5,5,1,0,0,0,2,0,3,0,2,0,4.0,292,45,6.488888888888889
0,2,144,0,0,0,1,0,1,0,0,0,1,0,1,0,2,0,4.0,443,83,5.337349397590361
1,17,105,0,2,1,5,0,1,1,1,1,1,0,4,0,12,0,4.0,210,37,5.675675675675675
1,7,105,0,0,3,6,0,1,0,0,0,0,0,1,50,2,0,5.0,143,28,5.107142857142857
1,2,105,0,1,2,3,3,0,0,1,1,1,0,1,50,2,0,0.0,243,48,5.0625
0,1,144,0,0,0,0,0,1,0,2,2,1,0,1,0,2,0,2.0,90,17,5.294117647058823
1,1,84,63,2,5,6,0,1,1,1,1,1,0,2,0,2,0,4.0,576,112,5.142857142857143
1,0,105,0,2,0,1,4,0,0,0,0,0,0,5,0,2,0,5.0,499,73,6.835616438356165
1,12,104,0,1,1,6,0,1,1,2,0,2,0,2,0,2,0,4.0,23,4,5.75
0,4,41,0,1,1,0,0,1,0,0,0,1,0,1,400,12,0,6.0,431,72,5.986111111111111
1,4,104,0,0,5,6,0,1,1,1,1,1,0,1,0,12,0,0.0,74,14,5.285714285714286
0,2,144,0,2,1,5,0,1,1,1,1,1,0,3,0,0,0,3.0,317,63,5.031746031746032
0,12,144,0,0,0,1,0,2,1,1,0,1,0,1,0,12,0,6.0,675,143,4.72027972027972
0,4,144,0,0,1,0,0,1,0,0,0,0,0,1,0,2,0,1.0,435,88,4.943181818181818
0,72,150,0,0,0,1,5,2,0,0,0,0,0,1,0,2,0,1.0,86,14,6.142857142857143
0,3,144,0,1,0,1,3,1,0,1,1,1,0,4,0,3,0,2.0,222,38,5.842105263157895
1,12,122,80,0,0,6,0,2,1,0,0,0,0,1,200,2,0,12.0,411,77,5.337662337662338
1,36,105,101,1,1,0,0,2,1,0,0,0,0,2,0,2,0,4.0,208,34,6.117647058823529
0,2,144,0,1,0,3,5,1,2,0,0,1,0,1,0,2,0,5.0,161,25,6.44
0,24,144,0,1,0,1,0,0,1,0,0,0,0,1,100,3,0,3.0,706,135,5.229629629629629
1,24,105,0,1,5,0,0,1,1,0,0,0,0,1,0,7,0,5.0,916,173,5.294797687861272
0,1,144,0,1,0,1,5,1,1,1,1,1,0,1,0,3,0,2.0,94,15,6.266666666666667
0,17,144,0,1,4,0,0,2,0,0,0,0,0,1,0,3,0,2.0,238,45,5.288888888888889
1,9,122,81,0,2,3,0,1,1,1,0,1,0,1,0,2,0,8.0,215,45,4.777777777777778
0,3,144,0,2,0,1,0,1,0,1,1,1,0,3,0,2,0,12.0,1208,240,5.033333333333333
0,10,166,114,0,0,1,0,2,1,0,0,0,0,1,0,2,0,6.0,402,75,5.36
1,1,105,0,2,0,1,0,0,0,1,1,1,0,4,0,2,0,3.0,306,62,4.935483870967742
1,1,104,0,1,0,2,5,0,1,1,1,1,0,1,0,12,0,6.0,225,40,5.625
1,7,104,0,0,0,1,0,1,1,1,0,1,0,1,30,12,0,4.0,431,80,5.3875
0,43,144,0,2,1,0,0,1,0,0,0,0,0,2,0,2,0,4.0,1742,330,5.278787878787878
1,4,104,0,1,0,0,0,0,1,0,0,1,0,1,0,12,0,2.0,227,44,5.159090909090909
0,1,144,0,0,0,0,0,1,0,1,0,1,0,1,0,12,0,4.0,41,10,4.1
0,1,144,59,0,0,1,5,1,1,1,0,1,0,1,80,2,2,10.0,612,116,5.275862068965517
0,1,144,0,1,0,1,0,1,0,1,1,1,0,1,0,2,0,4.0,180,31,5.806451612903226
0,2,144,0,1,2,3,0,1,1,1,1,1,0,1,0,2,0,2.0,133,28,4.75
0,4,144,0,1,0,1,0,1,0,1,0,1,0,1,0,2,0,2.0,188,34,5.529411764705882
1,2,105,82,1,5,6,0,1,0,0,0,0,0,1,0,12,0,5.0,638,130,4.907692307692308
0,1,144,114,2,0,1,5,2,0,1,0,1,0,20,50,5,0,5.0,184,37,4.972972972972973
1,5,103,0,2,1,4,4,1,2,1,1,1,0,3,0,2,0,2.0,64,15,4.266666666666667
1,2,104,0,1,0,2,0,1,1,1,1,1,0,1,50,2,0,5.0,618,111,5.5675675675675675
1,54,105,0,0,2,3,5,1,0,0,0,0,0,1,0,12,0,2.0,362,62,5.838709677419355
0,5,12,0,1,4,6,0,1,0,0,0,1,0,1,0,2,0,1.0,126,25,5.04
1,1,104,0,2,1,2,0,0,1,1,1,1,0,2,0,2,0,3.0,161,32,5.03125
0,2,144,0,1,0,1,3,1,0,1,0,1,0,1,0,2,0,1.0,512,95,5.389473684210526
0,4,144,114,1,0,3,0,1,1,0,0,0,0,1,0,12,0,1.0,186,37,5.027027027027027
0,24,144,0,0,2,4,0,1,0,0,0,0,0,1,80,2,3,20.0,1627,314,5.181528662420382
0,1,144,114,2,0,1,3,1,1,1,1,1,0,6,0,4,0,6.0,156,28,5.571428571428571
1,14,104,106,2,2,3,3,0,1,1,1,1,0,3,0,2,0,3.0,489,91,5.373626373626373
1,4,105,0,1,6,0,0,0,0,1,0,1,1,1,0,12,0,4.0,758,130,5.8307692307692305
0,8,144,0,0,0,0,0,1,1,0,0,0,0,1,0,2,0,3.0,884,157,5.630573248407643
0,4,144,0,0,0,1,0,1,0,1,1,1,0,1,0,2,0,2.0,409,71,5.76056338028169
1,19,105,82,1,0,6,0,1,0,0,0,0,0,1,0,2,0,2.0,86,6,14.333333333333334
0,36,65,54,1,6,0,0,1,1,0,0,0,0,1,0,12,0,2.0,43,9,4.777777777777778
0,1,144,0,0,0,1,0,1,0,1,1,1,0,3,0,12,0,4.0,91,14,6.5
0,36,32,21,1,3,6,0,1,1,1,0,1,0,1,0,12,0,3.0,342,69,4.956521739130435
0,24,165,114,1,0,1,3,1,0,0,0,0,0,5,0,3,0,1.0,573,104,5.509615384615385
0,15,144,0,1,6,0,0,1,0,0,0,0,0,1,0,2,0,3.0,80,15,5.333333333333333
1,3,105,0,1,4,0,0,1,0,0,0,1,0,1,50,12,0,11.0,891,171,5.2105263157894735
1,3,105,0,0,4,0,0,0,0,1,0,1,0,1,0,3,0,4.0,178,27,6.592592592592593
0,24,144,0,1,0,6,0,0,1,0,0,0,0,1,0,2,0,3.0,138,25,5.52
0,1,144,6,0,0,0,0,2,1,0,1,1,0,1,250,7,0,2.0,29,5,5.8
0,5,144,0,1,1,2,0,1,1,1,0,1,0,1,0,2,0,5.0,585,118,4.9576271186440675
1,4,135,0,1,0,1,5,0,1,1,1,1,0,1,0,2,0,4.0,229,41,5.585365853658536
0,1,144,114,0,1,4,0,1,0,1,1,1,0,1,0,6,0,2.0,940,188,5.0
1,4,104,0,0,2,0,0,0,1,1,0,1,0,1,0,2,0,6.0,280,53,5.283018867924528
1,2,104,0,0,1,5,5,1,1,1,1,1,0,1,0,2,0,1.0,175,29,6.0344827586206895
0,1,144,114,2,0,1,0,1,1,1,1,1,0,3,0,2,0,6.0,69,12,5.75
0,2,144,0,0,4,6,0,1,1,1,1,1,0,3,20,2,0,1.0,74,14,5.285714285714286
1,12,105,0,1,5,0,0,1,0,0,0,0,0,1,0,2,0,5.0,134,22,6.090909090909091
0,4,144,114,0,4,0,0,1,0,0,0,0,0,1,0,2,0,3.0,200,37,5.405405405405405
0,3,144,0,1,0,6,0,1,1,0,0,1,0,2,0,2,0,10.0,24,3,8.0
1,4,96,82,1,0,2,5,1,0,1,1,1,0,1,0,2,0,1.0,98,15,6.533333333333333
1,4,105,0,0,2,6,0,1,0,1,0,1,0,1,30,2,0,1.0,388,70,5.542857142857143
0,9,144,0,1,1,0,0,1,0,0,0,0,0,1,0,2,0,1.0,302,63,4.7936507936507935
0,72,144,114,0,1,0,0,1,1,0,0,0,0,1,0,7,0,3.0,1302,276,4.717391304347826
0,2,144,0,1,1,0,0,1,0,0,0,1,0,1,0,2,0,9.0,243,44,5.5227272727272725
0,42,5,114,0,0,0,0,1,1,0,0,1,0,1,350,2,0,1.0,474,87,5.448275862068965
0,1,144,0,1,0,1,0,1,0,1,1,1,0,1,0,2,0,9.0,187,31,6.032258064516129
0,36,22,0,0,1,2,0,2,0,0,0,1,0,1,0,2,0,3.0,283,55,5.1454545454545455
1,3,105,0,1,0,6,0,0,0,1,0,1,0,3,0,3,0,7.0,1703,324,5.256172839506172
1,0,135,0,2,0,4,5,1,0,1,1,1,0,3,0,2,0,9.0,69,13,5.3076923076923075
1,1,104,0,0,0,6,0,0,1,1,1,1,0,1,0,12,0,4.0,125,20,6.25
0,3,15,114,0,1,4,5,1,1,0,0,1,1,1,200,4,0,3.0,232,42,5.523809523809524
0,3,144,0,2,1,6,0,1,0,1,1,1,0,3,0,2,0,4.0,243,44,5.5227272727272725
0,4,144,0,1,0,0,0,1,0,0,1,1,0,1,0,12,0,1.0,39,8,4.875
1,1,105,0,1,1,5,5,0,0,2,2,1,0,1,30,2,0,1.0,159,23,6.913043478260869
1,4,104,0,1,0,1,3,0,1,1,1,1,0,1,0,2,0,7.0,481,87,5.528735632183908
0,4,144,114,1,1,6,0,0,1,2,0,0,0,1,0,2,0,2.0,83,13,6.384615384615385
1,10,104,0,1,0,1,5,1,1,1,1,1,0,1,0,7,0,1.0,205,42,4.880952380952381
0,1,144,0,1,1,0,0,1,0,1,1,1,0,1,0,12,0,14.0,211,39,5.410256410256411
0,1,22,12,2,0,1,0,1,0,1,1,1,0,6,0,12,0,5.0,54,11,4.909090909090909
1,1,105,0,2,0,5,5,1,1,1,1,1,0,6,0,2,0,5.0,344,63,5.4603174603174605
0,2,144,114,1,4,0,0,1,1,1,0,1,0,1,0,2,0,8.0,12,2,6.0
1,2,105,0,1,0,6,0,1,0,1,1,1,0,1,0,12,0,4.0,188,40,4.7
0,24,51,0,1,0,1,3,1,2,0,0,2,0,1,0,7,0,0.0,40,6,6.666666666666667
0,1,144,114,0,0,1,1,0,0,1,1,2,0,1,0,2,0,4.0,177,29,6.103448275862069
0,12,144,0,1,0,0,0,1,0,0,0,0,0,1,0,2,0,7.0,462,88,5.25
1,2,105,0,1,0,3,5,0,0,1,1,1,0,1,0,2,0,8.0,394,74,5.324324324324325
0,5,144,0,1,0,6,0,2,0,0,0,1,0,1,0,12,0,1.0,204,36,5.666666666666667
0,2,144,0,1,4,0,0,1,1,0,0,1,0,1,0,2,0,8.0,199,38,5.2368421052631575
1,2,105,0,1,4,5,5,0,1,1,1,2,0,4,1,2,0,1.0,45,6,7.5
0,3,144,4,2,0,1,0,2,1,1,0,1,0,2,0,2,0,6.0,251,39,6.435897435897436
0,24,5,114,1,0,1,0,1,1,2,2,2,0,1,0,12,0,3.0,461,81,5.691358024691358
0,1,144,114,2,0,1,5,1,0,1,0,1,0,3,150,2,0,4.0,291,52,5.596153846153846
0,12,144,0,1,3,0,0,1,0,0,0,0,0,1,0,2,0,11.0,159,29,5.482758620689655
1,1,104,0,0,0,5,5,1,1,1,1,1,0,1,0,2,0,8.0,301,61,4.934426229508197
0,2,144,0,0,1,6,0,1,0,1,1,1,0,1,0,12,0,2.0,391,76,5.144736842105263
0,36,8,6,1,1,4,0,2,2,2,0,2,0,1,0,2,0,5.0,442,86,5.1395348837209305
0,2,144,0,1,0,3,0,1,1,1,1,1,0,3,0,2,0,5.0,475,92,5.163043478260869
0,7,155,124,1,4,6,0,0,0,0,0,0,0,1,0,5,0,3.0,193,32,6.03125
1,24,128,106,1,3,6,0,1,0,0,0,0,0,1,0,2,0,5.0,230,46,5.0
0,73,47,0,0,0,1,0,2,1,0,0,1,0,1,0,2,0,1.0,234,43,5.441860465116279
0,2,144,0,1,0,6,0,1,0,0,0,1,0,1,0,2,0,1.0,105,21,5.0
0,3,144,0,0,0,0,0,1,1,2,2,2,0,1,0,2,2,1.0,357,73,4.890410958904109
0,2,144,0,0,0,0,0,1,0,1,0,1,0,1,0,2,0,3.0,287,53,5.415094339622642
0,29,144,0,1,2,0,0,1,0,1,1,2,0,1,0,12,0,4.0,499,95,5.252631578947368
0,12,144,114,2,1,6,0,1,0,0,0,2,0,2,0,12,0,1.0,288,53,5.433962264150943
0,60,144,114,0,0,1,5,1,1,0,0,1,0,1,0,7,0,2.0,228,42,5.428571428571429
0,6,144,114,1,4,6,0,1,0,0,0,0,0,2,0,5,0,3.0,335,61,5.491803278688525
0,6,144,0,1,0,0,0,1,0,2,2,2,1,1,0,12,0,5.0,320,59,5.423728813559322
0,7,144,114,1,1,6,0,1,0,0,0,1,0,1,0,3,0,2.0,150,27,5.555555555555555
1,28,105,0,0,2,0,0,1,0,1,1,1,0,1,0,12,0,5.0,148,26,5.6923076923076925
0,2,41,39,0,1,0,0,0,1,1,0,1,0,1,450,2,0,3.0,243,41,5.926829268292683
0,51,67,0,0,6,0,0,2,2,0,0,1,0,1,0,2,0,1.0,144,24,6.0
0,2,144,0,1,3,6,0,1,0,1,1,1,0,1,0,0,0,1.0,46,7,6.571428571428571
0,2,144,0,0,0,1,0,1,1,0,0,1,0,1,0,2,0,2.0,87,17,5.117647058823529
1,2,104,101,2,0,1,5,1,1,1,0,1,0,5,0,12,0,6.0,141,22,6.409090909090909
1,9,122,81,0,0,5,5,2,2,0,0,0,0,1,0,2,0,3.0,193,38,5.078947368421052
1,3,105,0,1,1,4,5,1,0,1,1,1,0,1,10,4,0,3.0,340,64,5.3125
0,2,144,0,1,1,0,0,0,0,0,0,1,0,1,0,12,0,5.0,598,122,4.901639344262295
1,2,104,0,1,6,0,0,0,1,1,1,1,0,1,10,2,0,1.0,207,33,6.2727272727272725
0,120,5,0,0,0,1,0,3,1,2,2,1,0,1,0,2,0,3.0,301,65,4.630769230769231
0,32,8,0,1,2,0,0,2,2,0,0,1,0,1,0,12,0,1.0,182,34,5.352941176470588
0,1,144,0,2,0,1,4,2,1,1,1,1,0,9,0,2,0,5.0,171,32,5.34375
1,4,105,0,0,3,6,0,1,0,1,1,1,0,1,0,2,0,1.0,173,31,5.580645161290323
0,36,55,0,1,1,0,0,1,0,2,2,2,0,1,300,12,0,1.0,46,8,5.75
0,6,144,0,1,6,0,0,1,0,0,0,0,0,1,0,2,0,2.0,600,116,5.172413793103448
0,2,144,4,1,0,1,0,1,0,2,2,2,0,1,10,2,0,2.0,54,9,6.0
1,3,104,0,1,0,3,5,1,1,1,1,1,0,1,0,2,0,5.0,1327,270,4.9148148148148145
0,2,144,0,0,1,6,0,0,0,1,1,1,0,1,0,12,0,2.0,48,8,6.0
0,2,144,0,2,0,1,5,1,0,0,0,1,0,4,0,2,0,6.0,586,111,5.2792792792792795
0,24,22,114,1,1,0,0,2,0,0,0,2,0,1,100,3,0,2.0,151,32,4.71875
0,36,22,114,1,0,0,0,1,2,0,0,0,0,1,0,2,0,2.0,658,131,5.022900763358779
0,1,144,114,1,0,1,0,1,1,1,1,1,0,1,0,2,0,1.0,12,2,6.0
0,12,144,0,1,0,0,0,0,0,0,0,0,0,1,0,2,0,2.0,1497,310,4.829032258064516
1,6,104,0,1,0,1,0,1,1,1,0,1,0,1,70,7,0,6.0,367,77,4.766233766233766
0,96,144,0,0,0,0,0,0,0,0,0,0,0,1,0,3,0,1.0,145,25,5.8
1,2,104,0,1,1,0,0,2,1,1,0,2,0,1,0,2,0,2.0,392,62,6.32258064516129
1,4,104,0,1,0,6,0,1,1,0,0,1,0,1,0,2,0,1.0,99,20,4.95
0,84,22,0,0,4,0,0,2,1,2,2,2,0,1,0,12,0,2.0,319,66,4.833333333333333
0,5,22,0,1,0,0,0,1,0,0,0,1,0,1,0,12,0,2.0,519,94,5.5212765957446805
0,3,144,0,0,0,1,0,1,0,0,0,0,0,2,0,2,0,3.0,422,82,5.146341463414634
1,21,105,82,1,0,1,2,1,0,0,0,1,0,1,0,2,0,2.0,216,41,5.2682926829268295
1,24,135,0,0,3,0,0,1,1,2,2,2,1,1,1,9,0,2.0,189,36,5.25
1,5,105,0,1,0,1,5,0,0,1,1,1,0,1,0,12,0,15.0,835,160,5.21875
1,6,96,73,1,0,3,5,1,0,2,2,2,0,2,0,1,0,3.0,22,4,5.5
0,48,144,114,0,0,6,0,2,0,0,0,0,0,1,100,5,0,4.0,585,111,5.27027027027027
1,2,140,81,0,0,1,2,0,1,1,1,1,0,1,0,2,0,5.0,630,123,5.121951219512195
0,2,144,0,0,0,1,5,1,0,1,0,1,0,1,0,3,0,3.0,213,37,5.756756756756757
0,3,144,114,1,0,0,0,1,1,0,0,1,0,1,0,2,0,9.0,133,23,5.782608695652174
1,5,105,0,0,0,6,0,1,1,1,1,1,0,1,0,12,0,5.0,535,107,5.0
0,2,144,34,1,1,0,0,1,1,0,0,1,0,1,0,12,0,2.0,109,22,4.954545454545454
1,4,105,0,2,0,1,5,1,0,0,0,1,0,4,0,12,0,9.0,595,116,5.129310344827586
1,2,104,0,1,0,0,0,0,1,1,0,1,0,1,0,0,0,4.0,518,81,6.395061728395062
0,6,144,42,1,1,0,0,1,0,0,0,0,0,1,0,12,0,2.0,200,37,5.405405405405405
0,1,144,0,1,1,6,0,1,1,1,0,1,0,1,0,4,1,5.0,222,44,5.045454545454546
0,2,144,53,0,4,0,0,1,1,1,1,1,0,1,0,2,0,3.0,534,103,5.184466019417476
0,3,144,0,2,1,4,5,1,0,0,0,1,0,6,0,2,0,3.0,211,40,5.275
0,12,144,0,0,2,3,0,1,0,0,0,0,0,1,200,2,1,10.0,231,41,5.634146341463414
0,36,8,0,0,2,0,0,1,1,0,0,0,0,1,0,12,0,5.0,69,18,3.8333333333333335
1,5,105,0,1,1,2,0,0,0,1,1,1,0,1,0,2,0,3.0,183,31,5.903225806451613
0,20,144,53,1,0,6,0,1,0,0,0,0,0,1,0,2,0,1.0,456,85,5.364705882352941
0,6,144,0,1,0,1,0,0,0,0,0,1,0,1,0,2,0,2.0,71,15,4.733333333333333
0,2,144,0,1,1,0,0,1,0,1,1,1,0,1,0,2,0,1.0,295,55,5.363636363636363
1,12,103,0,1,0,5,5,1,2,2,2,2,0,1,5,2,0,5.0,514,108,4.7592592592592595
1,2,105,0,1,0,5,5,0,0,1,1,1,0,1,0,12,0,3.0,523,100,5.23
0,1,144,0,1,4,0,0,1,1,1,1,1,0,1,0,2,0,3.0,126,23,5.478260869565218
1,5,135,0,0,2,6,0,1,1,1,1,1,0,1,0,12,0,3.0,211,31,6.806451612903226
1,2,82,61,0,0,3,4,1,0,1,1,1,0,1,0,2,0,3.0,30,8,3.75
1,1,105,0,0,0,4,5,0,0,1,1,1,0,1,0,12,0,1.0,26,5,5.2
0,1,144,114,2,0,1,1,2,0,0,0,1,0,7,0,2,5,30.0,347,53,6.547169811320755
0,24,144,0,1,1,6,0,1,1,0,0,0,0,1,0,3,0,3.0,130,26,5.0
0,2,144,0,2,0,1,5,1,0,1,1,1,0,6,0,2,0,5.0,122,23,5.304347826086956
1,2,104,82,1,5,6,0,1,1,0,0,1,0,1,0,2,0,2.0,93,18,5.166666666666667
1,2,104,0,2,0,1,5,1,1,1,1,1,0,4,0,2,0,5.0,214,39,5.487179487179487
0,13,65,0,1,6,0,0,1,2,0,0,1,0,1,0,2,0,1.0,110,22,5.0
1,2,105,0,0,2,0,0,0,0,1,0,1,0,1,50,2,1,4.0,734,136,5.397058823529412
1,6,105,0,2,0,6,0,1,0,1,1,1,0,2,0,2,0,6.0,124,19,6.526315789473684
1,2,105,0,2,0,3,5,0,0,1,1,1,0,3,0,2,0,8.0,304,59,5.1525423728813555
1,2,105,0,1,5,0,0,1,0,1,1,1,0,1,0,2,0,2.0,31,6,5.166666666666667
1,2,105,0,1,4,6,0,0,0,1,0,1,0,1,0,12,0,4.0,223,40,5.575
1,2,103,81,2,0,1,4,0,1,1,0,1,0,2,0,12,1,5.0,262,47,5.574468085106383
0,7,144,0,1,1,0,0,0,0,1,1,1,0,1,0,2,0,1.0,53,9,5.888888888888889
0,36,144,114,2,0,1,5,1,1,1,1,0,0,3,0,12,0,6.0,593,114,5.201754385964913
1,7,105,0,1,1,6,0,1,0,0,0,1,0,1,0,2,0,6.0,493,112,4.401785714285714
0,36,51,0,1,5,0,0,0,2,2,0,2,0,1,0,2,0,0.0,560,104,5.384615384615385
1,14,105,0,1,1,0,0,1,0,2,2,2,0,1,0,2,0,2.0,213,40,5.325
0,9,144,0,1,4,0,0,1,0,1,0,0,0,1,0,12,0,4.0,429,81,5.296296296296297
1,1,104,82,2,0,0,0,1,1,1,1,1,0,5,50,2,0,1.0,1898,360,5.272222222222222
0,8,17,114,1,1,6,0,1,0,0,0,0,0,1,0,12,0,8.0,63,11,5.7272727272727275
0,39,144,0,1,1,0,0,1,0,0,0,2,0,1,0,2,0,1.0,260,48,5.416666666666667
1,3,103,0,1,0,1,0,1,2,1,1,1,0,1,100,2,0,3.0,92,14,6.571428571428571
0,3,144,0,1,4,0,0,1,1,1,1,1,0,1,0,2,0,5.0,32,6,5.333333333333333
0,5,144,0,0,0,1,0,2,0,1,1,1,0,1,0,2,0,0.0,424,79,5.367088607594937
1,2,125,0,1,4,6,0,1,2,0,0,1,0,1,250,2,1,11.0,1298,229,5.668122270742358
0,27,144,0,1,1,6,0,1,1,0,0,0,0,1,0,2,0,1.0,776,137,5.664233576642336
0,3,144,0,1,1,2,0,1,1,1,0,1,0,1,0,2,1,1.0,26,5,5.2
0,6,144,0,1,1,3,0,1,1,2,0,1,0,1,0,4,0,1.0,137,25,5.48
1,8,122,0,0,2,3,0,2,1,0,0,0,0,1,0,2,0,3.0,524,104,5.038461538461538
1,36,85,0,0,2,0,0,2,1,2,0,1,1,1,0,2,0,2.0,426,80,5.325
1,24,104,0,1,4,6,0,1,1,0,2,0,0,1,0,12,0,4.0,361,70,5.1571428571428575
1,2,140,0,1,0,2,0,1,1,0,0,1,0,1,0,2,0,6.0,500,95,5.2631578947368425
1,2,105,0,0,0,1,5,2,0,0,0,1,0,1,0,2,0,5.0,65,10,6.5
0,3,144,114,2,0,1,4,1,1,1,1,1,1,4,0,2,0,5.0,221,39,5.666666666666667
0,12,144,0,1,4,0,0,1,0,1,0,0,0,1,0,7,0,5.0,448,91,4.923076923076923
1,2,105,82,2,0,1,1,1,0,1,1,1,0,5,0,2,0,3.0,203,41,4.951219512195122
0,4,144,0,1,1,0,0,1,0,0,0,0,0,1,0,12,0,5.0,588,115,5.113043478260869
0,19,144,6,1,1,0,0,1,1,0,0,0,0,1,0,2,0,8.0,475,92,5.163043478260869
1,5,104,0,1,0,5,0,1,1,1,0,1,0,2,0,12,0,1.0,169,30,5.633333333333334
1,2,104,0,1,1,2,4,1,1,1,0,1,0,1,0,12,0,3.0,742,149,4.97986577181208
1,2,104,80,1,0,1,5,1,1,0,0,1,0,1,10,12,0,3.0,581,103,5.640776699029126
1,60,94,0,0,1,0,0,1,2,0,0,0,0,1,0,12,0,1.0,424,81,5.234567901234568
1,2,104,81,2,0,1,0,0,0,1,1,1,0,4,0,2,0,5.0,387,67,5.776119402985074
0,2,144,114,2,4,6,0,1,0,1,0,0,0,5,0,2,0,5.0,179,28,6.392857142857143
0,1,144,114,1,0,1,5,1,1,0,0,1,0,1,0,2,0,1.0,12,2,6.0
0,4,144,0,1,0,4,0,1,0,1,0,1,0,1,0,2,0,5.0,690,131,5.267175572519084
1,6,105,0,1,0,1,0,1,0,1,1,1,0,1,30,12,0,1.0,123,24,5.125
1,6,135,0,0,5,0,0,1,0,1,0,1,0,1,0,12,0,4.0,288,56,5.142857142857143
0,12,144,0,1,4,6,0,1,1,1,1,1,0,1,0,4,1,1.0,299,57,5.245614035087719
1,24,103,0,1,0,3,3,1,2,1,1,1,0,1,0,2,0,5.0,77,14,5.5
0,2,144,54,0,1,0,0,1,1,0,0,1,0,1,0,2,0,5.0,398,76,5.2368421052631575
1,2,105,0,1,0,6,0,1,0,1,0,1,0,1,0,2,0,3.0,393,79,4.974683544303797
1,3,128,66,1,3,4,5,0,0,1,1,1,0,1,50,2,0,1.0,20,3,6.666666666666667
0,1,147,0,1,0,4,5,1,1,1,1,1,0,1,200,6,0,5.0,174,29,6.0
1,3,105,0,1,0,6,0,0,0,1,1,1,0,1,0,12,0,0.0,49,10,4.9
0,34,144,0,1,0,0,0,1,1,2,2,2,0,1,0,2,0,0.0,274,56,4.892857142857143
1,18,105,0,2,3,0,0,2,0,1,1,1,0,5,0,9,0,1.0,407,74,5.5
0,2,144,0,0,0,1,0,1,0,1,1,1,0,1,20,3,0,1.0,117,20,5.85
0,2,144,114,0,0,6,0,1,1,0,0,1,0,1,0,2,0,3.0,12,2,6.0
1,3,105,0,0,1,0,0,1,0,1,1,1,0,1,0,2,0,3.0,50,8,6.25
1,7,128,0,1,1,3,3,1,1,1,1,1,0,1,0,2,0,2.0,12,2,6.0
1,3,104,0,2,0,1,5,1,1,1,1,1,0,4,0,12,0,5.0,162,29,5.586206896551724
1,4,105,68,1,0,2,5,1,0,0,0,1,0,1,0,2,0,14.0,375,64,5.859375
0,1,144,0,2,0,3,0,0,0,0,0,1,0,3,0,12,0,9.0,310,57,5.43859649122807
0,3,144,0,1,2,0,0,1,1,0,0,1,0,1,200,2,1,3.0,64,12,5.333333333333333
0,0,144,0,1,0,1,5,1,0,1,1,1,0,6,0,2,0,9.0,109,20,5.45
0,3,38,114,0,1,0,0,1,0,0,0,1,0,1,0,7,0,1.0,284,49,5.795918367346939
1,3,105,82,0,0,5,0,1,0,0,0,1,0,1,50,12,0,1.0,340,64,5.3125
1,2,104,82,0,0,6,0,0,1,1,1,1,1,1,0,2,0,3.0,125,23,5.434782608695652
0,2,144,114,1,0,1,5,1,0,1,1,1,0,5,0,3,0,9.0,619,111,5.576576576576577
1,0,82,0,2,0,2,5,0,1,1,2,2,0,3,0,2,0,1.0,192,38,5.052631578947368
1,3,105,0,1,0,5,5,0,0,1,0,1,0,1,0,3,0,5.0,373,66,5.651515151515151
1,3,128,0,0,4,6,0,1,0,0,0,1,0,1,0,12,0,2.0,105,17,6.176470588235294
1,12,90,0,0,5,6,0,1,1,2,2,2,0,1,0,3,0,6.0,1613,314,5.1369426751592355
1,18,105,0,1,0,2,5,1,0,2,2,1,0,1,0,2,0,1.0,657,121,5.429752066115703
1,13,135,0,1,5,6,0,1,1,1,0,0,0,1,0,2,0,1.0,146,30,4.866666666666666
0,3,144,0,1,1,6,0,1,0,2,2,1,0,1,0,2,0,3.0,199,37,5.378378378378378
0,48,144,0,1,0,1,3,1,0,0,0,0,0,2,0,12,0,2.0,1253,209,5.9952153110047846
0,24,60,47,0,0,1,5,1,2,0,0,1,0,1,250,7,0,1.0,164,28,5.857142857142857
0,1,144,0,0,1,6,0,1,1,1,1,1,0,1,0,2,0,1.0,106,21,5.0476190476190474
1,4,105,0,2,0,2,5,1,0,1,1,1,0,3,0,12,0,6.0,108,19,5.684210526315789
1,12,105,0,1,4,5,5,0,0,0,0,0,0,1,0,12,0,1.0,14,3,4.666666666666667
1,3,105,0,1,0,5,5,0,0,1,0,1,0,1,0,2,0,4.0,312,63,4.9523809523809526
1,2,105,0,0,0,1,5,1,1,1,1,1,0,1,0,2,0,7.0,711,124,5.733870967741935
1,31,105,0,0,5,0,0,1,0,1,1,0,0,1,0,12,0,3.0,179,34,5.264705882352941
