Type,Age,Breed1,Breed2,Gender,Color1,Color2,Color3,MaturitySize,FurLength,Vaccinated,Dewormed,Sterilized,Health,Quantity,Fee,State,VideoAmt,PhotoAmt,desc_length,desc_words,average_word_length
1,3,103,0,1,0,1,3,2,2,0,0,1,0,1,50,2,0,2.0,658,126,5.222222222222222
1,1,105,0,2,0,1,5,0,0,1,1,1,0,5,0,2,0,1.0,529,97,5.453608247422681
0,12,144,0,1,1,6,0,1,1,1,0,0,0,1,0,2,0,7.0,434,79,5.493670886075949
1,24,104,101,1,0,3,0,1,1,0,0,2,0,3,0,2,0,2.0,30,7,4.285714285714286
0,62,144,0,0,0,2,4,1,1,0,0,0,0,1,0,12,0,3.0,156,28,5.571428571428571
0,1,144,114,1,0,1,0,1,1,1,0,1,0,1,0,2,0,1.0,14,3,4.666666666666667
0,3,144,16,0,4,0,0,1,1,2,2,1,0,1,0,2,0,3.0,93,16,5.8125
1,24,105,0,1,1,3,0,1,0,1,1,0,0,1,0,2,0,1.0,27,4,6.75
1,1,105,82,2,0,6,0,1,0,0,0,1,0,2,1,12,0,3.0,309,57,5.421052631578948
0,3,144,0,2,0,1,5,1,1,0,0,1,0,3,150,2,0,3.0,318,60,5.3
0,24,5,114,1,0,1,0,1,1,2,2,2,0,1,0,12,0,3.0,461,81,5.691358024691358
1,1,104,0,1,0,6,0,0,1,1,1,1,0,5,0,5,0,3.0,151,27,5.592592592592593
1,12,104,0,0,0,0,0,1,1,1,1,1,0,1,0,2,0,1.0,384,72,5.333333333333333
1,7,96,110,1,0,3,5,1,0,0,0,1,0,1,0,2,0,7.0,16,3,5.333333333333333
0,120,54,39,0,1,0,0,1,0,0,0,1,0,2,0,2,0,1.0,71,13,5.461538461538462
1,3,105,0,0,3,0,0,1,0,2,0,1,0,1,0,12,0,3.0,354,61,5.80327868852459
0,12,144,0,1,0,1,0,1,1,1,0,1,0,1,0,3,0,2.0,131,26,5.038461538461538
0,22,54,0,0,1,4,5,1,0,0,0,1,0,1,0,12,0,0.0,77,12,6.416666666666667
0,24,144,0,1,1,6,0,1,0,0,0,0,0,1,0,2,0,24.0,490,87,5.632183908045977
0,3,144,0,0,2,0,0,2,0,0,0,1,0,2,0,2,0,9.0,704,137,5.138686131386861
0,12,144,0,0,0,1,0,1,0,0,0,1,0,1,0,2,0,1.0,8,1,8.0
1,12,105,0,1,1,2,3,1,0,0,0,0,0,1,0,12,0,2.0,627,119,5.26890756302521
0,19,144,0,1,0,0,0,1,0,0,0,0,0,1,80,2,0,3.0,568,101,5.623762376237623
0,5,144,0,0,0,1,0,1,0,2,2,2,0,1,0,2,0,0.0,10,2,5.0
0,22,60,0,1,4,6,0,1,0,0,0,1,0,1,0,2,0,3.0,460,80,5.75
0,5,22,0,1,0,0,0,1,1,0,0,1,0,1,0,2,0,8.0,256,42,6.095238095238095
1,12,88,0,0,0,5,5,1,1,0,0,0,0,1,0,2,0,1.0,217,36,6.027777777777778
1,6,105,0,1,3,0,0,0,0,0,0,0,0,1,200,7,0,6.0,2002,381,5.254593175853018
0,2,144,0,0,2,0,0,1,1,0,0,1,0,1,0,2,0,1.0,295,56,5.267857142857143
0,1,144,0,1,1,0,0,1,0,1,1,1,0,1,0,4,0,2.0,205,42,4.880952380952381
1,1,104,0,1,0,3,5,1,2,1,0,1,0,1,0,2,2,10.0,986,171,5.766081871345029
0,2,144,0,1,1,6,0,1,0,0,0,1,0,1,0,12,0,6.0,140,26,5.384615384615385
1,1,105,0,0,0,6,0,1,0,1,0,1,0,1,0,2,0,6.0,837,151,5.543046357615894
0,2,144,0,1,0,2,0,1,1,0,0,1,0,1,0,2,0,4.0,246,45,5.466666666666667
1,2,104,0,0,3,0,0,0,0,0,0,1,0,1,0,2,0,5.0,181,39,4.641025641025641
1,22,104,0,1,0,0,0,1,1,0,0,0,0,1,0,3,0,7.0,291,54,5.388888888888889
1,2,104,0,0,0,6,0,0,1,1,1,1,0,1,0,12,0,4.0,119,18,6.611111111111111
0,3,144,0,0,0,0,0,1,0,2,0,2,0,1,0,2,0,2.0,239,49,4.877551020408164
1,2,105,0,2,6,0,0,1,0,1,0,1,0,3,0,7,0,4.0,418,79,5.291139240506329
0,3,144,114,1,1,0,0,1,0,0,0,0,0,1,200,2,0,6.0,43,8,5.375
0,74,60,0,0,1,6,0,1,1,2,0,2,0,1,0,2,0,2.0,331,71,4.661971830985915
1,3,103,0,0,0,6,0,1,2,1,0,1,0,1,0,2,0,5.0,314,56,5.607142857142857
0,2,144,0,2,1,6,0,1,0,1,1,1,0,5,0,2,0,2.0,256,51,5.019607843137255
1,4,105,0,1,0,0,0,0,0,1,1,1,0,1,0,12,0,3.0,355,71,5.0
1,1,105,0,0,0,6,0,1,0,1,0,1,0,1,0,12,0,4.0,813,158,5.1455696202531644
1,2,88,81,1,5,6,0,0,0,1,1,1,0,1,0,12,0,5.0,729,144,5.0625
0,48,60,0,2,1,5,5,0,2,0,0,1,1,2,300,7,0,5.0,849,153,5.549019607843137
1,3,105,0,1,0,1,4,1,0,1,1,1,0,1,0,2,0,3.0,110,16,6.875
0,2,144,0,1,0,1,5,0,0,1,1,1,0,5,0,2,0,16.0,330,60,5.5
1,14,105,0,1,1,0,0,1,0,2,2,2,0,1,0,2,0,2.0,213,40,5.325
0,1,144,0,2,0,1,5,2,1,1,0,1,0,12,0,2,0,5.0,3100,561,5.52584670231729
0,2,144,0,1,1,6,0,1,1,2,2,1,0,1,0,2,0,2.0,124,22,5.636363636363637
0,4,57,114,0,0,1,1,2,1,1,0,1,0,1,0,2,0,12.0,1160,215,5.395348837209302
1,1,105,0,2,1,3,5,1,1,0,0,1,0,20,0,12,0,5.0,142,24,5.916666666666667
0,5,144,114,1,1,0,0,1,1,0,0,1,0,1,0,2,0,3.0,14,3,4.666666666666667
0,3,144,0,1,1,0,0,1,1,1,1,1,0,1,0,2,0,5.0,37,7,5.285714285714286
0,2,144,0,1,0,1,5,1,0,0,0,1,0,1,0,7,0,1.0,325,66,4.924242424242424
0,8,41,0,1,1,0,0,0,0,0,0,2,0,1,0,2,0,1.0,67,15,4.466666666666667
0,5,144,0,1,0,0,0,1,0,0,0,0,0,1,100,7,0,5.0,6664,1257,5.30151153540175
1,3,105,0,2,4,0,0,1,0,1,0,1,0,2,0,2,0,3.0,550,101,5.445544554455446
1,4,122,106,0,3,0,0,0,1,1,0,1,0,3,100,12,0,0.0,32,4,8.0
0,48,144,0,1,1,0,0,1,1,2,2,2,0,1,0,12,0,3.0,541,93,5.817204301075269
0,2,144,114,0,0,1,5,1,1,0,0,1,0,1,0,2,0,5.0,12,2,6.0
1,12,105,0,2,0,3,5,2,0,0,0,0,0,5,0,12,0,5.0,199,32,6.21875
0,3,144,0,1,1,0,0,1,0,2,2,1,0,1,0,2,0,2.0,106,18,5.888888888888889
1,12,103,0,2,0,5,5,1,1,1,1,1,0,6,0,2,0,6.0,533,107,4.981308411214953
1,6,105,0,1,2,3,5,2,0,0,0,1,0,1,0,12,0,3.0,1230,237,5.189873417721519
0,4,144,0,2,0,1,3,0,1,1,1,1,0,6,0,2,0,1.0,168,31,5.419354838709677
0,2,144,0,1,0,1,5,1,0,1,1,2,0,1,0,2,0,3.0,504,93,5.419354838709677
0,3,144,114,0,1,6,0,1,0,1,1,1,0,1,1,3,0,2.0,271,57,4.754385964912281
0,2,157,114,2,1,4,0,1,0,1,0,1,0,4,0,2,0,8.0,152,27,5.62962962962963
0,48,8,0,2,2,0,0,1,1,2,2,2,0,2,0,12,0,0.0,64,12,5.333333333333333
1,3,105,0,0,0,0,0,1,0,1,1,1,0,1,0,12,0,1.0,39,8,4.875
0,2,144,114,2,1,0,0,1,0,1,1,1,0,2,0,12,0,1.0,39,8,4.875
0,3,144,0,1,0,0,0,0,0,0,0,1,0,1,100,12,0,2.0,33,8,4.125
0,2,144,0,2,0,1,3,0,1,1,1,1,0,7,0,12,0,5.0,45,8,5.625
0,36,155,12,1,1,6,0,0,0,0,0,2,0,1,250,2,0,6.0,2224,411,5.411192214111922
0,1,144,114,1,0,0,0,1,2,0,0,1,0,1,0,2,0,3.0,344,51,6.745098039215686
0,96,144,0,1,0,1,0,1,1,0,0,0,0,1,0,2,0,2.0,463,81,5.716049382716049
1,3,105,0,2,0,5,5,0,0,0,0,2,1,3,0,2,0,5.0,283,52,5.4423076923076925
1,36,105,110,1,0,1,5,1,0,0,0,0,0,1,0,2,0,4.0,1233,222,5.554054054054054
0,2,144,114,0,0,6,0,1,0,1,1,1,0,1,0,2,0,2.0,221,41,5.390243902439025
0,1,144,0,0,4,6,0,1,1,1,1,1,0,1,0,3,0,3.0,244,46,5.304347826086956
0,50,51,0,1,0,5,0,0,1,0,0,2,0,1,100,4,0,4.0,121,25,4.84
0,1,144,114,2,2,3,3,1,0,1,1,1,0,6,0,12,0,1.0,493,88,5.6022727272727275
1,24,84,82,2,0,3,5,1,1,2,2,2,0,3,0,12,0,1.0,34,7,4.857142857142857
1,4,135,0,0,0,5,5,1,0,1,1,1,0,1,0,2,0,5.0,94,20,4.7
0,50,144,114,1,4,6,0,1,1,1,1,1,0,1,0,2,0,4.0,182,31,5.870967741935484
0,1,144,0,1,1,0,0,1,0,1,1,1,0,2,0,2,0,3.0,26,5,5.2
1,6,105,0,0,5,0,0,1,0,0,0,0,0,2,0,12,0,5.0,522,101,5.1683168316831685
1,13,104,0,2,0,6,0,1,1,1,1,1,0,4,0,12,0,11.0,472,94,5.0212765957446805
0,2,144,0,1,6,0,0,2,0,0,0,1,0,1,0,2,0,1.0,273,53,5.150943396226415
1,3,104,0,0,3,4,5,1,1,2,0,2,0,1,0,12,0,1.0,285,55,5.181818181818182
1,4,105,0,1,0,6,0,0,0,1,1,1,0,1,0,2,0,3.0,54,9,6.0
1,3,105,0,1,0,6,0,1,0,1,1,1,0,12,0,2,0,4.0,260,50,5.2
1,6,105,0,1,5,0,0,0,0,1,0,0,0,1,0,4,0,3.0,822,185,4.443243243243243
0,8,69,0,1,1,6,0,1,0,0,0,0,0,1,0,2,0,1.0,144,30,4.8
0,4,144,0,0,1,2,0,1,0,0,0,1,0,1,150,12,0,8.0,506,89,5.685393258426966
0,6,144,114,0,0,3,5,2,0,0,0,1,0,1,100,5,0,4.0,182,34,5.352941176470588
1,4,105,0,1,0,3,5,1,0,1,1,1,0,3,0,2,0,7.0,215,44,4.886363636363637
0,1,144,114,2,1,2,2,1,1,1,1,1,0,6,0,4,0,2.0,56,10,5.6
1,6,105,0,1,0,5,0,1,0,0,0,0,0,1,50,12,1,10.0,1595,307,5.195439739413681
0,7,22,114,1,1,0,0,1,0,0,0,0,0,1,0,2,0,3.0,136,23,5.913043478260869
1,2,105,0,0,2,6,0,0,1,1,0,1,0,1,0,2,0,3.0,450,78,5.769230769230769
0,2,30,0,1,0,0,0,0,0,2,2,2,0,1,100,3,0,1.0,40,7,5.714285714285714
1,6,105,0,0,0,6,0,0,0,1,1,1,0,1,0,2,0,3.0,91,15,6.066666666666666
1,3,143,0,1,0,0,0,0,0,1,1,1,0,4,0,2,0,4.0,91,18,5.055555555555555
1,1,105,0,0,0,1,5,2,1,1,0,2,0,1,0,2,0,2.0,924,149,6.201342281879195
0,12,5,114,0,0,1,0,1,1,0,0,0,0,1,0,2,0,10.0,88,17,5.176470588235294
0,12,8,114,2,0,1,0,1,1,2,2,1,0,3,0,2,0,9.0,798,142,5.619718309859155
0,12,22,0,0,1,0,0,2,0,2,2,1,0,1,0,2,0,2.0,342,64,5.34375
1,60,105,0,0,3,0,0,2,0,0,0,0,0,1,0,12,0,1.0,231,38,6.078947368421052
1,24,105,0,1,5,0,0,1,1,0,0,0,0,1,0,7,0,5.0,916,173,5.294797687861272
0,9,144,0,0,6,0,0,1,0,0,0,0,0,1,0,3,0,1.0,369,63,5.857142857142857
1,3,105,0,0,3,6,0,1,0,0,0,1,0,1,0,12,0,27.0,71,14,5.071428571428571
1,2,105,0,0,2,3,0,0,0,1,1,1,1,1,0,2,0,15.0,330,56,5.892857142857143
1,12,122,80,1,5,6,0,2,2,2,2,2,0,1,0,2,0,1.0,46,9,5.111111111111111
1,12,105,0,1,0,5,5,0,0,0,0,1,0,1,0,2,0,3.0,303,56,5.410714285714286
0,2,144,0,1,1,6,0,1,0,1,1,2,0,3,0,5,0,5.0,39,8,4.875
1,4,104,0,0,3,6,0,0,1,1,0,1,0,1,0,12,0,4.0,494,90,5.488888888888889
0,9,144,0,1,1,0,0,1,0,1,1,2,0,2,0,12,0,1.0,117,23,5.086956521739131
0,4,144,0,1,0,3,0,1,1,0,0,0,0,1,0,4,0,3.0,523,92,5.684782608695652
1,2,104,0,0,0,0,0,1,1,1,1,2,0,1,0,2,0,1.0,304,59,5.1525423728813555
0,4,79,114,1,0,1,0,1,0,0,2,1,0,1,0,2,0,4.0,125,21,5.9523809523809526
0,1,144,0,2,0,4,0,2,0,1,1,1,0,5,0,3,0,10.0,126,23,5.478260869565218
1,36,105,0,1,0,1,4,1,1,0,0,0,0,1,0,2,0,5.0,336,61,5.508196721311475
0,36,69,20,0,0,6,0,1,0,0,0,0,0,1,0,2,0,5.0,382,75,5.093333333333334
0,60,54,0,1,4,0,0,1,0,0,0,0,0,1,0,2,0,2.0,92,17,5.411764705882353
0,24,144,114,1,1,6,0,1,1,2,2,2,0,2,0,3,0,4.0,342,68,5.029411764705882
0,1,144,0,2,0,4,5,0,0,1,1,1,0,6,0,12,0,2.0,245,48,5.104166666666667
1,3,105,0,0,1,2,5,0,0,1,1,1,0,1,0,2,0,3.0,307,61,5.032786885245901
1,2,120,0,1,0,5,5,0,0,1,0,2,0,1,50,12,0,2.0,110,23,4.782608695652174
1,2,105,0,1,3,6,0,0,0,1,1,1,0,1,0,2,0,3.0,138,29,4.758620689655173
0,2,144,114,0,1,0,0,1,0,0,1,1,0,2,0,2,0,0.0,220,40,5.5
0,2,144,76,1,0,1,0,2,0,1,0,1,0,1,0,2,0,4.0,220,43,5.116279069767442
0,1,144,114,1,6,0,0,1,1,0,0,1,0,1,0,2,0,2.0,12,2,6.0
0,1,144,114,2,0,1,3,0,0,1,0,2,0,6,0,2,0,5.0,371,60,6.183333333333334
1,9,105,0,0,0,3,5,1,1,1,1,1,1,1,0,12,0,1.0,120,25,4.8
0,3,144,129,1,0,3,5,1,0,0,0,1,0,2,0,2,0,9.0,326,54,6.037037037037037
1,5,88,82,0,0,6,0,2,0,0,0,1,0,1,50,2,0,3.0,139,20,6.95
0,60,41,0,0,4,0,0,0,1,2,2,2,0,1,0,2,0,5.0,151,30,5.033333333333333
0,3,144,0,0,0,1,0,0,0,2,2,2,0,1,0,12,0,1.0,306,63,4.857142857142857
0,30,144,0,0,0,0,0,1,0,0,0,1,0,1,0,9,0,4.0,228,46,4.956521739130435
0,27,144,0,1,1,6,0,1,1,0,0,0,0,1,0,2,0,1.0,776,137,5.664233576642336
0,4,144,114,1,0,3,0,1,1,0,0,0,0,1,0,12,0,1.0,186,37,5.027027027027027
0,144,75,0,0,4,0,0,1,1,2,2,1,0,1,0,2,0,1.0,491,98,5.010204081632653
1,4,106,0,0,1,0,0,1,1,2,2,2,0,1,0,3,0,2.0,149,33,4.515151515151516
0,1,65,114,1,0,1,5,1,0,1,0,1,0,1,100,2,0,6.0,358,60,5.966666666666667
1,4,140,0,1,0,3,3,1,0,1,1,1,0,1,0,2,0,1.0,37,5,7.4
1,6,104,0,1,2,3,3,1,1,1,1,2,0,2,50,12,0,0.0,636,126,5.0476190476190474
1,2,105,0,0,0,4,0,1,0,1,1,1,1,1,0,2,0,1.0,185,37,5.0
0,4,144,54,1,2,6,0,0,0,0,0,2,0,1,0,12,0,4.0,549,105,5.228571428571429
1,16,88,0,1,5,0,0,1,1,1,0,1,0,2,100,2,0,2.0,22,4,5.5
0,12,65,114,1,1,2,0,0,1,2,2,2,0,1,0,2,0,5.0,214,46,4.6521739130434785
0,21,47,114,1,1,4,5,1,0,1,1,1,0,1,0,2,0,1.0,26,3,8.666666666666666
0,2,144,0,2,4,6,0,1,0,0,0,1,0,3,0,2,0,11.0,424,78,5.435897435897436
1,3,105,0,1,3,6,0,2,1,1,1,2,0,1,100,2,0,2.0,586,122,4.80327868852459
1,4,105,0,2,1,6,0,1,0,1,0,2,0,3,0,12,0,11.0,415,81,5.1234567901234565
1,1,104,80,0,2,6,0,1,1,1,1,1,0,1,50,2,0,7.0,744,137,5.430656934306569
0,3,144,0,1,4,0,0,1,1,0,0,1,0,1,0,2,0,1.0,15,4,3.75
1,19,104,81,1,0,3,5,2,1,0,2,0,0,1,0,2,0,0.0,219,42,5.214285714285714
1,1,83,63,2,0,1,5,0,1,0,0,2,0,2,0,2,0,3.0,576,108,5.333333333333333
0,2,144,9,0,0,1,5,1,0,0,0,1,0,1,0,2,0,7.0,308,52,5.923076923076923
0,12,144,0,1,0,1,5,1,0,2,2,0,0,1,0,2,0,2.0,228,44,5.181818181818182
0,3,144,0,1,3,4,0,1,0,0,0,1,0,1,100,3,0,1.0,68,13,5.230769230769231
1,2,105,0,2,3,6,0,1,0,1,1,1,0,4,0,7,0,5.0,192,38,5.052631578947368
1,2,119,0,0,0,6,0,1,1,0,0,1,0,1,0,12,0,1.0,70,15,4.666666666666667
1,3,104,0,1,0,1,5,1,1,1,0,1,0,1,300,2,0,4.0,1427,278,5.133093525179856
0,2,144,54,0,1,0,0,1,1,0,0,1,0,1,0,2,0,5.0,398,76,5.2368421052631575
0,2,144,0,0,0,0,0,2,1,0,0,1,0,1,0,3,0,3.0,234,47,4.9787234042553195
0,3,144,114,1,0,1,0,1,0,1,1,1,0,1,0,7,0,5.0,137,28,4.892857142857143
0,2,144,0,0,1,6,0,1,0,1,1,1,0,1,0,12,0,2.0,273,51,5.352941176470588
0,48,41,0,0,4,6,0,0,1,0,0,0,0,1,0,12,0,1.0,51,10,5.1
0,4,144,0,1,1,6,0,1,0,1,0,0,0,1,150,2,4,6.0,123,23,5.3478260869565215
0,1,61,35,0,0,4,0,0,1,1,1,1,0,1,0,2,0,1.0,250,49,5.1020408163265305
0,2,144,0,1,1,0,0,0,0,1,1,1,0,1,0,5,0,2.0,81,14,5.785714285714286
1,12,105,81,1,0,1,3,1,1,1,1,0,0,2,0,12,0,1.0,662,125,5.296
0,12,144,0,0,2,4,0,1,1,1,1,1,0,1,0,12,0,10.0,477,97,4.917525773195877
1,2,128,82,1,1,4,0,0,1,1,1,1,0,1,100,3,2,18.0,5289,936,5.6506410256410255
1,36,103,0,0,6,0,0,1,2,1,0,1,0,1,150,2,0,2.0,221,48,4.604166666666667
0,1,144,0,2,0,6,0,1,0,1,0,1,0,7,0,12,0,2.0,57,10,5.7
1,16,88,0,0,1,6,0,1,1,1,0,1,0,2,100,2,0,2.0,12,2,6.0
0,24,54,114,1,0,2,5,1,0,2,2,2,1,1,0,2,0,1.0,131,26,5.038461538461538
0,36,152,35,0,0,1,0,3,0,0,0,1,0,1,0,2,0,2.0,699,136,5.139705882352941
1,5,105,0,0,0,0,0,0,1,0,0,1,0,1,0,12,0,3.0,268,48,5.583333333333333
0,1,144,114,2,1,3,0,2,0,1,1,1,0,3,0,12,0,5.0,41,8,5.125
1,5,105,0,2,0,1,1,1,0,0,0,1,0,3,0,5,0,5.0,561,107,5.242990654205608
1,1,105,0,1,0,1,0,1,1,1,0,1,0,1,0,2,1,6.0,556,101,5.5049504950495045
1,5,122,66,1,0,3,5,1,0,1,1,1,0,1,0,12,0,5.0,91,17,5.352941176470588
1,6,105,0,2,0,5,5,1,0,1,0,0,0,4,0,12,0,5.0,294,56,5.25
0,2,144,0,1,1,6,0,1,1,0,0,1,0,2,0,2,0,14.0,595,108,5.5092592592592595
1,10,96,0,1,1,3,3,1,0,1,1,1,0,1,0,7,0,2.0,409,74,5.527027027027027
1,2,105,0,1,0,5,0,0,0,0,0,1,0,1,0,12,0,5.0,503,98,5.13265306122449
0,12,144,0,1,0,1,5,1,0,0,0,0,0,1,0,2,0,3.0,438,86,5.093023255813954
0,2,144,0,1,0,1,0,1,1,0,0,1,0,1,0,2,0,1.0,274,52,5.269230769230769
0,1,144,0,1,1,0,0,1,0,1,0,1,0,1,38,2,0,2.0,179,36,4.972222222222222
0,2,144,0,1,1,0,0,0,1,0,0,1,0,1,0,2,0,1.0,76,13,5.846153846153846
0,2,69,129,1,1,0,0,1,1,0,0,1,0,1,250,12,0,4.0,402,65,6.184615384615385
1,1,105,0,2,3,6,0,0,0,1,1,1,0,2,0,7,0,5.0,111,19,5.842105263157895
0,36,144,0,0,1,0,0,1,0,0,0,0,0,1,0,2,0,3.0,19,3,6.333333333333333
0,24,8,0,0,2,0,0,2,1,2,2,0,0,1,0,2,0,2.0,237,46,5.1521739130434785
0,1,144,114,0,6,0,0,1,0,1,0,2,0,1,0,2,0,5.0,509,95,5.3578947368421055
1,3,103,0,1,0,0,0,1,2,1,0,1,0,1,0,5,0,2.0,36,6,6.0
1,2,135,0,1,5,0,0,1,1,1,1,1,0,1,0,2,0,5.0,214,37,5.783783783783784
1,5,105,0,1,2,0,0,1,0,1,1,1,0,1,60,12,0,2.0,70,13,5.384615384615385
0,12,144,0,1,0,0,0,1,0,0,1,2,0,1,0,2,0,0.0,102,17,6.0
1,12,105,0,0,0,1,5,1,0,1,1,1,0,1,100,2,0,3.0,116,26,4.461538461538462
0,16,60,0,0,0,1,5,0,2,0,0,0,0,1,180,2,0,4.0,1081,184,5.875
0,2,144,114,1,0,6,0,1,1,1,0,1,0,1,0,2,0,4.0,12,2,6.0
1,9,105,0,0,0,6,0,1,0,0,0,1,0,1,0,12,0,3.0,455,88,5.170454545454546
0,10,47,0,0,0,0,0,2,0,0,0,1,0,1,500,7,0,1.0,160,32,5.0
0,1,144,0,1,0,6,0,1,0,1,1,1,0,1,0,2,0,2.0,1203,225,5.346666666666667
1,1,104,0,1,0,5,0,1,1,1,1,1,0,1,0,12,0,3.0,487,91,5.351648351648351
0,4,144,0,1,0,1,5,1,0,0,0,1,0,1,0,2,0,4.0,660,138,4.782608695652174
1,10,105,0,0,1,0,0,1,0,0,0,0,0,1,100,12,0,1.0,49,9,5.444444444444445
0,1,144,114,1,0,1,0,1,1,1,1,1,0,1,0,2,0,1.0,12,2,6.0
0,24,36,0,0,1,0,0,1,2,0,0,1,0,1,400,2,0,1.0,81,16,5.0625
0,3,144,0,1,0,1,5,1,0,1,1,1,0,1,0,3,0,1.0,117,20,5.85
1,36,105,0,0,1,0,0,1,1,0,0,0,0,1,0,12,0,3.0,216,33,6.545454545454546
0,1,144,0,0,0,6,0,1,1,1,1,1,0,1,0,2,0,2.0,354,74,4.783783783783784
0,2,144,0,1,1,2,3,1,1,1,1,1,0,3,0,2,0,2.0,72,12,6.0
0,2,144,0,1,0,0,0,1,0,1,0,1,0,1,0,12,0,2.0,88,19,4.631578947368421
1,12,104,0,1,1,2,0,0,1,0,0,0,1,1,0,2,0,1.0,741,142,5.21830985915493
0,24,144,0,1,4,6,0,1,0,0,0,1,0,1,50,2,0,3.0,311,54,5.7592592592592595
1,36,105,0,1,2,5,5,1,1,2,2,0,0,1,0,2,0,5.0,577,107,5.392523364485982
0,2,166,114,2,0,2,3,1,0,0,0,1,0,2,0,2,0,8.0,311,57,5.456140350877193
1,3,105,0,0,0,5,0,0,0,0,0,2,0,1,0,12,0,8.0,130,20,6.5
1,2,103,0,2,1,2,0,1,2,1,1,1,0,2,0,2,0,17.0,536,109,4.91743119266055
0,2,144,16,2,1,6,0,1,0,2,2,2,0,2,0,2,0,2.0,83,15,5.533333333333333
1,1,128,82,2,0,5,5,1,0,1,1,1,0,6,0,12,0,11.0,346,60,5.766666666666667
1,3,103,81,0,0,0,0,0,1,1,1,1,0,1,0,12,0,1.0,86,14,6.142857142857143
0,42,166,0,0,0,0,0,2,0,0,0,1,0,1,0,2,0,5.0,262,49,5.346938775510204
0,19,144,0,1,0,0,0,1,0,0,0,1,0,1,100,2,0,3.0,93,14,6.642857142857143
1,1,105,0,0,0,6,0,1,1,1,1,1,0,1,30,2,0,2.0,239,51,4.686274509803922
0,4,144,0,1,1,0,0,1,0,0,0,0,0,1,0,12,0,5.0,588,115,5.113043478260869
0,24,144,0,0,0,6,0,1,1,1,0,1,0,1,0,12,0,5.0,68,12,5.666666666666667
0,36,49,0,0,0,1,5,3,2,0,0,1,0,1,0,2,0,1.0,215,43,5.0
0,3,144,0,1,1,0,0,1,0,0,0,1,0,1,0,12,0,5.0,31,5,6.2
0,1,144,0,1,0,6,0,1,0,1,0,1,0,1,0,2,0,5.0,160,27,5.925925925925926
0,4,144,0,1,0,6,0,2,1,1,1,1,0,1,0,12,0,1.0,233,45,5.177777777777778
1,3,128,0,1,0,5,0,1,1,0,0,1,0,1,150,12,0,6.0,208,42,4.9523809523809526
0,1,144,0,0,0,0,0,1,1,1,1,1,0,1,0,7,0,5.0,411,76,5.407894736842105
1,3,105,0,1,0,1,0,0,0,1,1,1,0,1,0,5,0,9.0,345,67,5.149253731343284
1,1,105,0,0,5,6,0,1,0,0,0,1,0,3,0,2,0,2.0,212,32,6.625
1,17,105,0,1,0,5,5,0,0,0,2,2,1,1,0,2,0,4.0,564,112,5.035714285714286
0,6,144,0,1,1,0,0,1,0,1,1,1,0,1,0,2,0,2.0,162,30,5.4
0,5,144,114,1,1,0,0,1,0,1,0,0,0,1,0,12,0,10.0,1904,389,4.894601542416453
0,2,144,0,0,0,1,5,1,0,1,1,1,0,2,0,2,0,3.0,478,94,5.085106382978723
1,18,105,0,0,0,6,0,1,1,0,0,0,0,1,0,12,0,2.0,448,81,5.530864197530864
1,36,92,0,0,0,0,0,1,0,0,0,0,0,1,0,2,0,3.0,177,35,5.057142857142857
0,4,144,0,1,1,6,0,1,1,0,0,1,0,1,0,2,0,2.0,94,19,4.947368421052632
1,3,105,0,2,1,6,0,0,0,1,1,1,0,4,0,2,0,4.0,760,120,6.333333333333333
1,1,105,0,0,1,6,0,0,0,1,1,1,0,1,0,2,0,4.0,161,24,6.708333333333333
1,3,104,96,1,0,3,5,1,1,1,0,1,0,1,50,2,0,4.0,156,26,6.0
1,18,105,0,1,0,2,5,1,0,2,2,1,0,1,0,2,0,1.0,657,121,5.429752066115703
0,2,144,114,1,1,6,0,1,0,1,1,1,0,1,0,2,0,1.0,92,18,5.111111111111111
0,1,144,114,1,1,5,5,1,0,1,0,1,0,6,15,2,1,29.0,1008,179,5.631284916201118
1,1,105,0,2,0,1,5,0,0,1,1,1,0,5,0,2,0,5.0,125,25,5.0
0,1,144,0,2,0,1,3,1,0,1,1,1,0,8,0,2,0,24.0,352,70,5.0285714285714285
0,2,144,0,0,0,1,0,1,1,1,0,1,0,1,5,2,0,4.0,186,34,5.470588235294118
1,2,104,0,2,4,5,0,1,1,1,1,1,0,3,0,4,0,4.0,155,26,5.961538461538462
0,6,144,0,1,6,0,0,1,0,2,2,2,0,1,0,2,0,3.0,196,34,5.764705882352941
0,24,69,123,0,0,1,5,1,2,0,0,0,0,2,200,12,0,1.0,267,45,5.933333333333334
1,2,105,82,0,1,4,0,1,0,0,0,1,0,1,0,12,0,4.0,297,59,5.033898305084746
0,5,144,0,1,1,0,0,1,0,0,0,1,0,1,0,2,0,2.0,238,47,5.0638297872340425
1,12,105,0,2,0,1,4,2,0,0,0,0,1,2,0,2,0,8.0,464,71,6.535211267605634
0,24,144,0,1,0,0,0,1,0,0,0,0,0,1,0,2,0,3.0,174,31,5.612903225806452
1,3,105,106,0,0,5,5,1,0,1,1,1,0,1,0,2,0,7.0,489,90,5.433333333333334
1,2,93,84,0,0,0,0,0,1,1,1,1,0,1,0,12,0,0.0,45,7,6.428571428571429
0,24,144,114,0,3,0,0,1,2,2,2,2,0,1,0,12,0,1.0,136,29,4.689655172413793
0,12,144,0,2,0,1,5,2,1,1,1,1,0,6,20,2,0,5.0,97,17,5.705882352941177
1,1,105,82,2,5,0,0,0,0,1,1,1,0,3,0,2,0,4.0,80,15,5.333333333333333
1,2,105,0,1,0,1,5,1,0,1,0,2,0,1,0,2,0,4.0,766,133,5.7593984962406015
1,2,105,0,1,0,6,0,0,0,1,0,1,1,1,0,12,0,2.0,198,39,5.076923076923077
1,5,104,0,2,0,3,4,1,1,1,1,1,0,3,0,2,0,3.0,123,19,6.473684210526316
0,2,144,0,1,0,1,0,1,1,0,0,1,0,1,0,2,0,1.0,29,5,5.8
0,6,144,0,0,0,1,5,1,0,0,0,0,0,1,150,12,0,11.0,278,48,5.791666666666667
1,18,105,0,2,3,0,0,2,0,1,1,1,0,5,0,9,0,1.0,407,74,5.5
0,1,144,0,0,1,3,0,1,1,1,1,1,0,1,1,2,0,2.0,120,20,6.0
1,2,104,0,1,5,0,0,1,1,0,0,1,0,1,100,12,0,5.0,761,144,5.284722222222222
1,3,105,0,0,0,6,0,1,0,2,2,2,0,1,0,3,0,2.0,58,10,5.8
0,1,144,0,1,0,0,0,1,0,1,0,1,0,1,0,12,0,6.0,21,5,4.2
0,8,144,0,1,1,0,0,1,1,0,0,1,1,1,0,12,0,2.0,107,19,5.631578947368421
1,0,105,0,2,0,1,5,1,0,1,1,1,0,3,0,7,0,2.0,126,26,4.846153846153846
0,60,155,12,2,0,1,5,0,0,0,0,0,0,2,0,2,0,4.0,268,44,6.090909090909091
0,5,144,0,1,2,4,0,1,0,0,0,1,0,1,0,2,0,3.0,240,47,5.1063829787234045
0,48,8,0,1,2,4,0,1,1,0,1,0,0,1,0,2,0,2.0,238,40,5.95
1,1,105,0,2,5,0,0,0,0,1,0,1,0,2,0,4,0,5.0,110,23,4.782608695652174
0,2,22,54,0,0,1,0,1,0,0,0,1,0,1,0,2,0,10.0,474,86,5.511627906976744
0,1,159,114,2,0,1,5,1,0,1,1,1,0,2,100,2,0,6.0,608,115,5.28695652173913
0,6,144,0,2,1,2,0,1,0,0,0,0,0,2,0,2,0,8.0,201,30,6.7
0,1,144,0,1,4,0,0,0,0,1,1,1,0,1,0,2,0,1.0,109,21,5.190476190476191
1,5,105,0,2,0,5,5,0,0,1,1,1,0,4,0,2,0,6.0,45,7,6.428571428571429
1,6,143,0,1,1,2,2,1,1,2,2,0,0,1,0,2,0,2.0,117,20,5.85
0,2,144,114,1,0,4,0,1,0,0,0,1,0,1,0,2,0,4.0,267,52,5.134615384615385
0,72,65,0,1,6,0,0,1,1,0,0,1,0,1,0,2,0,3.0,755,129,5.852713178294573
1,1,105,0,2,0,6,0,1,0,1,1,1,0,4,0,12,0,1.0,113,24,4.708333333333333
0,3,144,0,1,0,1,3,2,0,2,2,1,0,2,0,12,0,2.0,576,109,5.284403669724771
1,1,105,0,0,0,4,4,0,0,1,1,1,0,1,0,12,0,5.0,592,110,5.381818181818182
1,4,105,0,0,2,0,0,1,1,0,0,1,0,1,0,2,0,2.0,329,60,5.483333333333333
0,7,144,0,1,0,1,0,0,0,0,0,0,0,1,0,2,0,1.0,403,75,5.373333333333333
1,3,88,63,0,2,3,3,1,0,1,1,1,0,1,0,2,0,3.0,814,154,5.285714285714286
1,17,105,0,2,1,5,0,1,1,1,1,1,0,4,0,12,0,4.0,210,37,5.675675675675675
0,2,144,0,1,4,0,0,1,0,1,1,1,0,1,0,2,0,8.0,894,154,5.805194805194805
1,17,104,0,2,2,0,0,2,1,0,0,0,0,2,0,12,0,5.0,799,161,4.962732919254658
0,6,8,0,0,2,0,0,2,2,0,0,1,0,1,0,2,0,1.0,160,22,7.2727272727272725
0,10,144,0,0,0,1,3,1,0,1,1,1,0,1,0,2,0,9.0,343,45,7.622222222222222
0,12,144,0,0,4,0,0,1,0,2,2,2,0,1,0,2,0,2.0,40,7,5.714285714285714
0,6,144,0,1,1,6,0,1,1,0,0,0,1,1,0,2,0,6.0,239,40,5.975
1,36,105,0,0,0,6,0,1,0,1,1,0,0,1,0,2,0,1.0,473,87,5.436781609195402
0,1,144,0,0,0,1,0,1,1,1,1,1,1,1,0,3,0,5.0,95,19,5.0
0,8,144,0,0,0,0,0,1,0,1,1,1,0,1,0,3,0,1.0,34,7,4.857142857142857
0,84,30,47,0,0,1,5,0,0,0,0,1,0,2,0,2,0,11.0,1028,193,5.3264248704663215
0,24,144,0,1,0,6,0,1,0,2,2,1,0,1,0,12,0,2.0,305,59,5.169491525423729
1,6,105,0,1,1,0,0,1,0,1,0,1,0,1,0,2,0,8.0,109,18,6.055555555555555
0,12,144,0,1,1,0,0,1,0,0,0,0,0,1,0,2,0,3.0,257,50,5.14
1,4,105,0,1,6,0,0,0,0,1,0,1,1,1,0,12,0,4.0,758,130,5.8307692307692305
1,7,122,67,0,0,6,0,1,2,1,0,1,0,1,350,2,1,5.0,697,131,5.320610687022901
1,1,105,0,2,0,3,4,1,0,1,0,1,0,5,0,12,0,11.0,1718,309,5.559870550161812
1,3,105,0,1,0,2,5,1,0,0,0,1,0,2,1,2,0,5.0,305,56,5.446428571428571
0,2,144,114,1,0,6,0,1,1,1,0,1,0,1,0,2,0,4.0,12,2,6.0
0,2,144,0,1,0,1,0,1,0,2,2,1,0,1,0,2,0,3.0,122,21,5.809523809523809
1,2,96,0,1,0,4,5,1,0,1,0,1,0,1,0,4,0,3.0,81,16,5.0625
1,1,135,0,0,0,6,0,0,1,1,0,1,0,1,0,2,0,9.0,618,121,5.107438016528926
1,8,105,82,1,5,6,0,1,0,0,0,1,0,1,0,2,0,5.0,108,20,5.4
1,8,103,0,1,6,0,0,0,1,1,0,0,0,1,100,2,0,2.0,179,38,4.7105263157894735
1,1,122,81,2,0,5,5,1,0,1,1,1,0,5,0,12,0,6.0,311,59,5.271186440677966
1,2,104,0,1,0,5,5,1,1,1,1,1,0,1,0,3,0,2.0,43,6,7.166666666666667
0,6,41,0,1,1,2,0,1,1,0,0,1,0,1,0,2,0,1.0,486,97,5.010309278350515
0,2,144,0,1,1,6,0,1,0,0,0,1,0,1,0,2,3,2.0,2210,427,5.1756440281030445
0,2,144,0,1,0,1,1,1,0,1,0,1,0,5,0,2,0,1.0,84,13,6.461538461538462
0,48,144,0,1,1,6,0,1,0,0,0,0,0,1,0,2,0,3.0,294,51,5.764705882352941
0,1,144,0,1,0,1,0,1,1,1,1,1,0,1,20,3,0,1.0,122,21,5.809523809523809
1,12,88,0,0,6,0,0,1,1,0,0,0,0,2,100,12,0,3.0,156,29,5.379310344827586
0,60,60,54,0,0,6,0,0,1,0,0,1,0,1,0,2,0,4.0,508,94,5.404255319148936
1,3,104,0,1,0,2,5,0,1,1,0,1,0,1,0,3,0,2.0,466,85,5.482352941176471
0,12,22,114,0,3,0,0,1,0,1,0,0,0,1,30,2,0,1.0,469,94,4.98936170212766
0,1,144,0,0,1,4,0,1,0,1,1,1,0,2,0,12,0,2.0,9,2,4.5
0,2,144,0,0,0,1,0,1,1,0,0,1,0,1,60,3,0,3.0,247,41,6.024390243902439
0,4,13,114,1,1,6,0,2,0,0,0,1,0,1,50,2,0,2.0,242,53,4.566037735849057
0,1,47,114,0,0,4,0,1,1,1,0,1,0,2,0,2,0,4.0,585,105,5.571428571428571
1,3,103,0,0,5,6,0,1,2,0,0,1,0,1,0,12,0,4.0,12,2,6.0
1,2,143,81,2,0,1,1,0,0,1,0,1,0,4,0,2,0,4.0,24,4,6.0
0,24,144,0,1,0,4,0,1,0,0,0,0,0,1,0,2,0,1.0,221,47,4.702127659574468
1,2,105,0,1,2,6,0,1,0,1,1,1,0,1,0,2,0,2.0,145,23,6.304347826086956
1,2,105,0,1,3,6,0,1,0,0,0,1,0,1,0,2,1,10.0,431,87,4.954022988505747
0,3,144,0,0,0,1,0,1,1,0,0,1,0,1,0,2,0,5.0,78,13,6.0
1,0,104,0,2,0,4,4,0,1,2,2,2,0,5,0,2,0,3.0,325,53,6.132075471698113
0,1,144,0,1,0,0,0,1,0,1,0,1,1,1,0,12,0,7.0,565,112,5.044642857142857
0,2,144,0,1,0,0,0,1,0,1,0,1,0,1,0,3,0,4.0,708,136,5.205882352941177
0,5,144,0,1,1,0,0,1,0,0,0,1,0,1,0,12,0,1.0,96,18,5.333333333333333
1,3,105,0,0,5,6,0,1,0,2,2,2,0,1,0,2,0,8.0,387,69,5.608695652173913
1,1,104,0,1,5,6,0,0,1,2,2,1,0,1,20,2,0,6.0,273,56,4.875
1,6,122,81,0,5,6,0,1,1,0,0,1,0,1,0,2,0,3.0,8,1,8.0
0,1,144,114,1,1,6,0,1,1,1,0,1,0,1,0,2,0,1.0,14,3,4.666666666666667
1,2,104,0,0,2,6,0,1,1,1,1,1,1,1,0,12,0,1.0,662,133,4.977443609022556
1,2,105,0,0,0,6,0,2,0,1,1,1,0,4,0,2,0,3.0,290,56,5.178571428571429
0,8,144,0,1,1,0,0,1,0,0,0,0,0,1,0,12,0,4.0,141,22,6.409090909090909
0,48,13,0,1,5,6,0,2,2,2,2,1,1,1,0,12,0,3.0,536,106,5.056603773584905
0,60,60,54,0,4,6,0,0,1,0,0,0,0,1,100,2,0,11.0,713,145,4.917241379310345
1,1,105,0,0,2,6,0,0,0,1,1,1,0,1,0,2,0,4.0,66,15,4.4
1,1,84,0,1,0,3,5,0,0,1,1,1,0,1,0,9,0,1.0,25,4,6.25
1,1,105,0,2,0,3,5,0,0,1,1,1,0,3,0,2,0,7.0,524,103,5.087378640776699
0,2,144,114,2,4,6,0,1,0,1,0,0,0,5,0,2,0,5.0,179,28,6.392857142857143
1,2,104,0,0,5,0,0,0,1,2,2,2,0,2,0,2,0,1.0,82,13,6.3076923076923075
1,2,135,0,0,1,2,3,1,0,1,0,1,0,1,0,2,0,5.0,284,55,5.163636363636364
0,7,166,114,1,0,1,0,2,0,2,2,0,0,1,0,2,0,9.0,644,114,5.649122807017544
0,48,62,0,1,5,0,0,0,1,0,0,0,0,1,0,12,0,3.0,533,104,5.125
1,5,94,0,1,0,4,0,0,0,0,0,0,0,1,0,12,0,3.0,355,59,6.016949152542373
1,1,135,0,0,0,6,0,1,0,1,0,1,0,1,0,2,0,3.0,33,7,4.714285714285714
1,2,105,0,0,0,6,0,0,0,1,1,1,0,1,0,12,0,1.0,142,22,6.454545454545454
0,2,144,114,1,6,0,0,1,1,0,0,1,0,1,0,2,0,1.0,12,2,6.0
1,2,105,0,1,0,1,5,1,1,1,0,1,0,1,0,2,0,13.0,808,151,5.3509933774834435
0,12,144,0,1,1,0,0,0,1,0,0,1,0,1,0,3,0,5.0,634,117,5.418803418803419
0,6,144,0,0,1,6,0,1,0,0,0,2,0,1,0,3,0,1.0,279,56,4.982142857142857
1,3,105,0,0,2,0,0,1,0,0,0,1,0,1,0,2,1,2.0,91,19,4.7894736842105265
1,3,105,101,2,6,0,0,1,0,0,0,1,0,2,0,12,0,4.0,347,68,5.102941176470588
1,6,103,0,1,4,5,5,1,2,0,0,0,0,1,0,2,1,7.0,1432,219,6.538812785388128
1,2,105,82,0,3,0,0,1,0,0,0,1,0,1,0,3,0,3.0,199,35,5.685714285714286
0,2,144,114,1,1,0,0,1,1,0,0,1,0,1,0,2,0,1.0,12,2,6.0
1,6,104,82,1,0,6,0,0,0,0,0,1,0,1,0,2,0,1.0,71,14,5.071428571428571
1,4,120,0,0,5,6,0,1,0,0,0,1,0,1,0,2,1,5.0,150,27,5.555555555555555
1,12,105,0,1,2,0,0,1,0,2,2,1,0,1,0,12,0,0.0,632,121,5.223140495867769
1,0,105,0,2,0,6,0,0,0,1,1,1,0,2,0,12,0,0.0,488,104,4.6923076923076925
0,2,144,0,0,1,6,0,1,1,0,0,1,0,1,0,2,0,4.0,226,46,4.913043478260869
0,12,144,114,1,3,6,0,1,1,0,0,1,0,1,0,3,0,3.0,209,41,5.097560975609756
1,1,105,0,2,0,4,5,0,0,1,1,1,0,2,0,2,0,1.0,179,34,5.264705882352941
1,2,105,0,2,0,1,5,0,0,2,2,2,1,4,0,1,0,1.0,36,6,6.0
1,16,105,0,1,1,0,0,1,0,0,2,2,0,4,0,2,0,4.0,41,8,5.125
0,3,69,114,1,0,1,5,2,1,0,0,1,0,1,0,2,0,9.0,244,41,5.951219512195122
1,12,105,89,0,0,1,0,2,0,2,0,1,0,1,0,12,0,3.0,494,97,5.092783505154639
0,2,144,0,0,0,1,0,1,0,2,2,1,0,1,0,2,0,2.0,79,13,6.076923076923077
1,3,105,0,2,6,0,0,1,0,1,0,1,0,2,0,12,0,30.0,216,40,5.4
0,60,38,114,0,1,6,0,1,0,0,0,0,0,1,300,2,0,1.0,1587,278,5.7086330935251794
1,9,105,82,1,0,6,0,1,1,1,0,1,0,1,0,3,0,1.0,25,5,5.0
1,2,105,0,2,1,5,5,1,0,1,1,1,0,2,0,5,0,3.0,260,46,5.6521739130434785
1,4,122,81,1,6,0,0,1,2,1,0,1,0,1,300,2,0,4.0,786,141,5.574468085106383
0,2,144,0,2,0,1,3,1,0,1,1,1,0,6,0,7,0,20.0,2273,408,5.571078431372549
0,3,144,0,0,0,0,0,1,0,1,1,1,0,1,0,2,0,1.0,333,70,4.757142857142857
0,3,61,6,2,0,5,5,2,1,0,0,1,0,3,0,2,0,7.0,523,90,5.811111111111111
1,1,135,0,2,0,3,4,0,0,1,1,1,0,4,0,7,0,7.0,267,52,5.134615384615385
0,3,144,0,0,1,4,0,0,0,1,1,1,0,1,0,2,0,5.0,58,9,6.444444444444445
0,2,144,0,0,1,6,0,1,0,1,1,1,0,4,0,2,0,2.0,353,69,5.115942028985507
0,2,145,114,1,0,6,0,1,0,0,0,1,0,1,0,2,0,4.0,119,19,6.2631578947368425
0,30,144,0,1,0,4,0,1,0,0,0,0,0,1,0,2,0,1.0,371,73,5.082191780821918
1,2,105,0,0,2,6,0,1,0,1,0,1,0,1,0,12,0,4.0,95,17,5.588235294117647
1,3,105,0,2,0,2,3,0,0,1,1,1,0,2,0,12,0,5.0,432,86,5.023255813953488
0,4,30,114,1,0,1,0,1,0,0,0,0,0,1,0,4,0,11.0,360,58,6.206896551724138
0,1,144,0,0,1,6,0,1,1,1,1,1,0,1,0,3,0,2.0,103,17,6.0588235294117645
0,3,166,127,0,0,2,0,2,1,2,2,1,0,1,0,2,0,2.0,98,17,5.764705882352941
0,3,144,0,1,0,1,5,0,0,2,2,2,0,1,0,2,0,3.0,351,61,5.754098360655738
1,7,103,81,0,4,0,0,1,1,1,1,1,0,1,0,2,0,2.0,158,29,5.448275862068965
0,1,144,0,0,0,1,5,1,1,1,1,1,0,1,0,2,0,5.0,146,31,4.709677419354839
0,2,144,16,1,0,6,0,1,1,1,1,1,0,1,0,12,0,4.0,185,35,5.285714285714286
1,2,104,0,1,6,0,0,1,1,1,1,1,0,1,0,2,0,12.0,528,100,5.28
0,2,144,114,1,0,1,5,1,0,1,1,1,0,3,0,12,0,6.0,717,134,5.350746268656716
0,3,22,114,1,1,6,0,1,0,2,2,1,0,1,0,2,0,1.0,113,18,6.277777777777778
1,5,135,0,1,0,6,0,0,0,0,0,1,0,1,0,12,0,3.0,973,187,5.2032085561497325
0,3,47,114,1,0,1,0,1,1,0,0,1,0,1,0,12,0,2.0,236,44,5.363636363636363
0,36,169,0,1,1,0,0,0,1,0,0,0,0,1,0,12,0,10.0,189,32,5.90625
0,1,144,0,1,4,0,0,1,0,1,0,0,0,1,0,2,0,3.0,53,9,5.888888888888889
1,30,105,0,2,0,5,5,1,1,0,0,0,0,2,2,2,0,1.0,156,28,5.571428571428571
1,5,105,0,0,0,2,4,1,0,2,0,0,0,1,0,12,0,4.0,269,49,5.489795918367347
0,2,144,114,1,1,0,0,1,1,1,0,1,0,1,0,2,0,2.0,14,3,4.666666666666667
1,7,135,0,1,1,2,2,1,0,2,2,1,0,1,0,3,0,2.0,301,54,5.574074074074074
0,12,144,0,1,0,1,0,0,1,0,0,2,0,1,0,2,0,1.0,33,6,5.5
1,2,135,0,0,0,1,0,0,1,1,1,1,0,1,0,2,0,4.0,191,36,5.305555555555555
0,12,10,114,0,1,0,0,2,0,0,0,0,0,1,0,12,0,2.0,407,67,6.074626865671642
0,3,144,0,1,0,1,0,1,0,1,0,1,0,1,0,2,0,2.0,177,27,6.555555555555555
0,1,144,0,2,1,2,3,1,0,0,0,0,0,3,0,2,0,5.0,260,44,5.909090909090909
0,24,54,0,1,0,1,5,1,0,2,2,2,0,1,0,12,0,2.0,111,18,6.166666666666667
0,8,144,35,0,0,0,0,2,0,0,0,0,0,1,0,2,0,1.0,300,59,5.084745762711864
0,24,144,114,2,0,1,5,1,1,0,0,0,0,3,0,12,0,5.0,565,107,5.280373831775701
0,1,144,114,1,0,1,1,0,0,2,2,2,0,2,0,2,0,5.0,318,58,5.482758620689655
1,2,105,0,0,2,3,0,0,0,1,0,1,0,1,30,2,0,4.0,489,90,5.433333333333334
1,1,105,0,1,0,6,0,1,0,1,0,1,0,1,0,12,0,2.0,59,9,6.555555555555555
1,1,105,0,2,4,5,5,1,1,1,1,1,0,3,0,2,0,23.0,475,90,5.277777777777778
0,3,144,0,1,1,4,0,1,0,0,0,1,0,1,0,2,1,2.0,406,82,4.951219512195122
0,6,144,0,1,6,0,0,1,0,0,0,0,0,1,0,2,0,2.0,600,116,5.172413793103448
1,1,105,0,1,0,1,1,0,0,1,1,1,0,1,0,1,0,4.0,209,38,5.5
1,3,103,0,0,0,6,0,2,2,1,0,1,0,1,50,2,0,4.0,439,88,4.988636363636363
0,6,144,0,0,1,4,5,1,0,0,0,0,0,1,0,2,0,3.0,164,35,4.685714285714286
0,2,144,0,2,0,1,0,1,0,2,2,2,1,2,0,12,0,2.0,2150,366,5.8743169398907105
1,1,105,0,0,3,6,0,0,0,1,0,1,0,1,0,2,0,3.0,88,17,5.176470588235294
0,2,144,0,1,1,0,0,0,0,2,2,2,0,1,0,2,0,2.0,139,26,5.346153846153846
0,24,150,0,2,1,6,0,1,0,0,0,0,0,2,0,12,0,1.0,550,108,5.092592592592593
1,1,135,82,0,0,5,5,1,0,1,0,1,0,1,0,2,0,3.0,769,109,7.055045871559633
1,1,105,0,0,0,6,0,0,0,1,1,1,0,1,0,2,0,4.0,229,46,4.978260869565218
1,12,105,0,1,2,6,0,1,1,1,1,1,0,1,0,12,0,1.0,469,86,5.453488372093023
1,1,105,0,2,1,3,5,1,0,1,1,1,0,3,0,7,0,6.0,757,144,5.256944444444445
1,3,105,0,2,1,4,5,1,1,2,2,2,0,3,0,2,0,1.0,20,3,6.666666666666667
1,8,104,0,1,1,3,0,1,1,2,2,0,0,1,0,2,0,3.0,56,5,11.2
0,2,166,0,1,0,0,0,2,0,0,0,1,0,1,600,2,0,3.0,767,148,5.1824324324324325
0,4,27,114,2,0,1,0,1,0,1,1,1,0,3,0,2,0,3.0,198,37,5.351351351351352
0,8,17,114,1,1,6,0,1,0,0,0,0,0,1,0,12,0,8.0,63,11,5.7272727272727275
0,1,144,0,1,0,1,0,1,0,0,0,1,0,1,0,2,0,10.0,430,75,5.733333333333333
0,2,144,0,1,6,0,0,1,1,2,2,1,0,1,0,2,0,1.0,153,30,5.1
1,3,105,82,1,0,3,5,1,0,1,0,1,0,1,0,2,0,5.0,333,60,5.55
1,2,128,0,1,4,0,0,1,0,1,1,1,0,1,0,2,0,2.0,16,3,5.333333333333333
0,18,17,0,1,1,6,0,0,0,0,0,1,0,1,0,12,0,1.0,89,15,5.933333333333334
0,3,144,114,0,0,0,0,1,0,1,0,1,0,1,0,7,0,3.0,91,16,5.6875
1,60,96,0,1,0,2,5,1,1,0,0,0,0,1,0,12,0,1.0,446,85,5.247058823529412
0,1,144,0,1,1,0,0,1,0,1,0,1,0,1,0,12,0,8.0,464,86,5.395348837209302
0,3,144,0,0,1,0,0,1,1,0,0,1,0,1,0,2,0,2.0,153,26,5.884615384615385
0,2,22,0,0,0,1,5,1,1,2,0,2,1,1,150,12,0,4.0,732,107,6.841121495327103
1,5,104,0,0,0,0,0,1,1,0,0,0,0,1,150,12,1,20.0,810,164,4.939024390243903
1,3,105,0,0,0,0,0,0,0,1,1,1,0,2,0,12,0,2.0,210,34,6.176470588235294
1,12,105,0,1,0,5,5,1,0,1,1,1,0,1,0,12,0,12.0,4500,839,5.363528009535161
1,4,135,0,1,0,5,5,0,1,1,1,1,0,1,0,8,0,1.0,196,38,5.157894736842105
1,18,105,0,1,0,6,0,1,0,1,1,1,1,1,0,2,0,5.0,73,8,9.125
1,15,143,0,0,0,6,0,1,0,0,0,1,0,1,0,12,0,3.0,138,29,4.758620689655173
1,1,105,0,0,6,0,0,1,0,1,0,1,0,1,0,12,0,15.0,2489,469,5.3070362473347545
1,1,82,0,1,6,0,0,1,1,1,1,1,0,1,0,12,0,5.0,191,42,4.5476190476190474
0,12,41,0,0,0,0,0,0,0,0,0,1,0,1,300,2,0,5.0,140,30,4.666666666666667
1,1,105,0,2,0,5,5,0,0,1,1,1,0,3,0,12,0,5.0,763,145,5.2620689655172415
0,4,144,0,1,0,6,0,1,1,1,0,1,0,2,0,2,0,6.0,851,161,5.285714285714286
0,24,144,0,1,1,6,0,1,0,0,0,0,0,5,0,2,0,1.0,226,43,5.255813953488372
1,12,105,0,0,0,0,0,1,1,2,2,1,1,1,0,12,0,3.0,187,36,5.194444444444445
0,36,144,0,0,1,0,0,1,1,1,1,1,1,1,1,2,0,2.0,332,64,5.1875
0,48,144,0,0,1,6,0,1,0,0,0,0,0,1,0,2,0,4.0,568,109,5.2110091743119265
0,1,144,0,0,0,1,0,1,0,2,2,1,0,1,0,2,0,2.0,99,20,4.95
1,6,122,110,1,0,1,2,0,1,1,1,1,0,1,0,12,0,3.0,634,121,5.239669421487603
1,2,105,0,1,0,6,0,0,0,1,2,1,0,1,0,2,0,1.0,175,28,6.25
1,4,105,0,2,0,5,5,0,0,1,1,1,0,3,0,12,0,1.0,84,17,4.9411764705882355
1,1,104,0,2,1,2,4,1,1,1,1,1,0,4,0,2,0,5.0,1070,177,6.045197740112994
1,3,105,0,0,1,6,0,0,0,1,1,1,0,1,0,2,0,1.0,726,130,5.584615384615384
1,2,105,0,2,0,1,5,0,0,0,0,1,0,2,0,2,0,2.0,658,126,5.222222222222222
0,2,144,114,0,0,1,1,0,1,0,0,1,0,1,0,2,0,5.0,390,75,5.2
1,3,103,0,1,0,5,5,1,2,1,1,1,0,1,100,2,0,2.0,76,10,7.6
0,255,144,0,0,1,6,0,1,1,2,2,2,0,1,0,4,0,3.0,73,14,5.214285714285714
0,3,144,0,0,0,0,0,1,0,0,0,1,0,1,0,2,0,3.0,817,168,4.863095238095238
1,36,103,0,0,0,6,0,2,2,1,1,0,0,1,0,12,0,5.0,209,37,5.648648648648648
1,3,105,0,1,0,6,0,0,1,0,0,1,0,1,150,2,0,6.0,214,38,5.631578947368421
0,4,144,0,1,4,0,0,0,2,1,1,1,0,1,0,4,0,3.0,289,55,5.254545454545455
0,36,5,0,1,0,1,0,2,1,0,0,0,0,1,0,12,0,5.0,313,64,4.890625
1,9,105,0,1,0,0,0,1,1,0,0,0,0,1,0,2,0,1.0,78,15,5.2
0,4,22,114,0,4,0,0,1,0,1,0,0,0,1,50,2,0,3.0,183,34,5.382352941176471
0,5,144,114,2,0,1,5,1,1,0,0,0,0,15,0,3,0,11.0,246,48,5.125
0,2,144,0,2,0,1,5,1,0,1,1,1,0,6,0,12,0,1.0,276,50,5.52
0,2,144,0,1,0,1,0,1,1,0,0,1,0,1,80,3,0,1.0,255,42,6.071428571428571
0,15,144,0,0,1,0,0,2,0,1,1,1,0,1,0,2,0,2.0,262,47,5.574468085106383
0,1,144,0,0,2,0,0,0,0,1,1,2,0,1,0,12,0,2.0,110,24,4.583333333333333
0,12,144,0,0,1,0,0,1,0,0,0,2,0,1,0,2,2,10.0,4549,883,5.151755379388448
0,24,41,0,0,6,0,0,1,1,0,0,1,0,1,250,12,0,2.0,540,110,4.909090909090909
0,2,144,0,0,0,1,0,0,0,1,1,1,0,3,0,2,0,1.0,362,69,5.246376811594203
0,6,144,0,1,1,4,0,1,0,0,0,0,0,2,0,12,0,2.0,801,129,6.209302325581396
1,1,104,0,1,5,6,0,1,1,1,1,1,0,1,0,2,0,3.0,236,47,5.0212765957446805
1,2,105,0,1,6,0,0,1,0,0,0,1,0,1,30,2,0,1.0,371,66,5.621212121212121
1,3,105,82,0,0,5,5,1,0,0,0,1,0,1,0,2,1,4.0,630,112,5.625
1,2,83,0,1,1,5,5,1,2,0,0,1,0,1,400,2,1,11.0,1363,241,5.655601659751038
0,72,166,0,1,0,1,0,2,0,0,0,0,0,1,0,2,0,4.0,359,70,5.128571428571429
0,2,144,114,1,0,6,0,0,0,2,2,2,0,3,0,2,0,1.0,78,10,7.8
0,8,144,0,1,1,4,0,1,0,0,0,0,0,1,0,12,0,8.0,83,14,5.928571428571429
1,4,87,72,1,1,5,5,0,0,1,1,1,0,3,0,2,0,2.0,80,15,5.333333333333333
1,5,135,0,1,0,1,1,1,0,1,1,1,0,1,0,2,0,2.0,814,168,4.845238095238095
0,7,65,114,0,1,2,5,1,1,2,2,1,0,1,0,2,0,2.0,185,31,5.967741935483871
1,4,105,0,1,6,0,0,1,0,1,1,1,0,1,0,12,0,2.0,274,54,5.074074074074074
0,12,5,0,1,0,1,0,2,1,2,2,2,0,1,0,2,0,4.0,441,82,5.378048780487805
1,6,126,0,0,5,0,0,1,0,2,2,1,0,1,0,2,0,3.0,238,47,5.0638297872340425
1,36,105,101,1,5,6,0,0,0,2,2,2,0,1,0,2,0,2.0,984,179,5.4972067039106145
0,4,144,0,0,0,0,0,1,0,1,1,1,0,1,0,12,0,2.0,84,15,5.6
0,1,22,114,1,1,0,0,1,0,2,2,1,0,1,0,2,0,1.0,115,19,6.052631578947368
0,4,144,0,1,0,0,0,1,0,2,2,2,0,1,0,2,0,2.0,88,16,5.5
1,2,105,0,0,0,0,0,0,0,1,0,1,0,1,0,12,0,12.0,647,111,5.828828828828829
1,2,103,0,0,0,0,0,1,2,1,2,2,0,1,0,12,1,3.0,31,6,5.166666666666667
1,3,135,0,1,0,5,0,0,1,1,1,1,0,1,0,12,0,5.0,248,46,5.391304347826087
0,1,144,0,0,0,1,0,0,0,1,1,2,0,1,0,2,0,2.0,127,24,5.291666666666667
0,36,47,0,0,0,1,0,1,0,0,0,2,0,1,0,12,0,4.0,308,64,4.8125
1,2,104,0,1,0,3,5,0,1,1,0,1,0,1,0,12,0,5.0,578,113,5.115044247787611
0,12,166,114,1,0,3,0,1,0,0,0,0,0,1,0,2,0,4.0,618,117,5.282051282051282
0,60,69,114,0,4,5,0,1,1,2,2,1,0,1,0,2,0,5.0,902,180,5.011111111111111
1,1,105,0,0,1,2,5,1,0,1,1,1,0,1,0,2,0,26.0,864,163,5.300613496932515
0,3,144,0,1,0,1,0,1,1,0,0,1,0,1,0,2,0,3.0,101,18,5.611111111111111
1,3,105,0,1,4,0,0,1,1,0,0,1,0,1,0,2,0,1.0,263,50,5.26
1,4,104,0,1,3,0,0,0,0,1,1,1,0,1,0,12,0,4.0,79,13,6.076923076923077
1,7,104,0,1,5,0,0,1,1,1,1,1,0,1,0,3,0,1.0,200,39,5.128205128205129
1,1,105,0,1,0,0,0,2,0,1,0,1,0,2,0,2,0,4.0,263,52,5.0576923076923075
0,36,69,30,0,0,5,5,2,1,0,0,0,0,1,200,2,0,2.0,363,52,6.980769230769231
1,2,105,0,0,0,1,5,1,0,1,1,1,0,4,0,7,0,8.0,174,32,5.4375
1,11,105,0,0,0,5,5,1,0,0,0,1,0,1,0,2,0,3.0,151,33,4.575757575757576
1,1,104,0,1,6,0,0,0,1,1,1,1,0,1,0,12,0,2.0,23,4,5.75
1,2,105,81,0,0,6,0,0,0,1,1,0,0,1,0,2,0,4.0,226,46,4.913043478260869
0,2,144,0,1,1,6,0,1,0,1,0,1,0,1,0,4,0,1.0,297,59,5.033898305084746
0,1,144,0,1,0,6,0,1,1,2,2,1,0,1,0,2,0,1.0,107,18,5.944444444444445
0,48,18,0,1,1,4,5,0,0,0,0,0,0,1,100,6,0,5.0,706,111,6.36036036036036
1,1,104,0,2,1,3,4,1,1,1,1,1,0,4,0,12,0,8.0,416,83,5.0120481927710845
0,3,144,0,2,1,2,3,1,0,1,0,1,0,7,15,2,1,14.0,536,97,5.525773195876289
0,12,144,0,0,1,6,0,1,0,1,0,1,0,1,0,2,0,2.0,206,36,5.722222222222222
0,8,65,35,1,0,1,0,1,0,2,0,1,0,1,0,12,0,1.0,231,49,4.714285714285714
1,1,105,0,2,0,6,0,0,0,2,2,1,0,2,0,2,1,4.0,170,32,5.3125
0,2,144,0,1,6,0,0,1,1,1,1,1,0,1,0,2,0,1.0,65,11,5.909090909090909
1,2,105,0,0,1,6,0,1,1,0,0,1,0,1,0,2,0,2.0,214,44,4.863636363636363
1,24,103,0,1,1,0,0,1,2,0,0,0,0,1,150,7,0,1.0,211,36,5.861111111111111
1,36,104,0,1,0,5,0,1,1,1,1,1,0,1,0,12,0,3.0,340,63,5.396825396825397
0,1,144,0,0,0,5,5,1,1,1,1,2,0,1,250,2,0,1.0,45,8,5.625
1,3,104,0,2,0,4,4,0,1,1,1,1,0,4,0,2,0,10.0,129,20,6.45
1,24,104,0,1,0,3,5,2,1,0,0,0,0,1,0,12,0,5.0,47,3,15.666666666666666
0,3,144,0,1,0,1,0,1,1,1,1,1,0,1,0,2,0,0.0,216,35,6.171428571428572
1,2,105,0,0,3,6,0,1,0,1,0,1,0,1,0,12,0,3.0,355,74,4.797297297297297
1,2,104,0,2,2,6,0,0,1,1,1,1,0,7,0,4,0,5.0,199,39,5.102564102564102
0,36,69,0,0,6,0,0,1,2,2,0,1,0,1,0,2,0,5.0,247,40,6.175
0,14,144,0,1,1,2,0,1,0,0,0,0,0,1,0,2,0,5.0,385,70,5.5
0,84,54,0,1,0,1,5,1,0,0,0,0,0,1,100,3,0,1.0,19,3,6.333333333333333
1,4,105,0,0,0,6,0,1,0,1,1,1,0,1,0,8,1,5.0,300,54,5.555555555555555
0,3,144,0,1,0,1,0,1,0,1,1,1,0,1,0,12,0,3.0,53,10,5.3
1,9,104,81,2,0,3,5,1,1,1,2,2,0,2,0,4,0,3.0,34,6,5.666666666666667
0,2,144,114,1,1,5,0,1,0,0,0,1,0,2,0,2,0,2.0,340,50,6.8
0,3,166,130,1,0,6,0,2,0,0,0,1,0,1,0,12,0,2.0,269,54,4.981481481481482
1,1,135,0,0,2,0,0,2,0,1,1,1,0,1,0,2,0,12.0,755,148,5.101351351351352
0,60,166,0,1,1,0,0,2,0,2,2,0,1,1,0,2,0,2.0,415,79,5.253164556962025
0,1,144,0,0,0,1,0,1,1,1,1,1,0,1,0,3,0,1.0,131,22,5.954545454545454
1,1,104,0,1,0,5,5,1,1,1,1,1,0,1,0,2,0,4.0,953,192,4.963541666666667
0,2,144,0,1,1,0,0,1,0,1,1,1,0,1,20,3,0,1.0,144,25,5.76
0,4,144,0,1,1,0,0,1,0,0,0,1,0,1,50,2,0,1.0,147,24,6.125
0,1,144,0,2,0,1,0,1,1,1,1,1,0,6,0,2,0,1.0,115,22,5.2272727272727275
0,2,41,0,0,4,0,0,1,2,0,0,1,0,1,50,2,0,4.0,161,26,6.1923076923076925
0,1,144,0,2,0,1,3,1,0,1,1,1,0,9,0,2,0,15.0,1000,181,5.524861878453039
0,30,144,0,0,0,0,0,1,1,0,0,0,0,1,0,2,0,1.0,257,52,4.9423076923076925
1,3,105,0,0,0,0,0,1,0,1,0,1,0,1,0,12,0,20.0,84,12,7.0
0,3,144,0,1,0,6,0,1,0,0,0,1,0,1,0,12,0,9.0,179,33,5.424242424242424
1,6,105,0,0,1,6,0,1,0,0,0,1,0,1,0,2,0,4.0,610,104,5.865384615384615
1,2,105,0,2,0,1,0,1,0,1,0,1,0,2,0,2,0,3.0,415,78,5.32051282051282
0,2,144,0,2,0,1,0,1,0,0,0,1,0,12,0,12,0,6.0,116,20,5.8
1,4,105,0,1,6,0,0,1,0,0,0,1,0,1,0,2,0,3.0,225,43,5.232558139534884
1,24,103,0,2,0,1,5,2,2,1,0,1,0,2,0,12,0,6.0,339,61,5.557377049180328
1,2,105,0,1,3,4,0,0,0,1,1,1,0,1,0,2,0,3.0,31,7,4.428571428571429
0,16,144,0,1,0,1,5,1,0,0,0,0,0,1,0,7,0,5.0,855,136,6.286764705882353
0,1,144,0,1,0,1,0,1,1,2,2,1,0,1,0,2,0,1.0,119,21,5.666666666666667
0,3,144,0,2,1,0,0,1,0,1,1,1,0,2,0,2,0,4.0,355,67,5.298507462686567
0,2,144,114,1,1,0,0,0,0,2,2,2,0,1,0,2,0,2.0,20,3,6.666666666666667
1,2,105,0,2,0,1,4,0,1,1,1,1,0,3,30,2,0,4.0,498,90,5.533333333333333
0,22,8,0,0,2,0,0,2,2,0,0,1,0,1,0,2,0,1.0,376,72,5.222222222222222
0,11,144,4,0,0,1,0,1,1,2,2,2,0,1,0,2,0,4.0,181,35,5.171428571428572
0,15,26,0,1,6,0,0,0,1,0,0,0,0,1,0,2,0,2.0,278,54,5.148148148148148
1,1,135,82,1,0,1,5,1,1,1,1,1,0,1,0,2,0,2.0,1143,220,5.195454545454545
0,24,69,0,0,6,0,0,1,1,2,2,2,0,1,100,3,0,3.0,69,16,4.3125
1,1,105,113,2,0,6,0,1,0,1,0,1,0,2,0,12,0,4.0,15,2,7.5
0,2,144,0,1,1,0,0,1,0,0,0,1,0,1,0,2,0,1.0,306,57,5.368421052631579
1,24,104,81,2,1,3,5,1,1,0,2,2,0,6,0,2,0,5.0,90,15,6.0
0,4,144,0,0,4,6,0,1,1,0,0,1,0,1,0,2,0,2.0,354,69,5.130434782608695
1,3,105,0,1,2,3,5,1,0,1,1,1,0,1,10,10,0,5.0,137,22,6.2272727272727275
1,2,112,0,1,0,2,5,0,0,1,0,1,1,3,0,12,0,1.0,20,3,6.666666666666667
0,2,144,129,1,0,1,0,1,0,0,0,1,0,1,0,3,0,6.0,236,39,6.051282051282051
1,16,105,0,0,0,1,4,2,1,0,0,1,0,1,0,12,0,11.0,345,71,4.859154929577465
1,24,103,0,1,0,3,3,1,2,0,0,1,0,1,0,2,0,5.0,421,78,5.397435897435898
0,1,144,0,0,0,2,5,1,0,0,0,1,0,1,0,2,0,6.0,1650,269,6.133828996282528
1,1,105,0,0,0,5,5,1,0,1,0,1,0,1,0,2,0,3.0,452,79,5.7215189873417724
0,3,144,0,0,0,1,5,1,0,1,0,2,0,3,0,2,0,3.0,165,30,5.5
1,2,105,82,0,1,0,0,0,0,1,1,1,0,1,0,2,0,5.0,12,2,6.0
1,84,105,0,0,0,1,5,2,0,1,0,0,1,1,200,2,0,11.0,564,87,6.482758620689655
1,1,84,64,1,0,1,5,0,0,1,1,1,1,1,0,2,0,4.0,197,35,5.628571428571429
0,2,144,114,1,1,6,0,1,1,1,0,1,0,1,0,2,0,5.0,14,3,4.666666666666667
1,2,96,0,2,0,3,5,1,1,1,1,1,0,2,0,2,0,5.0,129,21,6.142857142857143
0,24,147,114,1,1,6,0,1,1,0,0,0,0,1,0,5,0,1.0,85,16,5.3125
1,1,105,0,0,3,6,0,1,0,1,1,1,0,1,0,2,0,7.0,595,96,6.197916666666667
0,3,144,0,1,0,1,4,0,1,1,1,1,0,1,0,2,0,2.0,102,22,4.636363636363637
1,2,104,82,2,0,5,5,0,1,0,0,1,0,2,200,2,0,11.0,21,4,5.25
0,2,144,0,1,0,1,0,1,0,2,2,1,0,1,0,2,0,1.0,103,16,6.4375
0,24,22,114,0,3,0,0,2,0,2,2,0,1,1,0,12,0,2.0,35,6,5.833333333333333
0,2,171,114,1,1,6,0,1,0,2,2,1,0,1,0,2,0,4.0,121,21,5.761904761904762
1,1,105,0,2,1,5,5,1,1,2,2,2,0,3,0,12,0,5.0,340,61,5.573770491803279
1,4,105,0,2,1,2,5,0,0,1,0,1,0,5,0,2,0,9.0,363,60,6.05
1,1,105,0,0,5,6,0,1,0,0,0,1,0,1,0,7,0,2.0,365,74,4.9324324324324325
1,1,105,0,0,1,5,5,1,0,1,0,1,0,1,0,2,1,4.0,958,173,5.53757225433526
1,14,122,0,0,2,6,0,1,1,2,2,2,0,1,0,12,0,4.0,119,17,7.0
1,3,105,0,0,0,0,0,1,0,0,0,1,0,1,0,2,0,6.0,485,86,5.6395348837209305
0,1,38,0,2,0,1,5,1,0,1,1,1,0,3,200,7,0,3.0,171,29,5.896551724137931
1,1,105,0,0,1,6,0,0,1,1,1,1,0,1,0,12,0,2.0,173,36,4.805555555555555
1,2,135,0,0,0,4,4,0,0,1,1,1,0,1,0,2,0,4.0,81,15,5.4
0,1,144,114,1,1,6,0,1,1,1,0,1,0,1,0,2,0,1.0,14,3,4.666666666666667
0,7,144,0,1,1,0,0,1,0,0,0,1,0,1,0,2,0,5.0,259,50,5.18
1,2,104,0,0,0,6,0,1,1,1,0,1,0,1,0,2,1,2.0,364,69,5.27536231884058
0,2,144,0,0,1,0,0,1,1,0,0,1,0,1,0,12,0,4.0,202,45,4.488888888888889
0,5,166,114,0,0,1,0,1,0,0,0,1,0,1,0,2,0,3.0,105,17,6.176470588235294
0,1,144,0,2,0,1,5,0,0,0,2,2,0,6,0,7,0,2.0,64,11,5.818181818181818
1,3,105,0,0,2,0,0,1,0,1,1,1,0,1,0,12,0,6.0,566,112,5.053571428571429
0,2,144,0,0,0,1,0,1,0,1,1,1,0,1,0,2,0,5.0,123,19,6.473684210526316
1,1,104,0,1,0,5,5,1,1,1,1,1,0,1,0,2,0,6.0,301,61,4.934426229508197
1,9,105,0,1,0,4,5,1,0,1,1,1,0,1,0,2,0,4.0,317,55,5.763636363636364
1,5,105,82,1,1,5,5,0,0,0,0,1,0,1,0,2,0,5.0,681,125,5.448
1,4,104,81,0,0,6,0,1,1,1,0,1,0,1,0,2,0,5.0,43,9,4.777777777777778
1,1,105,0,1,2,4,0,1,1,1,1,1,0,1,60,2,0,3.0,392,82,4.780487804878049
1,3,105,0,2,0,1,4,0,0,1,0,1,0,4,0,12,0,5.0,490,95,5.157894736842105
0,1,144,0,1,1,4,0,1,0,1,1,1,0,1,0,2,0,1.0,55,11,5.0
1,2,105,0,2,0,3,5,1,0,1,0,1,0,2,0,12,0,4.0,305,57,5.350877192982456
0,1,144,0,2,1,6,0,1,1,1,1,1,0,7,0,2,0,5.0,310,55,5.636363636363637
1,3,84,0,2,5,6,0,0,0,1,1,1,0,2,0,12,0,2.0,527,95,5.5473684210526315
0,36,41,49,1,4,0,0,1,1,0,2,0,0,1,0,0,0,2.0,193,33,5.848484848484849
0,2,144,114,2,0,3,5,1,0,1,0,1,0,2,0,3,0,2.0,141,29,4.862068965517241
1,6,105,0,1,1,6,0,1,0,0,0,1,0,1,0,2,0,4.0,436,99,4.404040404040404
0,0,144,0,1,3,6,0,0,1,1,1,1,0,1,0,2,0,1.0,221,46,4.804347826086956
1,3,104,0,1,2,3,0,0,1,0,0,0,0,1,0,2,0,5.0,132,22,6.0
0,3,144,0,1,1,0,0,1,0,1,0,1,0,1,80,2,0,1.0,121,22,5.5
1,5,104,0,1,0,3,5,1,0,2,2,1,0,1,0,2,0,1.0,304,59,5.1525423728813555
0,11,144,0,0,0,1,5,1,0,0,2,1,0,1,0,2,0,4.0,226,41,5.512195121951219
0,12,144,0,0,1,2,3,1,0,1,1,1,0,1,0,2,0,5.0,38,6,6.333333333333333
0,2,144,0,1,0,1,0,1,0,2,2,1,0,1,0,2,0,2.0,105,17,6.176470588235294
0,3,69,39,1,2,4,5,1,1,2,2,2,0,1,0,2,0,1.0,40,5,8.0
1,12,104,0,1,0,5,5,1,1,0,0,0,0,1,0,2,0,1.0,557,106,5.254716981132075
0,108,60,0,1,1,6,0,0,1,2,0,2,1,1,0,2,0,2.0,765,141,5.425531914893617
1,2,105,0,1,0,6,0,1,0,0,0,1,0,1,0,12,0,12.0,316,62,5.096774193548387
1,8,85,107,1,0,1,5,1,0,1,1,0,0,1,0,2,0,6.0,397,82,4.841463414634147
1,2,140,82,1,0,2,3,0,0,1,0,1,0,1,0,2,0,10.0,227,38,5.973684210526316
1,6,105,0,2,3,5,5,1,1,2,2,0,0,3,0,7,0,3.0,427,69,6.188405797101449
0,12,144,0,0,1,0,0,1,0,0,0,0,0,1,0,12,0,1.0,64,14,4.571428571428571
1,2,104,81,2,0,5,5,0,1,1,1,1,0,4,0,12,0,5.0,48,7,6.857142857142857
1,4,103,0,0,1,0,0,0,2,0,0,1,0,1,0,12,0,1.0,741,138,5.369565217391305
1,48,120,94,1,0,6,0,1,0,0,0,0,0,1,0,12,0,1.0,280,56,5.0
1,6,104,81,1,5,6,0,1,0,2,2,2,0,1,0,12,0,3.0,303,59,5.135593220338983
1,3,122,81,0,2,0,0,0,1,0,0,1,0,1,200,12,0,4.0,339,72,4.708333333333333
0,3,144,0,0,0,6,0,1,0,1,1,1,0,1,10,1,0,1.0,57,11,5.181818181818182
1,30,105,0,1,4,5,5,1,1,0,0,0,0,1,1,2,0,1.0,156,28,5.571428571428571
1,1,122,101,0,6,0,0,0,1,1,1,1,0,1,108,7,0,2.0,104,19,5.473684210526316
0,2,144,0,0,0,1,0,1,1,0,0,1,0,1,50,2,0,1.0,67,12,5.583333333333333
0,2,144,0,1,1,0,0,1,0,1,1,1,0,1,20,3,0,1.0,117,20,5.85
1,6,105,0,0,2,6,0,1,0,1,0,1,0,1,30,2,0,1.0,318,57,5.578947368421052
1,4,105,0,0,1,6,0,0,0,1,1,1,0,1,30,12,0,3.0,434,81,5.3580246913580245
0,3,5,53,1,0,0,0,1,1,0,0,1,0,1,0,2,0,9.0,1203,214,5.621495327102804
1,7,105,82,1,5,6,0,1,0,0,0,0,0,1,0,2,0,9.0,39,3,13.0
0,1,144,0,1,0,1,0,1,0,0,0,1,0,1,0,2,0,7.0,430,75,5.733333333333333
1,3,105,0,1,5,6,0,1,0,1,1,1,0,1,0,2,0,6.0,883,155,5.696774193548387
0,2,144,0,1,0,1,0,1,1,0,0,1,0,1,0,2,0,7.0,166,28,5.928571428571429
1,2,105,0,0,1,0,0,1,1,0,0,1,0,1,0,2,0,0.0,266,54,4.925925925925926
1,3,135,0,1,0,1,0,0,0,1,0,1,0,1,0,12,0,5.0,262,37,7.081081081081081
0,18,144,128,0,4,0,0,1,0,0,0,1,0,1,0,4,0,2.0,350,76,4.605263157894737
1,3,104,0,0,1,6,0,0,1,0,0,2,0,1,0,12,0,1.0,509,91,5.593406593406593
1,10,105,0,1,0,6,0,1,1,1,1,2,0,2,0,12,0,2.0,18,4,4.5
0,12,144,0,0,4,6,0,1,1,0,0,2,0,1,0,2,0,2.0,20,4,5.0
1,2,105,0,2,1,6,0,1,0,1,1,1,0,3,0,2,0,3.0,109,23,4.739130434782608
0,12,8,0,0,2,0,0,2,2,0,0,2,0,1,0,7,0,1.0,214,40,5.35
0,2,144,0,2,1,0,0,1,0,1,1,1,0,4,0,2,0,5.0,424,81,5.234567901234568
0,1,144,0,0,2,0,0,1,0,1,1,1,0,1,0,2,0,1.0,75,11,6.818181818181818
0,2,144,0,0,1,0,0,1,1,1,0,1,0,1,0,12,0,5.0,237,45,5.266666666666667
1,4,105,0,1,4,5,0,1,0,2,2,1,0,1,50,2,0,1.0,707,130,5.438461538461539
1,24,104,0,1,5,0,0,1,1,1,0,1,0,1,0,2,1,4.0,635,122,5.204918032786885
0,2,144,54,0,0,6,0,1,0,1,1,1,0,1,0,2,0,7.0,324,57,5.684210526315789
1,24,132,0,0,1,0,0,1,1,2,0,1,0,1,0,0,0,5.0,98,17,5.764705882352941
1,2,105,0,1,0,5,5,0,0,0,0,1,0,2,0,2,0,0.0,554,96,5.770833333333333
1,5,130,0,1,0,5,5,0,0,0,0,0,0,1,0,2,0,4.0,263,53,4.962264150943396
0,4,144,0,0,1,0,0,1,0,0,0,0,0,1,0,2,0,1.0,435,88,4.943181818181818
1,1,135,0,1,0,3,5,1,1,1,1,1,0,1,0,12,0,4.0,92,13,7.076923076923077
1,1,104,0,0,6,0,0,0,1,1,1,1,0,1,0,0,0,3.0,699,143,4.888111888111888
0,12,144,114,1,4,6,0,1,0,2,2,2,0,1,0,5,0,5.0,53,9,5.888888888888889
1,16,105,0,1,0,6,0,2,0,1,1,1,0,1,0,2,0,5.0,464,94,4.9361702127659575
1,24,105,0,0,4,6,0,1,0,0,0,0,0,1,0,12,0,1.0,825,159,5.188679245283019
1,4,105,0,1,0,5,0,1,0,1,1,1,0,2,0,2,0,3.0,461,84,5.488095238095238
0,23,144,114,1,1,0,0,2,1,0,0,0,0,1,0,2,0,2.0,296,61,4.852459016393443
1,2,105,0,2,0,1,5,1,0,1,1,1,0,2,0,2,0,6.0,459,88,5.215909090909091
1,4,105,0,1,0,6,0,0,1,0,0,1,0,1,0,12,0,5.0,493,104,4.740384615384615
0,12,144,0,0,0,1,5,1,1,2,2,2,0,1,0,2,0,6.0,691,139,4.971223021582734
1,2,105,82,2,0,4,4,0,0,1,1,1,0,3,0,12,0,5.0,218,36,6.055555555555555
0,24,41,25,2,1,0,0,0,2,1,0,1,0,2,0,12,0,4.0,309,54,5.722222222222222
0,2,144,114,1,0,1,5,1,1,1,0,1,0,1,0,12,0,2.0,280,52,5.384615384615385
1,60,95,0,1,1,2,4,1,2,0,0,1,0,1,0,7,0,11.0,476,91,5.230769230769231
1,12,140,0,1,0,3,5,0,1,0,0,0,0,1,0,12,0,1.0,195,33,5.909090909090909
1,3,105,0,0,0,6,0,1,1,1,0,1,0,1,0,2,0,1.0,319,56,5.696428571428571
0,5,144,0,2,0,1,0,1,0,2,2,2,0,2,100,12,0,2.0,17,2,8.5
0,60,65,114,1,0,0,0,1,1,0,0,0,0,1,0,12,1,4.0,737,139,5.302158273381295
1,3,105,0,0,2,3,0,0,0,2,2,2,0,1,0,12,0,4.0,34,6,5.666666666666667
1,8,105,0,1,0,6,0,1,1,1,1,1,0,1,0,2,0,3.0,222,41,5.414634146341464
0,72,69,53,0,4,6,0,1,1,0,0,1,0,1,0,12,0,1.0,416,72,5.777777777777778
1,1,104,0,1,0,2,5,1,1,1,1,1,0,1,0,7,0,3.0,91,19,4.7894736842105265
1,2,105,110,1,0,2,0,0,0,0,0,1,0,3,0,2,0,10.0,622,116,5.362068965517241
1,60,122,96,1,4,5,5,1,2,0,0,1,0,1,100,2,0,3.0,347,70,4.957142857142857
0,12,144,0,0,0,0,0,1,0,1,0,0,0,1,0,7,0,4.0,338,66,5.121212121212121
1,2,105,0,1,0,3,5,0,0,1,1,1,0,1,20,2,1,4.0,359,74,4.851351351351352
0,12,144,0,1,1,4,5,1,0,2,2,2,0,1,0,3,0,5.0,345,61,5.655737704918033
1,12,104,0,0,0,1,5,2,1,0,0,0,0,1,0,2,0,12.0,84,18,4.666666666666667
1,24,105,0,1,1,3,0,1,1,0,0,0,0,1,0,2,0,2.0,92,17,5.411764705882353
1,5,105,0,1,0,3,5,1,0,1,0,1,0,1,0,12,0,1.0,94,14,6.714285714285714
1,17,119,0,1,3,5,5,2,2,0,0,1,0,1,500,12,0,3.0,47,8,5.875
1,2,105,0,2,1,5,0,1,0,1,1,1,0,2,0,5,0,3.0,382,66,5.787878787878788
0,4,144,0,1,0,0,0,1,0,0,0,1,0,1,0,2,0,5.0,248,52,4.769230769230769
0,5,144,0,1,4,0,0,1,1,0,0,0,0,1,0,2,0,4.0,181,34,5.323529411764706
0,2,22,114,1,0,2,3,2,1,0,0,1,0,1,0,2,0,19.0,30,5,6.0
0,3,144,53,0,2,4,5,1,0,0,0,1,0,1,0,12,0,3.0,110,17,6.470588235294118
1,5,105,0,1,0,6,0,0,0,0,0,2,0,1,0,7,0,2.0,113,20,5.65
1,3,133,0,2,0,2,5,0,1,1,1,1,0,2,0,2,0,2.0,222,37,6.0
0,2,144,114,0,0,1,2,1,1,1,1,1,0,1,0,2,0,5.0,12,2,6.0
1,4,105,0,1,0,0,0,1,0,1,1,1,0,2,0,2,0,2.0,539,103,5.233009708737864
0,1,144,0,2,0,1,2,1,1,1,1,1,0,5,50,12,0,4.0,69,12,5.75
1,24,104,0,1,0,3,5,1,1,0,0,0,0,1,0,12,0,1.0,34,7,4.857142857142857
1,1,120,0,1,5,6,0,1,0,1,1,1,0,1,0,2,0,1.0,233,38,6.131578947368421
1,6,121,94,1,1,2,4,1,0,0,0,0,0,2,0,12,0,4.0,394,69,5.7101449275362315
1,3,105,0,1,0,3,4,1,0,1,1,1,0,1,50,12,0,4.0,134,26,5.153846153846154
1,2,104,0,0,0,4,4,2,1,0,0,0,0,1,0,2,0,1.0,26,4,6.5
0,2,144,0,1,0,1,5,1,1,0,1,1,0,1,40,3,0,1.0,516,90,5.733333333333333
0,16,144,0,2,1,3,5,1,0,2,2,2,0,5,0,3,0,5.0,607,118,5.1440677966101696
1,2,105,0,0,0,5,5,1,0,1,1,1,0,1,0,2,0,0.0,67,12,5.583333333333333
0,1,144,114,2,0,1,1,0,0,1,0,1,0,3,0,2,0,5.0,345,64,5.390625
0,12,144,0,1,0,6,0,1,2,2,2,2,1,1,0,2,0,3.0,1380,256,5.390625
0,1,144,114,0,6,0,0,1,1,0,0,1,0,1,0,2,0,2.0,12,2,6.0
0,4,144,114,1,0,1,0,1,1,0,0,1,0,1,0,2,0,4.0,12,2,6.0
1,4,105,94,0,5,0,0,0,1,1,1,1,0,1,0,12,0,2.0,60,10,6.0
0,24,166,0,1,1,0,0,3,0,0,0,0,0,1,0,2,0,2.0,425,75,5.666666666666667
0,9,5,114,1,1,0,0,1,0,0,0,1,0,1,0,2,0,7.0,690,129,5.348837209302325
1,6,105,0,0,0,6,0,1,0,0,0,0,0,2,0,2,0,11.0,343,72,4.763888888888889
0,2,144,0,0,1,6,0,1,0,1,1,1,0,1,0,2,0,1.0,168,31,5.419354838709677
0,2,144,114,1,0,1,3,1,0,0,1,1,0,3,0,5,0,1.0,337,59,5.711864406779661
1,2,94,101,1,4,0,0,1,0,1,0,1,0,1,150,2,0,4.0,176,31,5.67741935483871
0,2,144,4,0,1,4,0,1,0,0,0,1,0,3,0,12,0,1.0,102,18,5.666666666666667
1,36,104,0,0,1,6,0,1,1,0,0,0,0,1,0,2,0,3.0,549,93,5.903225806451613
0,3,144,0,1,0,1,0,1,0,0,0,1,0,1,0,2,0,0.0,304,60,5.066666666666666
1,1,105,0,0,0,6,0,0,0,1,1,1,1,1,0,2,0,1.0,334,66,5.0606060606060606
0,3,144,0,0,6,0,0,1,1,1,0,1,0,1,0,1,0,2.0,57,12,4.75
0,24,144,114,0,6,0,0,1,0,1,1,2,1,2,0,2,0,3.0,587,108,5.435185185185185
1,2,105,66,1,0,5,5,0,0,1,1,1,0,1,0,7,0,2.0,269,50,5.38
1,7,120,0,1,0,1,5,1,0,0,0,1,0,1,250,2,0,3.0,244,45,5.4222222222222225
1,12,105,0,0,0,0,0,0,0,1,1,1,0,1,0,2,0,1.0,95,17,5.588235294117647
1,3,104,80,2,0,6,0,1,1,1,0,1,0,2,50,2,0,3.0,102,20,5.1
0,36,5,0,1,0,1,0,3,0,2,2,2,0,1,0,2,0,3.0,160,31,5.161290322580645
1,12,105,0,1,2,0,0,1,0,0,0,0,0,1,50,12,0,1.0,46,9,5.111111111111111
1,19,104,101,1,1,6,0,1,1,2,2,1,0,1,0,2,0,6.0,1797,336,5.348214285714286
1,11,105,0,0,2,3,0,1,0,1,1,1,0,3,50,2,0,4.0,150,32,4.6875
0,3,144,0,1,0,3,0,2,0,2,0,2,0,1,0,2,0,4.0,195,26,7.5
1,3,105,0,1,0,5,5,1,0,1,0,1,0,1,0,12,0,5.0,543,103,5.271844660194175
0,1,144,0,1,1,0,0,1,0,1,0,1,1,1,38,2,0,1.0,277,52,5.326923076923077
0,48,155,30,1,4,0,0,0,0,2,2,2,0,1,0,2,0,4.0,271,53,5.113207547169812
0,2,144,0,2,1,0,0,1,0,0,0,1,0,4,0,12,0,1.0,643,115,5.591304347826087
0,10,165,114,1,0,6,0,1,0,0,0,0,0,1,100,2,0,8.0,1788,330,5.418181818181818
0,2,144,0,0,0,1,5,1,1,1,1,1,0,1,0,3,0,1.0,92,15,6.133333333333334
0,24,144,0,1,1,0,0,1,1,2,2,0,0,20,0,5,0,1.0,102,19,5.368421052631579
1,3,140,82,1,0,3,5,0,0,1,1,1,0,1,0,12,0,2.0,279,52,5.365384615384615
0,6,144,0,1,1,6,0,1,2,0,0,0,0,1,0,2,0,4.0,416,74,5.621621621621622
0,1,144,76,1,0,1,0,2,1,0,0,1,0,1,0,2,0,3.0,316,53,5.962264150943396
0,1,144,0,2,0,1,0,1,0,0,0,1,0,2,0,2,0,5.0,39,5,7.8
0,7,65,114,1,1,6,0,1,1,2,2,0,0,1,0,2,0,5.0,165,30,5.5
1,6,105,0,1,3,0,0,0,0,0,0,0,0,1,0,2,0,1.0,321,65,4.938461538461539
0,2,144,0,1,1,6,0,1,1,2,2,1,0,1,0,2,0,3.0,136,23,5.913043478260869
1,6,105,0,1,5,6,0,1,0,1,1,1,0,1,0,2,0,5.0,56,10,5.6
1,17,103,0,1,6,0,0,1,2,0,0,0,0,1,380,2,0,2.0,280,53,5.283018867924528
0,4,166,114,0,0,1,0,1,1,0,0,1,0,1,0,2,0,3.0,85,16,5.3125
1,112,105,0,0,0,6,0,0,0,1,1,1,0,1,0,12,0,5.0,271,50,5.42
1,2,105,0,0,3,6,0,1,0,0,0,1,0,1,0,7,0,2.0,726,149,4.87248322147651
0,24,144,0,1,2,0,0,1,0,0,0,0,0,1,0,12,0,3.0,414,80,5.175
0,3,144,0,1,1,6,0,1,0,1,0,1,0,1,0,3,0,3.0,220,37,5.945945945945946
1,13,104,91,1,2,6,0,1,1,0,0,0,0,1,0,2,0,4.0,279,57,4.894736842105263
0,2,144,0,1,0,1,0,1,0,0,0,1,0,1,0,12,0,2.0,154,28,5.5
0,3,144,0,1,1,0,0,1,0,0,0,1,0,1,0,2,0,7.0,335,60,5.583333333333333
1,0,104,0,0,1,2,0,0,1,2,2,2,1,1,0,12,0,1.0,318,56,5.678571428571429
0,4,144,0,1,6,0,0,1,1,1,1,1,0,1,0,2,0,2.0,156,25,6.24
0,60,10,0,1,5,0,0,2,0,1,0,0,0,1,0,2,0,2.0,45,9,5.0
1,2,105,0,1,0,4,5,0,0,0,0,1,0,1,0,2,0,2.0,127,22,5.7727272727272725
0,0,144,114,0,1,0,0,0,0,2,2,2,0,1,0,7,0,8.0,59,11,5.363636363636363
1,5,104,0,1,5,6,0,1,1,1,1,1,0,1,0,2,0,3.0,125,21,5.9523809523809526
0,2,144,0,1,0,1,0,1,0,1,1,1,0,1,0,2,0,2.0,175,34,5.147058823529412
0,1,144,0,0,1,2,0,1,0,1,1,1,0,1,0,2,0,1.0,508,106,4.7924528301886795
0,2,144,0,2,1,4,5,2,0,0,0,1,0,6,0,2,0,1.0,326,44,7.409090909090909
1,2,105,0,1,1,3,0,1,0,1,1,1,0,1,0,2,0,4.0,152,24,6.333333333333333
0,3,144,0,1,0,1,0,1,0,1,0,1,0,1,0,7,0,3.0,460,85,5.411764705882353
0,24,36,0,1,1,4,0,0,2,0,0,0,0,1,200,2,0,3.0,242,43,5.627906976744186
0,12,144,0,0,6,0,0,1,0,1,1,1,0,1,0,12,0,2.0,159,31,5.129032258064516
0,5,5,0,0,1,2,0,1,1,0,0,1,0,1,0,2,0,2.0,341,62,5.5
0,48,159,0,0,4,0,0,1,1,0,0,0,0,1,0,2,0,5.0,272,40,6.8
0,3,144,114,0,0,1,3,1,0,1,1,1,0,1,0,2,0,3.0,41,6,6.833333333333333
1,4,104,0,1,5,0,0,1,1,1,1,1,0,1,0,2,0,2.0,40,7,5.714285714285714
1,3,105,0,1,0,6,0,2,0,1,1,1,0,1,0,12,0,4.0,248,45,5.511111111111111
1,8,105,0,2,0,5,0,0,0,0,0,2,0,4,0,12,0,5.0,576,116,4.9655172413793105
0,48,144,0,1,2,4,0,1,1,1,0,0,0,1,0,1,0,1.0,348,68,5.117647058823529
0,12,165,114,1,0,6,0,1,0,0,0,0,0,1,0,7,0,2.0,238,43,5.534883720930233
1,2,135,0,2,0,2,5,1,0,1,1,1,0,5,0,8,0,3.0,601,113,5.31858407079646
1,4,105,0,2,0,1,5,0,0,1,1,1,0,3,0,2,0,3.0,100,19,5.2631578947368425
0,2,144,0,2,0,1,0,1,0,1,1,1,0,2,0,4,0,2.0,315,62,5.080645161290323
0,18,144,114,1,2,0,0,1,2,0,0,1,0,1,0,2,0,8.0,376,80,4.7
0,24,166,114,1,1,6,0,2,0,0,0,0,0,1,0,12,0,5.0,2084,314,6.6369426751592355
0,2,144,0,1,1,0,0,1,0,0,0,1,0,1,0,12,0,7.0,21,5,4.2
0,84,77,0,1,6,0,0,1,1,2,2,2,0,1,100,2,0,3.0,400,78,5.128205128205129
1,2,105,0,0,1,4,0,1,0,1,0,1,0,1,0,4,0,3.0,84,15,5.6
0,12,144,4,0,0,1,0,0,0,0,0,1,0,1,0,12,0,6.0,754,135,5.5851851851851855
1,12,105,0,1,0,6,0,1,1,1,0,0,0,1,0,12,0,2.0,89,18,4.944444444444445
1,12,84,82,0,0,1,4,1,0,0,0,0,0,1,300,12,0,3.0,350,72,4.861111111111111
1,2,104,0,1,1,6,0,1,1,1,1,1,0,1,0,2,0,5.0,255,48,5.3125
0,12,144,0,0,1,6,0,1,1,0,0,0,0,2,0,12,0,1.0,2489,435,5.7218390804597705
0,6,144,0,1,0,1,0,1,1,1,1,1,0,2,0,12,0,2.0,501,103,4.864077669902913
1,2,96,0,0,3,6,0,0,1,1,1,1,0,1,0,2,0,4.0,81,16,5.0625
1,2,105,0,1,0,0,0,0,0,1,1,1,0,1,0,2,3,4.0,586,114,5.140350877192983
1,1,105,82,2,0,3,5,0,0,1,1,1,0,2,0,7,0,15.0,192,40,4.8
0,2,69,114,0,1,2,5,1,1,0,0,1,0,1,0,2,0,5.0,165,29,5.689655172413793
1,7,105,0,0,3,6,0,1,0,0,0,1,0,1,0,2,0,3.0,8,1,8.0
0,24,17,0,0,1,6,0,1,0,0,2,1,0,1,1,2,0,1.0,20,3,6.666666666666667
1,2,105,0,0,5,6,0,1,0,0,0,1,0,1,0,7,0,7.0,417,77,5.415584415584416
1,1,96,82,2,0,3,5,1,0,1,1,1,0,4,30,2,0,15.0,285,55,5.181818181818182
0,36,144,0,0,1,6,0,1,1,0,2,0,0,1,0,2,0,4.0,223,47,4.74468085106383
1,2,128,0,2,4,5,5,0,0,1,1,1,0,4,0,12,0,2.0,69,13,5.3076923076923075
0,7,22,0,1,0,1,0,1,0,1,0,0,0,1,0,0,0,4.0,567,112,5.0625
0,24,17,0,0,1,6,0,0,0,2,2,0,0,1,0,12,0,5.0,302,53,5.69811320754717
0,5,144,0,1,0,1,5,1,0,0,0,1,0,6,72,7,0,20.0,1380,255,5.411764705882353
0,10,144,0,1,1,6,0,1,0,0,0,0,0,1,50,2,0,2.0,138,23,6.0
1,2,105,0,2,0,1,5,1,0,1,1,1,0,5,0,2,0,5.0,314,58,5.413793103448276
1,2,105,0,0,0,5,5,0,0,2,2,2,0,1,0,12,0,2.0,154,31,4.967741935483871
0,9,69,114,0,2,4,0,1,0,0,0,1,0,1,0,2,0,3.0,269,51,5.2745098039215685
0,84,5,0,0,0,1,0,3,0,0,0,1,0,1,0,2,0,1.0,1458,278,5.244604316546763
0,2,144,0,0,1,3,0,1,0,0,0,1,0,1,100,2,0,3.0,29,5,5.8
1,36,105,0,0,0,1,5,1,0,0,0,1,0,1,0,12,0,4.0,341,68,5.014705882352941
0,1,144,0,1,3,0,0,1,0,1,1,1,0,2,0,2,1,1.0,477,93,5.129032258064516
0,42,42,114,0,1,0,0,1,1,1,1,0,1,1,0,2,0,1.0,165,32,5.15625
0,14,144,0,0,0,0,0,1,0,0,0,1,0,1,0,2,0,3.0,160,31,5.161290322580645
0,36,155,0,1,0,2,5,0,1,0,0,0,0,1,400,3,0,9.0,992,178,5.573033707865169
1,1,140,0,1,0,1,5,0,1,1,1,1,0,1,0,2,1,3.0,171,31,5.516129032258065
1,1,104,82,0,2,6,0,1,1,1,1,1,0,1,50,2,0,10.0,905,170,5.323529411764706
0,2,144,0,0,1,0,0,1,1,1,1,1,1,1,0,2,0,2.0,598,108,5.537037037037037
0,36,144,0,0,4,0,0,1,1,0,0,1,0,1,0,4,0,4.0,242,47,5.148936170212766
1,36,60,0,0,1,4,5,1,2,2,2,1,0,1,0,7,0,2.0,2745,510,5.382352941176471
0,60,60,0,0,1,6,0,1,1,0,0,1,1,1,0,2,0,1.0,403,80,5.0375
0,1,144,0,0,0,1,0,1,0,1,1,1,0,2,0,12,0,4.0,72,15,4.8
0,3,144,0,0,1,2,0,1,1,1,0,1,0,1,0,2,1,1.0,59,13,4.538461538461538
0,9,8,114,1,1,0,0,2,1,0,0,0,0,1,0,12,0,2.0,184,37,4.972972972972973
1,10,105,0,1,0,6,0,1,0,0,0,0,0,1,100,12,0,1.0,370,69,5.36231884057971
1,2,104,0,2,3,6,0,0,0,1,1,1,0,3,0,2,0,6.0,103,23,4.478260869565218
0,4,144,0,0,0,6,0,0,0,0,0,1,0,1,200,2,0,1.0,1717,316,5.4335443037974684
1,3,104,0,1,0,5,0,1,1,1,1,1,0,1,0,12,0,3.0,123,24,5.125
0,2,51,30,0,0,1,0,0,1,1,0,1,0,1,450,2,0,3.0,258,44,5.863636363636363
0,20,69,0,1,1,4,0,1,1,0,0,1,0,1,0,2,0,3.0,413,81,5.098765432098766
1,0,105,0,2,0,2,0,0,0,2,2,2,0,2,0,2,0,4.0,699,129,5.4186046511627906
0,2,144,0,2,0,1,5,1,0,1,1,1,0,8,100,2,0,11.0,577,100,5.77
1,7,122,84,1,2,3,5,0,2,0,0,1,1,1,0,2,0,5.0,395,77,5.12987012987013
1,1,105,0,1,2,4,5,1,0,0,0,1,0,2,100,2,0,8.0,1299,235,5.527659574468085
1,60,105,0,0,3,6,0,1,0,0,0,0,0,1,0,12,0,13.0,437,91,4.802197802197802
0,8,159,0,1,2,0,0,1,1,0,0,1,0,1,0,2,0,3.0,546,107,5.102803738317757
0,13,61,6,0,0,1,5,2,1,0,0,1,0,1,0,2,0,3.0,868,167,5.197604790419161
0,60,14,0,0,1,0,0,2,2,0,0,0,0,1,500,2,0,2.0,363,70,5.185714285714286
0,4,144,0,2,0,3,4,0,1,1,1,1,0,7,30,2,0,5.0,286,55,5.2
1,6,104,0,1,5,0,0,1,1,1,1,1,0,1,0,2,0,2.0,16,3,5.333333333333333
0,96,159,0,1,1,4,0,0,1,0,0,0,0,1,0,2,0,11.0,1996,392,5.091836734693878
0,36,51,0,1,5,0,0,0,2,2,0,2,0,1,0,2,0,0.0,560,104,5.384615384615385
0,36,144,0,1,1,0,0,2,0,0,0,0,0,1,0,2,0,2.0,202,43,4.6976744186046515
1,2,105,82,1,1,6,0,1,0,1,1,1,0,1,0,12,0,3.0,387,63,6.142857142857143
1,8,84,0,1,0,5,5,1,0,0,0,0,0,3,300,2,0,2.0,186,32,5.8125
0,2,144,0,1,0,1,0,1,0,1,1,1,0,1,20,3,0,1.0,201,32,6.28125
0,4,144,0,0,0,2,0,2,0,0,0,1,0,1,0,2,0,1.0,124,22,5.636363636363637
1,5,105,0,1,0,6,0,1,0,1,0,1,0,1,0,12,0,1.0,59,11,5.363636363636363
0,36,60,0,0,1,4,5,0,2,2,2,2,0,1,0,12,0,2.0,374,73,5.123287671232877
1,6,112,0,0,2,0,0,1,1,1,1,1,0,1,0,2,0,2.0,121,27,4.481481481481482
0,9,144,0,1,4,0,0,1,0,0,0,0,0,1,0,4,0,4.0,488,94,5.191489361702128
0,6,144,0,1,0,1,5,1,0,0,0,1,0,1,0,2,0,2.0,317,63,5.031746031746032
0,1,144,0,1,1,3,5,1,0,1,0,1,0,3,0,2,0,6.0,140,27,5.185185185185185
0,2,41,54,1,1,6,0,1,1,1,1,1,0,1,0,2,0,4.0,383,81,4.728395061728395
0,2,144,0,0,0,0,0,1,0,1,0,1,0,1,0,2,0,6.0,398,75,5.306666666666667
1,3,105,0,1,0,1,5,0,0,1,0,1,0,1,0,12,0,2.0,390,78,5.0
0,1,144,0,0,0,1,0,1,0,1,1,1,0,1,0,2,0,4.0,36,6,6.0
0,2,144,0,1,0,0,0,1,0,0,0,1,0,1,0,2,0,3.0,76,12,6.333333333333333
0,1,144,0,1,1,4,5,1,1,0,1,1,0,1,0,3,0,5.0,114,20,5.7
0,4,144,114,1,1,0,0,2,0,0,0,1,0,1,0,2,0,1.0,69,13,5.3076923076923075
0,2,144,0,1,0,6,0,1,0,1,0,1,0,1,0,2,0,6.0,306,58,5.275862068965517
1,2,105,0,2,0,6,0,1,0,1,1,1,0,2,0,12,1,9.0,76,13,5.846153846153846
1,5,105,0,1,0,1,5,0,0,1,1,1,0,1,0,12,0,15.0,835,160,5.21875
0,48,8,0,0,2,0,0,2,1,0,0,1,0,1,250,2,0,1.0,62,12,5.166666666666667
1,2,105,0,1,3,4,5,1,0,0,0,0,0,1,0,4,1,5.0,287,54,5.314814814814815
1,3,105,0,0,0,0,0,0,0,1,0,1,0,1,0,2,0,1.0,484,97,4.989690721649485
1,3,104,0,1,3,6,0,0,0,1,1,1,0,1,50,2,0,2.0,108,17,6.352941176470588
0,2,144,0,0,0,1,0,1,0,1,1,1,0,1,0,2,0,4.0,391,76,5.144736842105263
1,36,128,0,1,4,5,5,2,1,1,1,0,0,1,0,2,0,8.0,262,52,5.038461538461538
1,3,105,0,0,0,0,0,1,0,2,0,1,1,1,0,2,0,1.0,68,14,4.857142857142857
1,2,105,0,2,0,1,5,1,1,1,1,1,0,3,0,2,2,17.0,557,100,5.57
0,18,164,114,1,1,0,0,0,0,1,1,1,0,1,20,3,0,1.0,348,59,5.898305084745763
1,2,105,0,0,3,6,0,2,0,1,1,1,0,1,0,2,0,11.0,396,70,5.6571428571428575
1,4,135,82,0,5,0,0,0,0,1,0,1,0,1,50,2,0,4.0,1424,275,5.178181818181818
1,1,135,0,2,0,2,3,1,1,1,1,1,0,4,0,2,0,12.0,296,51,5.803921568627451
0,1,144,0,0,1,6,0,1,1,1,1,1,0,1,0,2,0,4.0,18,3,6.0
1,0,105,0,2,0,1,2,0,0,1,1,1,0,3,0,2,0,6.0,794,145,5.475862068965517
1,24,135,0,1,5,0,0,1,0,0,0,0,0,1,0,2,0,4.0,185,34,5.4411764705882355
0,24,144,114,1,0,1,3,1,0,0,0,0,0,2,0,2,8,30.0,1435,256,5.60546875
1,4,105,0,0,6,0,0,0,0,1,1,1,0,1,0,2,0,4.0,253,40,6.325
1,0,105,0,2,0,0,0,0,0,1,1,1,0,5,0,12,0,2.0,321,62,5.17741935483871
0,54,144,0,0,1,0,0,1,1,2,2,2,0,1,0,12,0,2.0,296,50,5.92
0,12,144,0,1,0,0,0,0,0,0,0,0,0,1,0,2,0,2.0,1497,310,4.829032258064516
1,3,105,0,2,0,1,0,2,0,1,1,1,0,4,0,12,0,23.0,10,3,3.3333333333333335
0,1,144,114,1,1,6,0,1,1,0,0,1,0,1,0,2,0,1.0,12,2,6.0
0,2,144,0,0,0,1,5,1,1,0,0,1,0,1,0,2,0,6.0,131,23,5.695652173913044
1,2,105,0,1,0,2,5,0,0,0,0,1,0,1,0,12,0,2.0,488,95,5.136842105263158
0,2,165,114,1,0,6,0,1,0,1,0,1,0,1,0,12,0,8.0,29,5,5.8
0,22,144,0,0,1,2,0,1,0,0,0,2,0,1,0,2,0,5.0,559,119,4.697478991596639
1,0,103,82,2,0,2,5,2,1,1,1,1,0,6,50,2,0,4.0,637,103,6.184466019417476
1,2,105,0,2,1,2,5,1,0,1,1,1,0,2,0,2,0,13.0,965,163,5.920245398773006
0,2,144,0,1,4,0,0,1,0,0,0,1,0,1,0,2,0,1.0,157,32,4.90625
1,6,105,82,2,4,5,0,1,0,0,0,0,0,2,0,2,0,8.0,348,70,4.9714285714285715
0,12,40,0,0,1,0,0,0,1,2,2,2,0,1,0,2,0,1.0,63,14,4.5
0,6,8,6,0,1,3,0,2,1,0,0,1,0,1,0,2,0,2.0,188,35,5.371428571428571
0,7,144,54,1,0,6,0,1,1,0,0,0,0,1,0,2,0,8.0,338,66,5.121212121212121
0,2,144,114,2,0,1,5,1,0,1,1,1,0,4,0,2,0,4.0,150,28,5.357142857142857
0,35,164,0,0,1,0,0,0,0,0,0,2,0,1,0,2,0,2.0,840,161,5.217391304347826
1,2,105,0,2,2,6,0,1,0,1,0,1,0,2,0,12,0,12.0,1440,258,5.5813953488372094
1,5,135,82,0,2,6,0,1,0,1,0,1,0,1,0,12,0,8.0,1842,329,5.598784194528875
0,24,41,0,2,1,4,0,0,1,0,0,0,0,2,350,12,0,3.0,1076,198,5.434343434343434
1,3,105,106,1,0,1,5,1,0,1,1,1,0,1,0,2,0,6.0,906,158,5.734177215189874
1,3,105,0,1,0,6,0,2,0,1,0,1,0,1,0,0,0,3.0,244,43,5.674418604651163
1,12,96,0,1,0,2,5,1,0,0,0,0,0,1,0,2,0,1.0,362,64,5.65625
1,5,105,0,2,3,6,0,1,0,1,1,1,0,5,50,2,0,1.0,165,38,4.342105263157895
1,1,88,82,1,0,5,0,1,0,1,1,1,0,1,50,2,0,5.0,946,169,5.597633136094674
0,84,55,0,0,1,0,0,1,0,0,0,2,0,1,0,12,0,3.0,357,63,5.666666666666667
0,3,144,0,1,1,6,0,1,1,1,1,1,0,1,0,2,0,2.0,23,4,5.75
1,8,105,0,1,1,3,5,1,0,0,0,0,0,1,0,2,0,5.0,739,132,5.598484848484849
1,3,105,0,0,5,6,0,1,0,1,0,1,0,1,0,6,0,6.0,286,44,6.5
0,1,144,0,0,1,6,0,1,1,2,2,1,0,1,0,2,0,4.0,93,18,5.166666666666667
0,3,144,114,2,0,1,5,1,0,1,1,1,0,6,0,7,0,1.0,641,122,5.254098360655738
0,46,144,0,0,0,1,5,1,1,0,0,0,0,2,0,12,0,6.0,558,92,6.065217391304348
1,1,104,0,2,0,1,2,0,1,1,1,1,0,4,0,2,0,6.0,60,9,6.666666666666667
0,3,144,0,2,1,4,5,0,0,1,1,1,0,3,0,12,0,4.0,289,59,4.898305084745763
0,1,144,0,0,1,0,0,1,0,1,1,1,0,1,0,2,0,8.0,337,62,5.435483870967742
1,7,104,0,0,1,2,5,1,1,1,1,1,0,2,0,2,0,4.0,540,113,4.778761061946903
0,2,144,0,0,1,0,0,1,0,2,2,1,0,1,0,2,0,1.0,109,23,4.739130434782608
0,4,144,0,1,1,0,0,1,2,0,0,1,0,1,0,4,0,4.0,223,40,5.575
0,26,17,114,1,1,4,5,1,0,0,0,0,0,1,0,2,1,5.0,384,66,5.818181818181818
0,72,22,0,0,4,0,0,2,0,0,0,1,0,1,0,2,0,3.0,203,40,5.075
0,2,166,114,1,0,1,0,1,1,0,2,1,0,1,0,2,0,4.0,120,22,5.454545454545454
0,96,22,0,1,0,0,0,2,0,0,0,0,0,1,50,2,0,6.0,1300,234,5.555555555555555
1,2,105,0,1,0,1,1,1,0,1,0,1,0,1,0,12,0,1.0,558,104,5.365384615384615
1,1,105,0,2,0,5,5,1,0,2,2,2,0,11,0,12,0,5.0,251,47,5.340425531914893
0,48,41,30,0,4,0,0,0,2,0,0,0,1,1,0,12,0,6.0,899,129,6.9689922480620154
0,12,144,0,0,1,3,3,1,1,2,2,2,0,1,0,3,0,1.0,228,46,4.956521739130435
1,8,112,0,1,5,6,0,1,0,1,1,1,0,1,0,2,0,3.0,121,27,4.481481481481482
1,3,104,81,0,6,0,0,1,1,1,1,1,0,2,100,3,0,3.0,232,45,5.155555555555556
0,12,144,0,1,4,0,0,0,2,0,0,2,0,1,0,4,1,3.0,430,85,5.0588235294117645
0,1,144,0,1,0,0,0,1,0,1,1,1,0,1,0,12,0,1.0,134,25,5.36
0,25,144,114,1,0,1,0,1,0,1,1,1,0,1,0,12,0,1.0,577,113,5.106194690265487
1,6,105,110,1,0,2,3,1,0,0,0,0,0,1,0,12,0,4.0,572,104,5.5
0,4,144,0,1,1,6,0,1,1,0,0,2,0,1,0,2,2,3.0,259,50,5.18
0,3,144,0,1,0,4,0,1,0,0,0,1,0,1,0,2,0,5.0,1235,226,5.464601769911504
1,1,122,96,2,0,5,0,1,2,1,1,1,0,2,0,2,0,3.0,256,48,5.333333333333333
1,4,104,0,0,1,0,0,0,1,2,2,2,0,1,0,2,0,4.0,336,64,5.25
1,3,105,0,1,0,1,5,1,1,0,0,1,0,1,0,2,0,2.0,656,132,4.96969696969697
1,1,105,72,1,0,1,0,0,0,1,1,1,0,3,0,12,0,1.0,556,106,5.245283018867925
0,12,158,0,0,1,0,0,1,2,2,0,1,0,1,0,12,0,5.0,498,94,5.297872340425532
1,4,104,0,1,0,1,3,0,1,1,1,1,0,1,0,2,0,7.0,481,87,5.528735632183908
1,3,105,0,0,0,6,0,1,0,0,0,1,0,1,0,5,0,9.0,774,156,4.961538461538462
0,1,144,114,2,0,1,1,1,1,1,1,1,0,9,0,5,0,3.0,41,8,5.125
1,1,105,0,1,0,3,5,1,0,1,0,1,0,1,0,2,0,11.0,519,100,5.19
0,2,144,0,0,0,0,0,1,0,1,2,1,0,1,0,2,0,4.0,186,35,5.314285714285714
0,2,144,114,1,0,1,0,1,1,0,0,1,0,1,0,2,0,5.0,12,2,6.0
1,72,105,82,1,5,0,0,1,0,0,0,0,0,1,0,2,0,4.0,27,1,27.0
1,2,105,0,2,0,1,5,1,1,1,1,1,0,5,0,2,0,3.0,1906,362,5.265193370165746
1,1,104,0,1,5,6,0,0,2,2,2,2,0,3,0,2,0,3.0,98,15,6.533333333333333
1,1,105,0,1,0,1,5,1,0,1,0,1,0,1,0,12,0,2.0,59,9,6.555555555555555
1,12,137,107,2,1,5,0,1,0,1,1,0,0,2,0,7,0,2.0,106,20,5.3
0,12,144,0,1,1,0,0,0,0,0,0,0,0,1,0,2,0,2.0,88,19,4.631578947368421
0,4,65,47,1,4,0,0,1,1,0,0,1,0,1,0,2,0,8.0,92,14,6.571428571428571
1,2,143,0,0,0,6,0,0,1,1,1,1,0,1,0,2,0,5.0,395,75,5.266666666666667
0,2,144,0,0,4,6,0,1,0,0,0,1,0,1,0,12,0,3.0,194,32,6.0625
1,24,104,0,1,3,6,0,1,1,1,0,1,0,1,0,2,0,2.0,140,28,5.0
1,3,105,0,0,6,0,0,1,0,1,0,1,0,1,30,2,0,1.0,512,90,5.688888888888889
0,4,42,114,1,1,6,0,1,0,2,2,1,0,1,0,2,0,4.0,141,24,5.875
0,3,144,114,1,1,0,0,0,0,1,1,1,0,1,0,2,0,4.0,309,62,4.983870967741935
1,3,105,0,0,1,6,0,0,1,1,0,1,0,1,0,2,0,3.0,248,45,5.511111111111111
0,1,144,0,1,0,1,0,1,0,2,2,1,0,1,0,2,0,5.0,141,23,6.130434782608695
0,48,144,0,1,6,0,0,2,1,0,0,0,0,1,250,12,0,3.0,179,33,5.424242424242424
0,7,13,0,0,5,6,0,3,2,0,0,2,0,1,500,2,0,5.0,117,20,5.85
0,3,144,0,2,0,1,5,1,1,1,1,1,0,3,0,2,0,5.0,424,78,5.435897435897436
0,1,144,0,1,1,0,0,1,0,1,1,1,0,2,0,2,0,13.0,80,11,7.2727272727272725
0,6,144,114,1,0,1,0,1,0,2,2,2,0,1,0,2,0,0.0,48,9,5.333333333333333
1,16,103,82,2,0,5,5,1,0,1,1,1,0,3,0,2,0,5.0,411,78,5.269230769230769
1,4,128,82,0,1,4,0,0,1,1,1,1,0,1,0,2,1,4.0,27,4,6.75
0,3,144,131,1,0,1,0,1,1,0,0,1,0,1,0,2,0,4.0,176,30,5.866666666666666
1,3,105,0,0,3,0,0,0,0,1,1,1,0,1,0,12,2,7.0,243,46,5.282608695652174
1,3,105,0,0,1,2,0,0,0,1,0,1,0,1,0,2,0,2.0,611,114,5.359649122807017
0,2,144,0,2,0,1,0,1,0,0,0,1,0,2,0,2,1,4.0,595,106,5.613207547169812
0,10,17,0,1,1,6,0,0,0,0,0,1,0,1,50,7,0,2.0,167,30,5.566666666666666
0,2,144,0,2,1,0,0,0,0,0,0,1,0,2,0,4,0,10.0,366,69,5.304347826086956
1,7,105,0,1,5,0,0,0,0,0,0,2,0,1,0,12,0,1.0,34,7,4.857142857142857
1,3,105,80,0,2,0,0,1,1,1,1,1,0,1,0,2,0,3.0,59,13,4.538461538461538
0,3,38,129,1,6,0,0,1,0,1,1,1,0,1,0,12,1,4.0,241,41,5.878048780487805
1,12,122,0,0,3,6,0,1,1,0,0,1,0,1,0,4,0,2.0,129,25,5.16
0,12,144,12,1,6,0,0,0,0,2,1,2,0,1,0,4,0,2.0,261,52,5.019230769230769
0,1,144,0,0,0,0,0,1,0,1,0,1,0,1,0,2,0,3.0,796,168,4.738095238095238
1,48,105,0,0,0,1,3,1,0,0,0,0,0,1,0,12,0,5.0,202,37,5.45945945945946
0,2,144,0,1,6,0,0,1,1,1,0,1,0,1,0,3,0,1.0,59,8,7.375
0,17,13,0,0,0,4,5,1,1,1,0,1,0,1,0,2,0,3.0,1508,278,5.424460431654676
1,6,103,82,1,0,3,5,1,1,2,0,1,0,1,30,2,0,4.0,247,40,6.175
0,36,144,0,0,0,6,0,2,2,0,0,0,0,2,0,2,0,4.0,225,44,5.113636363636363
1,2,137,0,0,3,6,0,0,0,0,0,1,0,3,0,3,0,1.0,274,51,5.372549019607843
1,1,135,0,2,1,5,5,0,0,1,1,1,0,5,0,2,0,6.0,986,198,4.97979797979798
0,1,144,0,1,0,1,0,1,1,1,1,1,0,1,0,3,0,1.0,120,20,6.0
0,12,144,0,1,2,4,0,1,1,1,1,1,1,1,0,12,0,5.0,1860,359,5.181058495821727
0,36,155,0,0,0,1,5,0,0,0,0,1,0,1,450,3,0,4.0,850,154,5.51948051948052
0,5,99,114,1,0,1,3,1,0,0,1,1,0,1,100,2,0,1.0,774,128,6.046875
0,11,144,0,0,1,6,0,1,1,0,0,0,0,1,0,2,0,1.0,183,34,5.382352941176471
1,3,105,82,2,0,0,0,0,0,0,0,1,0,2,0,2,0,23.0,1245,231,5.3896103896103895
1,16,104,0,0,2,0,0,0,1,1,1,1,0,1,0,12,0,9.0,82,14,5.857142857142857
0,14,144,0,1,0,1,5,1,1,0,0,0,0,1,0,12,0,11.0,1428,284,5.028169014084507
0,7,144,0,0,1,2,2,1,0,1,1,1,0,1,0,2,0,0.0,169,38,4.447368421052632
0,2,144,0,1,0,1,0,1,0,0,0,1,0,1,0,12,0,3.0,194,33,5.878787878787879
1,51,122,89,1,1,5,5,1,2,0,0,0,0,1,0,7,0,3.0,202,38,5.315789473684211
1,17,93,82,0,0,1,0,1,0,0,0,0,0,1,0,2,0,1.0,149,29,5.137931034482759
0,3,144,0,0,1,0,0,1,1,1,1,1,0,1,0,2,0,5.0,104,20,5.2
0,1,144,114,2,0,1,3,1,1,1,0,1,0,4,0,12,0,5.0,353,63,5.603174603174603
0,2,144,114,0,0,1,5,2,1,1,0,1,1,1,0,2,0,1.0,102,22,4.636363636363637
0,3,22,114,1,0,1,1,2,0,1,1,1,0,1,0,1,5,6.0,463,89,5.202247191011236
0,2,144,0,1,0,0,0,1,0,1,1,1,0,1,20,3,0,1.0,122,21,5.809523809523809
0,4,144,0,0,6,0,0,1,0,0,0,1,0,1,0,2,0,1.0,314,62,5.064516129032258
1,1,105,0,2,3,6,0,1,0,1,1,1,0,9,0,2,0,5.0,1520,286,5.314685314685315
0,11,144,0,0,1,6,0,1,0,0,0,0,0,1,150,2,0,4.0,178,37,4.8108108108108105
0,6,144,0,1,0,1,0,1,0,0,0,1,0,1,0,2,0,4.0,1085,215,5.046511627906977
1,3,105,0,1,0,0,0,1,1,1,1,1,0,1,0,2,0,1.0,194,37,5.243243243243243
1,2,105,0,1,5,6,0,0,0,2,2,2,0,1,0,2,0,5.0,775,145,5.344827586206897
1,12,105,0,1,5,6,0,1,0,0,0,0,0,1,0,2,0,15.0,121,23,5.260869565217392
1,8,105,0,1,0,1,5,0,0,1,1,1,0,1,0,2,0,5.0,154,27,5.703703703703703
1,15,105,0,1,6,0,0,1,0,0,0,0,0,1,0,2,0,5.0,194,34,5.705882352941177
0,60,47,0,0,0,0,0,2,0,0,0,1,0,1,0,2,0,0.0,238,42,5.666666666666667
1,3,105,0,1,5,6,0,0,0,1,1,1,0,1,0,2,0,2.0,54,11,4.909090909090909
1,2,105,0,1,0,1,5,1,0,1,0,0,0,1,0,2,0,5.0,724,136,5.323529411764706
1,6,105,0,0,0,0,0,1,0,0,0,1,0,1,0,2,0,1.0,83,15,5.533333333333333
0,11,144,0,0,0,6,0,1,0,0,0,0,0,1,0,12,0,15.0,1758,306,5.745098039215686
0,84,8,0,0,2,0,0,2,1,2,2,2,0,1,0,12,0,2.0,341,71,4.802816901408451
0,2,144,0,0,1,6,0,0,0,2,2,2,0,1,0,2,0,1.0,268,49,5.469387755102041
0,2,144,114,1,1,0,0,1,1,0,0,1,0,1,0,2,0,7.0,12,2,6.0
0,2,144,53,1,0,1,3,1,0,1,1,1,0,1,0,2,0,1.0,461,90,5.122222222222222
1,1,105,81,2,5,0,0,0,1,1,1,2,0,3,0,12,0,3.0,354,65,5.446153846153846
0,24,144,0,1,0,6,0,1,0,1,0,2,0,1,0,3,0,4.0,387,67,5.776119402985074
1,2,105,0,0,2,0,0,0,0,1,1,1,0,1,50,2,0,4.0,172,30,5.733333333333333
1,5,104,0,0,0,0,0,1,1,1,0,2,0,1,0,2,0,1.0,59,6,9.833333333333334
0,3,144,0,1,0,1,5,0,1,0,0,1,0,1,200,2,0,2.0,222,41,5.414634146341464
0,4,144,114,0,0,0,0,0,0,1,1,1,0,1,200,2,0,1.0,165,30,5.5
0,2,144,54,1,0,6,0,1,1,1,1,1,0,1,0,2,0,7.0,603,109,5.532110091743119
0,2,69,114,0,0,6,0,1,0,0,0,1,0,1,0,2,0,7.0,618,116,5.327586206896552
0,16,6,0,1,0,1,2,1,1,0,0,0,0,1,50,2,0,5.0,161,32,5.03125
0,24,144,0,1,1,6,0,1,0,0,0,0,0,1,0,2,0,2.0,246,49,5.020408163265306
0,1,60,114,0,1,4,5,0,1,0,0,1,0,3,100,2,1,9.0,262,49,5.346938775510204
0,1,144,0,0,0,0,0,1,0,2,2,1,0,1,0,2,0,1.0,88,16,5.5
0,5,144,0,1,0,0,0,1,0,0,0,1,0,1,0,12,0,2.0,147,25,5.88
1,4,105,0,0,1,6,0,0,0,0,0,1,0,1,0,12,0,5.0,163,24,6.791666666666667
0,10,65,29,0,2,4,0,1,2,0,0,1,0,1,0,2,0,9.0,463,89,5.202247191011236
0,48,30,0,1,0,1,1,1,0,0,0,0,0,1,0,12,0,3.0,54,9,6.0
0,2,144,114,1,2,0,0,1,1,0,0,1,0,1,0,2,0,2.0,12,2,6.0
0,2,144,114,0,1,0,0,1,1,0,0,1,0,1,0,2,0,1.0,12,2,6.0
0,4,47,114,1,0,4,0,1,0,1,1,1,0,3,0,2,0,2.0,144,25,5.76
0,36,51,0,2,5,0,0,1,0,2,2,1,0,2,0,4,0,1.0,434,76,5.7105263157894735
0,1,144,0,1,6,0,0,1,0,1,1,1,0,1,0,7,0,4.0,105,23,4.565217391304348
1,4,105,82,0,2,0,0,1,1,1,1,1,0,1,0,2,0,0.0,19,3,6.333333333333333
0,12,69,116,0,1,4,0,1,1,2,2,2,0,1,0,2,0,4.0,522,94,5.553191489361702
1,3,105,0,0,4,6,0,1,0,0,0,1,0,3,0,2,0,5.0,271,51,5.313725490196078
1,3,105,0,1,0,1,5,0,0,0,0,1,0,1,0,2,0,1.0,194,31,6.258064516129032
0,1,144,114,1,0,0,0,1,1,0,0,1,0,1,0,2,0,4.0,200,33,6.0606060606060606
1,3,104,0,1,0,5,5,0,1,1,0,1,1,1,0,11,0,3.0,125,24,5.208333333333333
0,3,144,16,1,4,0,0,1,0,0,0,0,0,1,0,2,0,3.0,403,66,6.106060606060606
0,3,144,0,1,2,6,0,1,0,0,0,2,0,1,0,2,2,6.0,358,67,5.343283582089552
0,12,144,0,0,0,0,0,1,0,0,0,1,0,1,0,2,0,3.0,80,14,5.714285714285714
0,2,144,0,2,1,3,5,0,0,2,2,2,0,3,0,4,1,3.0,157,30,5.233333333333333
1,7,122,80,0,0,1,4,2,2,0,0,1,0,1,200,12,0,3.0,57,9,6.333333333333333
1,2,105,0,1,6,0,0,1,1,0,0,1,0,1,0,2,0,1.0,215,38,5.657894736842105
0,5,144,0,1,0,1,5,1,0,0,1,1,0,1,0,5,0,4.0,322,60,5.366666666666666
0,24,22,114,1,2,4,0,2,1,0,0,0,0,1,0,4,0,1.0,358,69,5.188405797101449
1,9,106,0,0,1,5,5,1,1,0,1,0,0,2,0,12,0,5.0,160,29,5.517241379310345
0,2,144,114,1,0,3,0,2,0,1,0,1,0,1,50,5,0,3.0,475,85,5.588235294117647
0,5,144,0,1,0,1,5,1,0,1,0,1,0,1,0,7,1,2.0,458,91,5.032967032967033
0,2,144,0,1,6,0,0,1,0,1,1,1,0,1,20,3,0,1.0,144,25,5.76
1,12,104,0,1,0,3,5,1,1,0,0,0,0,1,0,2,0,2.0,183,34,5.382352941176471
0,1,144,0,1,0,0,0,1,0,1,0,1,0,1,0,2,0,4.0,195,36,5.416666666666667
0,72,159,0,0,1,2,0,1,2,2,2,1,0,1,0,12,0,6.0,625,121,5.1652892561983474
1,2,104,0,0,5,6,0,1,1,1,1,1,0,1,0,3,1,16.0,866,164,5.280487804878049
1,10,104,0,0,0,5,5,2,1,1,1,1,0,3,0,2,0,1.0,224,44,5.090909090909091
1,2,105,73,0,5,6,0,0,0,1,1,1,0,1,0,2,0,4.0,115,21,5.476190476190476
1,1,105,0,2,0,1,0,0,0,1,1,1,0,4,0,7,0,15.0,74,13,5.6923076923076925
0,55,144,0,1,1,2,0,1,0,1,1,1,0,10,0,12,0,2.0,153,32,4.78125
1,1,105,98,1,5,0,0,1,0,0,0,2,0,4,0,4,0,5.0,176,32,5.5
0,2,144,0,2,0,1,0,1,1,1,1,1,0,4,0,2,0,1.0,75,15,5.0
1,0,105,0,1,1,2,0,0,0,0,0,0,0,1,50,12,0,2.0,80,14,5.714285714285714
1,2,105,0,0,0,0,0,1,0,1,1,1,0,1,0,2,0,7.0,532,99,5.373737373737374
0,4,17,114,1,1,6,0,0,0,0,0,1,0,1,300,2,0,5.0,357,60,5.95
0,2,144,114,2,0,1,5,1,1,2,2,2,0,5,0,2,0,18.0,184,35,5.257142857142857
0,41,60,0,0,2,6,0,0,0,0,0,0,0,1,350,2,0,3.0,1130,212,5.330188679245283
0,1,144,0,1,0,0,0,1,0,1,1,1,0,1,0,3,0,1.0,144,21,6.857142857142857
0,1,144,114,1,0,1,5,1,0,1,0,1,0,3,0,2,0,4.0,234,45,5.2
0,2,144,0,0,0,1,0,2,0,1,1,1,0,1,0,2,0,6.0,801,143,5.601398601398602
0,1,144,114,1,1,6,0,1,1,1,0,1,0,1,0,2,0,3.0,12,2,6.0
1,2,105,106,0,0,5,5,1,1,0,0,0,0,1,0,2,0,1.0,617,129,4.782945736434108
0,1,144,0,0,1,6,0,0,1,1,1,1,1,1,0,2,0,2.0,138,25,5.52
0,24,144,0,0,0,6,0,1,0,0,0,0,0,1,120,2,0,1.0,499,95,5.252631578947368
0,1,144,0,1,0,5,0,1,0,1,1,1,0,1,0,12,0,1.0,200,38,5.2631578947368425
0,3,144,0,1,0,1,0,1,0,0,1,1,0,1,0,3,1,5.0,267,52,5.134615384615385
0,2,54,114,1,1,0,0,1,0,2,2,1,0,1,0,2,0,3.0,135,23,5.869565217391305
1,4,105,0,0,2,0,0,1,0,0,0,1,0,1,0,12,0,2.0,501,96,5.21875
0,2,144,0,1,0,1,0,1,0,1,0,1,0,1,0,3,0,1.0,226,41,5.512195121951219
0,2,144,0,1,0,1,0,1,0,2,2,1,0,1,0,2,0,2.0,106,17,6.235294117647059
0,1,144,0,1,1,6,0,1,1,0,0,1,0,1,0,2,0,1.0,475,78,6.089743589743589
0,36,26,0,1,6,0,0,0,0,0,0,0,0,1,200,2,0,4.0,787,145,5.427586206896552
0,5,144,0,1,0,0,0,1,0,2,2,2,0,1,0,12,0,2.0,223,41,5.439024390243903
0,2,144,0,0,0,1,5,1,1,1,1,1,0,5,0,3,0,1.0,57,9,6.333333333333333
0,2,144,0,0,0,6,0,1,1,1,1,1,0,2,0,12,0,2.0,209,40,5.225
1,2,143,81,0,0,6,0,2,1,1,0,2,0,1,0,2,0,3.0,399,67,5.955223880597015
0,1,144,122,2,1,5,5,0,0,1,1,1,0,8,0,12,0,5.0,20,3,6.666666666666667
1,4,104,0,0,6,0,0,1,1,0,0,0,0,1,0,2,0,5.0,1784,327,5.45565749235474
1,3,105,82,1,0,6,0,0,0,1,1,1,0,1,0,2,0,3.0,147,23,6.391304347826087
0,3,144,0,0,1,0,0,1,1,0,0,2,0,1,0,0,0,1.0,122,23,5.304347826086956
0,2,144,0,1,0,0,0,1,0,1,1,1,2,2,0,12,0,2.0,257,49,5.244897959183674
0,12,144,0,1,3,4,0,1,1,0,0,0,0,1,0,12,0,4.0,165,33,5.0
1,12,104,0,1,3,4,5,1,1,2,2,0,0,1,0,12,0,4.0,935,171,5.4678362573099415
0,2,5,16,1,0,1,0,1,1,1,0,2,0,1,0,3,0,1.0,465,82,5.670731707317073
1,2,135,107,2,1,6,0,1,0,1,1,1,0,5,0,12,0,5.0,878,171,5.1345029239766085
0,6,144,0,1,4,6,0,1,1,0,0,1,0,1,0,2,0,1.0,537,117,4.589743589743589
0,9,48,12,1,1,4,5,1,0,0,0,1,0,1,0,2,0,4.0,413,78,5.294871794871795
1,1,105,0,0,0,5,0,0,0,1,1,1,0,1,0,12,0,4.0,940,174,5.402298850574713
0,1,144,0,1,0,1,5,1,0,1,1,1,0,1,0,4,0,2.0,643,119,5.4033613445378155
1,2,105,0,2,0,2,5,1,0,1,0,1,0,2,0,2,0,7.0,1211,231,5.242424242424242
1,9,105,0,0,1,0,0,1,0,1,1,1,0,1,0,0,0,4.0,19,3,6.333333333333333
1,4,104,81,1,3,6,0,1,1,1,0,1,0,1,0,2,0,5.0,44,10,4.4
1,1,104,81,2,1,3,4,0,0,1,1,1,0,3,0,12,0,2.0,243,44,5.5227272727272725
0,2,144,0,1,0,1,0,0,0,1,1,1,0,1,0,2,0,1.0,192,40,4.8
1,3,105,0,1,1,2,3,1,0,1,1,1,0,1,0,2,0,2.0,16,4,4.0
1,2,104,0,1,5,0,0,0,1,1,0,1,0,1,0,12,0,5.0,413,79,5.227848101265823
0,48,144,114,1,1,6,0,1,0,2,2,0,0,2,0,4,0,3.0,418,81,5.160493827160494
0,2,144,0,1,0,1,3,1,0,1,0,1,0,1,0,2,0,1.0,512,95,5.389473684210526
0,24,144,0,0,1,4,5,1,0,2,2,1,0,1,0,2,0,2.0,382,78,4.897435897435898
1,2,105,0,2,3,4,5,0,0,1,0,1,0,2,0,2,0,3.0,357,68,5.25
0,2,144,0,0,0,1,5,1,0,1,1,1,0,4,0,3,0,4.0,124,20,6.2
1,3,93,80,0,0,6,0,1,1,1,1,1,0,1,250,2,0,7.0,93,18,5.166666666666667
1,3,105,0,2,0,5,5,1,0,1,0,1,0,3,0,2,0,5.0,499,89,5.606741573033708
1,3,103,82,2,1,3,5,1,1,1,0,1,0,2,0,12,0,8.0,103,19,5.421052631578948
0,14,144,0,1,0,1,0,1,0,0,0,0,0,1,0,12,0,1.0,59,11,5.363636363636363
0,1,22,114,0,4,6,0,2,0,1,1,1,0,1,0,2,0,4.0,301,63,4.777777777777778
1,11,105,106,0,3,6,0,1,0,0,0,0,0,1,0,2,0,11.0,1124,208,5.403846153846154
1,2,105,0,0,1,6,0,1,0,1,1,1,0,1,0,2,0,3.0,54,6,9.0
1,1,135,0,2,1,4,5,1,0,1,1,2,0,3,0,2,0,4.0,114,21,5.428571428571429
0,1,144,114,2,0,1,3,0,0,1,1,1,0,4,0,2,0,4.0,391,72,5.430555555555555
1,8,103,0,1,2,3,5,1,2,2,2,1,0,1,0,12,0,1.0,184,32,5.75
0,12,144,0,1,6,0,0,1,0,0,0,0,0,1,0,5,0,28.0,967,183,5.284153005464481
0,1,144,0,1,0,5,0,1,0,1,1,1,0,1,0,12,0,1.0,200,38,5.2631578947368425
1,18,105,0,2,0,6,0,1,0,0,0,1,0,4,0,1,0,0.0,113,22,5.136363636363637
1,2,128,82,1,6,0,0,0,1,1,1,1,0,1,0,2,0,1.0,121,19,6.368421052631579
1,0,105,0,2,0,5,5,1,1,1,1,1,0,3,0,12,0,0.0,567,92,6.163043478260869
0,2,144,0,1,0,1,0,1,1,1,0,1,0,1,0,3,0,5.0,161,24,6.708333333333333
0,96,40,54,1,6,0,0,1,0,0,0,0,0,2,0,2,0,0.0,192,42,4.571428571428571
1,2,104,0,1,0,1,0,1,1,1,1,1,0,1,0,1,0,0.0,399,68,5.867647058823529
1,5,105,0,1,0,2,4,1,0,2,2,0,0,1,0,12,0,1.0,204,39,5.230769230769231
1,36,88,0,1,1,4,5,0,0,0,0,0,0,1,250,12,0,1.0,104,18,5.777777777777778
1,8,114,96,1,2,6,0,1,1,1,1,1,0,1,80,12,0,7.0,232,48,4.833333333333333
0,3,144,0,1,1,0,0,1,0,1,1,1,0,1,0,12,0,1.0,260,49,5.3061224489795915
1,1,105,0,0,0,1,0,0,0,1,1,1,0,1,0,2,0,5.0,187,29,6.448275862068965
0,48,47,0,0,0,1,0,2,0,0,0,1,0,1,0,2,0,2.0,457,91,5.021978021978022
0,3,144,0,1,6,0,0,1,1,1,1,1,0,1,0,2,0,5.0,303,56,5.410714285714286
1,2,105,0,1,0,1,5,0,1,1,1,1,0,1,0,2,0,1.0,106,20,5.3
1,12,128,0,0,1,4,0,1,0,0,0,0,0,1,0,3,0,1.0,696,139,5.0071942446043165
0,2,144,0,1,1,0,0,1,0,1,0,1,0,1,0,3,0,1.0,59,8,7.375
0,36,69,0,0,0,1,0,2,2,0,0,0,0,1,300,2,0,1.0,1421,241,5.8962655601659755
0,12,68,0,1,0,0,0,0,1,0,0,0,0,1,0,6,0,1.0,729,151,4.827814569536423
0,2,144,0,0,0,0,0,1,1,1,1,1,0,1,0,2,0,1.0,126,21,6.0
0,6,144,0,1,1,0,0,1,0,2,0,2,0,1,0,2,0,5.0,434,85,5.105882352941176
1,3,105,0,1,5,6,0,1,0,1,1,1,0,1,0,4,0,2.0,242,48,5.041666666666667
0,2,144,0,1,1,6,0,1,0,0,0,0,0,1,50,3,0,9.0,253,40,6.325
1,5,122,66,1,0,1,5,1,0,1,1,1,0,1,0,12,0,1.0,91,17,5.352941176470588
1,3,105,0,0,0,5,0,0,0,1,0,1,0,1,0,12,0,4.0,299,48,6.229166666666667
0,12,144,0,1,2,3,0,1,0,2,2,2,0,7,0,3,0,1.0,301,58,5.189655172413793
1,3,105,0,1,1,2,4,0,0,1,1,1,0,1,0,2,0,15.0,67,11,6.090909090909091
0,3,144,0,1,1,4,5,1,1,1,0,1,0,1,0,4,0,1.0,143,28,5.107142857142857
0,2,144,0,1,0,6,0,1,1,1,0,1,0,1,0,12,0,6.0,166,30,5.533333333333333
1,30,104,0,0,6,0,0,2,1,0,0,0,0,1,0,2,0,12.0,864,176,4.909090909090909
0,3,144,0,0,5,6,0,1,0,0,0,1,0,1,100,2,0,2.0,22,4,5.5
0,48,43,0,0,1,0,0,1,0,0,0,1,0,1,50,12,0,0.0,155,30,5.166666666666667
0,2,22,114,2,0,0,0,1,1,1,0,1,0,2,0,12,0,6.0,124,22,5.636363636363637
1,12,105,0,0,3,4,5,2,0,1,1,1,0,1,0,12,0,4.0,276,52,5.3076923076923075
1,12,104,0,0,6,0,0,1,1,2,2,2,0,1,0,12,2,4.0,424,89,4.764044943820225
1,1,128,0,1,1,4,4,1,0,1,1,1,0,4,0,12,0,2.0,248,46,5.391304347826087
0,3,144,0,2,1,5,0,1,0,0,0,1,0,2,0,2,0,3.0,181,33,5.484848484848484
1,2,94,82,1,0,0,0,0,1,1,1,1,0,1,0,2,0,2.0,336,64,5.25
0,1,144,0,1,0,1,0,1,1,1,1,1,0,1,0,2,0,2.0,64,14,4.571428571428571
0,3,144,0,1,0,1,3,0,0,2,2,2,0,1,0,2,0,5.0,252,42,6.0
1,3,105,0,2,0,4,5,0,0,1,1,1,0,3,0,2,0,3.0,123,23,5.3478260869565215
0,2,144,0,0,1,0,0,1,0,2,2,1,0,1,0,2,0,5.0,213,34,6.264705882352941
0,12,144,50,0,5,6,0,1,2,0,0,0,0,1,0,2,1,4.0,990,178,5.561797752808989
1,3,105,0,1,0,3,5,1,1,1,1,1,0,1,0,12,3,10.0,1108,199,5.567839195979899
0,1,144,0,1,1,4,5,1,1,1,1,1,0,1,0,3,0,0.0,265,47,5.638297872340425
0,1,47,114,0,0,1,0,1,1,1,1,1,0,1,0,2,0,5.0,35,6,5.833333333333333
1,4,105,82,0,1,6,0,0,0,2,2,2,0,1,0,2,0,4.0,62,11,5.636363636363637
0,1,144,0,1,1,0,0,1,0,1,0,1,0,1,0,2,0,1.0,377,66,5.712121212121212
1,2,105,81,1,1,3,0,0,1,2,2,0,0,2,0,12,0,4.0,79,14,5.642857142857143
0,3,22,114,1,0,0,0,2,0,1,1,1,0,1,0,2,0,1.0,397,69,5.753623188405797
0,2,144,0,2,0,1,5,0,0,1,1,1,0,10,0,12,0,2.0,20,5,4.0
0,0,144,114,0,0,6,0,1,0,1,1,1,0,1,0,2,0,3.0,199,40,4.975
0,2,45,114,1,1,6,0,1,0,1,1,1,0,1,0,12,0,2.0,69,15,4.6
0,60,144,0,1,1,6,0,1,0,0,0,0,0,1,0,12,0,7.0,191,36,5.305555555555555
0,4,61,4,0,0,6,0,2,1,0,0,1,0,1,600,2,0,3.0,229,43,5.325581395348837
1,1,104,0,2,0,5,5,1,1,1,1,1,0,3,0,5,1,4.0,518,95,5.4526315789473685
0,1,144,0,1,0,1,0,1,0,0,0,1,0,1,0,2,0,8.0,187,31,6.032258064516129
0,48,41,0,1,6,0,0,1,1,2,0,2,0,1,0,2,0,3.0,98,17,5.764705882352941
0,16,65,0,1,6,0,0,1,1,0,0,1,0,1,300,2,0,5.0,113,20,5.65
1,6,105,0,0,1,4,4,1,0,1,1,2,0,1,0,2,0,1.0,61,13,4.6923076923076925
0,12,144,53,0,0,1,5,1,0,0,0,0,0,1,0,2,0,3.0,306,61,5.016393442622951
0,24,144,0,1,0,5,5,1,0,0,0,0,0,1,0,2,0,1.0,235,46,5.108695652173913
0,12,22,114,1,1,0,0,1,1,0,0,0,0,2,0,2,0,2.0,636,122,5.213114754098361
0,3,144,114,1,0,1,0,1,1,0,0,1,0,1,0,2,2,2.0,199,37,5.378378378378378
0,4,144,0,0,1,0,0,1,1,0,0,1,0,1,0,12,0,1.0,105,18,5.833333333333333
0,48,60,0,1,1,4,0,0,2,0,0,0,0,1,0,6,0,1.0,70,15,4.666666666666667
1,1,105,0,1,0,3,5,1,0,1,0,1,0,1,0,12,0,3.0,282,52,5.423076923076923
0,2,144,0,1,0,1,5,1,1,0,0,1,0,1,0,2,0,1.0,100,18,5.555555555555555
0,7,144,114,0,0,1,2,1,0,0,0,2,0,1,0,7,0,0.0,140,29,4.827586206896552
1,1,84,63,2,3,4,5,0,0,1,0,1,0,7,0,12,0,13.0,606,106,5.716981132075472
0,1,144,0,0,1,0,0,2,0,1,1,1,0,1,0,3,0,4.0,51,9,5.666666666666667
0,10,144,0,1,1,2,0,1,1,0,0,1,0,2,0,12,0,2.0,597,120,4.975
0,32,40,0,0,1,3,0,1,1,0,0,0,0,1,0,2,0,2.0,14,2,7.0
0,6,22,114,0,1,0,0,1,0,2,0,0,0,1,8,2,0,3.0,490,87,5.632183908045977
0,1,144,0,1,1,2,3,1,1,1,1,1,0,1,0,2,0,3.0,205,39,5.256410256410256
1,12,105,0,1,4,5,5,0,0,0,0,0,0,1,0,12,0,1.0,13,3,4.333333333333333
0,84,5,114,1,0,1,5,1,0,0,0,0,0,1,0,2,0,1.0,107,22,4.863636363636363
1,12,122,80,0,0,6,0,2,1,0,0,0,0,1,200,2,0,12.0,411,77,5.337662337662338
1,3,104,0,0,3,6,0,1,1,0,0,1,0,1,0,2,0,3.0,741,130,5.7
0,4,144,0,1,0,5,0,1,0,0,0,0,0,1,0,2,0,2.0,488,82,5.951219512195122
1,3,104,0,2,2,6,0,1,1,1,1,1,0,2,0,2,0,5.0,262,48,5.458333333333333
0,36,144,0,1,1,2,2,1,0,2,2,2,1,1,0,12,0,2.0,205,45,4.555555555555555
1,12,105,0,1,0,6,0,1,1,0,1,0,0,1,0,0,0,5.0,58,9,6.444444444444445
0,1,144,0,0,0,1,0,1,1,0,0,1,0,1,0,2,0,1.0,103,17,6.0588235294117645
1,10,122,0,0,1,4,0,2,2,0,0,1,0,1,100,0,0,2.0,210,44,4.7727272727272725
1,0,104,0,1,0,3,4,1,1,1,0,1,0,2,0,1,0,9.0,448,75,5.973333333333334
0,7,22,114,1,6,0,0,1,0,0,0,0,0,1,0,2,1,6.0,2936,539,5.447124304267161
1,2,105,66,2,1,5,5,0,0,1,1,1,0,4,0,7,0,2.0,230,42,5.476190476190476
0,10,17,0,0,6,0,0,1,1,0,0,1,0,1,0,2,0,0.0,182,34,5.352941176470588
1,30,139,82,1,1,2,3,1,0,0,0,0,0,1,10,12,0,4.0,339,61,5.557377049180328
0,2,69,114,1,0,1,5,1,0,1,1,1,0,3,0,2,0,14.0,685,127,5.393700787401575
1,2,105,0,0,0,0,0,1,0,1,1,1,0,1,0,2,0,2.0,113,22,5.136363636363637
0,5,144,0,0,0,6,0,1,1,0,1,1,0,1,0,2,0,1.0,39,7,5.571428571428571
1,1,137,0,2,0,5,5,0,0,1,1,1,0,3,0,2,0,4.0,108,19,5.684210526315789
1,3,104,101,2,6,0,0,0,1,0,0,0,0,2,0,2,0,4.0,143,24,5.958333333333333
0,1,144,0,1,0,6,0,1,1,2,2,1,0,1,0,2,0,1.0,122,21,5.809523809523809
1,2,135,113,2,0,3,5,0,0,1,1,1,0,4,0,2,0,2.0,701,136,5.154411764705882
0,1,144,114,2,0,1,5,1,0,1,1,1,0,3,0,2,0,11.0,1357,247,5.493927125506073
0,3,144,114,1,0,0,0,1,0,0,0,1,0,1,0,2,0,2.0,149,29,5.137931034482759
0,36,61,0,2,1,5,5,2,1,0,1,0,0,4,320,2,0,4.0,408,78,5.230769230769231
1,2,105,0,0,0,1,5,2,0,0,0,1,0,1,0,2,0,5.0,65,10,6.5
0,12,43,20,0,0,4,0,0,0,0,0,0,0,1,0,2,0,6.0,317,59,5.372881355932203
1,5,104,0,0,3,6,0,1,1,1,1,1,0,1,100,10,0,4.0,280,47,5.957446808510638
0,3,144,0,0,1,0,0,1,0,0,0,1,0,1,0,2,0,4.0,335,62,5.403225806451613
0,108,40,25,1,1,0,0,0,2,2,0,1,0,1,0,12,0,2.0,809,159,5.088050314465409
1,8,105,0,1,2,5,5,1,0,0,0,0,0,1,0,2,1,8.0,427,83,5.144578313253012
0,3,144,0,0,0,1,0,1,0,0,0,1,0,1,0,2,0,1.0,100,20,5.0
1,3,105,0,1,0,4,4,0,0,0,0,1,0,1,0,2,0,12.0,2251,430,5.234883720930233
0,3,144,0,1,0,1,0,1,0,0,0,1,0,1,0,2,0,3.0,239,44,5.431818181818182
0,2,144,0,1,0,3,0,1,0,1,1,1,0,1,0,2,0,13.0,895,148,6.047297297297297
1,3,104,0,1,4,0,0,1,1,1,0,1,0,1,0,2,0,6.0,60,8,7.5
0,12,144,0,0,0,6,0,1,0,0,0,0,0,1,0,12,0,2.0,821,154,5.3311688311688314
1,5,105,0,0,4,6,0,1,1,1,0,1,0,1,0,3,0,3.0,73,13,5.615384615384615
1,12,103,0,1,5,0,0,1,1,2,0,1,1,1,0,2,0,2.0,276,52,5.3076923076923075
0,3,144,0,1,1,0,0,1,0,1,1,2,0,4,0,5,0,4.0,29,5,5.8
1,12,105,0,0,0,6,0,1,0,2,2,1,0,1,0,12,0,3.0,60,12,5.0
1,3,105,0,1,1,2,5,1,0,1,0,1,0,7,0,1,0,18.0,758,143,5.300699300699301
0,9,144,0,0,1,0,0,1,0,0,0,0,0,1,0,2,0,2.0,45,8,5.625
1,2,105,0,2,1,5,5,1,0,1,1,1,0,4,0,7,0,1.0,838,156,5.371794871794871
0,2,144,114,1,0,0,0,1,0,0,0,1,0,1,150,2,0,1.0,82,15,5.466666666666667
0,1,144,0,1,0,1,5,1,0,0,0,0,0,3,150,12,0,29.0,370,69,5.36231884057971
0,3,144,114,0,2,0,0,1,0,0,0,0,0,1,0,2,0,3.0,459,94,4.882978723404255
0,2,144,4,1,0,1,0,1,1,0,0,1,0,1,0,2,0,3.0,200,40,5.0
0,2,30,114,0,0,1,0,0,0,1,0,1,0,1,0,12,0,5.0,403,72,5.597222222222222
1,1,125,0,0,1,4,4,1,2,0,0,1,0,1,250,2,0,8.0,1403,246,5.703252032520325
1,1,105,0,1,3,6,0,1,0,1,1,1,0,1,0,12,0,4.0,195,32,6.09375
1,6,124,0,0,2,6,0,1,1,1,0,1,0,1,0,12,0,9.0,1967,380,5.176315789473684
0,4,144,0,0,0,0,0,2,1,0,0,1,0,1,0,2,0,5.0,1558,287,5.428571428571429
0,9,26,39,0,6,0,0,0,1,0,0,1,0,1,0,12,0,1.0,1,1,1.0
1,2,125,0,1,5,6,0,1,0,1,1,1,0,3,0,2,0,1.0,135,23,5.869565217391305
0,1,144,114,1,0,1,0,0,0,1,1,2,0,1,0,2,0,1.0,381,71,5.366197183098592
0,96,169,0,1,1,0,0,1,1,0,2,2,0,1,50,12,0,1.0,298,58,5.137931034482759
1,2,105,0,1,1,3,3,0,0,2,0,1,0,1,0,2,0,8.0,529,105,5.038095238095238
0,2,144,114,0,0,0,0,0,0,2,2,2,0,1,0,2,0,5.0,23,4,5.75
0,4,22,114,2,4,6,0,1,1,1,1,1,0,8,150,2,0,8.0,781,161,4.850931677018633
1,12,92,82,0,0,0,0,0,0,0,0,0,0,1,120,2,0,0.0,93,16,5.8125
0,0,144,0,1,0,1,5,1,1,1,1,1,0,6,0,0,0,0.0,97,16,6.0625
1,24,105,0,1,5,6,0,0,0,0,0,0,0,1,100,3,0,2.0,120,22,5.454545454545454
0,2,144,0,1,1,6,0,1,0,1,0,1,0,1,5,3,0,1.0,163,24,6.791666666666667
1,1,105,81,2,0,5,5,0,1,1,1,1,0,2,0,12,0,3.0,357,64,5.578125
0,1,144,0,2,0,1,5,1,0,2,2,2,0,11,0,7,0,0.0,46,10,4.6
1,1,135,0,0,5,0,0,0,0,1,1,1,0,1,0,2,0,7.0,279,49,5.6938775510204085
0,12,144,0,1,1,0,0,0,0,0,0,0,0,1,0,2,0,3.0,77,12,6.416666666666667
0,12,144,0,1,0,0,0,1,1,1,1,0,0,1,0,12,0,4.0,276,10,27.6
1,36,93,0,1,1,6,0,1,0,0,0,0,0,1,250,4,0,1.0,103,19,5.421052631578948
0,48,43,0,1,0,4,0,1,0,0,0,0,0,1,0,2,0,2.0,428,85,5.035294117647059
1,6,105,0,0,0,1,5,1,0,0,0,0,0,1,0,2,0,6.0,519,102,5.088235294117647
0,6,166,114,1,0,1,0,1,0,0,0,0,0,1,0,2,0,1.0,105,18,5.833333333333333
1,19,105,82,0,3,0,0,1,0,0,0,0,0,1,0,2,0,5.0,116,7,16.571428571428573
0,2,144,0,1,0,3,0,2,1,2,2,1,0,1,0,2,0,2.0,70,12,5.833333333333333
0,24,74,0,0,6,0,0,0,2,2,0,2,0,1,0,12,0,1.0,114,23,4.956521739130435
0,84,155,0,0,1,0,0,0,0,0,0,1,0,1,0,12,1,6.0,476,92,5.173913043478261
0,1,144,16,2,1,0,0,1,0,1,1,1,0,2,0,2,0,5.0,211,37,5.702702702702703
0,36,144,0,1,1,0,0,1,0,2,2,1,0,1,0,0,0,1.0,80,14,5.714285714285714
0,3,144,0,1,6,0,0,1,0,0,0,2,0,1,100,3,0,1.0,86,18,4.777777777777778
1,4,105,0,2,0,3,5,1,1,1,1,1,0,3,0,7,0,9.0,1103,208,5.302884615384615
1,18,104,0,1,0,6,0,2,1,1,0,1,0,6,1,2,0,2.0,302,52,5.8076923076923075
0,4,144,6,0,2,3,3,1,0,1,1,1,0,1,0,2,0,6.0,270,52,5.1923076923076925
1,2,135,0,1,0,2,5,1,0,0,0,1,1,2,0,7,0,4.0,547,103,5.310679611650485
0,2,144,0,1,0,1,0,1,1,2,2,1,0,1,0,2,0,4.0,122,21,5.809523809523809
1,2,105,81,1,0,5,5,1,0,1,1,1,0,1,0,2,0,5.0,228,37,6.162162162162162
1,14,105,0,1,5,0,0,1,0,0,0,0,0,1,50,2,0,3.0,520,99,5.252525252525253
0,4,144,0,1,1,6,0,0,0,1,0,1,0,1,0,12,0,1.0,377,71,5.309859154929577
1,5,135,0,1,4,5,5,1,1,0,0,0,0,1,150,7,0,6.0,2634,497,5.2997987927565395
1,2,105,106,1,0,2,4,1,0,1,1,1,0,1,0,12,0,4.0,440,83,5.301204819277109
1,8,105,0,1,0,1,5,1,0,0,0,0,0,1,0,12,0,14.0,989,183,5.404371584699454
0,36,144,0,0,1,0,0,1,0,0,0,0,0,2,0,2,0,3.0,733,139,5.273381294964029
0,60,144,0,0,0,1,1,0,1,2,2,2,0,1,0,2,0,2.0,82,15,5.466666666666667
1,15,103,96,1,6,0,0,2,2,0,0,1,0,1,100,2,0,4.0,284,52,5.461538461538462
0,3,144,114,0,1,4,0,1,0,1,1,1,0,2,0,4,0,1.0,205,38,5.394736842105263
0,2,144,0,1,1,0,0,1,1,1,0,1,0,1,0,2,0,4.0,410,83,4.9397590361445785
1,2,103,0,1,0,5,5,2,2,0,0,0,0,1,80,12,0,3.0,284,52,5.461538461538462
1,1,105,0,0,0,6,0,0,0,1,1,1,0,1,0,2,0,1.0,183,36,5.083333333333333
0,5,5,129,1,0,1,0,1,0,2,2,1,0,1,550,12,0,5.0,3395,605,5.6115702479338845
0,1,144,0,1,1,0,0,1,0,1,1,1,0,1,0,2,0,1.0,124,21,5.904761904761905
0,2,22,114,1,0,1,0,1,0,2,2,1,0,1,0,2,0,3.0,74,12,6.166666666666667
0,15,8,0,1,4,0,0,1,1,0,0,1,1,1,300,12,0,1.0,17,3,5.666666666666667
0,3,144,0,0,0,1,0,1,1,0,0,1,0,1,0,2,0,3.0,267,46,5.804347826086956
0,2,144,0,1,1,0,0,1,0,1,1,1,0,4,0,5,0,5.0,140,20,7.0
1,1,105,0,1,6,0,0,0,0,2,2,2,0,1,0,2,0,1.0,229,46,4.978260869565218
0,3,144,0,1,1,6,0,1,1,0,0,1,0,1,0,2,0,2.0,217,46,4.717391304347826
0,1,144,0,1,0,1,5,1,0,2,2,2,0,1,0,12,0,2.0,272,54,5.037037037037037
1,24,105,82,1,0,6,0,1,0,0,0,0,0,1,0,12,0,2.0,25,4,6.25
0,1,144,0,1,0,6,0,1,1,1,1,1,0,1,0,3,0,4.0,319,60,5.316666666666666
0,3,144,0,2,0,1,3,1,0,2,2,2,0,2,0,12,0,2.0,172,28,6.142857142857143
1,8,84,0,1,0,5,0,1,1,1,0,1,0,1,0,3,0,1.0,153,31,4.935483870967742
0,24,144,0,0,0,1,0,1,0,0,0,0,0,1,0,2,0,4.0,379,70,5.414285714285715
1,1,137,0,1,3,6,0,1,1,1,1,1,0,1,0,12,0,4.0,106,17,6.235294117647059
0,1,144,0,0,6,0,0,1,1,1,0,1,0,1,0,2,0,5.0,343,69,4.971014492753623
0,1,144,0,0,0,1,5,1,1,2,2,2,0,1,0,2,0,5.0,129,21,6.142857142857143
1,2,105,0,0,0,6,0,2,0,1,1,1,0,1,0,2,0,5.0,301,57,5.280701754385965
0,7,144,54,0,0,6,0,0,1,0,0,1,0,1,0,2,0,3.0,228,46,4.956521739130435
1,5,105,0,0,5,6,0,0,0,1,0,1,0,1,0,12,0,2.0,76,13,5.846153846153846
0,42,60,0,0,4,0,0,0,1,0,0,0,0,1,0,2,0,6.0,1132,231,4.9004329004329
1,3,104,0,0,4,6,0,1,1,2,2,1,0,1,0,2,0,4.0,57,11,5.181818181818182
0,2,144,0,1,0,1,1,1,1,0,0,1,0,1,0,2,0,5.0,284,49,5.795918367346939
1,2,105,0,2,0,4,5,0,0,1,0,1,0,3,50,12,0,12.0,2365,425,5.564705882352941
0,6,41,114,0,1,0,0,0,1,2,2,2,0,1,0,2,0,0.0,36,6,6.0
0,24,163,114,1,4,6,0,1,0,0,0,0,0,1,0,4,0,4.0,411,73,5.63013698630137
0,38,17,0,0,1,6,0,0,0,0,0,0,0,1,0,2,0,2.0,151,27,5.592592592592593
0,2,144,0,0,0,1,5,1,2,1,1,1,0,1,0,2,0,6.0,171,34,5.029411764705882
0,12,144,0,1,0,1,2,1,0,0,0,0,0,1,0,3,0,1.0,46,9,5.111111111111111
0,24,144,0,0,0,6,0,1,1,0,0,1,0,1,0,2,0,2.0,89,20,4.45
1,2,135,82,0,1,2,5,1,0,1,0,1,0,2,0,2,0,13.0,2259,419,5.391408114558472
0,7,144,114,1,1,6,0,1,0,0,0,1,0,1,0,3,0,2.0,150,27,5.555555555555555
0,1,144,114,0,0,1,0,1,1,1,0,1,0,1,0,2,0,1.0,14,3,4.666666666666667
0,1,144,114,1,6,0,0,2,0,1,0,1,0,3,50,5,0,4.0,285,52,5.480769230769231
1,14,105,101,0,1,4,0,1,0,0,1,1,0,1,0,2,0,1.0,51,7,7.285714285714286
1,5,105,0,0,5,6,0,1,0,0,0,0,0,2,0,2,0,8.0,1045,200,5.225
0,3,144,0,1,0,4,5,1,1,1,1,1,0,2,0,2,0,4.0,83,18,4.611111111111111
1,2,105,106,2,1,2,4,0,0,1,1,1,0,2,0,3,1,8.0,2765,478,5.7845188284518825
1,1,105,0,0,0,1,5,0,0,1,1,1,0,1,0,2,0,4.0,204,32,6.375
0,1,144,114,0,0,1,0,1,1,1,1,1,0,1,0,2,0,1.0,12,2,6.0
1,12,105,0,1,0,6,0,1,0,1,0,1,0,1,0,12,0,1.0,376,73,5.1506849315068495
0,6,144,0,1,0,0,0,2,0,1,1,1,1,1,0,2,0,2.0,49,10,4.9
1,3,105,110,1,0,1,3,1,0,0,0,1,0,1,0,2,0,6.0,1013,195,5.194871794871795
1,3,104,0,1,0,1,5,0,1,1,0,1,0,1,1,2,0,3.0,21,4,5.25
1,4,105,0,2,0,3,5,1,0,1,0,1,0,2,50,6,0,4.0,566,97,5.835051546391752
1,4,105,0,1,2,3,5,0,0,1,1,1,0,1,0,12,0,1.0,266,52,5.115384615384615
0,1,144,0,2,0,0,0,1,0,1,1,1,0,7,0,2,1,3.0,42,8,5.25
0,17,43,0,0,6,0,0,1,0,0,0,1,0,1,0,3,0,1.0,320,53,6.037735849056604
1,2,105,0,2,0,5,0,0,0,1,1,1,0,6,0,3,0,5.0,115,19,6.052631578947368
0,14,60,0,1,2,6,0,0,1,0,0,2,0,1,300,12,0,6.0,213,39,5.461538461538462
0,24,41,0,0,6,0,0,0,1,2,2,2,0,1,0,12,0,3.0,161,27,5.962962962962963
1,5,104,0,1,1,6,0,0,1,0,0,0,0,1,50,2,0,1.0,238,32,7.4375
1,3,105,0,0,3,6,0,1,0,1,0,1,0,1,30,2,0,2.0,174,27,6.444444444444445
1,1,96,0,1,0,3,4,2,1,1,1,1,0,1,0,2,0,4.0,31,6,5.166666666666667
0,60,65,126,0,2,4,0,1,1,0,0,1,0,1,0,12,0,2.0,590,120,4.916666666666667
1,3,122,0,1,0,5,0,0,2,1,1,1,0,1,0,2,0,1.0,16,3,5.333333333333333
0,1,144,0,0,0,1,0,1,0,0,0,1,0,1,0,2,0,6.0,210,33,6.363636363636363
1,3,120,0,0,1,4,0,0,1,1,1,1,0,1,0,12,0,9.0,550,105,5.238095238095238
1,9,114,0,1,3,6,0,2,1,0,0,1,0,1,200,2,0,2.0,234,44,5.318181818181818
0,8,144,0,0,3,4,0,2,0,0,0,0,0,1,80,2,0,2.0,250,50,5.0
1,3,105,0,0,5,6,0,1,0,1,0,1,0,1,0,2,0,2.0,326,66,4.9393939393939394
1,1,105,0,1,0,6,0,1,0,1,1,1,0,1,0,12,0,1.0,39,8,4.875
0,4,144,0,0,1,6,0,1,0,0,0,1,0,1,0,2,0,1.0,96,18,5.333333333333333
1,23,104,0,1,0,6,0,1,1,1,2,2,0,1,0,0,0,1.0,70,14,5.0
0,2,144,0,0,4,0,0,1,1,2,2,1,0,1,0,2,0,5.0,68,12,5.666666666666667
0,36,8,0,1,3,4,5,1,1,0,0,0,0,1,0,12,0,1.0,316,50,6.32
1,13,135,0,1,5,6,0,1,1,1,0,0,0,1,0,2,0,1.0,146,30,4.866666666666666
0,5,144,0,0,0,0,0,1,0,0,0,1,0,1,0,2,1,5.0,519,103,5.038834951456311
1,5,105,110,1,0,2,3,1,0,1,0,1,0,1,0,12,0,15.0,78,11,7.090909090909091
1,12,95,0,0,0,6,0,1,0,0,0,0,1,1,0,2,0,3.0,1037,189,5.4867724867724865
1,6,105,0,0,3,0,0,0,1,1,1,1,0,1,0,2,0,3.0,122,25,4.88
1,1,128,101,0,4,6,0,0,0,1,1,2,0,2,0,12,0,1.0,204,36,5.666666666666667
1,1,96,0,1,0,2,5,0,1,1,0,1,0,1,20,2,0,2.0,382,81,4.716049382716049
0,1,144,0,0,0,1,0,1,0,1,0,1,0,1,0,2,0,4.0,188,34,5.529411764705882
1,2,105,0,1,4,6,0,0,0,1,1,1,0,1,20,2,1,2.0,25,6,4.166666666666667
0,1,144,0,0,0,0,0,1,1,0,0,0,0,1,0,2,0,3.0,205,41,5.0
0,18,5,0,0,0,1,1,2,1,2,2,2,0,1,0,12,0,0.0,237,47,5.042553191489362
1,1,105,0,1,0,0,0,1,0,1,1,1,0,1,0,6,0,4.0,816,155,5.264516129032258
0,6,144,0,0,0,0,0,1,0,0,0,1,0,1,0,2,0,2.0,153,30,5.1
0,2,144,0,1,1,0,0,1,0,1,0,1,0,1,0,2,0,2.0,76,13,5.846153846153846
0,18,144,0,0,1,0,0,1,1,0,0,1,0,1,0,7,0,5.0,123,24,5.125
1,5,137,106,0,0,1,5,1,0,1,1,1,0,2,0,12,0,2.0,78,17,4.588235294117647
0,1,144,0,1,1,0,0,1,0,1,1,1,0,1,0,12,0,1.0,46,9,5.111111111111111
1,5,103,81,2,2,0,0,1,1,1,0,1,0,2,0,12,0,3.0,329,57,5.771929824561403
0,2,144,0,0,0,1,0,1,0,0,0,1,0,1,0,2,0,2.0,200,42,4.761904761904762
1,2,104,0,2,0,3,5,1,1,2,2,2,0,4,0,12,0,4.0,603,103,5.854368932038835
0,1,144,114,0,1,0,0,1,1,0,0,1,0,1,0,2,0,1.0,12,2,6.0
0,3,144,0,1,0,1,0,1,0,0,0,1,0,1,0,2,0,3.0,48,9,5.333333333333333
1,3,84,0,1,0,2,5,0,1,0,0,0,0,1,0,5,0,5.0,254,37,6.864864864864865
0,9,144,0,0,1,6,0,1,0,1,0,1,0,1,0,2,0,2.0,454,91,4.989010989010989
0,2,144,0,2,0,6,0,1,0,1,0,2,0,2,0,2,0,5.0,405,69,5.869565217391305
0,73,47,0,0,0,1,0,2,1,0,0,1,0,1,0,2,0,1.0,234,43,5.441860465116279
0,2,144,114,1,0,1,0,1,0,1,1,1,0,2,0,2,0,2.0,513,97,5.288659793814433
0,2,144,0,1,0,0,0,1,1,1,1,1,0,1,0,2,0,1.0,257,45,5.711111111111111
0,18,41,30,0,1,0,0,1,2,2,2,0,0,1,0,12,0,4.0,642,125,5.136
0,84,54,0,1,0,1,5,1,0,0,0,0,0,1,0,2,0,4.0,267,52,5.134615384615385
1,4,105,82,2,0,1,5,1,0,0,1,1,0,2,0,2,0,0.0,264,51,5.176470588235294
1,6,104,0,0,2,0,0,1,1,1,1,1,0,1,50,2,0,5.0,118,22,5.363636363636363
1,16,104,0,1,0,6,0,1,1,1,0,1,0,1,0,2,0,1.0,70,13,5.384615384615385
1,28,128,0,0,1,0,0,2,1,1,1,2,2,1,0,4,0,0.0,278,45,6.177777777777778
0,3,144,0,0,0,1,0,1,1,0,0,2,0,1,0,12,0,3.0,27,5,5.4
1,24,103,0,1,0,1,2,1,2,2,2,2,0,1,0,12,0,1.0,332,66,5.03030303030303
0,37,144,0,1,0,6,0,1,0,0,0,0,0,1,80,2,1,5.0,1277,206,6.199029126213592
1,4,105,0,1,5,0,0,0,0,1,0,0,0,1,0,12,0,5.0,197,34,5.794117647058823
0,1,144,0,0,1,0,0,1,0,1,1,1,0,1,20,3,0,1.0,122,21,5.809523809523809
1,2,105,0,0,1,2,3,0,0,1,1,1,0,1,0,2,0,8.0,690,123,5.609756097560975
0,1,144,114,0,2,0,0,1,1,0,0,1,0,1,0,2,0,1.0,12,2,6.0
0,4,60,30,1,0,6,0,0,1,0,0,1,0,1,200,12,0,4.0,339,68,4.985294117647059
0,5,144,0,1,1,2,2,1,0,0,0,2,0,1,0,2,0,3.0,710,136,5.220588235294118
0,24,144,0,1,0,0,0,1,0,0,0,0,0,1,0,2,0,1.0,85,17,5.0
0,1,144,0,1,1,0,0,1,0,1,0,1,0,1,0,5,0,2.0,582,115,5.060869565217391
1,84,105,0,1,6,0,0,1,0,0,0,0,0,1,0,2,0,4.0,163,35,4.6571428571428575
0,5,144,0,1,1,4,5,1,0,0,0,1,0,2,0,2,0,3.0,384,73,5.260273972602739
0,12,144,0,0,4,0,0,1,0,0,0,0,0,1,0,2,0,1.0,776,136,5.705882352941177
1,60,104,0,0,4,5,5,2,1,0,0,0,0,1,0,12,0,8.0,298,64,4.65625
1,24,90,0,1,0,1,5,1,1,2,2,2,0,1,0,12,0,3.0,10,2,5.0
0,18,147,16,1,3,4,5,1,1,1,0,0,0,1,100,12,0,2.0,1595,293,5.4436860068259385
0,48,144,0,0,0,1,0,1,0,1,2,1,0,1,0,3,0,2.0,186,41,4.536585365853658
0,2,144,114,0,0,1,5,1,0,1,1,1,0,1,0,2,0,1.0,29,5,5.8
1,2,104,0,2,0,2,0,0,1,1,1,1,0,3,0,6,0,1.0,43,9,4.777777777777778
0,3,144,0,2,0,0,0,1,0,1,1,1,0,2,0,2,0,2.0,146,26,5.615384615384615
0,13,144,0,0,1,0,0,1,1,0,0,1,0,1,0,2,0,4.0,204,42,4.857142857142857
1,3,105,0,1,0,3,5,1,0,1,0,0,0,1,0,12,0,1.0,44,5,8.8
0,7,78,54,0,4,0,0,1,1,0,0,0,0,1,250,2,0,3.0,160,28,5.714285714285714
1,4,105,0,1,4,0,0,0,0,1,1,1,1,1,0,2,0,1.0,196,40,4.9
0,24,144,0,1,4,0,0,1,2,0,0,0,0,1,0,2,0,1.0,119,24,4.958333333333333
1,1,105,0,2,0,1,0,1,0,1,1,1,0,2,0,2,0,5.0,418,85,4.91764705882353
1,10,105,0,1,1,4,0,1,0,1,1,0,0,1,0,2,0,9.0,649,122,5.319672131147541
1,3,105,0,2,1,3,5,0,0,2,2,1,0,5,0,2,0,5.0,449,77,5.8311688311688314
0,16,69,114,0,1,0,0,1,0,0,0,0,0,1,300,2,0,1.0,499,76,6.565789473684211
0,36,144,53,0,6,0,0,1,0,2,0,0,0,1,0,2,0,9.0,548,115,4.765217391304348
0,1,144,0,1,0,1,5,1,1,1,0,1,0,1,0,12,0,15.0,528,103,5.12621359223301
1,3,143,0,1,0,6,0,0,2,2,2,1,0,1,0,2,0,6.0,513,99,5.181818181818182
1,3,105,0,1,6,0,0,0,0,1,1,1,0,1,0,12,0,1.0,311,61,5.098360655737705
1,24,104,0,1,4,0,0,1,1,0,0,0,0,1,20,2,0,3.0,566,109,5.192660550458716
1,6,104,0,0,4,0,0,1,1,1,1,1,0,1,0,2,0,1.0,16,3,5.333333333333333
0,2,144,0,0,1,0,0,1,0,1,1,1,0,1,0,12,0,1.0,39,8,4.875
0,1,144,35,1,0,2,0,1,1,2,2,2,0,1,0,2,0,1.0,54,11,4.909090909090909
1,16,122,82,0,4,0,0,2,2,1,1,0,0,1,0,1,0,4.0,766,151,5.072847682119205
1,2,105,0,0,5,0,0,1,0,1,1,1,0,1,0,12,0,5.0,329,69,4.768115942028985
0,2,144,0,0,0,0,0,1,0,0,0,1,0,1,0,2,0,3.0,118,23,5.130434782608695
0,10,49,114,0,1,6,0,1,1,0,0,1,0,1,0,2,0,4.0,375,71,5.28169014084507
0,12,144,114,0,1,6,0,1,1,2,2,2,0,1,0,12,0,3.0,297,57,5.2105263157894735
0,4,144,0,0,1,0,0,1,0,0,0,1,0,1,0,2,0,2.0,575,112,5.133928571428571
0,2,144,0,1,0,0,0,1,0,1,1,1,0,1,20,3,0,1.0,122,21,5.809523809523809
0,13,51,114,1,0,5,5,1,1,0,0,0,0,1,0,2,0,3.0,232,45,5.155555555555556
1,2,105,0,1,0,3,5,1,0,1,1,1,0,1,50,2,0,3.0,295,51,5.784313725490196
0,1,144,114,1,0,1,3,1,0,1,0,1,0,1,0,7,0,2.0,219,38,5.7631578947368425
0,48,169,0,0,4,0,0,0,1,0,0,0,0,1,0,2,0,3.0,192,38,5.052631578947368
1,24,104,0,1,1,3,0,0,1,0,0,0,0,1,0,2,0,1.0,397,73,5.438356164383562
0,4,144,0,1,1,0,0,1,0,0,0,0,0,1,0,12,0,5.0,593,115,5.156521739130435
1,9,105,0,1,3,6,0,0,0,0,0,0,0,1,0,7,0,3.0,133,18,7.388888888888889
