Type,Age,Breed1,Breed2,Gender,Color1,Color2,Color3,MaturitySize,FurLength,Vaccinated,Dewormed,Sterilized,Health,Quantity,Fee,State,VideoAmt,PhotoAmt,desc_length,desc_words,average_word_length
0,1,144,0,0,1,6,0,1,1,0,0,1,0,1,0,2,0,7.0,393,69,5.695652173913044
0,1,144,0,0,0,0,0,1,0,1,1,1,0,1,0,2,0,3.0,390,81,4.814814814814815
1,12,103,80,0,0,0,0,1,2,1,1,2,0,1,300,2,0,3.0,400,78,5.128205128205129
0,3,144,0,1,5,0,0,1,0,1,0,1,0,3,0,2,0,5.0,94,14,6.714285714285714
0,14,47,0,0,0,1,0,2,0,0,0,1,0,1,1,2,0,0.0,171,30,5.7
1,2,104,0,1,1,0,0,0,1,1,1,1,0,1,0,2,0,3.0,209,36,5.805555555555555
1,3,104,0,2,3,5,5,0,1,0,0,1,0,2,0,12,0,15.0,359,59,6.084745762711864
0,60,144,0,1,1,4,0,1,0,1,1,0,0,1,0,2,0,2.0,460,94,4.8936170212765955
0,62,144,0,0,0,2,4,1,1,0,0,0,0,1,0,12,0,3.0,156,28,5.571428571428571
0,2,47,114,0,0,1,0,2,1,2,2,2,0,1,0,2,0,4.0,303,57,5.315789473684211
0,12,144,0,1,4,0,0,1,1,0,0,0,0,1,0,4,3,11.0,1584,283,5.597173144876325
0,1,144,114,2,1,6,0,1,0,1,1,1,0,5,0,2,0,0.0,165,31,5.32258064516129
0,2,144,0,0,0,1,0,1,0,1,1,1,0,1,0,3,0,2.0,220,47,4.680851063829787
0,4,62,25,1,1,0,0,0,2,2,0,0,0,1,0,12,0,3.0,193,33,5.848484848484849
0,24,13,114,1,0,5,5,1,1,2,2,0,0,1,0,2,0,2.0,448,84,5.333333333333333
0,120,144,0,0,0,1,5,2,0,2,2,2,0,1,0,12,0,3.0,884,176,5.0227272727272725
0,3,144,0,1,1,0,0,1,0,1,1,1,0,1,0,2,0,4.0,188,36,5.222222222222222
1,1,104,0,1,0,6,0,0,1,1,1,1,0,5,0,5,0,3.0,151,27,5.592592592592593
1,12,104,0,0,0,0,0,1,1,1,1,1,0,1,0,2,0,1.0,384,72,5.333333333333333
1,4,104,66,2,0,2,5,1,1,1,1,1,0,5,0,12,0,5.0,956,178,5.370786516853933
0,4,144,0,1,0,6,0,1,0,0,1,1,0,1,0,5,0,2.0,70,12,5.833333333333333
0,3,144,0,2,1,3,3,1,0,2,2,2,0,5,0,3,0,1.0,256,49,5.224489795918367
0,2,144,0,2,0,1,5,1,0,2,2,2,0,8,0,12,0,5.0,169,29,5.827586206896552
0,12,144,0,1,0,1,0,1,1,1,0,1,0,1,0,3,0,2.0,131,26,5.038461538461538
0,1,144,0,1,1,0,0,1,2,1,1,1,0,1,0,2,0,3.0,163,34,4.794117647058823
1,2,104,0,0,4,0,0,0,1,2,2,2,0,1,0,3,0,6.0,271,47,5.76595744680851
1,13,105,0,1,1,2,0,1,0,1,0,1,0,1,0,2,0,5.0,589,113,5.212389380530974
0,60,8,114,0,1,3,5,1,1,0,0,0,0,1,0,2,0,5.0,1027,197,5.213197969543147
1,1,105,0,1,2,4,0,1,0,1,1,1,0,1,0,2,0,7.0,276,54,5.111111111111111
0,60,41,30,1,1,0,0,0,2,0,0,0,0,1,0,2,0,3.0,12,2,6.0
0,2,144,0,1,0,1,0,1,0,1,1,1,0,3,0,7,0,3.0,305,62,4.919354838709677
1,6,105,0,1,3,0,0,0,0,0,0,0,0,1,200,7,0,6.0,2002,381,5.254593175853018
0,3,144,114,0,1,0,0,2,0,1,1,2,0,1,0,12,0,3.0,129,24,5.375
0,2,144,0,1,1,6,0,1,0,0,0,1,0,1,0,12,0,6.0,140,26,5.384615384615385
0,1,144,0,1,0,1,5,0,0,1,1,1,0,1,0,2,0,1.0,16,3,5.333333333333333
1,2,104,0,0,0,6,0,0,1,1,1,1,0,1,0,12,0,4.0,119,18,6.611111111111111
0,1,144,0,1,6,0,0,1,1,1,1,1,0,1,0,4,0,1.0,37,6,6.166666666666667
0,3,144,114,1,1,0,0,1,0,0,0,0,0,1,200,2,0,6.0,43,8,5.375
0,3,144,114,1,1,6,0,1,1,1,0,1,0,1,0,2,0,3.0,14,3,4.666666666666667
0,2,144,0,1,0,1,0,1,0,0,0,0,0,1,0,2,0,8.0,627,114,5.5
0,3,144,0,1,2,0,0,1,0,0,0,0,0,1,0,3,0,7.0,84,15,5.6
1,6,135,0,2,2,3,5,2,1,2,2,2,0,2,0,2,0,11.0,587,115,5.104347826086957
0,53,144,114,0,6,0,0,1,1,0,2,2,0,1,0,2,0,1.0,138,24,5.75
1,3,105,0,1,4,5,5,1,0,0,0,0,0,1,100,2,0,1.0,110,21,5.238095238095238
0,3,144,0,0,0,6,0,1,0,0,0,1,0,1,0,2,0,1.0,817,168,4.863095238095238
1,3,105,0,1,6,0,0,0,0,1,1,1,0,1,0,3,0,3.0,15,3,5.0
0,2,144,0,1,0,1,5,0,0,1,1,1,0,5,0,2,0,16.0,330,60,5.5
1,2,105,0,1,0,3,0,0,0,1,1,1,0,2,0,2,0,4.0,670,128,5.234375
1,1,105,0,1,0,1,5,1,0,1,1,1,0,3,0,12,0,8.0,407,77,5.285714285714286
0,2,144,0,1,1,6,0,1,1,2,2,1,0,1,0,2,0,2.0,124,22,5.636363636363637
0,4,65,114,1,0,1,5,1,0,2,0,2,0,4,0,12,0,5.0,337,65,5.184615384615385
0,1,144,0,0,0,1,0,1,1,1,1,1,0,1,0,3,0,1.0,118,20,5.9
0,2,144,0,0,0,1,0,1,0,0,0,1,0,1,0,2,2,4.0,696,136,5.117647058823529
0,4,144,0,1,1,6,0,1,1,2,0,2,0,1,0,2,0,3.0,487,101,4.821782178217822
1,12,135,0,0,2,4,5,1,0,1,0,0,0,1,100,12,1,10.0,1078,195,5.528205128205128
0,48,38,114,1,1,0,0,1,0,1,1,1,0,1,0,2,0,4.0,835,165,5.0606060606060606
1,2,105,0,1,0,6,0,1,0,1,1,1,0,1,0,12,0,4.0,188,40,4.7
0,3,144,28,0,0,1,5,2,0,0,0,1,0,2,0,2,0,12.0,520,96,5.416666666666667
0,5,144,0,0,6,0,0,1,0,0,0,0,0,1,0,7,0,0.0,28,4,7.0
1,2,123,106,2,0,3,4,1,0,1,0,1,0,2,50,12,0,4.0,126,24,5.25
0,24,144,114,1,3,0,0,2,2,1,1,1,0,1,0,12,0,2.0,272,53,5.132075471698113
0,48,144,0,1,2,0,0,1,2,0,0,0,0,1,0,2,0,1.0,219,36,6.083333333333333
0,2,144,114,0,0,1,5,1,1,0,0,1,0,1,0,2,0,5.0,12,2,6.0
1,1,105,0,1,1,6,0,0,0,1,1,1,0,1,0,2,0,4.0,144,21,6.857142857142857
0,12,144,0,1,0,0,0,0,1,2,2,1,0,1,0,12,0,0.0,461,92,5.010869565217392
0,72,30,0,0,1,0,0,0,0,0,0,1,1,1,0,2,0,4.0,195,35,5.571428571428571
1,11,105,0,0,4,0,0,1,0,0,0,0,0,1,100,2,0,6.0,378,67,5.641791044776119
1,24,105,82,1,4,0,0,0,0,0,0,2,0,1,0,2,0,2.0,102,20,5.1
1,2,103,81,1,0,5,5,1,1,1,0,1,0,1,50,2,0,7.0,1329,241,5.514522821576763
1,3,105,0,0,0,0,0,1,0,1,1,1,0,1,0,12,0,1.0,39,8,4.875
0,1,144,114,2,1,2,4,1,1,1,1,1,0,9,0,4,0,11.0,594,117,5.076923076923077
0,8,144,0,0,0,1,2,1,1,0,0,0,0,1,0,12,0,5.0,331,66,5.015151515151516
1,2,104,0,2,0,5,0,0,1,1,1,1,0,2,0,2,0,5.0,216,35,6.171428571428572
1,2,105,0,2,0,1,0,0,1,1,0,1,0,2,0,12,0,9.0,423,79,5.3544303797468356
1,2,105,0,2,0,1,0,1,0,1,1,1,0,4,0,12,0,5.0,1108,204,5.431372549019608
1,72,137,71,0,1,2,2,1,1,2,2,2,0,1,0,12,0,1.0,547,108,5.064814814814815
1,2,105,0,0,0,6,0,0,0,1,0,1,0,1,0,12,0,5.0,104,19,5.473684210526316
1,3,105,81,2,2,6,0,0,1,1,1,1,0,2,0,2,0,3.0,461,95,4.852631578947369
1,3,128,0,0,1,0,0,1,0,0,0,1,0,1,0,2,0,5.0,331,66,5.015151515151516
0,2,144,0,0,0,6,0,2,0,1,0,2,0,1,0,12,0,1.0,326,63,5.174603174603175
0,24,144,0,0,0,1,2,1,1,0,0,0,0,1,0,4,0,3.0,314,63,4.984126984126984
0,72,60,0,0,1,4,5,0,0,0,0,1,2,1,0,2,0,0.0,288,58,4.9655172413793105
0,30,159,0,1,1,0,0,1,1,0,0,0,0,1,350,7,0,2.0,572,104,5.5
1,5,103,0,0,0,6,0,1,1,1,0,1,1,5,10,3,0,4.0,101,19,5.315789473684211
1,6,105,0,1,5,0,0,0,0,1,0,0,0,1,0,4,0,3.0,822,185,4.443243243243243
0,8,69,0,1,1,6,0,1,0,0,0,0,0,1,0,2,0,1.0,144,30,4.8
1,3,105,81,1,1,2,5,1,0,1,1,1,0,1,0,2,0,4.0,289,54,5.351851851851852
0,1,144,0,2,0,1,0,1,1,1,1,1,0,2,0,7,0,5.0,192,40,4.8
0,2,144,54,0,1,6,0,1,0,1,0,1,0,1,0,2,0,4.0,217,41,5.2926829268292686
1,14,84,0,1,0,5,5,1,1,0,2,2,0,1,0,2,0,1.0,247,50,4.94
0,1,144,0,1,0,1,5,1,1,1,1,1,0,1,0,2,0,1.0,174,30,5.8
0,4,144,0,1,0,0,0,2,0,0,0,1,0,1,0,3,0,1.0,139,27,5.148148148148148
1,3,128,82,2,0,6,0,1,0,1,1,1,0,5,0,2,0,5.0,174,28,6.214285714285714
1,12,105,0,0,0,6,0,2,1,0,0,1,0,1,0,2,0,1.0,67,8,8.375
0,3,144,0,1,0,1,2,1,0,0,2,2,0,1,0,2,0,1.0,479,95,5.042105263157895
1,1,143,0,0,0,6,0,1,1,1,1,1,0,1,50,2,0,3.0,443,92,4.815217391304348
0,3,144,0,1,0,1,5,1,0,0,0,1,0,1,0,2,0,4.0,705,133,5.3007518796992485
1,2,105,0,0,2,6,0,0,1,1,0,1,0,1,0,2,0,3.0,450,78,5.769230769230769
1,2,88,110,1,0,1,2,1,1,1,0,1,0,1,0,12,0,4.0,451,79,5.708860759493671
0,1,144,0,0,3,4,5,1,0,1,0,1,0,1,0,2,0,2.0,88,17,5.176470588235294
0,4,144,0,1,1,0,0,1,1,0,0,0,0,1,0,2,0,3.0,426,75,5.68
1,2,103,81,0,0,6,0,0,1,0,0,1,0,1,0,2,0,5.0,210,44,4.7727272727272725
0,1,144,114,0,4,0,0,1,0,0,0,0,0,1,200,12,0,7.0,365,67,5.447761194029851
1,4,105,101,1,1,6,0,1,0,0,0,0,0,1,100,2,5,26.0,3453,659,5.239757207890744
1,2,105,0,0,2,3,0,0,0,1,1,1,1,1,0,2,0,15.0,330,56,5.892857142857143
1,6,137,0,1,0,1,2,1,1,2,2,2,0,1,0,2,0,0.0,139,26,5.346153846153846
0,9,60,0,0,1,6,0,0,1,2,2,0,0,1,0,2,0,4.0,252,52,4.846153846153846
1,1,104,0,1,1,4,0,0,0,0,0,1,0,1,0,2,0,3.0,296,61,4.852459016393443
1,2,104,0,0,0,0,0,1,1,1,1,2,0,1,0,2,0,1.0,304,59,5.1525423728813555
1,3,128,0,0,6,0,0,1,0,1,1,1,0,1,0,2,2,3.0,616,119,5.176470588235294
1,2,105,0,0,2,6,0,1,0,1,1,1,0,1,50,2,0,4.0,135,21,6.428571428571429
0,2,144,0,1,0,1,5,1,0,1,1,1,0,1,0,2,0,2.0,447,80,5.5875
1,6,105,101,0,0,5,0,0,0,0,0,2,0,1,0,2,0,1.0,3,1,3.0
1,2,105,0,1,0,3,5,1,0,1,0,1,0,4,0,6,0,7.0,409,67,6.104477611940299
0,2,144,114,0,1,0,0,1,0,0,1,1,0,2,0,2,0,0.0,220,40,5.5
0,15,41,0,0,6,0,0,0,0,0,0,1,0,1,0,2,1,12.0,522,104,5.019230769230769
0,7,144,0,0,0,1,5,1,1,1,1,1,0,1,0,2,0,0.0,163,33,4.9393939393939394
0,1,144,114,2,0,1,3,0,0,1,0,2,0,6,0,2,0,5.0,371,60,6.183333333333334
0,4,144,0,1,1,4,0,0,0,0,0,2,0,1,0,12,0,2.0,243,40,6.075
1,2,104,106,1,0,6,0,1,1,1,1,1,0,1,0,2,0,3.0,617,116,5.318965517241379
1,5,105,0,0,0,1,0,0,0,0,0,1,0,2,0,12,0,10.0,372,68,5.470588235294118
0,60,36,0,0,1,4,0,0,2,0,0,1,0,1,0,2,0,3.0,230,50,4.6
1,11,105,0,0,1,4,5,1,0,0,0,0,0,1,0,12,0,6.0,228,44,5.181818181818182
1,4,105,0,0,6,0,0,0,0,0,0,1,0,1,0,6,0,4.0,130,25,5.2
0,7,144,0,1,0,1,0,0,0,2,0,0,0,1,0,12,0,7.0,149,25,5.96
1,12,104,0,1,6,0,0,1,1,1,2,2,0,1,0,0,0,1.0,51,10,5.1
1,44,128,0,1,1,4,0,1,0,0,0,0,0,1,0,2,1,19.0,749,135,5.548148148148148
1,12,105,0,0,0,1,0,2,0,0,0,0,0,1,200,2,1,5.0,484,75,6.453333333333333
1,11,105,0,2,0,3,5,1,0,2,2,1,0,14,0,12,0,3.0,429,84,5.107142857142857
0,24,144,0,1,0,2,0,1,0,2,2,1,0,1,0,2,0,3.0,663,117,5.666666666666667
0,6,144,4,1,0,0,0,1,1,1,0,0,0,1,100,12,0,3.0,23,5,4.6
0,36,65,116,1,0,1,5,2,1,0,0,0,0,1,0,2,0,14.0,330,63,5.238095238095238
0,3,144,0,1,1,0,0,2,1,0,0,1,0,1,0,2,0,5.0,158,26,6.076923076923077
1,3,105,82,1,0,1,5,1,1,1,0,1,0,3,100,2,0,3.0,423,79,5.3544303797468356
0,1,144,0,2,0,1,5,1,0,1,1,1,0,7,0,2,0,6.0,20,3,6.666666666666667
1,36,104,0,1,0,3,5,1,1,1,1,2,0,1,0,12,0,1.0,79,11,7.181818181818182
0,4,5,114,0,0,1,0,1,0,0,1,1,0,1,0,2,0,5.0,671,123,5.455284552845528
1,3,88,101,0,5,0,0,1,0,1,0,1,0,1,150,2,0,1.0,30,5,6.0
1,12,105,0,0,3,0,0,1,0,0,0,0,0,2,0,2,0,5.0,768,138,5.565217391304348
0,1,144,0,2,0,1,0,1,0,0,0,1,0,4,0,2,0,6.0,500,97,5.154639175257732
1,6,104,81,1,0,6,0,1,1,1,1,1,0,1,89,2,0,2.0,630,94,6.702127659574468
1,12,120,0,1,1,4,5,1,0,0,0,0,0,1,50,12,0,4.0,12,2,6.0
0,1,144,0,0,6,0,0,1,0,2,2,2,0,1,0,12,0,1.0,687,108,6.361111111111111
0,1,144,0,1,1,4,5,1,0,1,1,1,0,3,0,2,0,10.0,803,155,5.180645161290323
0,12,5,114,1,0,1,1,0,1,0,0,0,0,1,0,2,0,5.0,381,70,5.442857142857143
0,4,144,0,1,0,0,0,1,0,0,0,1,0,1,0,2,0,5.0,55,10,5.5
0,3,144,16,2,0,1,0,1,0,2,2,2,0,3,0,3,0,1.0,232,41,5.658536585365853
1,1,105,0,0,0,4,5,0,0,1,1,1,0,1,0,12,0,1.0,26,5,5.2
0,12,144,114,2,0,1,0,2,0,1,1,1,0,4,0,2,0,3.0,261,45,5.8
0,24,13,53,1,0,1,1,1,1,0,0,0,0,1,0,2,0,1.0,170,35,4.857142857142857
0,2,144,0,1,6,0,0,1,0,1,1,1,0,1,20,3,0,1.0,201,32,6.28125
0,1,144,114,2,0,1,5,1,0,0,0,1,0,4,0,2,0,8.0,442,73,6.054794520547945
0,1,144,0,2,0,1,5,1,1,1,1,1,0,4,0,2,0,9.0,351,49,7.163265306122449
0,3,69,114,0,0,6,0,1,0,1,1,1,0,1,0,2,0,9.0,283,56,5.053571428571429
1,3,105,0,1,6,0,0,1,1,0,0,1,0,1,0,2,0,3.0,26,5,5.2
1,1,105,0,2,1,2,3,1,0,1,1,1,0,4,0,2,0,5.0,329,59,5.576271186440678
0,1,144,0,2,1,6,0,1,1,2,2,1,0,6,0,2,0,4.0,137,23,5.956521739130435
0,1,144,0,0,1,0,0,1,0,1,0,1,0,1,0,12,0,5.0,458,90,5.088888888888889
1,2,119,0,0,0,6,0,1,1,0,0,1,0,1,0,12,0,1.0,70,15,4.666666666666667
0,1,144,114,2,1,6,0,2,1,1,1,1,0,2,0,2,0,4.0,277,56,4.946428571428571
0,1,144,9,1,0,1,0,1,0,0,0,0,0,1,0,2,0,14.0,430,80,5.375
0,15,60,25,1,6,0,0,1,2,0,0,1,0,1,0,2,0,5.0,267,52,5.134615384615385
0,2,144,0,0,1,4,5,1,0,0,0,1,0,1,0,2,0,10.0,96,16,6.0
1,2,105,0,0,0,3,0,1,1,1,1,2,0,1,0,2,0,0.0,119,20,5.95
0,2,144,0,1,0,1,5,1,0,0,0,1,0,1,0,2,0,4.0,846,155,5.458064516129032
0,4,144,114,0,0,1,3,0,0,0,0,1,0,3,0,12,2,7.0,263,50,5.26
1,11,104,0,1,0,5,0,1,1,0,0,0,0,1,0,2,0,1.0,155,29,5.344827586206897
1,2,105,0,0,1,2,3,1,0,1,1,1,0,1,0,2,0,7.0,264,48,5.5
0,2,144,0,1,1,6,0,1,0,0,0,1,0,1,0,12,0,1.0,46,9,5.111111111111111
0,2,144,0,0,1,6,0,1,0,1,1,1,0,1,0,12,0,2.0,273,51,5.352941176470588
0,6,144,0,1,1,0,0,1,0,0,0,0,0,1,0,2,0,1.0,672,135,4.977777777777778
1,2,105,0,1,3,4,4,1,0,1,0,1,0,4,0,2,0,11.0,345,67,5.149253731343284
1,12,105,0,0,0,6,0,1,0,2,2,1,0,1,50,2,0,1.0,179,33,5.424242424242424
1,21,105,82,1,0,1,2,1,0,0,0,1,0,1,0,2,0,2.0,216,41,5.2682926829268295
0,2,144,0,1,0,1,0,1,0,0,0,1,0,2,0,2,0,4.0,338,62,5.451612903225806
0,96,60,0,1,1,3,3,0,2,0,0,0,0,1,150,12,0,4.0,509,93,5.473118279569892
1,2,104,0,0,5,6,0,0,1,1,1,1,0,1,0,2,0,1.0,181,33,5.484848484848484
0,1,144,0,2,0,6,0,1,0,1,0,1,0,7,0,12,0,2.0,57,10,5.7
1,2,135,0,2,5,0,0,1,0,1,0,1,0,2,0,12,0,2.0,159,28,5.678571428571429
0,3,144,0,1,1,0,0,1,0,0,0,1,0,1,0,2,0,1.0,34,6,5.666666666666667
1,3,105,0,2,0,4,5,0,0,1,1,1,0,3,0,12,0,3.0,147,28,5.25
0,96,144,114,0,0,0,0,1,0,0,0,0,0,1,0,12,0,1.0,1081,199,5.432160804020101
1,1,105,0,1,0,1,5,0,0,1,1,1,0,3,0,2,0,4.0,112,26,4.3076923076923075
0,2,144,0,2,1,4,5,1,0,0,0,1,0,4,35,12,0,6.0,185,37,5.0
1,1,105,0,2,0,1,4,0,0,1,1,1,0,5,0,12,0,6.0,238,33,7.212121212121212
0,2,8,114,0,1,0,0,1,0,1,0,1,0,1,0,2,0,4.0,147,28,5.25
0,1,144,114,2,1,3,0,2,0,1,1,1,0,3,0,12,0,5.0,41,8,5.125
1,3,105,0,1,3,6,0,1,0,1,0,1,0,1,0,2,0,3.0,78,13,6.0
1,2,105,0,0,2,0,0,0,0,1,1,1,0,1,0,2,0,1.0,327,63,5.190476190476191
0,1,144,0,1,0,5,0,1,1,1,1,1,0,1,0,4,0,2.0,250,53,4.716981132075472
0,1,144,0,0,0,2,0,1,0,1,2,2,0,1,0,3,0,1.0,101,20,5.05
0,1,166,35,2,0,1,0,0,0,1,0,1,0,2,0,12,0,5.0,36,5,7.2
1,4,105,0,0,6,0,0,1,0,1,0,0,0,1,0,12,0,2.0,78,11,7.090909090909091
0,48,17,0,0,1,6,0,0,0,1,1,1,0,1,0,2,0,3.0,520,97,5.360824742268041
0,1,144,0,0,1,6,0,1,0,1,1,1,0,1,0,2,0,2.0,943,175,5.388571428571429
0,1,144,0,1,0,0,0,1,0,1,1,1,0,1,0,3,0,1.0,144,21,6.857142857142857
1,2,88,82,0,0,6,0,2,0,1,0,1,0,1,90,2,0,5.0,91,14,6.5
0,6,144,0,1,0,0,0,1,0,0,0,1,0,1,0,12,0,2.0,39,8,4.875
0,0,144,114,2,0,1,2,1,1,1,1,1,0,7,0,12,0,1.0,83,16,5.1875
1,2,122,80,1,3,6,0,1,2,1,0,1,0,1,600,2,0,7.0,255,52,4.903846153846154
1,2,105,0,1,6,0,0,0,0,1,0,1,0,1,0,3,0,5.0,384,78,4.923076923076923
1,2,105,0,2,0,1,5,1,0,1,1,1,0,4,0,2,0,4.0,219,45,4.866666666666666
1,2,105,0,1,0,1,5,1,0,1,1,1,0,2,0,2,0,5.0,448,83,5.397590361445783
0,1,144,0,1,1,0,0,1,0,1,1,1,0,1,0,12,0,2.0,211,39,5.410256410256411
0,12,144,0,2,0,1,5,1,0,1,2,1,0,3,0,2,0,3.0,239,33,7.242424242424242
1,55,105,0,0,3,6,0,2,0,0,0,0,0,3,0,2,0,6.0,227,36,6.305555555555555
0,72,8,0,0,2,0,0,2,2,0,0,1,0,1,0,2,0,2.0,406,82,4.951219512195122
0,36,51,0,2,0,5,5,0,1,0,0,1,0,3,0,2,0,2.0,206,33,6.242424242424242
1,2,105,0,2,0,1,5,1,0,1,1,1,0,5,0,12,0,7.0,207,37,5.594594594594595
0,36,144,0,1,1,0,0,1,0,0,1,0,0,1,0,2,0,2.0,318,62,5.129032258064516
0,2,144,114,1,0,6,0,1,1,1,0,1,0,1,0,2,0,4.0,12,2,6.0
0,36,41,0,1,4,0,0,0,0,0,0,0,0,1,0,1,0,1.0,177,33,5.363636363636363
1,5,114,101,0,0,6,0,2,1,1,0,1,0,1,50,2,0,5.0,369,60,6.15
0,12,144,0,0,1,0,0,1,1,2,2,2,0,1,0,2,0,2.0,576,110,5.236363636363636
0,2,144,0,1,0,1,0,1,0,2,2,1,0,1,0,2,0,1.0,71,13,5.461538461538462
0,4,144,0,1,0,1,0,1,0,0,0,0,0,1,50,2,0,2.0,237,48,4.9375
0,1,144,0,0,0,5,0,1,0,1,1,1,0,1,0,2,0,8.0,1534,265,5.788679245283019
1,12,105,0,1,0,3,5,1,0,2,2,2,0,1,0,2,0,4.0,195,40,4.875
0,4,144,0,0,0,5,5,1,0,0,0,0,0,1,200,12,0,1.0,195,34,5.735294117647059
0,1,69,114,1,0,2,0,1,0,1,1,1,0,1,50,2,0,5.0,115,21,5.476190476190476
0,1,144,114,2,4,0,0,1,1,1,1,1,0,2,0,3,0,14.0,93,18,5.166666666666667
1,2,105,0,0,5,0,0,1,0,1,1,1,0,1,0,2,0,4.0,66,9,7.333333333333333
0,2,144,114,1,1,0,0,0,0,2,2,2,0,1,0,2,0,2.0,20,3,6.666666666666667
0,7,144,114,0,0,1,2,1,0,0,0,2,0,1,0,7,0,0.0,140,29,4.827586206896552
1,3,104,0,1,0,6,0,1,1,1,1,2,0,1,0,2,0,4.0,464,96,4.833333333333333
0,2,144,0,0,0,0,0,1,0,1,1,1,0,1,0,12,0,1.0,102,20,5.1
1,1,104,0,1,3,0,0,0,1,1,1,1,0,1,0,2,0,1.0,11,2,5.5
0,2,144,0,0,0,0,0,1,0,1,0,1,0,1,0,2,0,3.0,287,53,5.415094339622642
1,6,122,81,0,0,6,0,2,1,1,0,1,0,1,0,2,0,5.0,261,46,5.673913043478261
1,120,105,0,1,0,0,0,0,0,2,2,0,0,1,0,12,0,1.0,326,68,4.794117647058823
1,1,122,80,1,2,4,0,1,2,1,0,1,0,1,150,2,0,7.0,678,118,5.745762711864407
1,12,135,0,1,5,6,0,2,0,2,0,0,0,6,0,2,0,2.0,248,49,5.061224489795919
0,18,144,0,0,0,1,5,1,0,0,0,0,0,1,0,2,0,6.0,174,32,5.4375
0,2,144,0,0,0,0,0,1,0,1,0,1,0,1,0,2,0,4.0,160,28,5.714285714285714
1,2,105,0,0,5,6,0,1,0,1,1,1,0,1,0,2,0,2.0,432,84,5.142857142857143
1,4,105,81,1,0,1,5,1,1,1,0,1,0,1,65,2,0,5.0,478,97,4.927835051546392
1,2,140,82,1,1,2,3,1,1,0,0,1,0,1,0,12,0,11.0,141,23,6.130434782608695
0,2,144,0,0,0,1,5,1,0,0,0,2,0,1,0,12,0,7.0,207,32,6.46875
0,1,144,0,0,0,1,5,1,1,1,1,1,0,1,0,2,0,3.0,184,36,5.111111111111111
0,5,144,0,1,6,0,0,1,0,1,1,1,0,1,20,3,0,1.0,144,25,5.76
1,2,96,82,2,0,2,5,0,0,0,0,1,0,2,0,2,0,9.0,458,83,5.518072289156627
0,1,144,0,0,1,0,0,1,0,1,1,1,0,1,20,3,0,1.0,122,21,5.809523809523809
0,24,144,0,0,1,6,0,1,2,2,2,2,2,1,0,4,0,3.0,460,81,5.679012345679013
0,42,166,0,0,0,0,0,2,0,0,0,1,0,1,0,2,0,5.0,262,49,5.346938775510204
1,3,104,0,0,5,0,0,1,1,1,1,1,0,1,0,4,0,1.0,50,7,7.142857142857143
1,3,104,0,1,0,3,5,0,1,1,1,1,0,1,0,2,0,1.0,449,87,5.160919540229885
1,6,96,0,2,0,1,4,0,1,1,1,1,0,5,0,4,0,1.0,188,32,5.875
1,12,90,0,1,0,2,5,0,0,2,2,1,0,2,0,12,0,3.0,880,155,5.67741935483871
1,24,96,106,2,0,1,5,1,1,2,2,0,0,10,0,3,0,10.0,146,29,5.0344827586206895
1,2,105,0,2,1,6,0,1,0,1,0,1,0,4,0,2,0,12.0,823,153,5.379084967320262
0,2,144,0,1,1,0,0,1,0,1,0,1,0,1,0,2,0,4.0,368,71,5.183098591549296
1,1,105,0,0,5,6,0,0,0,1,1,1,0,1,0,2,0,3.0,309,58,5.327586206896552
1,1,105,0,0,0,6,0,1,1,1,1,1,0,1,30,2,0,2.0,239,51,4.686274509803922
1,24,82,0,1,0,1,1,1,2,2,2,2,0,1,0,12,0,1.0,77,11,7.0
0,1,144,0,1,0,1,0,2,0,1,1,1,0,1,50,2,0,2.0,362,69,5.246376811594203
1,2,105,0,1,0,1,2,0,0,1,1,1,0,1,0,2,0,13.0,313,55,5.6909090909090905
0,1,144,0,2,0,1,5,1,1,0,0,1,0,4,0,2,0,10.0,103,20,5.15
1,3,122,82,2,5,6,0,1,1,1,1,1,0,2,0,2,0,2.0,966,187,5.165775401069519
1,1,105,0,0,5,6,0,1,0,0,0,1,0,3,0,2,0,2.0,212,32,6.625
0,37,22,0,1,4,6,0,1,0,0,0,0,0,1,0,2,0,3.0,215,36,5.972222222222222
0,2,144,41,1,0,1,5,1,0,1,0,1,0,1,0,2,0,1.0,285,48,5.9375
0,5,144,114,1,1,0,0,1,0,1,0,0,0,1,0,12,0,10.0,1904,389,4.894601542416453
1,36,126,80,2,5,0,0,1,2,0,0,1,0,5,0,2,0,5.0,289,53,5.452830188679245
0,1,147,0,0,0,0,0,1,1,1,1,1,0,1,200,6,0,5.0,189,32,5.90625
1,1,104,0,0,0,6,0,0,1,1,0,1,0,1,0,6,0,10.0,327,57,5.7368421052631575
1,2,104,0,1,0,1,3,0,1,1,1,1,0,1,0,2,0,4.0,58,12,4.833333333333333
1,2,104,0,2,0,1,5,1,0,2,2,2,0,4,0,3,0,1.0,33,5,6.6
0,2,144,114,0,1,2,3,0,0,1,1,2,0,3,0,2,0,1.0,99,17,5.823529411764706
1,6,105,0,0,0,6,0,1,0,1,1,1,0,1,0,2,0,3.0,172,32,5.375
0,1,144,114,1,1,5,5,1,0,1,0,1,0,6,15,2,1,29.0,1008,179,5.631284916201118
1,1,104,0,2,0,5,5,0,1,1,1,1,0,2,0,12,0,4.0,43,7,6.142857142857143
1,1,105,0,1,0,1,0,1,0,1,1,1,0,1,0,12,0,1.0,163,33,4.9393939393939394
0,2,144,0,0,0,1,0,1,1,1,0,1,0,1,5,2,0,4.0,186,34,5.470588235294118
1,36,96,0,1,0,3,5,1,1,0,0,0,0,1,0,12,0,10.0,452,82,5.512195121951219
1,2,105,82,0,1,4,0,1,0,0,0,1,0,1,0,12,0,4.0,297,59,5.033898305084746
1,2,135,0,1,0,6,0,1,0,1,1,1,0,1,0,2,0,5.0,106,20,5.3
1,2,105,0,1,0,4,5,1,0,1,1,1,0,1,0,2,0,2.0,168,35,4.8
0,5,144,0,0,1,6,0,1,0,2,0,1,0,1,0,2,0,2.0,161,31,5.193548387096774
0,2,144,114,0,0,1,0,1,0,0,0,1,0,4,0,2,0,4.0,96,15,6.4
1,5,104,0,2,0,3,4,1,1,1,1,1,0,3,0,2,0,3.0,123,19,6.473684210526316
1,24,105,0,1,0,3,5,1,0,0,0,0,0,1,50,2,0,5.0,132,25,5.28
1,10,88,0,0,0,2,0,0,0,0,0,0,0,1,0,3,0,3.0,356,60,5.933333333333334
0,36,55,0,1,1,0,0,1,0,2,2,2,0,1,300,12,0,1.0,46,8,5.75
0,2,144,114,0,6,0,0,1,0,1,0,1,0,1,0,2,0,1.0,166,32,5.1875
1,5,105,82,0,0,6,0,2,0,2,2,2,0,1,0,2,0,13.0,218,44,4.954545454545454
1,2,105,82,2,0,5,0,1,1,1,1,1,0,4,0,2,0,3.0,47,10,4.7
0,81,13,114,0,0,6,0,1,1,1,0,1,0,1,0,12,0,1.0,437,83,5.265060240963855
1,4,135,0,0,0,1,5,1,0,0,0,2,0,1,0,2,0,3.0,1210,221,5.475113122171946
1,2,105,0,0,1,4,5,1,0,1,1,1,0,1,0,2,0,2.0,127,21,6.0476190476190474
0,3,144,0,1,1,6,0,1,0,0,0,1,0,1,0,2,0,9.0,258,44,5.863636363636363
0,5,144,0,1,2,4,0,1,0,0,0,1,0,1,0,2,0,3.0,240,47,5.1063829787234045
0,9,144,0,1,6,0,0,1,1,0,0,0,0,1,0,2,0,2.0,89,18,4.944444444444445
0,36,144,0,1,3,6,0,1,0,0,0,0,0,1,0,2,0,4.0,514,93,5.526881720430108
0,6,144,114,0,0,0,0,1,0,1,1,1,0,1,0,12,0,3.0,640,117,5.47008547008547
0,2,22,54,0,0,1,0,1,0,0,0,1,0,1,0,2,0,10.0,474,86,5.511627906976744
1,1,128,0,2,0,2,5,0,0,1,1,1,0,10,0,2,0,3.0,111,23,4.826086956521739
0,1,144,0,1,4,0,0,0,0,1,1,1,0,1,0,2,0,1.0,109,21,5.190476190476191
0,12,144,0,1,1,2,0,1,0,1,1,0,0,1,0,2,0,5.0,795,167,4.7604790419161676
0,4,144,0,1,1,0,0,1,0,1,1,1,0,2,0,2,0,2.0,82,17,4.823529411764706
0,17,47,0,0,0,0,0,1,0,0,0,1,0,1,0,2,0,0.0,121,24,5.041666666666667
0,36,144,114,1,0,0,0,2,0,0,0,1,0,1,0,0,0,4.0,914,180,5.0777777777777775
1,1,105,0,0,0,4,4,0,0,1,1,1,0,1,0,12,0,5.0,592,110,5.381818181818182
0,1,6,4,1,0,1,5,1,1,1,1,1,0,3,0,2,0,4.0,360,72,5.0
1,4,105,0,0,1,4,4,0,0,0,0,1,0,1,0,2,0,5.0,355,68,5.220588235294118
0,2,144,0,2,0,3,5,1,0,1,1,1,0,6,0,12,0,6.0,75,15,5.0
1,2,105,66,0,0,1,0,0,1,1,1,1,0,1,0,7,0,2.0,268,50,5.36
1,1,105,0,1,3,6,0,1,0,1,1,1,0,1,0,2,0,1.0,43,8,5.375
1,17,104,0,2,2,0,0,2,1,0,0,0,0,2,0,12,0,5.0,799,161,4.962732919254658
1,5,105,0,0,0,1,5,0,0,2,2,2,0,1,0,2,0,9.0,353,71,4.971830985915493
0,50,155,47,0,1,0,0,1,0,1,1,0,0,1,0,7,0,3.0,70,14,5.0
1,16,105,0,1,5,6,0,1,0,1,0,0,0,1,0,2,0,10.0,431,78,5.5256410256410255
0,2,144,0,1,0,1,4,1,0,1,1,1,0,4,0,2,0,1.0,104,23,4.521739130434782
0,2,144,0,1,1,0,0,1,0,0,0,1,0,1,0,2,0,8.0,1312,243,5.399176954732511
0,3,144,0,0,1,0,0,1,1,1,1,1,0,1,0,2,0,1.0,195,40,4.875
1,1,104,0,2,0,4,5,0,1,1,1,1,0,5,0,2,0,1.0,168,24,7.0
0,5,144,0,1,6,0,0,1,0,0,0,0,0,1,0,2,0,5.0,378,70,5.4
0,72,150,0,0,0,1,5,2,0,0,0,0,0,1,0,2,0,1.0,86,14,6.142857142857143
0,12,144,0,0,4,0,0,1,0,2,2,2,0,1,0,2,0,2.0,40,7,5.714285714285714
1,14,105,0,1,0,1,0,1,0,1,1,0,0,1,0,12,0,3.0,89,17,5.235294117647059
0,13,144,0,1,0,1,0,1,0,0,0,0,0,1,0,12,0,3.0,319,59,5.406779661016949
1,3,105,0,0,0,6,0,1,0,0,0,1,0,1,120,2,0,4.0,178,33,5.393939393939394
1,2,105,0,2,1,3,4,0,0,1,1,1,0,4,0,7,0,4.0,196,36,5.444444444444445
1,24,104,0,1,0,5,5,1,1,0,0,0,0,1,0,12,0,3.0,110,23,4.782608695652174
0,7,144,0,1,0,2,2,1,0,0,0,0,0,1,0,2,1,7.0,1854,323,5.739938080495356
1,16,105,0,1,5,6,0,1,0,0,0,0,0,1,50,2,0,10.0,536,96,5.583333333333333
1,3,104,106,2,3,4,5,0,1,1,1,1,0,4,0,2,0,6.0,411,79,5.2025316455696204
1,2,105,0,1,3,6,0,0,0,2,2,2,0,1,0,12,0,2.0,27,4,6.75
1,3,105,0,0,0,6,0,0,0,1,1,1,0,1,0,12,0,2.0,50,9,5.555555555555555
0,12,144,0,1,1,0,0,1,0,0,0,0,0,1,0,2,0,3.0,257,50,5.14
0,42,28,0,1,0,1,0,1,1,0,2,2,0,1,0,2,0,1.0,71,14,5.071428571428571
0,12,169,0,1,2,0,0,1,1,0,0,2,0,1,300,3,0,3.0,120,18,6.666666666666667
0,4,144,114,2,1,0,0,0,0,0,0,2,0,4,0,2,0,7.0,968,183,5.2896174863387975
1,3,105,0,1,0,2,5,1,0,0,0,1,0,2,1,2,0,5.0,305,56,5.446428571428571
1,2,105,82,2,0,1,5,1,0,1,1,1,0,2,0,2,0,1.0,128,21,6.095238095238095
1,8,105,82,1,5,6,0,1,0,0,0,1,0,1,0,2,0,5.0,108,20,5.4
1,2,104,0,1,0,5,5,1,1,1,1,1,0,1,0,3,0,2.0,43,6,7.166666666666667
0,5,144,0,1,1,6,0,1,0,1,1,1,0,1,0,7,0,1.0,503,94,5.351063829787234
1,5,105,0,1,4,6,0,1,0,1,0,1,0,1,0,12,0,4.0,399,70,5.7
1,2,82,82,2,1,2,4,0,0,1,1,1,0,2,0,2,0,3.0,447,81,5.518518518518518
1,2,105,0,0,5,0,0,0,0,1,0,1,0,1,0,12,0,1.0,408,79,5.1645569620253164
1,8,105,0,0,1,2,5,1,0,2,1,1,0,1,0,12,0,3.0,116,19,6.105263157894737
1,2,105,0,1,0,6,0,0,0,0,0,1,0,1,0,3,0,25.0,299,51,5.862745098039215
1,2,104,0,2,2,6,0,0,1,1,0,1,0,5,0,2,0,6.0,344,65,5.292307692307692
1,3,103,0,0,5,6,0,1,2,0,0,1,0,1,0,12,0,4.0,12,2,6.0
1,2,105,0,0,0,1,0,0,0,0,0,2,0,1,0,12,0,1.0,23,4,5.75
0,6,144,0,1,1,6,0,1,1,0,0,1,0,1,0,12,0,14.0,370,72,5.138888888888889
0,2,144,0,0,1,0,0,1,1,0,0,2,0,1,0,0,0,1.0,65,10,6.5
0,2,144,0,2,0,1,1,1,0,1,0,1,0,3,0,2,0,6.0,310,61,5.081967213114754
0,84,49,10,0,0,1,5,1,1,0,0,0,0,1,10,12,0,2.0,152,31,4.903225806451613
1,2,112,82,0,4,6,0,1,1,2,0,1,0,1,0,12,0,5.0,1220,236,5.169491525423729
1,36,105,0,1,0,5,5,1,2,0,0,2,0,1,300,2,0,2.0,36,7,5.142857142857143
0,6,144,0,0,1,6,0,1,0,0,0,1,0,1,0,2,1,8.0,699,137,5.102189781021898
0,7,51,30,1,0,1,0,1,1,0,0,1,0,1,100,12,0,2.0,505,90,5.611111111111111
1,6,105,0,0,2,0,0,0,0,1,0,0,0,1,0,2,1,0.0,41,7,5.857142857142857
0,36,144,0,0,1,2,0,2,0,2,2,1,0,1,0,12,0,2.0,99,17,5.823529411764706
1,2,104,0,0,2,6,0,1,1,1,1,1,1,1,0,12,0,1.0,662,133,4.977443609022556
0,4,5,53,0,0,1,0,2,1,2,2,2,0,1,0,3,0,2.0,354,69,5.130434782608695
0,60,60,54,0,4,6,0,0,1,0,0,0,0,1,100,2,0,11.0,713,145,4.917241379310345
1,24,105,0,1,1,3,5,1,0,0,0,0,0,8,0,2,0,9.0,799,162,4.932098765432099
0,1,144,0,1,0,1,0,1,0,2,2,1,0,1,0,2,0,4.0,126,22,5.7272727272727275
1,3,104,81,1,5,6,0,0,1,1,1,1,0,1,0,2,0,12.0,7,1,7.0
1,12,105,0,1,5,0,0,1,0,0,0,0,0,1,0,2,0,5.0,134,22,6.090909090909091
0,5,144,114,1,1,6,0,2,0,0,0,0,0,1,50,5,0,6.0,499,93,5.365591397849462
1,2,103,106,1,1,5,5,1,2,1,1,1,0,1,0,2,0,13.0,349,68,5.132352941176471
1,12,105,0,0,1,0,0,1,1,0,0,0,0,1,100,12,0,4.0,211,29,7.275862068965517
1,55,104,0,1,1,5,5,2,1,0,0,0,0,1,150,3,0,5.0,33,6,5.5
1,2,105,82,0,3,0,0,0,0,1,0,1,0,1,0,2,0,1.0,341,68,5.014705882352941
0,2,144,114,0,4,0,0,1,1,0,0,1,0,1,0,2,0,1.0,12,2,6.0
1,12,143,0,0,0,6,0,1,1,0,0,1,0,1,0,12,0,3.0,72,11,6.545454545454546
1,12,105,0,1,4,5,5,0,0,0,0,0,0,1,0,12,0,1.0,14,3,4.666666666666667
1,1,104,82,2,0,3,5,0,1,1,1,1,0,4,0,12,0,3.0,269,54,4.981481481481482
1,3,105,0,1,0,1,5,1,0,0,0,0,0,1,0,3,0,5.0,1103,219,5.036529680365297
1,8,103,0,1,1,6,0,1,2,1,1,1,0,1,0,2,0,2.0,221,44,5.0227272727272725
0,1,144,114,2,0,1,5,1,0,1,1,1,0,7,0,7,0,3.0,657,124,5.298387096774194
1,2,104,0,1,5,6,0,1,1,0,0,1,0,1,0,12,0,1.0,6,1,6.0
0,1,144,0,1,4,0,0,1,1,0,0,1,0,1,0,2,0,9.0,390,68,5.735294117647059
1,60,114,0,2,1,3,0,1,1,0,0,0,0,4,0,2,0,5.0,314,65,4.8307692307692305
0,1,144,0,1,0,1,1,1,0,1,0,1,0,1,0,2,0,4.0,56,10,5.6
1,2,125,0,1,4,6,0,1,2,0,0,1,0,1,250,2,1,11.0,1298,229,5.668122270742358
0,2,144,0,1,4,0,0,1,0,1,1,1,0,1,0,12,0,5.0,100,17,5.882352941176471
0,4,144,0,1,1,2,0,1,0,0,0,1,0,1,150,2,0,1.0,1411,281,5.0213523131672595
0,3,144,0,1,0,1,0,1,1,1,0,1,0,1,0,2,0,4.0,209,41,5.097560975609756
1,2,105,82,0,3,0,0,1,0,0,0,1,0,1,0,3,0,3.0,199,35,5.685714285714286
1,2,105,0,1,2,3,0,1,1,2,2,2,0,1,0,2,0,6.0,105,20,5.25
0,2,144,0,1,1,0,0,1,0,0,0,1,0,1,0,2,0,9.0,144,25,5.76
1,132,105,0,0,4,6,0,1,0,0,0,0,0,1,0,2,0,2.0,736,138,5.333333333333333
0,24,144,114,2,1,0,0,1,0,0,0,0,0,2,0,2,0,1.0,138,25,5.52
0,3,144,0,1,0,1,0,1,0,1,1,1,0,1,0,2,0,3.0,417,84,4.964285714285714
0,2,71,114,1,1,0,0,1,0,0,0,1,0,1,0,2,0,4.0,123,23,5.3478260869565215
1,2,105,0,0,0,6,0,1,0,1,0,1,0,1,0,2,0,1.0,129,23,5.608695652173913
0,10,17,13,0,1,6,0,1,0,0,0,1,0,1,0,2,0,0.0,655,132,4.962121212121212
0,2,144,0,0,1,0,0,1,0,2,2,1,0,1,0,2,0,3.0,99,21,4.714285714285714
0,2,144,0,2,0,1,5,1,0,1,1,1,0,7,0,2,3,5.0,1934,363,5.327823691460055
1,212,105,0,1,0,0,0,1,0,0,0,1,0,1,0,4,1,13.0,271,56,4.839285714285714
0,2,41,39,1,1,0,0,0,0,1,1,1,0,1,500,2,0,2.0,308,49,6.285714285714286
1,3,105,0,0,1,4,5,1,0,0,0,1,0,1,0,2,0,2.0,26,4,6.5
1,6,82,89,1,0,5,0,0,2,2,2,2,1,1,0,2,0,3.0,207,40,5.175
0,60,41,0,1,1,0,0,0,0,0,0,0,1,1,0,2,0,4.0,1008,190,5.3052631578947365
1,0,105,0,2,5,6,0,0,0,1,1,1,0,4,0,5,0,1.0,38,8,4.75
0,1,144,114,1,0,1,0,1,1,1,0,1,0,1,0,2,0,1.0,14,3,4.666666666666667
1,4,122,81,0,0,6,0,1,1,0,0,1,0,1,0,2,0,4.0,254,41,6.195121951219512
1,2,105,81,2,0,1,5,0,0,1,0,1,0,5,0,2,0,14.0,417,56,7.446428571428571
0,1,144,0,2,0,1,0,1,0,1,1,1,0,5,0,2,0,12.0,857,146,5.86986301369863
1,1,103,82,2,0,1,5,0,1,1,1,1,0,3,0,2,0,5.0,591,103,5.737864077669903
0,24,144,114,1,6,0,0,1,0,0,0,0,0,1,0,4,0,5.0,241,53,4.547169811320755
0,1,144,0,2,0,1,4,1,0,1,1,1,0,7,0,2,0,8.0,187,36,5.194444444444445
0,2,144,114,1,0,6,0,1,1,1,0,1,0,1,0,2,0,4.0,12,2,6.0
0,2,69,129,1,4,0,0,1,1,0,0,2,0,1,250,12,0,5.0,402,65,6.184615384615385
0,2,69,41,1,0,1,5,0,1,0,0,1,0,1,0,12,0,4.0,974,191,5.099476439790576
0,3,144,0,1,0,6,0,1,1,0,0,1,0,2,200,2,0,5.0,380,76,5.0
0,2,144,16,1,1,6,0,1,1,1,1,1,0,1,0,12,0,2.0,138,25,5.52
1,8,105,0,0,1,5,0,1,0,2,2,2,0,1,0,2,0,2.0,63,13,4.846153846153846
0,42,144,0,1,0,1,0,0,0,0,0,0,0,1,0,2,0,1.0,541,106,5.10377358490566
1,84,105,0,0,2,0,0,2,0,0,0,0,0,1,0,12,0,5.0,3,1,3.0
0,72,22,0,1,0,0,0,2,1,2,2,0,0,1,0,2,0,2.0,282,54,5.222222222222222
1,7,122,81,1,0,5,5,1,1,0,0,1,0,1,0,2,0,5.0,459,94,4.882978723404255
0,60,54,16,0,0,1,5,2,0,2,2,0,0,1,0,2,0,5.0,392,73,5.36986301369863
1,3,105,0,2,0,2,3,0,0,1,1,1,0,2,0,12,0,5.0,432,86,5.023255813953488
0,3,144,0,1,0,6,0,1,1,0,0,1,0,1,0,2,1,8.0,520,96,5.416666666666667
1,6,105,0,0,5,6,0,1,0,1,0,1,0,1,0,12,0,7.0,452,96,4.708333333333333
0,3,144,0,1,1,4,5,1,1,0,0,1,0,1,0,2,0,22.0,347,53,6.547169811320755
1,3,105,81,1,1,3,5,0,0,1,1,1,0,1,0,12,0,1.0,233,44,5.295454545454546
1,1,104,0,0,6,0,0,0,1,1,1,1,1,1,0,2,0,2.0,138,25,5.52
1,3,135,0,0,1,0,0,0,0,0,0,1,0,1,0,12,0,1.0,405,78,5.1923076923076925
0,2,144,16,1,0,6,0,1,1,1,1,1,0,1,0,12,0,4.0,185,35,5.285714285714286
1,2,104,0,2,0,1,4,0,1,1,1,1,0,2,0,12,0,3.0,20,3,6.666666666666667
0,108,41,0,1,6,0,0,0,2,0,0,0,0,1,200,2,0,3.0,535,100,5.35
1,5,105,73,1,0,1,1,0,0,1,0,0,0,1,0,12,0,3.0,1073,198,5.41919191919192
0,2,144,114,0,0,1,0,1,1,0,0,1,0,1,0,2,0,5.0,12,2,6.0
1,16,135,0,0,0,6,0,1,0,1,1,1,0,10,0,3,0,4.0,474,96,4.9375
1,24,105,0,0,2,6,0,2,0,1,1,1,0,1,0,2,0,4.0,351,56,6.267857142857143
1,1,88,0,0,5,0,0,0,0,1,1,1,0,1,0,2,0,2.0,307,62,4.951612903225806
0,2,144,114,0,0,1,0,1,0,1,0,1,0,2,0,2,0,2.0,45,7,6.428571428571429
0,48,60,0,1,1,6,0,0,2,0,0,0,0,1,300,2,0,1.0,1355,232,5.8405172413793105
1,2,105,0,0,2,6,0,1,1,1,0,1,0,1,0,6,0,5.0,90,15,6.0
0,3,144,0,1,1,0,0,1,1,1,1,1,0,1,0,12,0,3.0,63,15,4.2
1,2,105,82,2,5,0,0,1,1,1,1,1,0,2,0,2,0,4.0,312,61,5.114754098360656
1,3,105,0,2,0,5,5,1,0,1,1,1,0,3,0,2,0,0.0,134,25,5.36
0,2,144,114,1,1,0,0,1,1,1,0,1,0,1,0,2,0,2.0,14,3,4.666666666666667
1,0,105,82,2,0,1,5,1,0,1,1,1,0,5,0,12,0,1.0,118,19,6.2105263157894735
0,36,5,114,0,0,0,0,1,0,1,1,1,0,1,0,2,0,1.0,250,44,5.681818181818182
0,1,144,0,1,1,6,0,1,0,1,1,1,0,1,0,2,0,2.0,561,100,5.61
0,2,144,0,1,1,6,0,1,0,1,1,1,0,1,0,2,0,1.0,168,31,5.419354838709677
0,3,144,0,0,0,1,0,1,0,1,1,1,0,1,0,2,0,3.0,120,23,5.217391304347826
0,12,144,0,1,0,1,0,0,1,0,0,2,0,1,0,2,0,1.0,33,6,5.5
0,2,144,0,0,1,0,0,1,0,1,0,1,0,1,0,2,0,1.0,107,18,5.944444444444445
0,24,144,0,1,1,0,0,1,1,0,0,0,0,1,0,12,0,2.0,522,91,5.736263736263736
1,1,105,0,2,2,3,4,0,0,0,0,1,0,3,0,2,0,5.0,1876,309,6.0711974110032365
1,3,104,0,1,2,5,5,1,1,0,1,1,0,1,0,2,0,4.0,425,81,5.246913580246914
0,3,144,0,0,0,1,5,1,0,1,0,1,0,1,50,5,0,2.0,232,44,5.2727272727272725
0,4,144,0,1,0,1,5,1,0,1,0,2,0,1,0,2,0,2.0,167,32,5.21875
0,8,144,35,0,0,0,0,2,0,0,0,0,0,1,0,2,0,1.0,300,59,5.084745762711864
0,24,144,114,2,0,1,5,1,1,0,0,0,0,3,0,12,0,5.0,565,107,5.280373831775701
0,3,144,0,1,2,4,0,1,0,0,0,1,0,1,0,2,0,2.0,83,15,5.533333333333333
0,2,144,0,1,4,5,5,1,0,0,0,1,0,1,0,2,0,1.0,58,10,5.8
1,1,103,106,1,3,5,5,2,1,1,1,1,0,1,0,2,0,9.0,240,43,5.5813953488372094
1,80,135,0,1,0,5,5,1,0,0,1,0,0,1,50,12,0,2.0,58,10,5.8
1,13,104,0,2,3,5,5,0,1,1,1,1,0,4,50,2,0,1.0,287,48,5.979166666666667
0,2,144,0,2,0,1,5,1,0,2,2,2,0,5,0,2,0,5.0,325,60,5.416666666666667
0,2,163,16,1,1,0,0,0,0,1,1,1,0,2,0,2,0,3.0,838,158,5.30379746835443
1,3,142,0,2,0,1,5,0,2,1,1,1,0,2,0,2,0,5.0,169,33,5.121212121212121
1,3,105,81,0,2,3,3,1,0,1,1,1,0,1,0,2,0,5.0,694,123,5.642276422764228
1,4,104,0,2,0,1,2,1,1,2,2,2,0,2,0,2,0,3.0,21,4,5.25
0,1,144,114,0,1,0,0,1,0,1,1,1,0,1,0,5,0,1.0,75,13,5.769230769230769
0,3,22,114,1,0,1,0,1,0,0,0,1,0,1,0,2,0,4.0,79,14,5.642857142857143
1,11,104,0,1,1,5,0,1,1,0,0,0,0,1,0,12,1,4.0,630,126,5.0
1,0,105,81,0,0,0,0,1,0,1,1,1,0,1,0,2,1,10.0,1152,213,5.408450704225352
0,3,144,0,1,0,0,0,1,1,0,0,1,1,1,0,2,0,1.0,49,9,5.444444444444445
1,1,103,106,1,0,6,0,2,2,1,1,1,0,1,0,2,0,9.0,102,15,6.8
0,96,8,0,0,2,0,0,2,2,0,0,1,0,1,0,12,0,1.0,33,7,4.714285714285714
1,12,143,0,0,0,6,0,0,0,2,2,2,1,1,0,12,0,1.0,352,76,4.631578947368421
1,2,105,0,2,0,1,5,1,0,1,1,1,0,5,0,2,0,4.0,302,57,5.298245614035087
1,6,105,0,1,0,6,0,1,0,2,2,2,0,1,0,2,0,3.0,127,21,6.0476190476190474
0,120,144,0,0,1,2,0,1,1,2,2,2,1,1,0,12,0,1.0,979,192,5.098958333333333
1,5,130,0,1,0,3,5,0,0,0,0,0,0,1,0,2,0,3.0,215,43,5.0
0,1,22,114,1,0,1,5,1,0,1,1,1,0,1,0,1,0,4.0,295,62,4.758064516129032
1,5,104,0,1,2,6,0,1,1,1,0,1,0,1,150,3,0,5.0,788,140,5.628571428571429
1,4,105,63,1,1,5,5,0,0,1,0,1,0,1,0,12,0,4.0,48,7,6.857142857142857
0,27,144,0,1,1,3,5,1,0,0,0,1,0,1,0,12,0,7.0,445,89,5.0
0,1,144,0,1,0,1,0,1,0,0,0,1,0,1,0,2,0,10.0,430,75,5.733333333333333
1,12,105,0,1,0,1,0,0,0,2,2,2,0,1,0,3,0,1.0,401,70,5.728571428571429
0,2,144,0,1,1,4,5,1,1,0,0,1,0,1,100,2,0,1.0,40,6,6.666666666666667
0,3,144,0,1,4,0,0,0,0,0,0,1,0,1,0,2,0,6.0,261,45,5.8
0,7,144,0,1,0,1,3,1,0,0,0,0,0,1,0,2,0,5.0,356,48,7.416666666666667
1,12,104,0,0,2,6,0,1,1,1,0,1,0,1,50,2,0,3.0,484,94,5.148936170212766
1,2,105,0,0,0,1,0,1,0,0,0,1,0,1,70,2,0,1.0,102,20,5.1
1,60,96,0,1,0,2,5,1,1,0,0,0,0,1,0,12,0,1.0,446,85,5.247058823529412
0,4,144,0,1,4,0,0,1,0,0,0,1,0,1,0,2,0,4.0,294,52,5.653846153846154
1,2,105,0,1,5,0,0,1,1,1,0,1,0,1,0,12,0,19.0,103,17,6.0588235294117645
1,4,105,0,0,3,6,0,0,0,1,0,1,0,1,0,4,0,4.0,609,130,4.684615384615385
0,24,65,114,1,0,1,5,1,1,1,1,0,0,1,0,2,0,3.0,253,48,5.270833333333333
0,108,8,53,1,2,4,5,1,1,0,1,2,0,1,0,2,0,1.0,157,29,5.413793103448276
0,2,69,114,1,1,4,5,2,1,0,0,1,0,1,0,2,0,6.0,383,70,5.4714285714285715
1,2,104,0,0,1,6,0,1,1,1,1,1,0,1,0,5,0,3.0,399,64,6.234375
1,6,105,0,1,0,6,0,1,0,1,1,1,0,1,0,2,0,3.0,304,54,5.62962962962963
1,2,103,81,1,0,2,5,1,2,1,0,1,0,1,50,2,0,5.0,616,109,5.651376146788991
0,12,69,114,1,1,2,3,1,1,1,1,1,0,1,0,2,0,1.0,444,89,4.98876404494382
0,24,144,0,1,1,6,0,1,0,0,0,0,0,5,0,2,0,1.0,226,43,5.255813953488372
1,2,105,0,2,0,1,5,0,0,0,0,1,0,2,0,2,0,3.0,143,26,5.5
0,3,36,0,0,1,4,0,0,1,0,0,1,0,1,0,9,0,2.0,98,19,5.157894736842105
1,2,105,0,1,0,6,0,0,0,1,2,1,0,1,0,2,0,1.0,175,28,6.25
1,1,105,0,0,6,0,0,0,0,1,1,1,0,1,0,2,0,4.0,299,59,5.067796610169491
0,5,144,114,1,1,4,5,1,0,0,0,0,0,1,0,2,0,2.0,412,78,5.282051282051282
1,1,104,0,1,0,1,5,1,1,1,1,2,0,3,0,2,0,3.0,194,38,5.105263157894737
0,3,22,114,1,0,0,0,1,0,0,0,0,0,1,0,4,0,3.0,797,151,5.2781456953642385
0,18,41,0,1,1,0,0,0,2,2,0,2,0,1,0,2,0,1.0,484,95,5.094736842105263
0,3,144,0,0,0,0,0,1,0,0,0,1,0,1,0,2,0,3.0,817,168,4.863095238095238
1,6,105,0,0,0,6,0,1,0,0,0,2,0,1,0,12,0,6.0,51,10,5.1
0,49,144,114,0,1,0,0,1,0,0,0,0,0,2,0,2,0,3.0,224,38,5.894736842105263
0,4,144,0,1,4,0,0,0,2,1,1,1,0,1,0,4,0,3.0,289,55,5.254545454545455
1,1,105,0,2,0,6,0,1,0,1,1,1,0,4,0,2,0,0.0,132,20,6.6
0,48,144,0,0,1,3,0,2,0,2,1,1,0,1,1,2,0,0.0,42,8,5.25
0,2,144,114,1,1,0,0,1,0,1,0,1,0,1,0,2,0,1.0,307,60,5.116666666666666
1,3,105,0,2,3,0,0,1,0,1,1,2,0,2,0,2,0,1.0,378,75,5.04
0,12,144,0,0,3,0,0,1,0,2,2,2,0,1,0,12,0,1.0,501,98,5.112244897959184
1,1,105,0,2,0,3,5,0,0,0,0,0,0,16,0,12,0,1.0,162,33,4.909090909090909
0,1,144,0,0,0,1,5,1,1,1,1,1,0,1,0,2,0,4.0,285,60,4.75
0,84,173,0,1,1,0,0,2,1,0,0,0,1,1,0,2,0,1.0,589,117,5.034188034188034
0,4,69,114,0,4,6,0,1,0,0,0,1,0,1,0,2,0,4.0,293,60,4.883333333333334
0,4,61,0,0,0,6,0,2,1,2,2,2,0,1,0,2,0,1.0,224,31,7.225806451612903
1,1,104,0,1,1,4,5,1,1,1,1,1,0,1,0,2,0,4.0,108,20,5.4
1,2,105,0,1,6,0,0,1,0,0,0,1,0,1,30,2,0,1.0,371,66,5.621212121212121
1,1,105,0,2,0,2,0,0,0,1,1,1,1,2,0,7,0,2.0,68,10,6.8
0,2,144,0,0,1,6,0,1,0,0,0,1,0,1,0,2,0,1.0,105,21,5.0
1,15,105,0,0,5,6,0,2,0,0,0,0,0,2,0,2,0,3.0,320,54,5.925925925925926
0,7,5,35,1,0,1,5,1,1,0,0,1,0,1,200,2,2,4.0,511,113,4.522123893805309
1,12,104,0,0,5,0,0,1,1,0,0,0,0,1,0,12,0,2.0,430,90,4.777777777777778
1,2,104,0,1,0,5,5,1,1,1,1,1,0,3,0,5,0,5.0,317,62,5.112903225806452
1,4,87,72,1,1,5,5,0,0,1,1,1,0,3,0,2,0,2.0,80,15,5.333333333333333
1,5,135,0,1,0,1,1,1,0,1,1,1,0,1,0,2,0,2.0,814,168,4.845238095238095
1,4,105,0,1,6,0,0,1,0,1,1,1,0,1,0,12,0,2.0,274,54,5.074074074074074
0,1,144,0,2,0,0,0,1,0,1,0,1,0,6,0,2,0,3.0,256,45,5.688888888888889
0,3,144,114,1,0,1,5,1,1,0,0,1,0,1,0,2,0,1.0,12,2,6.0
1,4,105,0,0,0,5,5,1,0,1,1,1,0,1,0,2,0,5.0,97,14,6.928571428571429
0,2,144,0,1,0,1,0,1,0,0,0,1,0,1,0,2,0,4.0,237,39,6.076923076923077
0,3,144,131,1,0,2,0,1,0,0,0,0,0,1,0,2,0,10.0,275,43,6.395348837209302
1,1,104,0,0,2,3,0,2,1,1,1,1,0,1,0,2,0,3.0,28,6,4.666666666666667
1,8,84,71,0,4,5,0,2,1,2,0,1,0,1,0,11,0,4.0,422,64,6.59375
0,4,144,4,1,0,1,0,2,1,0,0,0,0,1,0,2,0,4.0,84,16,5.25
0,4,54,6,1,4,6,0,1,0,0,0,0,0,1,0,2,0,3.0,268,55,4.872727272727273
1,4,135,82,0,1,5,5,1,0,0,0,1,0,1,0,12,0,13.0,1034,178,5.808988764044944
0,12,144,114,0,1,4,5,1,0,2,2,0,0,2,0,2,0,20.0,1876,331,5.667673716012085
1,36,104,0,2,0,2,5,1,1,0,0,1,0,5,0,2,0,2.0,529,90,5.877777777777778
1,37,135,0,2,2,0,0,1,0,0,0,0,0,2,150,2,0,5.0,1316,258,5.10077519379845
1,8,105,0,1,0,0,0,1,0,0,0,0,0,1,10,3,0,2.0,657,116,5.663793103448276
1,20,105,96,1,6,0,0,1,0,1,1,0,0,1,0,7,0,3.0,58,10,5.8
0,42,29,19,2,1,0,0,1,0,0,0,1,0,2,0,2,0,0.0,45,8,5.625
1,2,105,0,2,0,1,5,1,0,1,1,1,0,3,1,2,0,1.0,457,81,5.6419753086419755
1,2,105,82,1,0,2,5,0,0,1,1,1,0,1,0,12,0,7.0,363,63,5.761904761904762
1,3,105,0,1,4,0,0,1,1,0,0,1,0,1,0,2,0,1.0,263,50,5.26
0,3,144,0,1,0,1,3,1,0,1,1,1,1,1,0,2,0,1.0,391,71,5.507042253521127
1,62,138,0,1,1,0,0,2,1,0,0,0,0,1,0,12,0,4.0,1097,207,5.299516908212561
1,9,116,0,1,0,0,0,1,2,0,0,1,0,1,10,2,0,3.0,133,26,5.115384615384615
0,24,163,114,0,0,1,3,1,0,2,2,2,0,1,0,2,0,1.0,931,185,5.032432432432432
0,36,22,0,0,4,0,0,1,0,0,0,1,0,1,0,12,0,1.0,204,36,5.666666666666667
0,2,144,0,1,0,1,5,1,1,1,0,1,0,1,0,3,0,3.0,226,37,6.108108108108108
0,3,144,0,1,0,0,0,1,0,1,1,1,0,1,0,12,0,1.0,39,9,4.333333333333333
0,36,144,0,0,1,0,0,1,1,2,2,0,1,1,0,3,1,1.0,871,182,4.785714285714286
0,3,15,114,0,1,4,5,1,1,0,0,1,1,1,200,4,0,3.0,232,42,5.523809523809524
0,1,144,0,1,0,1,0,0,1,1,0,0,0,1,0,2,0,1.0,24,4,6.0
1,3,122,0,1,0,2,5,1,2,1,0,1,0,1,400,2,0,1.0,66,7,9.428571428571429
1,12,105,0,1,0,6,0,1,0,0,0,0,0,1,0,12,0,5.0,107,21,5.095238095238095
0,24,144,0,0,0,1,5,1,1,0,0,1,0,1,100,7,0,2.0,2167,383,5.657963446475196
1,2,104,0,0,2,6,0,1,1,1,0,1,1,1,0,5,1,3.0,72,14,5.142857142857143
0,60,65,126,0,2,4,0,1,1,0,0,1,0,1,0,12,0,5.0,437,96,4.552083333333333
0,2,144,0,1,6,0,0,1,1,1,1,1,0,1,0,2,0,1.0,65,11,5.909090909090909
1,3,105,0,1,0,1,0,1,0,1,1,2,1,1,0,2,0,1.0,35,8,4.375
0,2,144,114,0,1,4,5,1,0,0,0,1,0,1,0,2,0,8.0,227,38,5.973684210526316
0,60,144,0,1,6,0,0,0,2,0,0,2,0,1,0,12,0,5.0,274,55,4.9818181818181815
0,96,166,0,0,0,0,0,2,0,0,0,1,1,1,0,2,0,1.0,215,37,5.8108108108108105
1,36,104,0,1,0,5,0,1,1,1,1,1,0,1,0,12,0,3.0,340,63,5.396825396825397
0,22,144,0,1,1,2,3,0,0,0,0,1,0,1,80,2,0,3.0,225,36,6.25
0,3,144,0,1,0,4,0,1,0,0,0,2,0,1,100,3,0,2.0,40,8,5.0
1,2,104,0,2,0,1,4,0,1,1,1,1,0,5,0,5,0,6.0,176,30,5.866666666666666
1,2,105,0,0,1,6,0,0,0,1,1,1,0,1,0,2,0,5.0,511,106,4.820754716981132
0,3,79,114,0,1,0,0,1,0,2,2,1,0,1,0,2,0,2.0,91,17,5.352941176470588
0,3,144,0,2,0,1,5,1,0,1,1,1,0,3,0,2,0,5.0,372,65,5.723076923076923
1,24,105,0,1,0,3,5,1,0,0,0,0,0,1,0,2,0,4.0,202,37,5.45945945945946
1,3,135,0,2,1,5,5,0,1,1,1,1,0,2,0,12,0,2.0,556,103,5.398058252427185
0,0,69,0,1,0,0,0,0,1,2,2,2,1,1,0,2,0,3.0,91,18,5.055555555555555
0,1,144,0,1,0,1,0,1,1,1,1,1,0,1,0,3,0,1.0,268,50,5.36
0,2,144,0,1,1,0,0,1,0,1,0,1,0,1,0,3,0,1.0,226,41,5.512195121951219
1,2,105,0,1,1,0,0,0,0,2,2,2,0,1,0,12,0,5.0,651,112,5.8125
1,4,105,0,0,2,0,0,1,1,1,1,1,0,1,0,2,0,1.0,65,11,5.909090909090909
0,8,144,0,0,0,1,3,1,1,0,0,0,0,2,0,2,0,1.0,315,61,5.163934426229508
1,10,109,101,1,1,0,0,1,0,1,1,1,0,1,0,2,0,2.0,333,67,4.970149253731344
1,4,105,0,0,0,3,5,1,1,1,1,1,0,1,0,12,0,5.0,205,44,4.659090909090909
0,4,144,0,1,1,6,0,2,0,1,1,1,0,2,0,2,0,2.0,146,24,6.083333333333333
0,12,144,0,0,0,1,0,2,0,2,2,2,1,1,0,4,0,3.0,421,83,5.072289156626506
0,3,144,0,0,0,6,0,2,1,2,2,2,0,3,500,7,0,3.0,221,40,5.525
0,6,144,0,1,1,0,0,1,1,0,0,0,0,1,0,12,0,0.0,198,33,6.0
0,2,144,114,1,1,6,0,1,1,1,0,1,0,1,0,2,0,4.0,12,2,6.0
0,48,8,0,0,2,0,0,2,1,1,1,1,1,1,0,7,0,5.0,297,53,5.60377358490566
1,7,105,0,0,4,6,0,1,0,0,0,0,0,1,50,2,0,3.0,127,22,5.7727272727272725
1,7,105,0,0,5,0,0,1,0,0,0,0,0,1,60,12,0,3.0,353,59,5.983050847457627
1,8,104,82,0,3,4,5,1,0,1,0,1,0,10,0,12,0,4.0,173,33,5.242424242424242
0,1,144,0,1,0,1,0,1,0,1,1,1,0,1,0,2,0,2.0,1158,220,5.263636363636364
1,1,122,82,1,0,1,5,0,1,1,0,1,0,1,0,12,0,2.0,860,167,5.149700598802395
1,3,105,63,1,6,0,0,0,0,0,0,1,0,1,0,2,0,2.0,94,16,5.875
0,1,144,0,0,1,2,3,1,1,1,0,1,0,1,0,2,0,5.0,259,29,8.931034482758621
0,24,22,16,0,0,0,0,2,1,0,0,0,0,1,0,2,0,2.0,12,2,6.0
1,2,105,0,0,3,6,0,0,0,1,1,1,0,1,0,2,0,5.0,103,19,5.421052631578948
0,3,144,0,1,0,1,0,1,0,1,0,1,0,1,90,2,0,1.0,80,15,5.333333333333333
1,3,105,0,0,1,6,0,1,0,1,1,1,0,1,0,12,0,0.0,261,47,5.553191489361702
0,6,144,0,1,1,0,0,0,0,0,0,1,0,1,0,2,0,2.0,71,15,4.733333333333333
1,1,115,106,0,0,1,1,1,0,1,0,1,0,1,0,2,0,4.0,218,44,4.954545454545454
1,7,105,0,0,5,0,0,1,0,0,0,0,0,1,100,2,0,1.0,136,28,4.857142857142857
1,2,105,80,1,1,4,5,1,1,1,1,1,0,1,20,2,0,4.0,515,111,4.63963963963964
1,12,103,0,1,0,1,1,1,2,0,0,0,0,1,0,2,0,5.0,1234,244,5.057377049180328
1,24,122,0,1,0,6,0,1,2,2,2,2,0,1,160,6,0,0.0,72,10,7.2
1,6,105,0,1,1,5,5,1,0,1,1,1,0,1,0,2,0,1.0,73,12,6.083333333333333
0,3,22,131,0,0,4,5,1,0,2,2,2,0,1,0,3,0,2.0,239,49,4.877551020408164
0,1,144,0,1,6,0,0,1,1,1,1,1,0,1,0,3,0,5.0,99,17,5.823529411764706
0,2,144,0,2,0,1,0,1,0,1,0,1,0,5,0,2,0,5.0,40,8,5.0
0,2,65,0,1,1,6,0,1,1,0,0,1,0,1,0,2,0,4.0,234,43,5.441860465116279
1,2,104,0,2,0,1,5,0,1,1,1,1,0,5,0,2,0,1.0,234,45,5.2
0,2,144,0,1,0,1,5,0,0,1,1,1,0,1,0,2,0,1.0,360,78,4.615384615384615
1,3,104,0,0,0,5,5,1,1,1,0,1,0,1,0,12,1,7.0,698,115,6.069565217391304
1,7,105,0,1,6,0,0,0,0,0,0,0,0,1,0,6,0,3.0,174,34,5.117647058823529
0,12,165,114,0,0,6,0,0,0,2,2,0,0,1,0,12,0,2.0,23,6,3.8333333333333335
1,24,105,0,1,5,0,0,0,0,0,0,2,0,1,0,12,0,3.0,221,38,5.815789473684211
1,12,105,0,0,6,0,0,1,0,0,0,2,0,1,0,2,0,1.0,629,119,5.285714285714286
0,2,144,0,1,4,0,0,1,0,1,1,1,0,2,0,2,0,4.0,460,90,5.111111111111111
0,2,144,114,0,1,6,0,1,1,1,1,1,0,2,0,2,0,4.0,723,132,5.4772727272727275
0,4,22,0,1,0,0,0,1,0,1,0,1,0,4,0,2,0,2.0,556,103,5.398058252427185
1,2,83,0,0,5,6,0,1,2,0,0,1,0,1,400,2,0,10.0,1324,235,5.634042553191489
0,2,144,0,1,1,0,0,1,1,0,1,1,0,1,40,3,0,1.0,516,90,5.733333333333333
0,0,144,0,2,0,5,5,1,0,1,1,1,0,5,0,2,0,5.0,112,21,5.333333333333333
0,4,144,16,0,4,6,0,2,0,0,0,1,0,1,0,2,4,21.0,340,50,6.8
1,4,105,82,0,5,0,0,1,0,1,0,1,0,1,0,2,0,5.0,527,110,4.790909090909091
0,1,144,0,0,0,1,0,1,1,1,1,1,0,1,0,12,0,1.0,52,8,6.5
1,7,128,0,0,6,0,0,2,1,1,0,2,0,1,0,2,0,1.0,98,17,5.764705882352941
0,1,144,0,1,1,0,0,0,0,1,1,1,0,1,0,2,0,2.0,97,23,4.217391304347826
1,1,105,0,0,2,6,0,0,0,1,1,1,0,1,0,12,0,3.0,150,30,5.0
1,2,94,101,1,5,6,0,1,1,1,1,1,0,1,0,2,0,4.0,85,14,6.071428571428571
1,12,135,0,2,0,2,5,1,0,2,2,1,0,4,0,2,0,1.0,873,177,4.932203389830509
1,1,103,81,1,0,2,5,1,1,1,1,1,0,1,50,2,0,5.0,732,131,5.587786259541985
1,3,103,0,0,0,5,5,2,2,1,0,1,0,1,50,2,0,2.0,375,77,4.87012987012987
1,6,104,0,1,5,0,0,1,1,1,0,1,0,1,0,1,0,4.0,229,41,5.585365853658536
0,1,144,0,2,0,1,0,1,0,0,0,1,0,5,0,2,0,5.0,74,14,5.285714285714286
1,3,104,0,0,5,6,0,1,1,1,1,1,0,1,0,2,0,3.0,20,2,10.0
1,12,135,0,0,2,3,0,1,0,2,2,1,0,1,0,2,0,1.0,95,21,4.523809523809524
1,3,103,0,0,0,1,0,1,1,1,1,1,0,1,0,12,0,2.0,335,59,5.677966101694915
0,15,41,0,0,6,0,0,1,1,0,0,0,0,1,500,2,0,0.0,194,35,5.542857142857143
0,1,144,114,1,4,6,0,1,1,1,0,1,0,1,0,2,0,3.0,12,2,6.0
1,1,105,0,0,5,6,0,1,0,0,0,1,0,1,0,7,0,2.0,365,74,4.9324324324324325
0,3,22,26,0,2,4,5,1,0,2,2,2,0,1,200,2,0,0.0,111,23,4.826086956521739
0,36,59,0,0,0,0,0,1,1,0,0,0,0,1,250,2,0,5.0,1146,247,4.6396761133603235
0,2,144,0,0,6,0,0,1,0,0,0,1,0,1,50,2,0,2.0,92,17,5.411764705882353
0,1,144,0,1,0,1,0,1,0,1,1,1,0,1,0,2,0,4.0,386,81,4.765432098765432
0,12,169,0,1,2,0,0,0,1,2,2,2,0,1,0,12,0,0.0,293,54,5.425925925925926
0,28,61,0,0,0,6,0,2,1,0,0,2,0,1,50,2,0,2.0,304,64,4.75
1,2,104,0,1,0,6,0,0,0,1,0,1,0,1,0,5,0,3.0,52,11,4.7272727272727275
1,18,122,93,0,1,4,0,2,2,0,0,1,0,1,500,0,0,3.0,317,61,5.19672131147541
0,1,144,0,1,3,6,0,1,1,1,1,1,0,1,20,3,0,1.0,122,21,5.809523809523809
0,2,144,114,1,0,1,5,1,0,1,1,1,0,2,0,3,0,4.0,157,31,5.064516129032258
1,2,105,0,0,2,0,0,0,0,1,0,1,0,1,0,1,0,4.0,243,41,5.926829268292683
0,2,144,0,1,0,1,0,1,0,1,1,1,0,1,200,12,0,1.0,280,56,5.0
0,2,144,35,1,1,6,0,1,0,1,1,1,0,1,0,12,0,3.0,73,15,4.866666666666666
0,1,144,0,0,1,0,0,1,1,1,1,1,0,1,0,2,0,4.0,147,25,5.88
0,2,144,0,1,0,0,0,1,0,0,0,1,1,1,0,12,0,4.0,487,102,4.7745098039215685
0,4,144,114,2,1,6,0,1,1,0,0,1,0,2,0,2,0,12.0,334,50,6.68
1,11,140,82,1,0,1,5,1,0,0,0,0,0,1,100,2,0,6.0,1310,229,5.720524017467249
1,5,105,82,1,1,5,5,0,0,0,0,1,0,1,0,2,0,5.0,681,125,5.448
0,2,144,0,2,0,6,0,1,0,0,0,1,0,2,0,2,0,2.0,213,43,4.953488372093023
0,1,144,0,1,1,4,0,1,0,1,1,1,0,1,0,2,0,1.0,55,11,5.0
1,0,105,0,2,0,3,5,0,0,1,1,1,0,4,100,2,0,0.0,190,34,5.588235294117647
1,1,105,81,1,1,2,3,0,0,2,2,2,0,1,0,2,0,4.0,105,22,4.7727272727272725
1,12,105,0,0,5,6,0,1,0,1,0,0,0,1,0,2,0,5.0,681,132,5.159090909090909
0,3,144,0,0,0,1,0,1,0,0,0,1,0,1,0,2,0,4.0,291,58,5.017241379310345
0,1,144,114,2,0,3,5,1,0,1,1,2,0,5,0,2,1,1.0,216,39,5.538461538461538
1,6,105,0,1,1,6,0,1,0,0,0,1,0,1,0,2,0,4.0,436,99,4.404040404040404
1,1,105,81,1,0,1,4,1,0,1,1,1,0,1,0,2,0,3.0,308,49,6.285714285714286
0,2,144,0,0,5,6,0,0,0,0,0,1,0,1,0,4,0,6.0,377,67,5.626865671641791
1,5,105,0,1,0,3,4,1,0,1,0,1,0,1,0,2,0,6.0,321,63,5.095238095238095
0,2,144,0,1,0,1,0,1,0,2,2,1,0,1,0,2,0,2.0,105,17,6.176470588235294
0,10,144,114,1,0,1,5,1,0,1,1,1,0,1,0,2,0,3.0,472,94,5.0212765957446805
0,6,144,0,1,0,1,0,0,0,0,0,1,0,1,0,2,0,2.0,71,15,4.733333333333333
1,3,105,0,0,1,5,5,1,0,0,0,1,0,1,0,2,0,6.0,1328,258,5.147286821705427
1,2,105,0,1,0,6,0,1,0,0,0,1,0,1,0,12,0,12.0,316,62,5.096774193548387
0,36,41,114,1,4,0,0,0,0,0,0,0,0,1,0,12,0,2.0,226,43,5.255813953488372
0,8,144,114,1,6,0,0,1,0,0,0,0,0,1,0,2,1,1.0,248,48,5.166666666666667
1,3,104,0,2,0,1,5,1,1,1,1,1,0,2,0,2,0,3.0,846,151,5.602649006622516
0,2,144,0,1,0,1,0,1,1,1,1,1,0,1,0,2,0,1.0,226,39,5.794871794871795
1,48,120,94,1,0,6,0,1,0,0,0,0,0,1,0,12,0,1.0,280,56,5.0
0,1,144,76,0,0,1,0,2,1,0,0,1,0,1,0,2,0,4.0,279,47,5.9361702127659575
1,4,135,106,2,0,0,0,1,1,1,1,1,0,3,0,12,0,11.0,449,82,5.475609756097561
0,108,62,0,1,0,1,0,0,2,0,0,0,0,1,0,2,0,2.0,446,68,6.5588235294117645
0,12,144,0,1,1,0,0,1,0,2,2,2,0,1,0,2,0,1.0,58,9,6.444444444444445
1,2,128,81,0,0,6,0,0,1,1,1,1,0,1,0,2,0,1.0,108,17,6.352941176470588
1,2,105,0,1,2,5,5,0,0,2,2,2,0,1,0,12,0,5.0,1076,211,5.099526066350711
1,10,122,81,0,0,6,0,2,2,2,0,1,0,1,0,12,0,5.0,107,22,4.863636363636363
1,7,90,75,2,0,1,5,1,0,1,1,1,0,5,0,2,0,4.0,429,86,4.988372093023256
1,2,105,0,0,0,6,0,0,0,1,0,1,0,1,0,7,0,5.0,372,78,4.769230769230769
0,2,144,114,0,0,1,0,1,1,0,0,1,0,1,0,2,0,5.0,12,2,6.0
0,2,144,0,1,1,0,0,1,0,1,1,2,0,5,0,5,0,5.0,115,24,4.791666666666667
1,8,105,0,1,5,6,0,1,0,0,0,0,0,1,50,12,0,1.0,105,18,5.833333333333333
1,3,135,82,1,0,0,0,0,0,1,0,1,0,1,0,7,0,1.0,191,37,5.162162162162162
1,4,104,0,0,0,0,0,1,1,0,0,1,0,1,0,12,0,4.0,830,152,5.4605263157894735
1,72,105,0,1,3,0,0,1,0,0,0,0,0,1,0,12,0,8.0,495,98,5.051020408163265
0,1,144,0,1,4,0,0,1,0,0,0,1,0,1,0,2,0,4.0,116,18,6.444444444444445
0,18,144,128,0,4,0,0,1,0,0,0,1,0,1,0,4,0,2.0,350,76,4.605263157894737
0,1,144,114,1,2,4,0,1,1,1,1,1,0,1,0,2,0,3.0,283,55,5.1454545454545455
0,49,60,0,1,5,6,0,0,1,0,0,0,0,1,0,12,0,1.0,296,56,5.285714285714286
0,36,17,0,0,1,6,0,0,0,0,0,0,0,1,350,7,0,8.0,1916,356,5.382022471910112
0,3,144,0,0,6,0,0,1,1,1,1,1,0,1,0,12,0,1.0,33,6,5.5
1,6,84,0,0,1,6,0,0,1,1,1,0,0,1,0,2,0,4.0,92,19,4.842105263157895
0,2,144,0,1,0,1,3,1,1,0,0,1,0,2,0,2,0,7.0,382,49,7.795918367346939
1,18,104,0,0,6,0,0,1,1,1,1,1,0,1,100,1,0,3.0,259,57,4.543859649122807
1,2,104,0,1,0,6,0,1,1,1,1,1,0,1,60,7,0,8.0,63,11,5.7272727272727275
1,17,104,0,0,0,1,0,2,1,0,0,0,0,1,200,5,0,3.0,211,40,5.275
0,5,144,0,1,1,0,0,1,0,0,0,0,0,1,0,7,0,4.0,1159,216,5.3657407407407405
0,10,144,0,1,1,0,0,1,0,0,0,0,0,1,0,2,0,8.0,345,63,5.476190476190476
0,4,144,0,0,1,0,0,1,0,0,0,0,0,1,0,2,0,1.0,435,88,4.943181818181818
0,12,58,0,0,0,1,5,1,2,0,0,1,0,1,500,3,0,3.0,826,161,5.130434782608695
0,6,144,0,0,6,0,0,1,1,0,0,0,0,1,0,2,0,4.0,705,137,5.145985401459854
1,2,120,0,1,1,2,4,1,0,1,1,1,0,1,0,12,0,4.0,376,69,5.449275362318841
1,4,105,0,1,0,5,0,1,0,1,1,1,0,2,0,2,0,3.0,461,84,5.488095238095238
0,0,144,0,1,1,6,0,1,1,1,1,1,0,1,0,2,0,4.0,18,3,6.0
0,1,144,0,0,1,6,0,1,1,1,1,1,0,1,0,3,0,2.0,103,15,6.866666666666666
1,3,90,0,0,5,6,0,2,1,1,0,1,0,1,0,12,0,3.0,40,8,5.0
1,11,105,105,1,1,6,0,1,0,0,0,1,0,1,0,12,0,3.0,205,33,6.212121212121212
1,3,105,0,0,0,6,0,1,1,0,0,2,0,1,0,3,0,3.0,156,29,5.379310344827586
0,24,144,0,0,0,1,0,1,1,2,2,2,0,3,0,0,0,2.0,297,52,5.711538461538462
1,84,105,0,0,1,6,0,1,0,0,0,0,0,1,0,2,0,2.0,162,30,5.4
0,4,144,0,0,0,0,0,0,0,0,1,1,0,1,0,2,0,6.0,171,35,4.885714285714286
1,7,105,0,0,3,6,0,1,1,1,1,1,0,1,0,12,0,1.0,39,4,9.75
1,1,128,0,0,4,0,0,1,0,1,1,1,0,2,0,3,0,3.0,85,8,10.625
0,2,144,0,0,0,1,0,1,0,2,2,1,0,1,0,2,0,1.0,146,31,4.709677419354839
0,1,65,114,2,1,4,5,1,1,1,1,1,0,7,0,2,0,5.0,1001,193,5.186528497409326
0,1,144,0,0,0,6,0,1,0,1,1,1,0,1,0,2,0,8.0,409,74,5.527027027027027
0,2,144,114,1,0,1,5,1,1,1,0,1,0,1,0,12,0,2.0,280,52,5.384615384615385
1,5,105,0,1,0,0,0,0,0,1,0,1,0,1,0,2,0,2.0,316,61,5.180327868852459
0,1,144,0,2,0,4,5,1,0,1,0,1,0,4,0,2,0,4.0,1444,261,5.532567049808429
1,3,105,0,0,0,6,0,1,1,1,0,1,0,1,0,2,0,1.0,319,56,5.696428571428571
0,2,144,0,1,0,1,0,1,0,2,2,1,0,1,0,2,0,2.0,138,25,5.52
0,48,60,0,0,6,0,0,0,1,0,0,0,0,1,0,12,0,2.0,139,27,5.148148148148148
0,3,144,0,1,1,0,0,2,1,0,1,1,0,1,0,2,0,0.0,502,79,6.3544303797468356
1,6,82,0,0,0,6,0,1,1,1,1,1,0,1,0,2,0,1.0,1147,226,5.075221238938053
1,2,120,0,2,0,3,5,0,0,1,1,1,0,4,0,3,0,3.0,209,40,5.225
0,48,38,0,1,5,0,0,1,0,0,0,0,0,2,400,2,0,5.0,326,58,5.620689655172414
1,5,105,0,1,1,0,0,1,0,1,1,1,0,1,0,0,0,1.0,38,7,5.428571428571429
1,4,84,0,0,0,6,0,1,1,1,0,1,0,1,0,12,0,3.0,129,21,6.142857142857143
1,10,105,0,1,0,5,5,0,0,0,0,1,0,1,50,12,0,1.0,262,41,6.390243902439025
1,2,104,0,0,0,4,5,1,1,1,1,1,0,1,0,12,0,5.0,256,47,5.446808510638298
0,4,144,0,0,0,0,0,1,0,1,0,1,0,1,80,2,0,4.0,135,27,5.0
0,12,144,0,0,0,0,0,1,0,1,0,0,0,1,0,7,0,4.0,338,66,5.121212121212121
1,5,105,106,1,1,2,0,0,0,1,0,1,0,1,0,2,0,12.0,175,34,5.147058823529412
0,2,144,114,1,0,1,5,1,1,2,2,2,0,4,0,0,0,4.0,108,19,5.684210526315789
1,3,105,0,1,0,6,0,1,1,2,0,1,0,1,0,12,0,11.0,659,124,5.314516129032258
1,2,128,101,2,0,6,0,1,1,1,1,1,0,2,0,2,0,5.0,471,79,5.962025316455696
1,3,128,81,1,1,6,0,1,1,1,1,1,0,2,150,2,0,5.0,308,53,5.811320754716981
0,2,144,0,1,1,0,0,1,1,0,0,1,0,1,0,2,0,7.0,332,55,6.036363636363636
1,2,105,0,2,1,5,0,1,0,1,1,1,0,2,0,5,0,3.0,382,66,5.787878787878788
1,14,104,0,1,0,1,5,1,1,1,1,1,0,1,0,5,0,2.0,667,138,4.833333333333333
1,6,105,106,1,5,6,0,0,0,1,1,0,0,1,0,2,0,1.0,17,3,5.666666666666667
0,84,8,0,0,2,0,0,2,2,0,0,0,0,1,0,12,0,1.0,637,113,5.6371681415929205
0,12,60,0,1,4,0,0,0,2,0,0,0,0,1,0,2,0,2.0,79,13,6.076923076923077
0,5,144,0,1,0,0,0,1,1,0,0,0,0,1,0,2,0,8.0,231,45,5.133333333333334
0,2,69,114,0,0,1,0,1,0,2,2,1,0,1,0,2,0,4.0,91,17,5.352941176470588
0,2,144,0,0,1,0,0,1,0,1,1,1,0,1,0,2,0,1.0,375,75,5.0
1,2,128,81,0,6,0,0,0,1,1,0,1,1,1,0,2,0,5.0,332,49,6.775510204081633
0,2,144,0,1,0,6,0,1,1,1,1,1,1,1,150,2,0,2.0,149,29,5.137931034482759
1,2,105,0,0,0,5,5,1,0,1,1,1,0,1,0,2,0,0.0,67,12,5.583333333333333
1,1,105,82,2,0,6,0,1,0,1,1,1,0,4,0,12,0,2.0,746,148,5.04054054054054
0,36,69,0,0,6,0,0,2,2,0,0,0,0,1,300,2,0,4.0,1410,248,5.685483870967742
0,24,144,0,1,0,0,0,1,1,0,0,1,0,1,0,12,0,2.0,52,10,5.2
0,96,51,0,0,5,0,0,0,1,0,0,1,0,1,0,2,0,1.0,96,17,5.647058823529412
0,3,164,41,1,0,1,5,1,0,1,1,1,0,1,0,12,1,7.0,241,41,5.878048780487805
1,3,104,0,1,1,3,5,1,1,1,1,1,0,3,0,2,0,1.0,839,158,5.310126582278481
0,24,69,18,1,6,0,0,1,1,2,2,2,0,1,0,2,0,10.0,482,85,5.670588235294118
1,6,105,0,0,0,6,0,1,0,0,0,0,0,2,0,2,0,11.0,343,72,4.763888888888889
1,2,96,0,1,0,1,1,0,0,1,1,1,0,1,0,12,0,5.0,50,10,5.0
0,4,144,0,1,0,1,0,1,0,0,0,0,0,1,0,2,0,5.0,54,12,4.5
0,84,17,0,1,1,6,0,1,0,0,0,0,0,1,0,12,0,1.0,113,21,5.380952380952381
1,4,105,82,0,2,0,0,1,0,0,0,1,0,1,0,3,0,4.0,560,104,5.384615384615385
1,12,104,0,2,0,0,0,1,1,0,0,1,0,3,0,12,0,6.0,386,68,5.676470588235294
1,7,97,0,1,5,0,0,1,0,2,2,2,0,1,0,5,0,2.0,234,45,5.2
1,2,105,0,2,0,2,5,0,0,1,0,1,0,2,0,12,0,1.0,101,20,5.05
0,3,144,0,1,0,1,0,1,0,0,0,1,0,1,0,2,0,0.0,304,60,5.066666666666666
0,12,144,0,0,0,1,0,1,0,2,2,2,0,1,0,4,0,5.0,518,104,4.980769230769231
1,2,105,0,1,6,0,0,1,0,1,0,1,0,3,0,2,0,4.0,79,11,7.181818181818182
1,2,105,0,1,0,4,0,1,0,1,0,1,0,2,0,12,0,8.0,1020,207,4.927536231884058
0,24,144,0,1,1,0,0,2,0,0,0,0,0,1,50,3,0,4.0,293,60,4.883333333333334
1,12,105,0,0,0,0,0,0,0,1,1,1,0,1,0,2,0,1.0,95,17,5.588235294117647
0,2,144,0,0,1,0,0,1,0,1,1,1,0,1,0,2,0,4.0,645,119,5.420168067226891
1,3,135,0,1,5,0,0,1,1,1,0,1,0,1,0,2,0,1.0,174,35,4.9714285714285715
0,48,60,0,0,4,6,0,0,2,0,0,0,1,1,400,2,0,2.0,1169,214,5.462616822429907
0,48,62,114,1,0,4,4,1,1,0,0,0,0,1,0,2,0,3.0,622,117,5.316239316239316
1,3,105,0,2,0,1,4,0,0,1,1,1,0,3,0,2,0,5.0,100,16,6.25
0,7,144,0,1,1,6,0,1,0,0,0,0,0,1,110,2,0,5.0,134,22,6.090909090909091
0,48,155,30,1,4,0,0,0,0,2,2,2,0,1,0,2,0,4.0,271,53,5.113207547169812
0,2,144,0,2,1,0,0,1,0,0,0,1,0,4,0,12,0,1.0,643,115,5.591304347826087
0,2,144,0,2,0,6,0,2,0,1,1,1,0,6,0,7,0,1.0,141,29,4.862068965517241
0,1,144,0,1,1,6,0,1,0,1,1,1,0,1,0,4,0,1.0,692,129,5.364341085271318
1,4,104,0,1,1,5,5,0,1,1,1,1,0,1,0,2,0,1.0,80,16,5.0
0,60,144,0,1,4,0,0,1,0,0,0,0,1,1,0,2,0,1.0,446,86,5.186046511627907
0,2,144,114,2,0,1,5,0,1,0,0,2,0,2,0,2,0,5.0,392,80,4.9
0,65,43,0,1,4,0,0,0,0,0,0,0,0,1,0,12,0,1.0,142,30,4.733333333333333
1,11,128,81,1,4,5,0,1,1,0,0,1,0,1,0,2,0,3.0,227,45,5.044444444444444
1,12,105,0,1,5,6,0,0,0,0,0,0,0,1,100,2,0,2.0,54,10,5.4
0,4,144,51,0,0,1,5,1,1,0,0,1,0,1,0,5,0,4.0,311,61,5.098360655737705
0,2,144,0,1,0,0,0,1,0,0,0,1,0,1,0,12,0,10.0,735,140,5.25
1,112,105,0,0,0,6,0,0,0,1,1,1,0,1,0,12,0,5.0,271,50,5.42
1,1,96,82,1,0,2,5,1,0,1,0,1,0,1,0,2,0,6.0,928,161,5.763975155279503
1,3,120,0,1,0,1,4,1,1,1,0,2,0,1,50,12,0,3.0,396,78,5.076923076923077
0,7,144,0,0,0,1,5,1,0,0,0,2,0,1,0,4,0,4.0,219,44,4.9772727272727275
0,2,144,114,1,4,0,0,1,1,0,0,1,0,1,0,2,0,2.0,12,2,6.0
1,2,105,0,0,2,0,0,1,0,0,0,0,0,1,0,2,0,8.0,348,72,4.833333333333333
0,24,144,0,1,2,0,0,1,0,0,0,0,0,1,0,12,0,3.0,414,80,5.175
1,2,105,0,0,1,0,0,0,0,1,0,1,1,1,0,2,0,1.0,151,29,5.206896551724138
1,4,101,0,0,0,6,0,1,1,1,1,1,0,1,0,2,0,3.0,556,108,5.148148148148148
0,2,144,0,0,4,6,0,1,0,1,1,1,0,1,0,12,0,3.0,100,17,5.882352941176471
0,2,144,0,1,4,0,0,0,0,1,1,1,0,1,0,5,0,3.0,100,17,5.882352941176471
0,4,144,0,1,1,6,0,1,0,1,0,0,0,1,0,12,0,11.0,55,8,6.875
0,2,144,0,1,1,6,0,1,1,2,2,1,0,1,0,2,0,1.0,107,18,5.944444444444445
0,5,144,0,1,1,0,0,1,1,2,0,1,0,1,0,12,0,7.0,383,72,5.319444444444445
0,4,165,0,1,0,6,0,1,0,1,1,1,0,1,0,2,0,3.0,906,187,4.8449197860962565
1,4,105,0,2,0,4,5,0,0,1,1,1,0,5,0,2,0,5.0,356,68,5.235294117647059
1,2,114,0,1,4,6,0,2,2,1,1,1,0,1,200,2,0,1.0,35,6,5.833333333333333
0,4,144,0,1,6,0,0,1,1,1,1,1,0,1,0,2,0,2.0,156,25,6.24
1,12,105,0,0,2,6,0,1,0,1,1,1,0,1,0,12,0,3.0,5,1,5.0
0,1,22,114,2,1,4,5,1,1,1,1,1,0,4,50,2,0,11.0,907,167,5.431137724550898
1,3,104,0,0,3,0,0,0,1,2,2,2,0,1,0,12,0,4.0,35,7,5.0
0,12,144,0,0,1,0,0,1,0,0,0,0,0,1,0,2,0,2.0,185,35,5.285714285714286
0,1,144,0,0,1,2,0,1,0,1,1,1,0,1,0,2,0,1.0,508,106,4.7924528301886795
1,2,105,0,1,0,3,5,1,0,1,0,2,0,1,0,2,0,5.0,250,39,6.410256410256411
0,0,144,114,2,0,1,5,0,0,2,2,2,2,5,0,12,0,10.0,233,2,116.5
0,12,144,0,0,6,0,0,1,0,1,1,1,0,1,0,12,0,2.0,159,31,5.129032258064516
0,60,47,0,0,0,0,0,2,1,0,0,0,0,1,0,4,0,5.0,566,79,7.1645569620253164
1,2,105,0,0,0,6,0,1,0,1,0,1,0,1,0,12,0,8.0,665,132,5.037878787878788
0,2,144,0,1,1,6,0,1,2,0,0,1,0,1,0,2,0,1.0,141,30,4.7
0,1,144,0,1,1,0,0,1,1,0,1,1,0,1,0,2,0,2.0,89,16,5.5625
0,5,5,114,1,0,1,0,1,1,2,2,1,0,1,0,2,0,3.0,122,21,5.809523809523809
0,3,144,0,1,4,0,0,1,1,0,2,1,0,1,0,2,1,3.0,125,21,5.9523809523809526
1,6,105,0,0,2,0,0,0,0,0,0,0,1,1,0,12,0,2.0,437,82,5.329268292682927
1,36,104,81,1,0,5,0,1,1,1,1,1,0,1,0,12,0,5.0,232,39,5.948717948717949
1,5,105,0,1,1,6,0,0,0,1,1,1,0,1,100,12,0,2.0,408,76,5.368421052631579
0,6,144,0,0,5,0,0,1,0,2,2,2,0,1,0,4,0,0.0,199,38,5.2368421052631575
0,3,144,114,0,0,1,3,1,0,1,1,1,0,1,0,2,0,3.0,41,6,6.833333333333333
1,4,105,0,2,4,5,5,1,0,0,0,1,0,4,0,2,0,6.0,49,7,7.0
1,1,104,0,2,0,0,0,1,1,1,0,1,0,3,0,3,0,4.0,47,11,4.2727272727272725
1,4,105,82,2,1,3,4,0,0,0,0,1,0,4,0,12,0,4.0,491,73,6.726027397260274
0,2,144,0,1,0,1,0,1,1,2,2,1,0,1,0,2,0,2.0,136,23,5.913043478260869
1,1,83,0,0,1,6,0,1,2,0,0,1,0,1,400,2,0,9.0,1395,249,5.602409638554217
0,60,144,0,0,1,2,0,1,0,0,0,1,0,1,0,2,0,1.0,66,10,6.6
0,2,144,0,0,0,6,0,1,0,1,1,1,0,1,0,2,0,3.0,206,40,5.15
1,3,105,0,0,0,5,5,1,0,0,0,1,0,2,0,2,0,11.0,801,152,5.269736842105263
1,2,105,0,1,0,5,0,0,0,1,1,1,0,1,0,12,0,3.0,160,27,5.925925925925926
1,6,104,0,1,2,6,0,1,1,0,0,0,0,1,0,2,0,13.0,509,96,5.302083333333333
0,1,144,0,2,0,6,0,1,0,1,0,1,0,5,0,2,0,3.0,9,1,9.0
0,84,77,0,1,6,0,0,1,1,2,2,2,0,1,100,2,0,3.0,400,78,5.128205128205129
0,12,144,4,0,0,1,0,0,0,0,0,1,0,1,0,12,0,6.0,754,135,5.5851851851851855
1,6,105,0,1,2,4,0,1,0,0,0,0,0,1,0,12,0,2.0,210,39,5.384615384615385
0,2,144,9,1,2,4,0,1,0,0,0,1,0,1,0,2,0,6.0,552,103,5.359223300970874
0,3,144,0,2,0,3,0,1,1,1,1,1,0,2,0,12,0,2.0,193,30,6.433333333333334
0,4,144,114,0,4,0,0,1,0,0,0,0,0,1,0,2,0,3.0,200,37,5.405405405405405
1,1,115,0,1,0,1,5,1,0,1,1,1,0,1,0,7,0,1.0,248,46,5.391304347826087
0,2,144,0,0,0,0,0,1,0,0,0,1,0,1,0,2,0,1.0,448,84,5.333333333333333
0,2,144,0,1,0,4,0,1,0,1,1,1,0,1,0,4,1,8.0,1233,230,5.360869565217391
0,6,144,0,1,0,1,2,1,1,1,0,1,0,1,0,4,0,3.0,197,41,4.804878048780488
1,4,104,0,0,6,0,0,2,1,1,0,1,0,1,0,12,0,5.0,1449,291,4.979381443298969
1,1,105,0,0,0,2,5,0,0,1,1,1,0,2,0,12,0,3.0,217,34,6.382352941176471
1,2,105,0,0,5,6,0,1,0,0,0,1,0,1,0,7,0,7.0,417,77,5.415584415584416
1,3,135,0,0,1,0,0,0,0,1,0,1,0,1,0,2,0,2.0,601,113,5.31858407079646
1,24,105,0,2,3,5,5,2,0,0,0,0,0,3,0,2,0,3.0,119,20,5.95
0,24,144,0,0,3,6,0,1,1,2,2,1,0,1,0,2,0,5.0,1285,249,5.160642570281125
1,1,105,0,0,0,5,5,1,0,1,1,1,0,1,0,2,0,2.0,269,53,5.0754716981132075
1,1,105,0,2,0,0,0,0,0,1,0,0,0,5,0,2,0,0.0,71,10,7.1
0,48,61,0,1,1,0,0,1,1,0,0,1,0,1,0,12,0,1.0,1235,220,5.613636363636363
0,24,163,129,1,0,1,0,0,1,2,2,2,0,1,0,2,0,5.0,12,2,6.0
1,2,103,80,2,5,6,0,1,2,1,0,1,0,2,0,5,0,4.0,90,18,5.0
0,10,144,0,1,1,6,0,1,0,0,0,0,0,1,50,2,0,2.0,138,23,6.0
0,5,144,0,1,0,6,0,1,1,0,2,2,0,1,0,2,0,5.0,259,51,5.078431372549019
1,2,104,82,0,0,6,0,1,1,1,0,1,0,1,50,2,0,5.0,589,106,5.556603773584905
1,3,105,0,0,2,0,0,0,0,1,0,1,1,1,0,7,0,2.0,144,28,5.142857142857143
1,0,82,0,2,0,2,5,0,1,1,2,2,0,3,0,2,0,1.0,192,38,5.052631578947368
0,2,144,0,0,1,6,0,1,0,0,0,1,0,1,0,12,0,3.0,218,39,5.589743589743589
1,2,103,0,1,0,0,0,2,2,1,0,2,0,1,0,2,0,4.0,518,90,5.7555555555555555
1,1,104,82,2,0,3,5,1,1,1,1,1,0,4,0,0,0,10.0,1416,225,6.293333333333333
1,42,122,101,0,4,0,0,1,1,0,2,1,0,1,0,12,0,1.0,72,17,4.235294117647059
1,12,105,0,1,0,1,0,0,0,0,0,0,0,1,0,2,0,8.0,673,128,5.2578125
0,1,144,0,0,6,0,0,1,2,1,1,1,0,1,0,12,0,1.0,40,8,5.0
0,3,144,114,0,0,5,5,1,1,0,0,1,0,1,0,2,0,2.0,443,79,5.6075949367088604
0,6,99,114,0,0,1,5,1,1,0,0,1,0,1,0,4,0,4.0,516,93,5.548387096774194
1,2,105,0,0,5,6,0,1,0,1,0,1,0,1,0,2,0,1.0,158,28,5.642857142857143
0,8,47,0,1,0,0,0,2,2,0,0,1,0,1,1000,2,0,2.0,123,24,5.125
1,9,105,0,0,2,6,0,1,0,0,2,1,0,3,0,2,0,2.0,41,7,5.857142857142857
0,3,144,0,0,1,0,0,1,1,1,2,2,0,1,100,5,0,1.0,62,10,6.2
0,9,8,114,1,1,0,0,2,1,0,0,0,0,1,0,12,0,2.0,184,37,4.972972972972973
1,3,84,0,1,1,2,2,1,1,1,0,1,0,2,0,12,0,0.0,212,43,4.930232558139535
1,36,105,0,0,0,5,5,1,1,2,2,2,0,1,0,12,0,2.0,202,42,4.809523809523809
0,1,144,114,1,1,2,0,0,0,2,2,2,0,1,0,2,0,8.0,137,28,4.892857142857143
0,1,144,0,1,1,0,0,1,1,1,1,1,0,1,0,5,0,3.0,30,9,3.3333333333333335
0,1,144,0,1,4,0,0,0,1,1,1,1,0,1,0,2,0,5.0,42,8,5.25
0,36,144,0,0,0,6,0,1,0,0,0,1,1,1,0,12,0,1.0,150,32,4.6875
0,12,144,0,1,0,1,0,0,0,1,1,1,0,1,0,2,0,3.0,311,57,5.456140350877193
0,4,144,0,0,0,6,0,0,0,0,0,1,0,1,200,2,0,1.0,1717,316,5.4335443037974684
0,0,144,0,1,0,1,5,0,0,2,2,2,1,1,0,2,0,1.0,651,129,5.046511627906977
1,5,135,0,0,0,5,0,1,0,1,0,0,0,1,30,2,0,5.0,121,19,6.368421052631579
1,17,105,0,1,3,6,0,1,0,2,2,1,0,1,0,12,0,1.0,144,35,4.114285714285714
0,11,144,16,0,1,0,0,2,0,1,0,1,0,1,0,1,0,1.0,222,41,5.414634146341464
0,1,144,114,1,1,6,0,1,1,1,0,1,0,1,0,2,0,3.0,12,2,6.0
0,20,69,0,1,1,4,0,1,1,0,0,1,0,1,0,2,0,3.0,413,81,5.098765432098766
1,6,126,0,0,0,1,4,1,0,2,2,1,0,1,0,2,0,5.0,179,32,5.59375
0,2,144,0,1,0,1,5,1,0,1,0,1,0,1,0,4,0,1.0,268,56,4.785714285714286
0,57,41,0,1,1,0,0,1,1,0,0,1,0,1,250,0,0,1.0,101,17,5.9411764705882355
1,7,103,96,1,0,5,0,1,2,2,2,2,0,1,250,2,0,1.0,279,53,5.264150943396227
1,12,122,0,0,0,6,0,1,1,2,2,2,0,1,0,12,0,2.0,82,13,6.3076923076923075
0,1,144,0,0,1,0,0,0,1,0,0,1,0,1,0,5,0,1.0,283,53,5.339622641509434
1,5,105,0,2,0,5,5,0,0,1,1,1,0,4,50,2,0,6.0,232,35,6.628571428571429
1,4,105,0,1,0,0,0,1,0,1,1,1,0,1,0,2,0,4.0,356,64,5.5625
1,8,84,0,1,0,5,5,1,0,0,0,0,0,3,300,2,0,2.0,186,32,5.8125
0,7,144,114,0,0,6,0,1,0,0,0,0,0,1,0,12,0,1.0,30,5,6.0
0,9,144,0,0,6,0,0,1,0,0,0,0,0,1,150,2,0,5.0,206,39,5.282051282051282
1,30,105,0,0,0,5,5,1,1,1,0,0,0,2,0,2,0,2.0,1377,250,5.508
0,3,144,0,0,1,0,0,1,1,0,0,1,0,1,0,4,0,1.0,67,13,5.153846153846154
1,84,103,0,1,4,5,5,1,2,2,2,2,1,1,0,12,0,2.0,322,60,5.366666666666666
1,3,105,106,0,5,6,0,1,0,1,0,1,1,1,0,12,0,18.0,1592,284,5.605633802816901
0,24,144,0,1,0,1,0,1,0,0,0,0,0,1,0,12,0,8.0,99,18,5.5
0,2,144,0,0,0,1,0,1,1,0,0,1,0,1,0,2,0,1.0,1240,228,5.43859649122807
0,6,144,0,1,0,0,0,1,0,0,0,0,0,1,0,2,0,15.0,320,65,4.923076923076923
1,12,90,0,0,5,6,0,1,1,2,2,2,0,1,0,3,0,6.0,1613,314,5.1369426751592355
0,8,144,0,1,1,0,0,1,1,0,0,0,0,1,0,3,0,1.0,252,46,5.478260869565218
0,48,60,114,0,4,0,0,0,1,0,0,0,0,1,0,12,0,3.0,733,141,5.198581560283688
1,2,105,0,1,0,6,0,1,0,1,1,1,0,1,0,2,0,4.0,131,26,5.038461538461538
1,7,105,104,1,3,0,0,1,0,0,0,0,0,1,0,12,0,9.0,1884,369,5.105691056910569
1,6,105,0,0,5,6,0,0,0,0,0,1,0,1,0,12,0,5.0,403,79,5.10126582278481
1,2,104,0,1,1,0,0,2,1,1,0,2,0,1,0,2,0,2.0,392,62,6.32258064516129
0,4,144,0,0,1,6,0,1,0,1,1,1,0,1,0,12,0,2.0,63,9,7.0
0,9,144,0,1,4,0,0,1,0,0,0,0,0,1,0,4,0,4.0,488,94,5.191489361702128
0,8,144,0,1,1,4,0,1,0,0,0,0,0,1,0,2,0,3.0,8,1,8.0
1,14,135,0,1,0,1,4,1,0,1,1,1,0,2,0,4,0,3.0,251,46,5.456521739130435
1,4,105,0,0,2,6,0,1,0,1,0,1,0,1,30,2,0,3.0,453,80,5.6625
0,3,144,0,0,1,6,0,0,0,0,0,1,0,1,0,2,0,3.0,662,139,4.762589928057554
0,3,144,0,1,0,1,0,1,0,1,0,1,0,1,0,2,0,4.0,356,65,5.476923076923077
0,12,144,0,0,1,0,0,1,1,0,0,0,0,1,0,12,0,6.0,220,43,5.116279069767442
0,6,144,114,0,1,2,0,0,0,2,2,2,0,1,0,12,0,2.0,145,27,5.37037037037037
0,9,144,0,1,0,1,0,1,1,0,0,1,0,2,0,4,0,2.0,163,32,5.09375
0,2,144,0,1,1,6,0,1,0,2,2,1,0,1,0,2,0,1.0,85,15,5.666666666666667
0,1,144,114,2,0,1,0,1,0,1,1,1,0,3,10,7,0,5.0,182,30,6.066666666666666
0,20,61,53,1,0,3,3,1,1,0,0,0,0,1,0,2,0,4.0,97,21,4.619047619047619
0,3,144,0,1,1,3,3,1,0,0,0,0,0,3,0,4,0,6.0,227,36,6.305555555555555
0,3,22,38,1,1,6,0,2,0,0,0,1,0,1,0,2,0,5.0,144,25,5.76
1,2,105,0,1,3,4,5,1,0,0,0,0,0,1,0,4,1,5.0,287,54,5.314814814814815
1,3,105,0,0,0,0,0,0,0,1,0,1,0,1,0,2,0,1.0,484,97,4.989690721649485
0,3,144,0,1,0,1,0,1,1,1,1,1,0,1,0,2,1,6.0,554,106,5.226415094339623
1,2,108,0,0,1,6,0,1,1,0,0,1,0,1,50,2,0,4.0,786,148,5.3108108108108105
1,12,104,0,0,2,6,0,1,1,1,1,1,0,1,0,2,0,5.0,611,110,5.554545454545455
0,1,144,0,1,1,2,3,1,0,1,1,1,0,2,0,2,1,2.0,1419,258,5.5
0,48,65,0,1,1,0,0,1,1,1,1,1,0,1,0,2,0,0.0,293,55,5.327272727272727
0,12,144,0,0,0,1,0,1,0,0,0,0,0,1,0,2,0,3.0,507,91,5.571428571428571
1,32,140,0,1,0,2,5,1,0,0,0,0,0,1,0,2,0,0.0,93,19,4.894736842105263
1,36,128,0,1,4,5,5,2,1,1,1,0,0,1,0,2,0,8.0,262,52,5.038461538461538
1,12,105,0,0,5,6,0,0,0,0,0,0,0,1,0,2,0,2.0,211,39,5.410256410256411
0,24,144,0,1,1,0,0,1,1,0,0,1,0,1,0,2,0,2.0,379,73,5.191780821917808
1,2,103,0,2,4,5,5,0,2,1,0,1,0,3,450,2,0,1.0,161,27,5.962962962962963
1,2,105,0,1,0,2,5,1,0,0,0,1,0,1,0,2,0,5.0,744,123,6.048780487804878
0,2,144,114,1,1,2,0,1,1,2,0,0,0,1,0,2,0,1.0,71,12,5.916666666666667
0,3,144,131,1,0,1,0,2,1,0,0,1,0,1,0,2,0,5.0,1156,223,5.183856502242152
1,2,105,0,0,3,6,0,2,0,1,1,1,0,1,0,2,0,11.0,396,70,5.6571428571428575
1,1,135,0,2,0,2,3,1,1,1,1,1,0,4,0,2,0,12.0,296,51,5.803921568627451
0,2,144,0,2,0,1,0,1,0,1,1,1,0,4,0,2,0,9.0,289,52,5.5576923076923075
0,2,144,114,1,0,0,0,1,1,0,0,1,0,1,0,12,0,2.0,324,57,5.684210526315789
0,5,144,0,1,0,1,0,2,0,0,0,1,0,1,0,0,0,3.0,271,51,5.313725490196078
0,2,144,0,1,0,1,5,1,0,0,0,1,0,1,0,2,0,7.0,18,3,6.0
0,2,144,0,0,1,6,0,1,0,1,0,1,0,1,0,12,0,11.0,74,13,5.6923076923076925
0,1,144,114,1,0,0,0,1,0,1,1,1,0,5,0,2,0,1.0,116,24,4.833333333333333
1,2,135,0,1,0,1,1,1,0,1,0,1,0,2,0,12,1,5.0,1361,233,5.8412017167381975
0,4,144,114,0,0,0,0,1,0,0,0,1,0,1,150,2,0,1.0,82,15,5.466666666666667
0,7,144,0,1,1,0,0,2,1,2,2,2,0,1,0,2,0,4.0,61,10,6.1
1,2,105,0,2,1,2,5,1,0,1,1,1,0,2,0,2,0,13.0,965,163,5.920245398773006
1,1,105,0,1,5,0,0,0,0,1,0,1,0,1,0,2,0,2.0,433,80,5.4125
1,2,105,0,0,0,5,5,1,0,1,1,1,0,2,0,7,0,4.0,93,18,5.166666666666667
1,7,105,82,1,0,5,0,1,0,0,0,1,0,1,0,2,0,2.0,96,19,5.052631578947368
1,6,128,82,1,0,1,0,0,0,0,0,0,0,1,0,12,0,7.0,373,69,5.405797101449275
1,8,104,81,2,0,3,5,1,1,1,1,1,0,3,0,2,0,0.0,49,8,6.125
1,2,103,80,2,0,5,0,1,2,2,2,2,0,2,0,12,0,3.0,119,23,5.173913043478261
1,84,122,0,1,0,0,0,1,2,0,0,0,0,1,250,12,0,3.0,357,64,5.578125
0,2,144,0,1,0,1,0,1,0,0,0,1,0,2,0,12,0,11.0,252,47,5.361702127659575
0,8,144,0,1,0,1,0,1,0,0,0,0,0,1,0,2,0,2.0,938,170,5.517647058823529
0,1,144,76,1,4,6,0,2,1,0,0,1,0,1,0,2,0,3.0,279,47,5.9361702127659575
0,36,144,0,0,0,1,5,1,1,2,2,0,0,1,0,2,0,5.0,711,146,4.86986301369863
1,4,105,0,2,3,6,0,1,0,1,0,1,0,2,0,2,0,3.0,293,51,5.745098039215686
1,4,105,0,0,5,6,0,1,0,1,0,1,0,1,0,2,0,6.0,118,20,5.9
1,1,105,82,2,1,4,5,0,0,1,0,1,0,3,0,2,0,3.0,824,157,5.248407643312102
0,2,144,114,2,0,1,5,1,0,1,1,1,0,4,0,2,0,4.0,150,28,5.357142857142857
1,2,105,0,0,0,5,0,1,0,1,1,1,0,2,0,2,0,4.0,279,54,5.166666666666667
0,4,144,0,0,0,6,0,0,0,0,1,1,0,1,0,2,1,2.0,256,48,5.333333333333333
1,7,104,0,2,1,2,0,1,1,1,1,1,0,5,0,12,0,9.0,79,16,4.9375
1,2,105,0,2,0,1,4,0,0,1,2,1,0,3,0,2,0,3.0,308,56,5.5
0,2,144,0,1,2,0,0,1,0,1,1,1,0,1,20,3,0,1.0,144,25,5.76
1,5,105,0,0,3,6,0,1,0,0,0,0,0,1,100,12,0,1.0,70,12,5.833333333333333
0,3,170,114,0,0,6,0,1,0,2,2,1,0,1,0,2,0,1.0,83,16,5.1875
1,2,125,80,1,1,4,5,0,1,1,1,1,0,1,0,12,0,0.0,210,46,4.565217391304348
0,3,144,0,0,0,1,0,1,1,1,1,1,0,1,0,2,0,2.0,120,24,5.0
0,3,144,0,1,0,6,0,1,0,0,0,1,0,1,0,2,0,0.0,102,16,6.375
0,8,144,0,0,1,0,0,1,1,0,0,1,0,1,50,2,0,3.0,46,10,4.6
0,12,144,0,1,1,0,0,1,0,1,0,0,0,1,0,7,0,4.0,369,71,5.197183098591549
0,1,144,0,0,1,0,0,1,1,1,0,1,0,1,38,2,0,17.0,303,57,5.315789473684211
0,3,144,0,0,1,6,0,2,0,0,0,1,0,1,0,2,0,16.0,929,173,5.369942196531792
1,2,105,0,2,0,4,5,2,0,1,1,1,0,8,0,7,0,1.0,82,14,5.857142857142857
0,36,41,0,1,0,6,0,0,1,2,2,2,0,1,0,2,0,1.0,426,80,5.325
1,31,96,81,1,0,2,5,1,1,0,0,1,0,2,0,2,0,23.0,2991,553,5.4086799276672695
0,2,144,0,2,1,3,5,1,1,1,1,2,0,4,0,12,0,5.0,338,65,5.2
1,6,120,0,1,0,5,0,1,0,0,0,0,0,1,0,12,0,2.0,97,18,5.388888888888889
0,36,22,0,0,3,0,0,2,1,0,0,1,0,1,0,2,0,3.0,520,108,4.814814814814815
1,3,105,106,0,0,1,0,0,0,2,2,2,0,1,0,12,0,4.0,45,9,5.0
1,24,128,0,0,1,0,0,1,0,0,0,0,0,1,0,2,0,4.0,92,18,5.111111111111111
0,1,144,0,1,0,0,0,1,0,1,1,1,0,1,0,12,0,1.0,134,25,5.36
1,12,103,0,1,0,5,5,1,2,2,2,2,0,1,0,4,0,7.0,1,1,1.0
1,3,135,0,2,1,2,3,1,0,1,1,1,0,3,0,2,0,5.0,140,28,5.0
0,2,144,0,1,1,0,0,1,0,0,0,1,0,1,0,2,0,2.0,79,16,4.9375
1,21,105,81,1,0,0,0,1,1,1,1,1,0,1,0,2,0,2.0,20,5,4.0
1,7,105,0,0,2,6,0,0,0,0,0,0,0,1,0,12,0,1.0,7,1,7.0
0,2,144,0,0,0,1,0,1,0,0,0,1,0,1,0,2,0,12.0,326,64,5.09375
1,3,105,0,0,5,6,0,1,0,1,1,1,0,1,0,2,0,3.0,193,33,5.848484848484849
0,24,144,0,1,1,0,0,2,0,1,1,0,0,2,0,2,0,1.0,3360,613,5.481239804241436
1,4,104,0,0,1,0,0,0,1,2,2,2,0,1,0,2,0,4.0,336,64,5.25
1,11,135,0,0,0,1,5,1,1,2,2,2,0,1,0,3,0,4.0,473,81,5.839506172839506
0,77,60,0,1,1,6,0,1,0,0,0,0,0,1,0,2,0,1.0,59,11,5.363636363636363
0,8,144,0,0,0,1,1,1,0,1,1,1,0,3,0,2,0,5.0,207,42,4.928571428571429
0,72,54,41,0,0,1,5,1,1,0,0,1,0,1,0,2,0,1.0,12,2,6.0
1,2,105,0,0,0,1,5,1,0,1,1,1,0,1,0,12,1,7.0,128,22,5.818181818181818
0,2,144,16,0,1,6,0,1,1,1,1,1,0,1,0,12,0,2.0,138,25,5.52
0,1,144,0,2,1,3,3,1,1,1,1,1,0,10,0,2,0,4.0,253,50,5.06
0,1,144,0,1,1,4,5,1,1,0,1,1,0,1,40,3,0,1.0,342,62,5.516129032258065
1,4,105,0,1,0,1,2,0,1,1,1,1,0,1,0,8,0,2.0,264,54,4.888888888888889
1,1,104,0,1,5,6,0,0,2,2,2,2,0,3,0,2,0,3.0,98,15,6.533333333333333
1,1,105,0,0,3,6,0,1,0,1,0,1,0,1,0,12,0,2.0,655,132,4.962121212121212
0,12,144,0,1,1,6,0,1,0,2,2,0,0,1,0,12,0,3.0,187,39,4.794871794871795
0,12,144,0,1,0,0,0,1,0,0,0,0,0,1,0,2,0,2.0,259,53,4.886792452830188
1,1,119,0,1,4,6,0,1,1,0,0,1,0,1,0,2,0,1.0,141,27,5.222222222222222
0,24,69,114,1,4,0,0,1,1,0,0,0,0,1,0,2,0,5.0,507,97,5.22680412371134
0,36,40,0,1,1,0,0,0,2,2,2,0,0,1,0,2,0,1.0,178,35,5.085714285714285
1,3,104,0,1,1,3,5,1,1,1,0,1,0,1,0,7,0,5.0,128,21,6.095238095238095
1,13,128,0,0,1,3,5,1,0,2,2,2,0,1,0,12,0,1.0,393,79,4.974683544303797
0,2,144,0,1,0,0,0,1,0,1,0,1,0,1,0,12,0,3.0,88,19,4.631578947368421
1,1,143,0,0,0,6,0,1,1,2,2,2,0,1,0,2,0,3.0,163,32,5.09375
1,3,122,93,1,6,0,0,0,2,1,1,1,0,1,200,0,0,4.0,266,49,5.428571428571429
0,3,13,114,1,5,0,0,0,1,1,1,1,0,1,0,4,0,2.0,44,8,5.5
0,2,144,0,1,1,6,0,1,0,1,1,1,0,1,0,2,0,1.0,92,18,5.111111111111111
0,3,144,0,0,1,0,0,1,0,0,0,1,0,1,0,7,1,7.0,410,77,5.324675324675325
0,3,5,114,0,0,1,0,2,1,1,0,1,1,1,300,2,0,3.0,58,12,4.833333333333333
0,3,144,0,0,1,6,0,1,0,1,0,1,1,1,0,2,0,5.0,446,79,5.6455696202531644
0,2,144,0,2,1,0,0,0,0,0,0,1,0,2,0,4,0,10.0,366,69,5.304347826086956
0,2,144,114,1,0,1,0,1,0,2,0,2,0,1,200,12,0,3.0,63,10,6.3
1,3,105,0,0,0,6,0,1,1,1,1,1,0,1,0,4,0,5.0,173,36,4.805555555555555
1,12,105,0,1,0,1,5,1,0,0,0,0,2,1,0,7,0,10.0,1479,280,5.2821428571428575
1,1,105,0,1,3,6,0,1,0,1,0,1,0,1,0,12,0,3.0,49,8,6.125
1,1,104,0,1,0,5,0,0,1,1,1,1,0,1,0,12,0,2.0,458,83,5.518072289156627
1,4,104,0,1,2,6,0,1,1,0,0,1,0,2,0,2,0,5.0,312,60,5.2
1,1,105,0,1,0,5,5,0,0,1,0,1,0,1,0,3,0,2.0,75,13,5.769230769230769
0,1,144,0,0,0,0,0,1,0,1,0,1,0,1,0,2,0,3.0,796,168,4.738095238095238
0,36,22,0,0,4,0,0,1,1,1,0,1,0,1,200,4,0,2.0,288,54,5.333333333333333
0,3,144,0,1,0,1,3,1,0,1,1,1,0,4,0,3,0,2.0,222,38,5.842105263157895
0,0,144,0,2,0,1,0,1,1,1,2,1,0,5,0,7,0,1.0,130,25,5.2
0,9,60,0,1,0,1,5,0,2,0,0,1,0,1,599,12,0,5.0,436,74,5.891891891891892
0,1,144,0,1,0,1,0,1,1,1,1,1,0,1,0,3,0,1.0,120,20,6.0
0,8,144,0,1,0,2,0,1,1,0,0,0,0,1,0,12,0,4.0,309,55,5.618181818181818
0,120,155,0,1,3,6,0,1,0,2,2,2,0,1,0,2,0,2.0,651,124,5.25
1,2,128,101,2,0,1,5,1,1,1,1,1,0,4,0,2,0,1.0,389,71,5.47887323943662
0,5,99,114,1,0,1,3,1,0,0,1,1,0,1,100,2,0,1.0,774,128,6.046875
0,19,144,131,2,0,1,5,1,0,2,2,2,0,3,0,12,0,16.0,697,127,5.488188976377953
0,36,65,116,0,0,4,5,1,2,0,0,0,0,1,0,2,0,2.0,335,42,7.976190476190476
1,1,105,0,2,0,3,5,0,0,1,1,1,0,4,0,2,0,1.0,20,3,6.666666666666667
1,3,104,0,2,0,1,5,1,1,1,1,1,0,4,0,12,0,5.0,162,29,5.586206896551724
0,24,40,0,0,4,6,0,0,1,0,0,1,0,1,0,12,0,3.0,113,18,6.277777777777778
1,3,105,82,2,0,0,0,0,0,0,0,1,0,2,0,2,0,23.0,1245,231,5.3896103896103895
0,17,165,114,1,0,6,0,1,0,0,0,0,0,1,0,12,0,7.0,335,60,5.583333333333333
0,24,144,114,0,1,0,0,1,0,0,0,0,0,1,0,2,2,5.0,1213,236,5.139830508474576
0,7,144,0,0,1,2,2,1,0,1,1,1,0,1,0,2,0,0.0,169,38,4.447368421052632
0,24,60,47,1,1,6,0,0,2,2,2,2,1,1,0,12,0,1.0,83,17,4.882352941176471
0,2,144,16,1,1,0,0,1,1,0,0,1,0,1,0,2,0,0.0,160,28,5.714285714285714
0,2,22,114,1,0,0,0,2,1,1,1,1,0,1,0,2,0,2.0,434,78,5.564102564102564
1,1,104,82,1,0,4,5,1,1,1,1,1,0,1,0,3,0,5.0,115,18,6.388888888888889
0,24,144,0,1,0,3,5,1,0,0,0,0,0,1,0,2,0,3.0,303,56,5.410714285714286
0,2,144,114,0,1,0,0,1,1,1,0,1,0,1,0,2,0,7.0,12,2,6.0
1,2,104,0,2,0,1,2,1,1,1,1,1,0,4,150,2,0,5.0,84,14,6.0
0,0,144,0,1,1,6,0,0,0,1,1,1,0,4,0,5,0,5.0,46,7,6.571428571428571
0,11,144,0,0,1,6,0,1,0,0,0,0,0,1,150,2,0,4.0,178,37,4.8108108108108105
1,4,122,81,0,6,0,0,2,2,1,0,1,0,1,150,2,0,4.0,630,116,5.431034482758621
1,12,105,0,1,1,6,0,0,0,0,0,0,0,1,0,12,0,5.0,152,26,5.846153846153846
1,5,84,82,1,2,0,0,1,0,0,0,2,0,1,0,3,0,5.0,364,74,4.918918918918919
0,60,22,114,0,0,1,0,1,1,1,1,1,0,1,0,1,0,4.0,101,22,4.590909090909091
0,6,144,114,1,1,0,0,1,0,1,1,1,0,1,50,2,0,1.0,1,1,1.0
0,1,144,0,2,0,6,0,2,0,1,1,1,0,3,0,12,0,2.0,482,85,5.670588235294118
0,36,144,0,0,1,0,0,1,0,0,0,1,0,5,0,2,0,1.0,231,46,5.021739130434782
0,5,144,0,2,1,4,0,1,1,0,0,1,0,2,0,12,0,5.0,187,31,6.032258064516129
0,96,8,0,0,2,0,0,1,1,0,0,1,0,1,0,2,0,2.0,94,17,5.529411764705882
0,1,144,0,0,0,6,0,0,0,1,1,1,0,1,0,2,0,1.0,145,27,5.37037037037037
1,36,135,0,0,0,1,5,2,1,0,0,0,0,1,0,12,0,5.0,527,99,5.3232323232323235
0,2,144,0,0,0,0,0,1,1,2,0,1,0,1,0,12,0,1.0,617,120,5.141666666666667
0,24,144,0,1,1,0,0,1,0,0,0,0,0,1,0,2,0,17.0,178,31,5.741935483870968
1,1,105,0,0,6,0,0,1,1,1,0,1,0,1,0,2,0,7.0,527,105,5.019047619047619
1,3,105,0,0,3,0,0,1,1,1,1,1,0,1,0,2,0,2.0,45,8,5.625
1,4,105,0,0,3,6,0,1,0,0,0,0,0,1,0,12,0,1.0,176,30,5.866666666666666
1,2,105,0,0,0,6,0,1,0,1,1,1,0,2,0,6,0,3.0,616,97,6.350515463917525
0,7,144,0,0,0,6,0,1,0,0,0,0,0,1,110,2,0,2.0,180,35,5.142857142857143
1,3,105,67,1,1,4,0,0,0,1,1,1,1,1,0,2,0,6.0,568,113,5.0265486725663715
1,2,105,0,0,1,6,0,0,1,1,1,1,0,1,20,2,0,3.0,28,7,4.0
1,212,105,82,2,0,4,5,0,0,0,0,2,0,3,0,12,0,3.0,239,46,5.195652173913044
0,4,62,114,1,4,0,0,1,1,0,0,0,0,1,0,2,0,2.0,339,60,5.65
1,3,105,0,2,0,1,5,1,0,1,1,1,0,4,0,2,0,3.0,187,34,5.5
1,3,105,0,1,0,6,0,1,0,0,0,1,0,1,0,12,0,4.0,109,18,6.055555555555555
0,8,144,0,0,1,6,0,1,0,0,0,1,0,1,0,12,0,2.0,1262,245,5.151020408163265
0,36,144,0,0,0,1,5,0,1,0,0,1,0,1,0,12,0,1.0,74,12,6.166666666666667
1,10,104,80,1,0,1,2,2,1,1,1,1,0,1,0,12,0,1.0,594,118,5.033898305084746
0,2,144,0,0,1,4,5,1,0,1,0,1,0,4,0,12,0,11.0,55,9,6.111111111111111
0,16,6,0,1,0,1,2,1,1,0,0,0,0,1,50,2,0,5.0,161,32,5.03125
1,3,104,0,0,5,6,0,1,1,0,0,1,0,1,50,2,0,7.0,409,85,4.811764705882353
0,10,65,29,0,2,4,0,1,2,0,0,1,0,1,0,2,0,9.0,463,89,5.202247191011236
0,48,30,0,1,0,1,1,1,0,0,0,0,0,1,0,12,0,3.0,54,9,6.0
0,1,144,114,2,0,1,5,1,0,1,0,1,0,3,150,2,0,4.0,291,52,5.596153846153846
1,1,104,106,1,0,5,5,1,0,1,0,1,0,1,0,2,0,6.0,1036,179,5.787709497206704
0,2,144,0,0,0,0,0,1,1,1,1,1,0,1,0,2,0,3.0,629,116,5.422413793103448
1,12,105,0,1,0,1,2,1,1,2,2,2,1,1,0,12,0,0.0,535,100,5.35
0,36,51,0,2,5,0,0,1,0,2,2,1,0,2,0,4,0,1.0,434,76,5.7105263157894735
1,4,105,82,0,2,0,0,1,1,1,1,1,0,1,0,2,0,0.0,19,3,6.333333333333333
0,12,144,0,1,1,6,0,1,0,0,0,2,0,1,0,12,0,1.0,77,14,5.5
0,2,144,0,2,1,4,0,1,0,1,1,1,0,4,0,5,0,5.0,44,6,7.333333333333333
0,2,144,114,0,0,1,5,1,0,0,0,1,0,1,0,2,1,3.0,333,64,5.203125
1,18,84,0,1,0,1,3,1,1,2,2,2,0,1,0,12,0,4.0,23,4,5.75
1,1,104,81,2,5,0,0,1,1,1,1,1,0,2,0,12,0,5.0,74,13,5.6923076923076925
0,0,152,114,1,1,0,0,1,0,1,1,1,0,1,0,12,0,3.0,115,24,4.791666666666667
1,24,104,0,1,0,3,5,1,1,2,2,2,0,1,0,12,0,1.0,53,9,5.888888888888889
1,10,135,0,0,0,6,0,0,0,0,0,2,0,1,0,2,0,3.0,142,26,5.461538461538462
0,24,22,114,1,2,4,0,2,1,0,0,0,0,1,0,4,0,1.0,358,69,5.188405797101449
1,1,82,0,1,4,0,0,0,0,2,0,2,0,1,20,2,0,4.0,535,100,5.35
0,1,144,4,0,0,1,0,0,0,2,2,2,0,2,0,12,0,2.0,228,40,5.7
0,18,41,0,0,1,4,0,0,1,0,0,0,0,1,0,2,0,4.0,9,2,4.5
1,12,105,0,0,0,0,0,1,0,1,0,1,0,1,1,2,0,2.0,169,36,4.694444444444445
1,10,135,82,0,0,2,5,1,1,0,0,0,0,2,0,12,1,7.0,2176,393,5.536895674300254
1,12,104,0,1,5,0,0,1,1,0,0,0,0,1,0,12,0,2.0,751,123,6.105691056910569
1,2,105,0,1,0,4,5,1,0,1,1,1,0,2,0,12,0,9.0,762,143,5.328671328671328
0,48,168,0,0,0,1,5,1,0,0,0,0,1,1,0,2,0,5.0,1083,225,4.8133333333333335
0,1,144,0,1,0,0,0,1,0,1,0,1,0,1,0,2,0,4.0,195,36,5.416666666666667
0,60,47,0,0,0,0,0,2,0,0,0,1,0,1,0,12,0,2.0,311,63,4.936507936507937
1,1,105,0,0,2,0,0,1,1,1,1,1,0,1,0,2,0,6.0,413,75,5.506666666666667
0,55,144,0,1,1,2,0,1,0,1,1,1,0,10,0,12,0,2.0,153,32,4.78125
0,2,144,0,0,0,1,5,1,1,1,1,0,0,1,0,2,0,5.0,87,18,4.833333333333333
1,2,105,0,1,0,1,4,0,0,1,0,1,0,1,0,2,0,6.0,333,62,5.370967741935484
0,2,165,16,1,0,6,0,1,0,2,2,2,0,2,0,3,0,3.0,528,104,5.076923076923077
1,1,104,81,1,1,5,0,0,1,1,0,0,0,1,200,12,0,3.0,222,40,5.55
1,4,105,0,1,0,1,2,1,0,0,0,0,0,1,0,4,0,4.0,278,52,5.346153846153846
0,48,60,0,0,4,0,0,0,2,0,0,0,1,1,200,2,0,1.0,360,52,6.923076923076923
0,120,41,0,1,4,0,0,0,2,0,0,1,0,1,180,2,0,3.0,88,16,5.5
0,4,144,0,1,0,1,0,1,0,0,0,1,0,1,0,2,0,3.0,1013,194,5.221649484536083
0,6,144,12,1,0,6,0,1,0,1,1,1,0,1,0,2,0,1.0,460,88,5.2272727272727275
0,1,144,0,1,0,0,0,1,0,0,0,1,0,1,1,2,0,4.0,330,69,4.782608695652174
1,14,103,0,1,0,2,5,1,2,2,0,1,0,1,100,2,0,4.0,686,107,6.411214953271028
0,2,144,114,2,0,1,5,1,1,2,2,2,0,5,0,2,0,18.0,184,35,5.257142857142857
1,5,105,0,1,0,4,5,1,0,1,1,0,0,2,0,2,0,5.0,364,66,5.515151515151516
0,1,144,0,1,0,0,0,1,0,1,1,1,0,1,0,3,0,1.0,144,21,6.857142857142857
1,5,105,0,0,0,0,0,0,0,1,1,1,0,1,0,2,0,0.0,112,21,5.333333333333333
1,1,104,0,0,0,5,0,1,1,1,1,1,0,1,0,12,0,4.0,181,34,5.323529411764706
0,1,144,114,1,1,6,0,1,1,1,0,1,0,1,0,2,0,3.0,12,2,6.0
0,2,144,0,1,0,1,0,1,1,0,0,1,0,1,50,2,0,3.0,58,12,4.833333333333333
1,2,105,0,0,0,1,5,0,0,2,0,2,0,7,0,2,2,14.0,297,62,4.790322580645161
0,2,144,0,0,0,1,0,1,1,0,0,1,0,1,0,2,0,5.0,140,25,5.6
1,1,104,82,1,1,6,0,1,1,1,1,1,0,3,0,2,0,4.0,349,64,5.453125
0,4,144,0,1,0,1,0,1,1,0,0,0,0,3,0,2,0,2.0,769,152,5.059210526315789
1,1,122,80,0,2,4,0,1,2,1,0,1,0,1,100,2,0,4.0,1068,191,5.591623036649215
1,6,120,0,1,1,6,0,1,0,0,0,0,0,1,0,2,0,9.0,909,169,5.378698224852071
0,3,144,0,2,0,3,0,1,1,1,1,1,1,2,0,12,0,4.0,213,36,5.916666666666667
0,4,54,114,1,1,0,0,1,0,0,0,2,0,1,120,12,0,8.0,13,3,4.333333333333333
0,4,144,0,1,1,6,0,0,0,1,1,1,0,1,0,2,0,5.0,106,20,5.3
0,3,144,1,0,0,1,0,1,1,1,0,1,0,1,0,2,0,5.0,83,12,6.916666666666667
0,3,144,0,1,1,3,0,1,0,0,0,1,0,1,0,12,1,30.0,189,35,5.4
0,2,144,0,1,0,1,0,1,1,1,1,1,0,1,0,12,0,5.0,54,12,4.5
1,2,105,81,2,0,6,0,1,1,1,1,1,0,4,0,12,0,8.0,107,19,5.631578947368421
0,4,17,54,1,1,6,0,0,0,2,2,2,0,1,0,3,0,4.0,269,53,5.0754716981132075
0,3,155,114,2,4,6,0,1,0,0,0,1,0,2,0,2,3,6.0,349,53,6.584905660377358
1,3,105,0,1,0,2,5,0,0,1,1,2,1,1,0,2,0,0.0,623,133,4.684210526315789
0,9,144,0,0,1,0,0,1,1,0,0,1,0,1,0,2,0,4.0,380,72,5.277777777777778
1,3,110,101,1,4,0,0,0,0,1,0,1,0,1,0,12,0,5.0,203,27,7.518518518518518
0,84,22,0,1,1,4,0,2,0,0,0,0,0,1,0,12,0,1.0,439,65,6.753846153846154
1,2,105,0,0,3,6,0,0,1,1,1,1,0,1,0,2,0,3.0,376,69,5.449275362318841
1,12,105,0,1,1,4,5,1,0,0,0,1,0,1,0,6,0,3.0,217,37,5.864864864864865
0,3,144,0,0,1,0,0,1,1,0,0,2,0,1,0,0,0,1.0,122,23,5.304347826086956
0,3,144,114,1,4,6,0,1,1,0,0,1,0,1,0,2,0,4.0,12,2,6.0
0,2,5,16,1,0,1,0,1,1,1,0,2,0,1,0,3,0,1.0,465,82,5.670731707317073
1,3,105,82,2,0,1,4,0,0,1,1,1,0,3,0,2,0,5.0,39,8,4.875
1,10,105,0,2,2,5,5,0,1,1,1,0,0,7,0,13,0,3.0,104,21,4.9523809523809526
1,2,105,0,1,5,0,0,1,0,0,0,1,0,1,0,2,0,9.0,203,37,5.486486486486487
1,9,104,0,0,2,0,0,0,1,1,1,1,0,1,0,12,0,4.0,100,15,6.666666666666667
1,3,104,0,1,0,5,5,1,1,1,1,1,0,1,30,1,0,4.0,458,86,5.325581395348837
1,2,105,0,2,0,3,0,1,1,1,0,1,0,2,0,12,0,4.0,353,60,5.883333333333334
1,84,122,81,1,0,3,5,1,1,2,2,0,0,1,50,2,0,3.0,486,87,5.586206896551724
0,2,79,114,0,1,0,0,1,0,2,2,1,0,1,0,2,0,2.0,88,16,5.5
1,8,104,0,1,0,1,5,1,1,0,0,1,0,1,0,12,0,3.0,138,25,5.52
0,2,144,0,1,0,1,3,1,0,1,0,1,0,1,0,2,0,1.0,512,95,5.389473684210526
1,3,105,0,1,0,1,0,1,0,1,0,1,0,1,0,2,0,4.0,450,83,5.421686746987952
0,2,144,0,1,4,0,0,1,0,1,0,1,0,1,0,3,0,1.0,226,41,5.512195121951219
1,12,105,0,1,0,1,5,1,1,0,0,0,0,1,0,2,0,1.0,88,11,8.0
1,3,93,80,0,0,6,0,1,1,1,1,1,0,1,250,2,0,7.0,93,18,5.166666666666667
0,2,144,0,0,1,0,0,1,1,1,1,1,0,1,0,2,0,1.0,63,11,5.7272727272727275
1,12,105,0,1,5,6,0,0,0,0,0,0,0,1,0,12,0,6.0,1048,212,4.943396226415095
1,15,105,0,0,1,6,0,1,0,0,0,0,0,1,0,3,0,4.0,36,7,5.142857142857143
1,1,135,101,0,0,1,0,1,0,1,0,1,0,3,100,2,0,6.0,113,19,5.947368421052632
0,8,144,0,1,2,0,0,1,0,0,0,0,0,1,50,2,0,4.0,254,46,5.521739130434782
0,36,144,0,0,1,4,0,0,1,0,0,0,0,1,200,12,0,3.0,653,135,4.837037037037037
1,3,135,107,0,3,0,0,1,1,0,0,0,0,1,0,2,0,4.0,145,23,6.304347826086956
0,8,144,0,1,0,1,0,1,2,1,0,0,0,1,0,2,0,4.0,566,109,5.192660550458716
0,2,144,16,1,1,4,0,1,0,0,0,0,0,1,0,4,0,1.0,963,190,5.068421052631579
1,12,135,0,1,0,5,5,0,0,1,1,1,0,1,0,2,0,3.0,414,81,5.111111111111111
1,2,93,82,1,0,1,0,1,0,1,0,1,0,1,0,2,0,4.0,538,100,5.38
0,36,8,0,0,1,2,0,1,1,0,0,0,0,2,0,7,0,4.0,100,18,5.555555555555555
0,1,144,0,1,0,1,0,1,0,2,2,1,0,1,0,2,0,1.0,100,21,4.761904761904762
1,3,105,0,1,6,0,0,0,0,1,1,1,0,1,0,7,0,1.0,335,52,6.4423076923076925
1,4,105,0,0,0,0,0,0,0,1,0,1,0,1,0,12,0,6.0,670,116,5.775862068965517
1,11,105,0,0,2,0,0,1,0,0,0,0,0,1,0,2,0,3.0,193,35,5.514285714285714
0,2,144,114,0,1,3,3,1,0,1,0,1,0,1,80,2,0,3.0,207,33,6.2727272727272725
1,3,105,0,1,5,6,0,0,0,1,1,1,0,1,0,12,0,0.0,72,10,7.2
1,3,105,0,0,4,0,0,0,0,1,1,1,0,1,0,1,0,2.0,210,29,7.241379310344827
0,2,144,0,0,4,0,0,1,0,0,0,1,0,1,0,2,1,5.0,334,50,6.68
1,20,104,73,0,0,6,0,1,1,0,0,0,0,1,0,4,0,7.0,120,19,6.315789473684211
0,2,144,114,0,0,1,5,1,1,1,0,1,0,1,0,2,0,4.0,12,2,6.0
1,12,105,82,1,3,5,5,1,0,1,1,0,0,1,0,2,0,3.0,173,37,4.675675675675675
0,36,41,114,0,6,0,0,1,2,2,2,1,0,1,0,12,0,1.0,422,76,5.552631578947368
1,2,105,0,0,0,6,0,0,0,1,1,1,0,1,0,2,1,5.0,780,159,4.90566037735849
0,3,144,0,1,0,1,0,1,0,1,1,1,0,1,0,12,0,1.0,39,9,4.333333333333333
0,2,144,0,0,0,1,5,1,0,1,1,1,0,2,0,12,0,2.0,448,86,5.209302325581396
0,18,144,0,1,0,1,0,2,1,2,2,2,1,1,0,2,0,4.0,1660,325,5.107692307692307
1,7,128,82,1,1,4,0,1,0,1,0,0,0,1,50,2,0,4.0,256,46,5.565217391304348
1,5,122,66,1,0,1,5,1,0,1,1,1,0,1,0,12,0,1.0,91,17,5.352941176470588
0,1,144,131,2,0,1,3,1,0,0,0,0,0,4,8,12,0,4.0,1509,293,5.150170648464163
1,2,105,0,0,0,0,0,1,0,0,0,1,0,1,0,2,0,9.0,709,126,5.626984126984127
1,3,104,0,1,0,6,0,0,1,2,2,2,0,1,0,2,0,2.0,1099,230,4.778260869565218
0,36,60,54,1,0,5,5,0,2,0,0,1,0,1,0,7,0,2.0,537,98,5.479591836734694
1,1,105,0,2,0,5,5,1,0,1,0,1,0,5,50,2,0,5.0,285,49,5.816326530612245
1,5,135,0,0,1,0,0,1,0,0,0,0,0,1,0,2,0,2.0,124,22,5.636363636363637
1,4,105,0,2,0,3,5,0,0,0,0,2,0,2,0,2,0,2.0,63,9,7.0
0,24,30,0,1,3,0,0,0,0,0,0,0,0,1,0,12,0,3.0,101,17,5.9411764705882355
1,2,105,0,0,0,1,5,0,0,1,0,1,0,2,0,2,0,5.0,53,9,5.888888888888889
0,2,144,114,2,0,1,5,0,0,2,2,2,1,7,0,12,0,12.0,12,2,6.0
0,84,144,0,0,1,5,0,2,0,2,2,2,0,1,0,2,0,5.0,1124,221,5.085972850678733
1,1,105,0,2,0,1,1,0,0,1,1,1,0,4,0,12,0,3.0,236,42,5.619047619047619
0,2,144,0,1,1,0,0,1,1,0,0,1,0,1,0,2,0,1.0,169,35,4.828571428571428
1,4,105,0,1,2,0,0,1,0,0,0,0,0,1,100,2,0,2.0,150,21,7.142857142857143
0,2,144,0,0,0,0,0,1,1,1,1,1,0,1,0,12,0,4.0,273,56,4.875
0,4,144,0,0,1,0,0,2,1,0,0,1,0,1,0,2,0,1.0,468,83,5.63855421686747
0,7,144,114,1,0,1,0,1,0,1,1,0,0,1,0,7,0,5.0,273,41,6.658536585365853
1,2,128,72,0,1,4,0,0,0,1,1,1,0,1,0,12,0,4.0,235,45,5.222222222222222
0,2,144,0,2,0,1,5,0,0,1,1,1,0,10,0,12,0,2.0,20,5,4.0
0,2,144,0,1,1,4,0,1,0,0,0,1,0,2,0,12,0,15.0,20,3,6.666666666666667
0,1,144,114,0,1,0,0,0,0,2,2,1,0,1,0,6,0,3.0,1407,287,4.902439024390244
1,3,104,0,0,0,1,0,1,1,1,0,1,0,3,0,12,0,2.0,668,113,5.911504424778761
1,3,103,0,1,1,5,0,0,2,1,0,1,0,1,0,5,1,4.0,80,15,5.333333333333333
0,3,144,0,1,1,5,0,1,0,1,0,1,0,1,0,2,0,1.0,51,8,6.375
1,7,105,0,1,2,3,5,1,0,2,2,2,0,1,0,12,0,1.0,379,77,4.922077922077922
0,15,144,0,1,1,0,0,1,0,0,0,0,0,1,250,12,0,2.0,119,23,5.173913043478261
1,2,105,0,1,0,1,0,1,0,0,0,1,0,1,0,2,0,5.0,238,43,5.534883720930233
0,1,144,0,1,0,1,0,1,0,0,0,1,0,1,0,2,0,8.0,187,31,6.032258064516129
0,36,13,10,0,0,6,0,2,2,0,0,1,0,1,0,2,0,1.0,12,2,6.0
1,4,105,0,1,0,6,0,1,0,1,1,1,0,1,0,2,1,8.0,719,145,4.958620689655173
0,2,144,0,1,0,1,5,1,0,1,0,1,0,2,0,3,0,7.0,295,47,6.276595744680851
0,3,144,0,0,1,4,5,1,0,0,0,1,0,1,0,2,0,3.0,110,20,5.5
1,2,104,81,2,0,5,5,0,1,1,1,1,0,3,0,12,0,6.0,41,7,5.857142857142857
1,3,105,0,1,1,6,0,1,0,0,0,1,0,1,50,12,0,6.0,1217,228,5.337719298245614
0,36,144,0,1,1,2,2,1,0,2,2,2,0,1,0,12,0,2.0,124,29,4.275862068965517
1,1,105,0,0,0,6,0,1,0,1,1,1,0,1,15,2,0,7.0,101,20,5.05
1,3,103,81,0,5,0,0,1,2,1,1,1,0,2,0,12,0,5.0,519,102,5.088235294117647
1,6,105,0,0,1,4,4,1,0,1,1,2,0,1,0,2,0,1.0,61,13,4.6923076923076925
1,3,105,0,1,4,5,5,0,0,1,1,1,0,1,0,12,0,5.0,541,110,4.918181818181818
0,5,55,114,0,1,2,0,2,0,0,0,0,0,1,200,12,0,5.0,1892,340,5.564705882352941
0,1,144,0,1,0,0,0,1,0,1,1,1,0,1,0,3,0,1.0,144,21,6.857142857142857
0,1,144,114,2,1,6,0,1,0,1,1,1,0,3,0,2,0,4.0,61,12,5.083333333333333
0,5,8,114,1,4,0,0,1,1,2,2,2,0,1,0,12,0,6.0,399,79,5.050632911392405
1,6,128,0,2,1,5,5,1,1,0,0,0,0,2,0,12,0,5.0,253,42,6.023809523809524
0,48,60,0,1,1,4,0,0,2,0,0,0,0,1,0,6,0,1.0,70,15,4.666666666666667
0,7,144,114,0,0,1,2,1,0,0,0,2,0,1,0,7,0,0.0,140,29,4.827586206896552
1,3,104,0,2,1,4,4,1,1,1,1,1,0,4,0,12,0,2.0,296,49,6.040816326530612
1,2,105,0,0,5,6,0,1,0,1,0,1,0,1,0,12,0,9.0,665,132,5.037878787878788
1,1,105,82,0,0,6,0,1,0,1,1,1,0,1,0,2,0,10.0,140,26,5.384615384615385
0,4,5,114,1,0,1,0,1,0,2,2,1,0,1,0,2,0,3.0,203,39,5.205128205128205
1,1,104,0,1,4,0,0,1,1,1,0,1,0,1,0,2,0,2.0,165,30,5.5
0,1,17,0,1,1,0,0,1,0,1,1,1,0,1,0,2,0,5.0,677,133,5.090225563909774
0,10,144,0,1,1,2,0,1,1,0,0,1,0,2,0,12,0,2.0,597,120,4.975
1,2,103,106,0,0,5,5,1,2,1,0,1,0,1,50,2,2,10.0,2407,438,5.495433789954338
0,60,60,0,0,4,0,0,0,2,2,2,1,0,1,0,12,0,2.0,173,34,5.088235294117647
0,4,144,114,1,6,0,0,2,0,0,0,0,0,1,50,5,0,2.0,227,41,5.536585365853658
0,1,69,114,1,0,1,0,1,1,0,2,1,0,1,0,2,0,3.0,118,21,5.619047619047619
1,6,114,96,1,1,3,5,1,1,0,0,1,0,1,100,2,0,1.0,113,22,5.136363636363637
1,17,105,0,2,5,0,0,1,0,0,0,0,0,2,0,2,0,3.0,77,14,5.5
1,2,104,0,1,0,6,0,1,1,1,1,1,0,1,0,2,0,5.0,100,19,5.2631578947368425
1,24,96,0,1,0,1,4,1,0,0,0,0,1,1,0,2,0,2.0,30,7,4.285714285714286
1,2,105,66,0,1,5,0,0,0,1,1,1,0,1,0,7,0,2.0,269,50,5.38
0,1,144,0,0,1,0,0,0,0,1,1,1,0,1,0,2,0,1.0,109,21,5.190476190476191
1,2,105,0,0,0,0,0,1,0,1,1,1,0,1,0,2,0,2.0,113,22,5.136363636363637
0,120,30,0,0,0,1,0,0,0,0,0,1,0,1,0,2,0,3.0,565,107,5.280373831775701
1,1,104,82,1,2,6,0,0,1,1,1,1,0,1,0,2,0,4.0,521,103,5.058252427184466
0,3,144,0,1,0,0,0,1,0,1,0,1,0,1,0,2,0,2.0,333,58,5.741379310344827
0,0,144,114,1,0,4,5,1,0,1,1,1,0,1,0,7,0,1.0,30,6,5.0
1,4,104,0,0,6,0,0,1,1,0,0,1,0,1,0,2,0,1.0,125,17,7.352941176470588
0,2,144,0,0,0,4,0,1,1,1,1,1,0,1,0,3,0,6.0,38,5,7.6
1,4,105,0,0,0,5,5,1,0,2,2,2,0,1,0,2,1,11.0,302,59,5.11864406779661
0,4,144,0,1,6,0,0,0,1,0,0,1,0,1,0,2,0,2.0,159,32,4.96875
0,1,144,0,1,1,0,0,1,0,2,2,1,0,1,0,2,0,4.0,129,23,5.608695652173913
1,4,105,0,0,3,0,0,1,0,1,1,1,0,1,0,12,0,6.0,69,13,5.3076923076923075
0,4,144,4,1,0,1,1,2,1,0,0,1,0,1,0,2,0,10.0,322,58,5.551724137931035
0,4,22,114,1,4,0,0,2,1,2,2,1,0,1,0,2,0,5.0,219,43,5.093023255813954
0,108,40,25,1,1,0,0,0,2,2,0,1,0,1,0,12,0,2.0,809,159,5.088050314465409
1,1,105,0,0,0,0,0,0,0,1,1,1,0,1,0,2,0,3.0,227,48,4.729166666666667
1,3,119,0,1,0,1,3,1,2,2,2,2,0,1,0,12,0,11.0,551,101,5.455445544554456
0,84,8,0,0,2,0,0,2,1,2,0,1,0,1,200,12,0,1.0,342,69,4.956521739130435
0,7,144,0,1,6,0,0,1,0,2,2,0,0,1,0,2,0,4.0,92,16,5.75
1,4,105,0,1,0,1,2,0,0,0,0,1,0,2,0,2,0,8.0,499,94,5.308510638297872
0,84,5,114,1,0,3,0,1,1,0,0,0,0,1,0,12,0,2.0,245,41,5.975609756097561
0,24,144,114,1,3,0,0,2,1,2,2,2,1,1,0,12,0,1.0,127,26,4.884615384615385
0,12,144,0,1,0,1,0,1,0,1,0,1,0,1,0,2,1,1.0,21,4,5.25
1,3,122,80,0,2,6,0,2,1,2,2,2,0,1,0,1,0,2.0,23,4,5.75
0,2,65,114,0,1,2,0,1,1,1,1,1,0,1,0,2,0,5.0,48,8,6.0
1,3,128,82,1,1,4,5,1,0,1,0,1,0,1,0,2,0,6.0,604,116,5.206896551724138
0,2,144,0,1,4,6,0,1,1,1,1,1,0,1,0,2,0,4.0,209,40,5.225
0,3,144,0,1,1,0,0,1,0,1,1,2,0,4,0,5,0,4.0,29,5,5.8
1,5,104,0,1,1,3,5,1,1,0,0,1,0,1,0,2,0,3.0,329,51,6.450980392156863
1,2,105,0,2,1,5,5,1,0,1,1,1,0,4,0,7,0,1.0,838,156,5.371794871794871
0,48,8,0,2,2,0,0,2,2,0,0,1,0,2,0,12,0,3.0,325,56,5.803571428571429
0,60,36,0,1,1,0,0,0,2,0,0,1,1,1,50,2,2,9.0,1380,250,5.52
1,1,105,106,0,2,3,5,1,0,1,0,1,0,1,0,2,0,3.0,746,108,6.907407407407407
0,48,8,0,1,2,0,0,1,1,2,2,1,0,1,0,3,0,1.0,117,18,6.5
0,2,144,114,1,2,0,0,1,1,1,0,1,0,1,0,12,0,5.0,406,75,5.413333333333333
1,4,105,0,1,1,0,0,1,0,1,1,1,0,1,0,2,0,1.0,300,58,5.172413793103448
1,1,104,61,1,2,4,5,1,1,1,0,1,0,1,40,2,0,7.0,1087,186,5.844086021505376
1,1,105,0,0,1,5,0,0,0,1,2,1,0,1,0,12,0,3.0,591,118,5.008474576271187
1,6,124,0,0,2,6,0,1,1,1,0,1,0,1,0,12,0,9.0,1967,380,5.176315789473684
0,4,17,114,0,4,0,0,1,0,1,0,1,1,1,0,2,0,1.0,291,53,5.490566037735849
1,7,103,96,1,5,0,0,1,2,0,0,1,0,1,100,2,0,4.0,362,67,5.402985074626866
1,2,125,0,1,5,6,0,1,0,1,1,1,0,3,0,2,0,1.0,135,23,5.869565217391305
1,24,122,96,1,4,0,0,1,2,2,2,1,0,1,0,12,0,5.0,415,76,5.4605263157894735
1,12,143,0,1,0,6,0,1,0,0,0,0,0,1,0,12,0,2.0,221,43,5.1395348837209305
1,4,105,0,1,5,0,0,1,0,0,0,1,0,1,0,2,0,5.0,19,3,6.333333333333333
1,2,104,0,1,0,0,0,1,1,1,1,1,0,1,0,2,0,1.0,151,23,6.565217391304348
0,2,144,0,1,0,1,0,1,0,2,0,1,0,1,0,12,0,5.0,149,26,5.730769230769231
0,2,144,54,2,0,1,1,1,2,1,1,1,0,2,0,4,0,2.0,257,48,5.354166666666667
0,2,144,0,2,0,6,0,1,1,0,0,1,0,5,0,2,1,8.0,769,132,5.825757575757576
0,2,144,0,0,0,1,2,1,0,2,2,1,0,5,0,5,0,14.0,172,30,5.733333333333333
0,2,144,114,0,1,6,0,1,1,1,0,1,0,1,0,2,0,6.0,12,2,6.0
0,24,144,114,1,0,1,0,1,1,0,0,0,0,1,0,2,0,1.0,14,3,4.666666666666667
0,1,144,0,1,1,0,0,1,0,1,1,1,0,1,0,3,0,1.0,229,42,5.4523809523809526
1,1,104,82,2,0,1,4,0,1,1,1,0,0,2,0,12,0,5.0,507,96,5.28125
1,1,105,0,0,0,5,0,0,1,1,1,1,0,1,0,2,2,9.0,645,128,5.0390625
0,1,144,35,1,0,6,0,1,0,0,0,1,0,1,0,12,0,3.0,73,15,4.866666666666666
0,2,144,0,1,1,3,5,1,0,2,2,2,1,1,0,2,0,3.0,32,5,6.4
1,3,105,0,0,1,3,0,1,1,1,1,1,0,1,0,2,0,1.0,50,8,6.25
0,24,1,0,2,3,0,0,1,0,0,0,0,0,2,0,4,0,5.0,803,150,5.3533333333333335
1,3,105,0,0,4,6,0,1,0,1,1,1,0,1,0,2,0,3.0,110,17,6.470588235294118
1,2,105,0,1,0,6,0,0,0,1,0,1,0,1,0,3,0,3.0,138,19,7.2631578947368425
0,2,144,0,2,0,1,2,1,0,1,1,1,0,3,0,2,0,19.0,991,162,6.117283950617284
1,12,105,0,1,1,0,0,1,0,2,2,0,0,1,0,7,0,2.0,67,12,5.583333333333333
0,20,5,0,0,1,0,0,2,2,0,2,0,0,1,0,2,0,0.0,866,176,4.920454545454546
0,1,144,0,1,0,1,0,1,0,1,1,1,0,3,0,2,0,7.0,248,37,6.702702702702703
1,8,104,0,1,0,0,0,0,1,1,1,0,0,1,80,12,0,6.0,290,50,5.8
1,2,105,0,0,6,0,0,0,0,1,1,1,0,1,0,2,0,4.0,54,10,5.4
0,8,144,0,0,1,0,0,1,0,0,0,0,0,1,0,12,0,12.0,421,82,5.134146341463414
0,12,144,0,1,1,6,0,0,0,0,0,0,0,1,0,12,0,5.0,277,56,4.946428571428571
1,12,128,81,1,0,5,5,1,1,0,0,0,0,1,0,2,0,9.0,485,86,5.6395348837209305
0,12,144,0,0,0,0,0,1,0,1,0,0,0,1,0,2,0,9.0,338,66,5.121212121212121
1,2,105,0,0,0,1,5,0,0,1,1,1,0,1,0,2,0,2.0,55,10,5.5
1,5,105,81,1,1,6,0,0,0,1,1,1,0,1,0,12,0,3.0,541,112,4.830357142857143
1,2,105,106,1,5,6,0,0,0,1,0,1,0,1,0,2,0,13.0,518,96,5.395833333333333
0,3,144,0,2,0,1,3,1,0,1,0,1,0,4,0,12,0,1.0,579,106,5.462264150943396
0,36,41,0,0,0,5,5,0,0,0,0,0,0,1,300,2,1,8.0,1131,209,5.411483253588517
0,1,144,0,1,0,1,5,1,0,2,2,2,0,1,0,12,0,2.0,272,54,5.037037037037037
0,2,144,0,1,0,1,0,1,1,1,0,1,0,1,1,4,0,2.0,310,62,5.0
0,2,144,0,1,1,4,0,1,0,0,0,1,0,1,0,2,0,4.0,158,26,6.076923076923077
0,60,47,114,0,0,1,0,2,1,2,2,1,0,1,0,2,0,0.0,65,13,5.0
1,18,103,80,1,1,5,5,2,2,1,0,1,0,1,50,2,0,5.0,359,63,5.698412698412699
1,2,104,0,2,0,3,0,1,1,1,2,2,0,2,0,2,0,3.0,311,60,5.183333333333334
0,6,41,0,0,1,0,0,0,0,0,2,1,0,1,200,3,0,2.0,50,10,5.0
0,60,47,0,0,0,1,0,2,0,0,0,0,0,1,350,2,0,3.0,373,69,5.405797101449275
1,2,88,0,2,0,2,5,0,1,1,0,1,0,2,0,2,0,3.0,66,13,5.076923076923077
1,2,104,106,0,0,1,4,1,1,0,0,1,0,1,0,3,0,7.0,1311,234,5.602564102564102
1,3,105,82,2,0,5,5,1,1,2,2,2,0,6,0,12,0,4.0,222,35,6.3428571428571425
1,1,105,0,0,3,0,0,0,0,1,1,1,0,3,9,12,0,3.0,320,56,5.714285714285714
0,6,144,0,1,0,1,0,1,1,0,0,1,0,1,0,2,0,5.0,268,50,5.36
1,2,84,0,1,6,0,0,0,0,1,1,0,0,1,100,7,0,4.0,250,51,4.901960784313726
0,3,144,0,1,1,4,0,1,1,1,1,1,0,1,0,2,2,3.0,370,74,5.0
0,4,144,0,0,4,0,0,1,1,1,1,1,0,1,0,2,0,2.0,125,27,4.62962962962963
0,2,144,0,1,1,0,0,1,0,0,0,1,0,1,0,12,0,1.0,23,5,4.6
1,3,104,0,2,0,2,5,0,1,0,0,1,0,5,0,2,0,0.0,392,87,4.505747126436781
0,10,30,0,0,0,1,0,0,0,0,0,0,0,2,50,2,0,5.0,317,62,5.112903225806452
0,3,144,0,0,0,3,0,1,0,1,0,2,0,1,0,12,0,7.0,647,116,5.577586206896552
1,4,104,0,1,4,0,0,1,1,0,0,1,0,1,0,2,0,3.0,97,15,6.466666666666667
1,2,105,0,1,0,3,5,0,0,1,0,1,0,1,0,12,0,7.0,302,53,5.69811320754717
1,2,105,0,0,2,4,0,1,0,1,0,1,0,1,0,12,0,10.0,49,7,7.0
1,1,105,0,1,1,2,2,0,0,1,0,1,0,4,0,4,0,2.0,397,73,5.438356164383562
1,2,104,0,2,2,6,0,0,1,1,0,1,0,2,70,2,0,5.0,691,122,5.663934426229508
0,1,144,0,2,0,0,0,1,0,1,1,1,0,7,0,2,1,3.0,42,8,5.25
1,38,105,0,1,0,2,5,2,0,0,0,2,0,1,0,5,0,1.0,186,38,4.894736842105263
1,2,105,0,2,0,5,0,0,0,1,1,1,0,6,0,3,0,5.0,115,19,6.052631578947368
0,14,60,0,1,2,6,0,0,1,0,0,2,0,1,300,12,0,6.0,213,39,5.461538461538462
1,12,104,0,1,6,0,0,1,1,2,2,2,0,1,0,2,0,4.0,16,2,8.0
1,12,144,0,1,0,6,0,1,0,0,0,0,0,1,0,12,0,3.0,41,8,5.125
0,2,144,0,0,0,1,0,1,1,0,0,1,0,1,0,2,0,2.0,266,49,5.428571428571429
1,24,128,81,1,1,4,5,1,1,0,0,0,0,1,0,2,0,2.0,298,59,5.0508474576271185
0,6,144,114,1,0,1,0,2,0,0,0,1,0,1,50,5,0,3.0,284,53,5.3584905660377355
0,36,41,0,1,4,0,0,0,0,0,0,2,0,1,400,12,0,1.0,300,66,4.545454545454546
1,1,104,0,0,0,6,0,0,0,1,0,1,0,1,0,2,1,13.0,498,103,4.834951456310679
1,12,128,0,1,1,4,5,1,0,1,1,1,0,1,0,2,0,2.0,874,165,5.296969696969697
0,12,144,0,0,0,6,0,1,0,0,0,1,0,1,250,2,0,3.0,127,27,4.703703703703703
1,3,135,0,1,0,1,0,1,0,1,1,1,0,1,100,12,0,4.0,264,47,5.617021276595745
0,1,22,114,0,1,0,0,1,0,2,2,1,0,1,0,2,0,1.0,83,16,5.1875
0,4,144,0,0,3,0,0,1,1,2,0,1,0,1,0,2,0,8.0,341,65,5.246153846153846
0,2,144,0,2,0,1,0,1,1,2,2,2,0,6,0,12,0,4.0,239,47,5.085106382978723
0,6,4,0,1,0,1,0,0,0,1,1,1,0,1,0,12,0,5.0,762,144,5.291666666666667
0,20,47,0,0,0,0,0,2,1,0,0,0,0,1,300,2,0,5.0,266,49,5.428571428571429
1,23,104,0,1,0,6,0,1,1,1,2,2,0,1,0,0,0,1.0,70,14,5.0
0,2,144,0,0,4,0,0,1,1,2,2,1,0,1,0,2,0,5.0,68,12,5.666666666666667
0,6,155,0,1,1,6,0,0,0,0,0,1,0,1,0,3,0,6.0,755,139,5.431654676258993
0,1,144,0,0,0,1,2,1,1,1,1,1,0,3,0,2,0,4.0,326,64,5.09375
0,3,144,0,1,2,0,0,1,0,0,0,0,0,1,0,12,0,17.0,445,83,5.36144578313253
0,1,144,0,1,0,1,0,1,0,0,0,1,0,1,0,2,0,5.0,244,39,6.256410256410256
1,6,105,0,0,3,0,0,0,1,1,1,1,0,1,0,2,0,3.0,122,25,4.88
0,15,144,0,1,0,0,0,1,0,0,0,0,0,1,0,12,0,2.0,122,23,5.304347826086956
1,2,105,0,0,0,5,0,1,0,1,0,1,0,1,50,2,0,5.0,686,127,5.4015748031496065
1,1,104,0,2,0,0,0,0,1,1,1,1,0,5,0,0,0,5.0,308,45,6.844444444444444
1,6,140,70,1,0,1,0,1,0,1,0,0,0,2,0,3,0,5.0,541,107,5.05607476635514
0,3,22,114,0,0,0,0,1,0,1,0,1,0,1,0,2,0,4.0,31,5,6.2
0,24,60,0,0,0,1,5,1,2,0,0,0,0,1,0,2,0,1.0,157,30,5.233333333333333
0,6,144,0,0,0,0,0,1,0,0,0,1,0,1,0,2,0,2.0,153,30,5.1
0,72,74,0,0,6,0,0,1,1,0,0,0,0,1,0,2,0,1.0,293,58,5.051724137931035
0,1,144,0,1,1,0,0,1,0,1,1,1,0,1,0,12,0,1.0,46,9,5.111111111111111
1,2,105,0,2,0,5,0,1,0,1,1,1,0,5,0,2,0,5.0,333,67,4.970149253731344
0,3,42,114,1,1,6,0,1,0,2,2,1,0,1,0,2,0,4.0,136,21,6.476190476190476
0,15,144,0,0,0,1,5,1,0,0,0,0,0,1,0,2,0,1.0,59,14,4.214285714285714
1,1,104,82,1,0,1,5,0,0,1,1,1,0,1,0,12,0,5.0,452,79,5.7215189873417724
0,18,144,54,0,1,6,0,1,1,0,0,0,0,1,50,2,0,5.0,503,102,4.931372549019608
0,2,144,0,1,0,0,0,0,0,1,0,2,0,1,0,2,0,4.0,174,31,5.612903225806452
1,4,105,0,0,2,4,5,0,0,1,0,1,0,1,0,2,0,3.0,359,64,5.609375
0,60,47,0,1,0,1,0,2,0,0,0,0,0,1,500,2,1,4.0,221,45,4.911111111111111
0,2,144,0,0,0,1,3,2,0,0,0,1,0,3,0,2,0,4.0,313,55,5.6909090909090905
1,2,104,0,1,0,5,5,1,1,1,0,1,1,1,0,2,0,3.0,482,96,5.020833333333333
1,12,140,110,1,1,3,3,0,1,0,0,1,0,1,0,2,0,1.0,191,34,5.617647058823529
0,6,41,0,0,1,0,0,0,1,0,0,1,0,1,350,12,0,1.0,75,17,4.411764705882353
1,2,96,0,2,0,3,5,1,1,1,1,1,0,2,0,2,0,5.0,155,29,5.344827586206897
1,2,105,0,2,0,1,4,0,0,1,1,1,0,3,0,2,0,2.0,46,7,6.571428571428571
1,3,103,82,2,2,6,0,1,2,1,1,1,0,4,0,2,0,5.0,659,104,6.336538461538462
0,2,144,0,1,0,0,0,1,1,1,1,1,0,1,0,2,0,1.0,257,45,5.711111111111111
1,1,144,0,0,0,6,0,0,0,1,1,2,0,1,0,2,0,2.0,513,102,5.029411764705882
0,2,144,0,0,0,1,0,1,1,0,0,1,0,1,0,4,0,1.0,88,16,5.5
1,2,105,0,2,0,2,5,1,0,1,0,1,0,3,50,12,0,12.0,560,107,5.233644859813084
1,2,105,0,1,6,0,0,1,0,1,1,1,0,1,0,12,0,2.0,319,62,5.145161290322581
1,29,122,80,1,2,3,5,1,2,1,0,0,0,1,160,2,2,19.0,1619,298,5.432885906040268
1,2,82,80,1,4,5,5,1,2,1,0,1,0,1,0,2,0,6.0,904,161,5.614906832298137
1,3,104,0,2,4,5,5,1,1,1,1,1,0,3,0,12,0,5.0,265,56,4.732142857142857
0,2,144,0,0,0,1,0,1,0,1,1,1,0,1,20,3,0,1.0,122,21,5.809523809523809
1,7,105,0,0,6,0,0,0,0,0,0,0,0,1,30,2,0,4.0,44,7,6.285714285714286
0,5,144,0,1,1,4,5,1,0,0,0,1,0,2,0,2,0,3.0,384,73,5.260273972602739
1,14,104,94,0,0,1,5,2,1,0,0,0,0,1,10,2,0,1.0,144,20,7.2
0,3,144,0,0,1,6,0,1,0,2,2,2,0,1,0,12,0,1.0,354,69,5.130434782608695
1,3,104,0,0,3,4,5,1,1,1,1,1,0,1,0,12,0,2.0,142,23,6.173913043478261
0,1,144,0,0,1,0,0,1,0,1,1,1,0,1,0,2,0,1.0,117,20,5.85
0,8,144,12,0,1,6,0,2,1,0,0,0,0,1,0,2,0,3.0,127,25,5.08
1,5,88,0,1,0,4,0,0,0,1,1,1,0,1,0,2,0,1.0,87,17,5.117647058823529
0,3,144,4,1,0,0,0,1,1,0,0,1,0,1,0,2,0,5.0,14,3,4.666666666666667
0,84,22,0,0,0,0,0,2,0,2,2,2,0,1,0,2,0,1.0,513,107,4.794392523364486
0,72,60,49,0,0,5,5,0,2,0,0,0,0,1,200,2,0,9.0,1056,200,5.28
0,2,144,0,1,0,1,3,1,0,1,0,1,0,1,0,12,0,3.0,219,43,5.093023255813954
0,1,144,0,0,0,0,0,0,0,1,0,1,0,1,0,12,0,3.0,409,79,5.177215189873418
1,108,105,0,1,0,6,0,1,0,0,0,0,0,1,0,2,0,1.0,736,138,5.333333333333333
0,2,144,0,0,1,0,0,1,0,1,1,1,0,1,0,2,0,1.0,214,41,5.219512195121951
0,1,144,0,1,1,4,0,1,0,1,0,1,0,1,0,2,0,3.0,887,162,5.4753086419753085
1,7,105,0,2,0,1,0,1,0,2,0,0,0,2,0,7,0,2.0,714,132,5.409090909090909
0,2,144,0,1,4,6,0,1,0,0,0,1,0,1,0,12,0,5.0,220,39,5.641025641025641
1,10,105,0,1,1,4,0,1,0,1,1,0,0,1,0,2,0,9.0,649,122,5.319672131147541
0,36,144,0,0,0,0,0,1,1,0,0,0,0,1,0,12,0,3.0,79,15,5.266666666666667
1,3,105,0,2,1,3,5,0,0,2,2,1,0,5,0,2,0,5.0,449,77,5.8311688311688314
1,12,105,0,0,1,6,0,1,0,0,0,0,0,1,0,2,0,4.0,481,87,5.528735632183908
1,1,105,0,1,2,6,0,0,1,1,1,1,0,1,0,2,0,2.0,313,63,4.968253968253968
0,2,144,0,1,0,1,0,1,1,2,2,1,0,1,0,2,0,4.0,122,21,5.809523809523809
1,4,105,0,0,2,6,0,0,1,0,0,0,0,1,0,12,0,3.0,313,56,5.589285714285714
1,4,105,0,0,6,0,0,0,0,1,1,1,0,1,0,7,0,4.0,156,27,5.777777777777778
1,8,105,82,2,0,5,0,0,0,0,0,0,0,4,0,2,4,4.0,138,14,9.857142857142858
0,2,79,114,1,1,0,0,1,0,2,2,1,0,1,0,2,0,2.0,123,21,5.857142857142857
1,3,143,0,1,0,6,0,0,2,2,2,1,0,1,0,2,0,6.0,513,99,5.181818181818182
1,4,105,0,0,0,1,3,0,0,1,2,1,0,1,0,2,0,6.0,613,121,5.066115702479339
1,2,105,82,1,0,6,0,0,0,0,0,1,0,1,0,2,1,4.0,356,61,5.836065573770492
1,4,105,0,1,1,6,0,1,0,1,0,1,0,2,0,2,0,2.0,226,37,6.108108108108108
1,2,105,0,0,0,6,0,1,1,1,0,2,0,1,0,2,0,5.0,179,37,4.837837837837838
0,12,144,0,1,0,1,0,1,0,0,0,0,0,1,0,2,0,1.0,448,85,5.270588235294118
1,6,128,82,2,0,1,3,1,0,0,0,2,0,3,150,12,0,4.0,53,9,5.888888888888889
0,1,144,114,0,1,0,0,1,1,1,0,1,0,1,0,2,0,3.0,12,2,6.0
1,9,103,89,0,4,0,0,1,2,0,0,0,0,1,200,4,0,20.0,3,1,3.0
1,4,105,0,0,4,6,0,1,1,2,0,2,0,1,0,12,0,1.0,54,9,6.0
0,2,144,0,0,0,0,0,1,0,0,0,1,0,1,0,2,0,3.0,118,23,5.130434782608695
0,2,144,114,1,0,6,0,1,1,1,0,1,1,1,0,2,0,5.0,12,2,6.0
0,36,7,0,1,0,5,5,0,2,2,2,0,0,1,0,7,0,6.0,378,72,5.25
0,2,144,0,1,0,1,0,1,1,1,1,1,0,1,0,2,0,1.0,207,39,5.3076923076923075
0,2,144,0,1,1,0,0,1,1,1,1,1,0,1,0,4,0,7.0,286,55,5.2
0,10,49,114,0,1,6,0,1,1,0,0,1,0,1,0,2,0,4.0,375,71,5.28169014084507
1,1,105,0,2,0,2,0,1,1,1,1,1,0,4,0,7,0,0.0,59,9,6.555555555555555
1,2,105,0,0,0,6,0,1,0,1,1,1,0,1,0,12,0,4.0,211,36,5.861111111111111
1,1,105,0,0,1,0,0,0,0,1,1,1,0,1,0,12,0,4.0,37,5,7.4
1,4,107,0,2,3,6,0,0,0,1,1,1,0,4,0,3,0,4.0,408,75,5.44
0,11,144,0,0,1,6,0,0,0,2,2,2,0,1,0,2,0,1.0,155,28,5.535714285714286
0,3,144,0,1,1,0,0,1,1,0,0,1,0,1,200,2,1,3.0,125,23,5.434782608695652
1,2,105,0,2,0,0,0,1,1,1,1,1,0,4,0,2,0,3.0,396,78,5.076923076923077
