Type,Age,Breed1,Breed2,Gender,Color1,Color2,Color3,MaturitySize,FurLength,Vaccinated,Dewormed,Sterilized,Health,Quantity,Fee,State,VideoAmt,PhotoAmt,desc_length,desc_words,average_word_length
1,3,105,0,1,4,5,0,1,0,1,1,1,0,1,0,2,0,2.0,87,18,4.833333333333333
1,12,103,80,0,0,0,0,1,2,1,1,2,0,1,300,2,0,3.0,400,78,5.128205128205129
0,3,144,0,1,5,0,0,1,0,1,0,1,0,3,0,2,0,5.0,94,14,6.714285714285714
0,4,60,54,2,1,6,0,0,1,0,0,0,0,2,0,2,0,5.0,215,40,5.375
1,3,105,0,1,0,6,0,0,0,0,1,1,0,1,1,3,0,5.0,20,3,6.666666666666667
0,12,144,0,0,1,6,0,1,1,1,0,0,0,1,0,7,0,2.0,239,38,6.2894736842105265
0,72,144,0,1,1,6,0,1,0,0,0,0,0,1,0,2,0,3.0,280,48,5.833333333333333
0,4,144,0,0,4,0,0,2,1,1,1,1,0,1,0,2,0,3.0,116,22,5.2727272727272725
0,2,65,114,2,0,2,5,1,2,0,0,1,0,7,0,2,0,21.0,874,133,6.571428571428571
0,2,144,0,1,0,0,0,2,0,0,0,1,0,2,0,2,1,3.0,770,144,5.347222222222222
0,3,144,0,0,0,6,0,1,1,1,0,1,0,1,0,1,0,1.0,234,36,6.5
1,1,105,82,2,1,2,5,0,1,1,1,1,0,2,0,2,0,3.0,994,193,5.150259067357513
0,24,144,0,0,1,6,0,1,0,1,1,1,0,1,0,7,0,3.0,89,16,5.5625
0,3,144,0,0,1,0,0,1,1,0,0,1,0,1,0,2,0,3.0,255,53,4.811320754716981
0,3,144,0,1,1,0,0,0,0,2,2,2,0,3,0,5,0,1.0,39,6,6.5
0,32,144,114,2,0,3,3,1,0,0,0,0,0,2,0,2,0,5.0,1063,205,5.185365853658537
0,48,144,114,0,0,1,0,1,1,0,0,0,0,1,0,2,0,2.0,94,20,4.7
1,36,143,0,2,0,2,4,1,1,0,0,0,0,5,0,2,0,0.0,659,113,5.831858407079646
0,4,144,114,1,6,0,0,0,0,0,0,0,0,1,0,2,0,2.0,608,116,5.241379310344827
1,12,105,73,1,0,3,5,1,0,2,2,2,0,5,0,1,0,4.0,24,4,6.0
0,2,144,0,0,0,1,0,1,0,1,1,1,0,1,0,12,0,4.0,26,4,6.5
0,16,60,18,1,4,6,0,0,0,0,0,2,0,1,0,12,0,3.0,248,49,5.061224489795919
1,13,105,0,1,1,2,0,1,0,1,0,1,0,1,0,2,0,5.0,589,113,5.212389380530974
1,11,105,0,1,0,3,5,1,0,0,0,0,0,1,50,2,0,5.0,204,37,5.513513513513513
0,1,144,0,2,0,0,0,1,0,1,1,1,0,6,0,2,0,5.0,871,162,5.3765432098765435
0,48,144,0,1,1,0,0,1,0,0,0,0,0,1,0,2,0,1.0,200,38,5.2631578947368425
0,3,145,114,0,0,0,0,1,0,2,2,1,0,1,0,2,0,2.0,79,13,6.076923076923077
0,5,22,0,1,0,0,0,1,1,0,0,1,0,1,0,2,0,8.0,256,42,6.095238095238095
1,6,105,106,1,5,0,0,1,0,2,2,2,0,1,0,7,0,4.0,336,64,5.25
0,1,161,114,1,0,4,0,1,0,1,1,1,0,1,0,2,0,5.0,550,106,5.188679245283019
1,6,105,0,1,3,0,0,0,0,0,0,0,0,1,200,7,0,6.0,2002,381,5.254593175853018
0,1,144,0,0,1,6,0,1,1,1,1,1,0,1,0,2,0,1.0,106,21,5.0476190476190474
0,2,55,114,1,0,1,0,1,0,0,0,1,0,1,0,2,0,3.0,1537,272,5.650735294117647
0,3,144,0,0,0,0,0,1,0,2,0,2,0,1,0,2,0,2.0,239,49,4.877551020408164
0,24,144,0,1,6,0,0,2,0,2,2,0,1,1,0,3,0,2.0,256,48,5.333333333333333
0,3,144,114,1,1,0,0,1,0,0,0,0,0,1,200,2,0,6.0,43,8,5.375
1,2,105,82,2,0,5,5,1,0,1,0,1,0,4,0,12,0,8.0,191,30,6.366666666666666
0,2,144,114,1,0,0,0,1,1,0,0,1,0,1,0,2,0,1.0,249,50,4.98
0,3,144,0,1,2,0,0,1,0,0,0,0,0,1,0,3,0,7.0,84,15,5.6
0,2,144,0,0,0,1,3,1,0,0,0,1,0,1,0,2,1,14.0,562,103,5.456310679611651
0,1,144,0,1,0,1,0,1,0,0,0,1,0,1,0,2,0,6.0,137,23,5.956521739130435
1,3,105,0,1,6,0,0,0,0,1,1,1,0,1,0,3,0,3.0,15,3,5.0
0,1,144,114,1,1,0,0,1,1,0,0,1,0,1,0,2,0,1.0,12,2,6.0
1,4,135,0,2,3,5,5,1,1,1,1,1,0,2,0,7,0,5.0,163,30,5.433333333333334
1,3,135,0,1,0,1,5,0,0,0,0,1,0,1,0,2,0,4.0,408,76,5.368421052631579
0,36,69,114,0,0,6,0,1,1,0,0,0,0,1,0,2,0,2.0,223,40,5.575
0,48,38,114,1,1,0,0,1,0,1,1,1,0,1,0,2,0,4.0,835,165,5.0606060606060606
1,17,105,0,1,0,1,1,1,0,0,0,1,0,1,0,2,0,5.0,480,89,5.393258426966292
0,8,41,0,1,1,0,0,0,0,0,0,2,0,1,0,2,0,1.0,67,15,4.466666666666667
0,24,144,114,1,3,0,0,2,2,1,1,1,0,1,0,12,0,2.0,272,53,5.132075471698113
1,4,122,106,0,3,0,0,0,1,1,0,1,0,3,100,12,0,0.0,32,4,8.0
0,2,144,0,2,0,1,5,1,0,1,1,1,0,8,0,2,0,8.0,297,55,5.4
0,84,30,54,0,1,2,0,0,0,2,2,2,0,1,0,12,0,1.0,25,5,5.0
0,2,144,0,2,0,1,3,1,0,1,0,1,0,4,0,2,0,1.0,283,56,5.053571428571429
0,2,144,114,0,0,1,5,1,1,0,0,1,0,1,0,2,0,5.0,12,2,6.0
0,2,144,0,1,0,1,5,1,1,1,1,1,0,8,0,8,0,8.0,419,79,5.30379746835443
1,2,105,0,0,5,6,0,0,0,2,2,2,0,1,0,2,0,3.0,237,47,5.042553191489362
0,3,144,0,1,1,0,0,1,0,2,2,1,0,1,0,2,0,2.0,106,18,5.888888888888889
0,36,69,114,1,1,6,0,1,1,1,0,0,0,1,0,2,0,7.0,471,88,5.3522727272727275
1,24,105,82,1,4,0,0,0,0,0,0,2,0,1,0,2,0,2.0,102,20,5.1
0,1,144,0,1,1,0,0,1,1,1,0,1,0,1,0,12,0,0.0,106,21,5.0476190476190474
1,10,105,0,1,0,6,0,1,1,1,1,1,0,1,0,2,0,1.0,115,21,5.476190476190476
1,1,122,80,0,0,6,0,2,2,1,1,1,0,1,50,2,0,3.0,383,59,6.491525423728813
1,5,105,0,1,4,0,0,2,0,0,0,1,0,1,0,2,0,5.0,16,3,5.333333333333333
0,2,144,0,1,2,0,0,1,0,1,0,1,0,1,0,12,0,1.0,103,22,4.681818181818182
0,36,155,12,1,1,6,0,0,0,0,0,2,0,1,250,2,0,6.0,2224,411,5.411192214111922
0,4,144,0,0,1,0,0,2,1,0,0,1,0,1,0,2,0,5.0,303,59,5.135593220338983
0,3,144,114,1,6,0,0,0,0,2,2,2,0,2,0,2,0,2.0,411,78,5.269230769230769
1,3,105,0,1,5,0,0,1,0,1,1,1,0,2,0,2,0,4.0,68,12,5.666666666666667
0,3,144,0,0,0,0,0,1,0,2,2,1,0,1,0,2,0,2.0,91,16,5.6875
1,10,135,0,1,0,6,0,0,1,0,0,0,0,1,0,2,0,1.0,58,11,5.2727272727272725
0,15,155,0,0,0,4,0,0,1,0,0,1,0,1,200,2,0,3.0,140,25,5.6
0,1,144,0,1,1,6,0,1,0,1,1,1,0,1,0,2,0,2.0,193,38,5.078947368421052
1,2,104,0,1,0,1,5,0,1,1,0,1,0,1,0,3,0,3.0,39,7,5.571428571428571
1,1,122,0,1,5,6,0,2,2,1,1,1,0,2,0,12,0,7.0,824,151,5.456953642384106
0,5,144,0,1,1,0,0,1,1,2,0,1,0,1,0,12,0,3.0,192,39,4.923076923076923
1,24,105,0,1,0,6,0,1,0,0,0,0,0,1,0,2,0,1.0,4,1,4.0
1,1,105,0,1,0,6,0,0,0,2,2,2,0,1,10,2,0,8.0,340,64,5.3125
1,48,105,82,1,1,0,0,1,0,0,0,0,0,1,0,3,0,2.0,393,77,5.103896103896104
0,30,159,0,1,1,0,0,1,1,0,0,0,0,1,350,7,0,2.0,572,104,5.5
0,1,144,114,2,2,3,3,1,0,1,1,1,0,6,0,12,0,1.0,493,88,5.6022727272727275
1,3,96,82,2,0,2,5,0,0,1,0,1,0,4,0,2,0,4.0,238,39,6.102564102564102
1,4,135,0,0,0,5,5,1,0,1,1,1,0,1,0,2,0,5.0,94,20,4.7
1,12,105,80,0,1,6,0,1,1,0,0,0,0,1,100,2,0,4.0,682,119,5.73109243697479
1,3,104,0,0,0,0,0,0,1,1,1,1,0,1,0,12,0,3.0,213,39,5.461538461538462
0,2,144,0,1,0,1,0,1,0,1,1,1,0,4,0,12,0,3.0,156,32,4.875
0,5,144,0,1,0,1,3,1,0,0,0,0,0,2,0,2,0,4.0,162,31,5.225806451612903
1,17,122,81,0,3,6,0,1,1,1,0,2,0,1,0,7,0,1.0,45,8,5.625
1,3,105,81,1,1,2,5,1,0,1,1,1,0,1,0,2,0,4.0,289,54,5.351851851851852
1,23,105,0,2,0,2,5,1,0,1,0,0,0,3,100,2,0,11.0,609,123,4.951219512195122
0,4,144,0,0,1,2,0,1,0,0,0,1,0,1,150,12,0,8.0,506,89,5.685393258426966
1,92,114,0,1,0,1,5,1,2,0,1,0,0,1,50,12,0,3.0,103,21,4.904761904761905
1,8,104,0,0,5,6,0,1,1,1,1,1,0,1,0,2,0,3.0,289,58,4.982758620689655
1,3,105,0,2,1,0,0,1,0,1,1,1,0,2,0,12,0,3.0,471,93,5.064516129032258
0,3,144,0,1,1,0,0,1,1,1,1,1,0,1,0,2,0,5.0,1446,261,5.540229885057471
0,3,4,114,1,0,1,0,1,1,1,1,1,0,1,0,12,0,2.0,116,26,4.461538461538462
0,3,144,0,1,2,0,0,1,1,0,0,1,0,1,200,2,1,3.0,64,12,5.333333333333333
1,5,105,0,1,1,3,4,1,0,1,1,1,0,1,0,2,0,2.0,369,70,5.271428571428571
1,6,105,0,0,0,6,0,0,0,1,1,1,0,1,0,2,0,3.0,91,15,6.066666666666666
0,5,76,114,1,2,4,5,1,0,0,0,1,0,1,0,2,1,4.0,1290,237,5.443037974683544
0,4,144,0,1,1,0,0,1,1,0,0,0,0,1,0,2,0,3.0,426,75,5.68
0,1,144,114,0,4,0,0,1,0,0,0,0,0,1,200,12,0,7.0,365,67,5.447761194029851
1,2,105,0,1,0,2,5,1,0,1,1,1,0,1,10,7,0,2.0,99,1,99.0
0,24,144,0,2,0,1,3,1,0,2,2,0,0,3,0,2,0,11.0,1391,256,5.43359375
1,1,104,0,1,1,4,0,0,0,0,0,1,0,1,0,2,0,3.0,296,61,4.852459016393443
0,2,144,0,0,0,1,0,1,0,1,1,1,0,1,0,2,0,2.0,212,37,5.72972972972973
0,2,144,0,1,1,6,0,1,0,1,1,2,0,3,0,5,0,5.0,39,8,4.875
0,4,144,0,1,0,3,0,1,1,0,0,0,0,1,0,4,0,3.0,523,92,5.684782608695652
1,2,104,0,0,0,0,0,1,1,1,1,2,0,1,0,2,0,1.0,304,59,5.1525423728813555
0,2,144,0,1,3,0,0,1,1,2,1,2,0,1,0,2,0,5.0,32,6,5.333333333333333
1,72,122,0,1,1,0,0,1,2,0,0,0,0,1,0,2,0,4.0,16,3,5.333333333333333
0,1,161,114,0,0,4,0,1,0,1,1,1,0,1,0,2,0,5.0,485,90,5.388888888888889
1,3,128,0,0,6,0,0,1,0,1,1,1,0,1,0,2,2,3.0,616,119,5.176470588235294
0,24,8,0,1,2,0,0,1,2,0,0,0,0,1,0,2,0,0.0,234,32,7.3125
0,12,144,0,1,4,6,0,1,1,0,0,1,0,1,0,2,0,3.0,128,26,4.923076923076923
1,72,105,0,0,5,0,0,1,0,0,0,0,0,1,0,2,0,1.0,33,6,5.5
0,96,144,0,0,0,6,0,1,0,1,1,1,0,1,0,3,0,2.0,542,103,5.262135922330097
0,72,60,0,0,0,6,0,0,0,2,2,2,2,1,0,2,0,3.0,715,146,4.897260273972603
1,1,120,0,0,0,5,0,1,0,1,1,1,0,1,0,12,0,4.0,727,150,4.846666666666667
0,5,144,0,1,0,1,3,1,0,2,2,2,0,1,0,2,0,3.0,364,65,5.6
0,1,144,0,1,0,1,0,1,0,1,1,2,0,9,0,2,0,6.0,36,8,4.5
1,3,105,0,1,1,3,0,1,0,1,0,1,0,1,0,2,0,4.0,471,84,5.607142857142857
0,7,74,114,1,1,6,0,1,1,2,2,2,0,1,0,2,0,1.0,794,146,5.438356164383562
1,12,142,0,0,0,0,0,1,1,1,1,1,0,1,0,2,0,2.0,99,17,5.823529411764706
0,1,144,114,1,0,1,0,1,1,0,0,1,0,1,150,2,1,13.0,348,71,4.901408450704225
1,2,104,106,1,0,6,0,1,1,1,1,1,0,1,0,2,0,3.0,617,116,5.318965517241379
1,12,104,0,1,0,3,0,1,1,0,0,0,0,1,0,2,0,1.0,88,17,5.176470588235294
0,4,144,0,1,3,0,0,1,0,2,0,2,0,1,0,5,0,1.0,102,20,5.1
0,1,144,0,1,1,0,0,1,0,1,1,1,0,3,0,2,0,3.0,215,37,5.8108108108108105
0,3,144,0,1,0,1,0,2,0,2,2,1,0,1,0,2,0,2.0,119,21,5.666666666666667
1,5,88,82,0,0,6,0,2,0,0,0,1,0,1,50,2,0,3.0,139,20,6.95
1,2,105,0,1,0,3,5,1,0,1,1,1,0,2,0,7,0,2.0,134,28,4.785714285714286
0,3,144,0,0,0,1,0,0,0,2,2,2,0,1,0,12,0,1.0,306,63,4.857142857142857
0,24,144,0,1,4,0,0,1,1,2,2,2,0,20,0,5,0,1.0,93,19,4.894736842105263
0,18,144,0,0,0,0,0,1,1,0,0,0,0,1,0,2,0,2.0,106,18,5.888888888888889
0,36,65,116,1,0,1,5,2,1,0,0,0,0,1,0,2,0,14.0,330,63,5.238095238095238
0,7,144,0,1,1,4,0,0,0,1,0,1,0,1,0,0,0,2.0,334,58,5.758620689655173
0,4,144,114,1,0,3,0,1,1,0,0,0,0,1,0,12,0,1.0,186,37,5.027027027027027
0,48,65,0,0,1,0,0,1,2,2,2,2,0,1,0,2,0,1.0,522,98,5.326530612244898
1,36,122,80,0,4,0,0,1,2,1,0,0,1,1,30,2,0,3.0,182,34,5.352941176470588
1,36,105,0,1,1,3,5,1,0,0,0,0,0,1,0,12,0,5.0,300,59,5.084745762711864
1,3,104,0,1,0,3,5,0,1,1,1,1,0,1,0,12,0,7.0,706,133,5.30827067669173
0,1,144,0,0,1,6,0,1,2,1,1,1,0,1,0,12,0,1.0,50,9,5.555555555555555
1,12,109,85,1,0,0,0,1,1,0,1,0,0,1,0,2,0,3.0,116,23,5.043478260869565
0,2,144,0,1,1,0,0,1,1,0,0,1,0,1,0,2,0,1.0,104,17,6.117647058823529
0,4,5,114,0,0,1,0,1,0,0,1,1,0,1,0,2,0,5.0,671,123,5.455284552845528
1,4,140,0,1,0,3,3,1,0,1,1,1,0,1,0,2,0,1.0,37,5,7.4
1,1,105,0,0,5,6,0,1,0,1,1,1,0,1,0,2,0,7.0,500,85,5.882352941176471
1,12,105,0,0,1,4,0,1,1,1,1,1,2,1,0,12,0,3.0,254,51,4.980392156862745
0,2,144,0,1,1,0,0,1,1,0,0,1,0,1,0,2,0,2.0,221,44,5.0227272727272725
0,60,22,0,1,2,3,0,2,0,2,2,2,0,1,0,2,0,2.0,191,37,5.162162162162162
0,2,144,0,0,0,1,0,1,0,1,1,1,0,1,20,3,0,1.0,201,32,6.28125
1,6,104,81,1,0,6,0,1,1,1,1,1,0,1,89,2,0,2.0,630,94,6.702127659574468
0,2,144,114,1,1,0,0,1,0,1,0,1,0,1,0,2,0,7.0,152,27,5.62962962962963
1,12,105,0,1,0,6,0,1,0,1,0,0,0,1,30,2,0,1.0,593,114,5.201754385964913
1,3,104,0,1,0,0,0,1,1,0,0,1,0,1,0,12,0,8.0,1207,239,5.050209205020921
1,4,135,0,0,5,0,0,0,0,1,0,1,0,1,0,2,0,12.0,202,38,5.315789473684211
0,2,144,0,1,1,3,0,0,0,0,0,1,0,1,0,2,0,4.0,474,86,5.511627906976744
0,24,144,114,2,1,6,0,1,0,2,2,2,0,2,0,3,0,3.0,522,96,5.4375
0,3,144,114,0,0,0,0,1,0,1,0,1,0,1,0,7,0,5.0,91,16,5.6875
1,5,105,0,0,3,0,0,1,0,0,0,0,0,1,100,2,0,30.0,981,174,5.637931034482759
0,36,32,21,1,3,6,0,1,1,1,0,1,0,1,0,12,0,3.0,342,69,4.956521739130435
0,7,144,0,1,0,6,0,1,1,1,1,0,0,1,0,3,0,4.0,211,38,5.552631578947368
1,12,105,0,0,6,0,0,2,0,2,2,2,0,1,0,12,0,1.0,124,20,6.2
0,1,144,0,2,0,1,5,1,1,1,1,1,0,4,0,2,0,9.0,351,49,7.163265306122449
1,6,105,0,0,3,6,0,1,0,1,1,1,0,1,0,2,0,3.0,72,12,6.0
1,9,128,82,0,4,0,0,1,0,0,0,0,0,2,0,2,0,3.0,204,36,5.666666666666667
0,0,144,0,1,0,1,5,1,1,0,0,0,0,1,0,12,0,1.0,139,23,6.043478260869565
0,1,144,0,0,1,0,0,1,0,1,0,1,0,1,0,12,0,5.0,458,90,5.088888888888889
0,2,144,0,0,0,6,0,1,0,1,0,1,0,1,200,12,0,3.0,161,29,5.551724137931035
1,4,105,0,0,0,5,5,1,0,0,0,0,0,1,0,2,0,14.0,369,71,5.197183098591549
1,2,105,0,0,1,6,0,1,0,2,2,2,0,1,0,12,0,7.0,191,35,5.457142857142857
1,3,105,0,0,0,5,5,0,0,1,1,1,0,1,0,12,1,8.0,266,58,4.586206896551724
0,2,31,0,0,1,0,0,1,0,1,0,1,0,1,0,12,0,0.0,100,20,5.0
0,1,149,0,1,0,1,5,2,0,2,1,2,0,2,450,2,0,5.0,93,17,5.470588235294118
1,2,105,0,0,0,3,0,1,1,1,1,2,0,1,0,2,0,0.0,119,20,5.95
1,3,105,0,1,3,0,0,0,0,2,2,2,0,1,0,12,0,3.0,60,11,5.454545454545454
0,6,144,0,1,1,0,0,1,0,1,1,1,0,2,0,2,0,1.0,400,69,5.797101449275362
1,15,104,0,2,0,3,4,1,1,1,0,1,0,3,0,2,0,4.0,218,36,6.055555555555555
0,4,144,0,1,1,0,0,1,1,0,0,1,0,1,50,2,0,2.0,135,27,5.0
1,6,104,0,1,0,6,0,1,1,0,0,1,0,1,0,2,0,5.0,238,45,5.288888888888889
1,34,122,0,1,4,5,5,0,1,2,2,2,0,1,0,7,0,5.0,218,38,5.7368421052631575
1,5,104,0,1,5,0,0,1,1,0,0,2,0,1,0,12,0,1.0,172,38,4.526315789473684
1,9,128,0,0,6,0,0,1,0,0,0,1,0,1,0,2,0,2.0,136,24,5.666666666666667
0,4,144,0,1,1,0,0,1,0,0,0,0,0,1,0,2,0,2.0,426,75,5.68
1,3,122,66,1,0,1,1,1,1,1,1,1,0,3,0,12,0,3.0,276,48,5.75
1,3,104,0,0,3,6,0,0,1,0,0,1,0,1,0,2,0,2.0,273,48,5.6875
1,12,105,0,1,0,3,5,1,0,1,1,1,0,1,0,2,0,2.0,226,44,5.136363636363637
1,3,104,0,2,0,5,5,1,1,0,0,0,0,3,0,2,0,3.0,120,26,4.615384615384615
1,0,135,82,2,5,6,0,1,0,1,1,1,0,5,0,2,0,5.0,304,59,5.1525423728813555
0,12,69,0,1,4,0,0,0,2,0,0,0,0,1,300,2,0,1.0,1338,229,5.842794759825328
0,2,144,0,0,0,2,5,1,0,0,0,1,0,1,0,2,0,3.0,213,41,5.195121951219512
1,5,105,0,0,0,0,0,0,1,0,0,1,0,1,0,12,0,3.0,268,48,5.583333333333333
1,2,105,0,1,0,6,0,1,0,1,0,1,0,1,0,2,0,2.0,106,21,5.0476190476190474
0,12,144,0,0,4,0,0,1,1,2,2,1,0,1,0,12,1,5.0,645,123,5.2439024390243905
0,6,144,0,1,1,0,0,0,0,0,0,0,0,1,0,12,0,2.0,1276,276,4.6231884057971016
1,1,105,0,2,0,1,4,0,0,1,1,1,0,5,0,12,0,6.0,238,33,7.212121212121212
0,2,144,0,1,0,3,0,1,1,1,1,1,0,4,0,3,0,1.0,42,7,6.0
1,2,131,0,0,2,0,0,1,0,1,0,1,0,1,100,2,0,3.0,108,22,4.909090909090909
0,2,144,0,0,1,0,0,1,0,0,1,1,0,1,0,2,0,5.0,688,125,5.504
1,4,104,82,0,3,6,0,0,1,1,0,1,0,2,0,12,0,4.0,22,5,4.4
1,24,128,101,1,1,6,0,1,0,1,1,1,0,1,0,3,0,13.0,810,153,5.294117647058823
1,8,105,0,0,1,0,0,1,1,0,0,2,0,1,0,12,0,3.0,129,26,4.961538461538462
0,2,144,114,1,0,1,0,1,1,0,0,1,0,1,0,2,0,3.0,14,3,4.666666666666667
0,1,144,0,1,0,1,5,0,0,1,1,1,0,4,0,4,0,4.0,197,36,5.472222222222222
1,12,105,0,1,1,4,5,0,0,0,0,0,0,1,0,12,0,1.0,14,3,4.666666666666667
0,2,144,114,0,1,2,3,1,1,1,1,1,0,1,0,2,0,1.0,305,57,5.350877192982456
0,6,144,131,1,0,1,0,1,0,0,0,0,0,1,0,2,0,1.0,227,46,4.934782608695652
1,6,135,0,2,0,1,5,1,1,0,0,0,0,3,0,2,0,3.0,232,43,5.395348837209302
0,12,144,0,1,0,0,0,1,0,0,1,2,0,1,0,2,0,0.0,102,17,6.0
0,1,144,0,1,0,6,0,1,1,0,0,1,0,1,0,4,0,1.0,104,19,5.473684210526316
0,12,144,16,1,4,6,0,1,0,0,0,0,0,1,0,2,0,2.0,638,122,5.229508196721311
0,36,144,0,1,1,0,0,1,0,0,1,0,0,1,0,2,0,2.0,318,62,5.129032258064516
0,16,60,0,0,0,1,5,0,2,0,0,0,0,1,180,2,0,4.0,1081,184,5.875
0,1,144,114,1,1,6,0,1,0,1,2,1,0,1,0,2,0,1.0,20,4,5.0
1,1,105,0,2,0,2,5,0,0,1,1,1,0,2,0,2,0,5.0,657,113,5.814159292035399
1,4,105,0,0,0,6,0,0,0,0,0,1,0,2,0,0,0,1.0,320,50,6.4
0,7,144,4,1,0,1,0,1,1,0,0,0,0,1,0,7,0,3.0,137,28,4.892857142857143
0,2,144,0,0,1,0,0,1,0,0,0,1,0,1,0,12,0,3.0,816,165,4.945454545454545
0,15,144,0,1,0,1,5,1,1,0,0,0,0,1,0,2,0,2.0,17,3,5.666666666666667
0,42,8,0,1,3,0,0,1,2,1,1,0,1,1,0,2,0,0.0,745,150,4.966666666666667
0,3,144,0,1,0,1,5,1,0,1,1,1,0,1,0,3,0,1.0,117,20,5.85
0,21,5,10,0,0,6,0,2,1,0,0,0,0,1,0,3,0,1.0,33,6,5.5
0,2,144,0,1,0,1,5,1,0,0,0,1,0,3,0,2,0,4.0,20,3,6.666666666666667
0,24,148,0,1,0,6,0,0,0,0,0,0,0,1,350,7,0,5.0,1091,178,6.129213483146067
0,2,144,0,1,0,6,0,0,0,1,0,1,0,1,0,2,0,4.0,253,45,5.622222222222222
0,4,144,0,1,1,0,0,1,0,0,0,1,0,1,0,2,0,2.0,370,65,5.6923076923076925
0,3,144,0,0,0,6,0,1,1,0,0,1,0,1,0,2,0,5.0,63,13,4.846153846153846
0,5,144,0,1,1,2,0,0,0,0,0,0,0,1,0,12,0,2.0,1292,249,5.188755020080321
1,0,105,90,2,0,2,5,1,0,1,1,1,0,4,0,2,0,0.0,237,41,5.780487804878049
1,24,104,89,1,5,0,0,1,1,1,1,1,0,1,0,12,0,2.0,455,89,5.112359550561798
1,3,105,82,1,5,0,0,1,0,0,0,1,0,1,50,2,0,3.0,471,98,4.8061224489795915
0,20,51,0,0,0,0,0,1,0,2,2,2,0,1,250,2,0,0.0,281,65,4.323076923076923
0,5,144,0,0,0,1,0,1,0,0,0,1,0,1,50,2,0,8.0,568,100,5.68
1,8,104,0,1,3,5,5,0,1,0,0,1,0,1,0,2,0,5.0,293,62,4.725806451612903
1,24,96,106,2,0,1,5,1,1,2,2,0,0,10,0,3,0,10.0,146,29,5.0344827586206895
1,2,105,0,2,1,6,0,1,0,1,0,1,0,4,0,2,0,12.0,823,153,5.379084967320262
0,4,144,114,0,2,0,0,1,0,0,0,1,0,1,0,2,0,5.0,526,101,5.207920792079208
1,2,128,0,1,0,6,0,1,0,1,0,1,0,1,0,12,0,2.0,36,5,7.2
1,2,105,0,2,0,3,5,0,0,1,0,1,0,5,0,12,0,2.0,743,142,5.232394366197183
0,3,144,114,1,0,1,5,1,0,1,0,1,0,2,0,2,0,2.0,568,118,4.813559322033898
1,1,105,0,0,0,0,0,0,0,2,2,2,0,1,0,2,0,4.0,178,33,5.393939393939394
0,18,144,9,1,0,2,3,1,0,0,0,0,0,1,0,2,0,10.0,214,42,5.095238095238095
1,36,105,0,1,3,0,0,2,0,0,0,1,0,1,0,12,0,10.0,17,3,5.666666666666667
1,12,104,81,0,3,0,0,1,2,1,1,1,0,1,0,4,0,5.0,211,33,6.393939393939394
0,2,144,114,1,6,0,0,1,0,1,1,1,0,1,0,2,0,2.0,177,36,4.916666666666667
0,72,22,0,1,4,0,0,2,1,0,0,0,0,1,700,2,0,6.0,386,68,5.676470588235294
1,3,105,0,1,0,1,0,0,0,1,1,1,0,1,0,5,0,9.0,345,67,5.149253731343284
1,2,105,0,0,0,1,5,1,0,1,1,1,0,1,0,2,0,3.0,359,62,5.790322580645161
1,8,105,0,0,5,0,0,1,0,1,1,1,0,1,0,12,0,3.0,25,4,6.25
0,19,144,0,1,6,0,0,2,0,1,0,1,0,1,0,2,1,13.0,705,122,5.778688524590164
1,2,96,63,2,2,6,0,1,1,1,0,1,0,2,0,12,0,3.0,416,78,5.333333333333333
0,3,144,0,0,1,0,0,1,0,0,0,1,0,1,0,2,0,5.0,164,29,5.655172413793103
0,17,150,0,1,6,0,0,0,0,0,0,1,0,1,0,2,0,2.0,29,5,5.8
0,2,144,41,1,0,1,5,1,0,1,0,1,0,1,0,2,0,1.0,285,48,5.9375
0,5,144,114,1,1,0,0,1,0,1,0,0,0,1,0,12,0,10.0,1904,389,4.894601542416453
1,1,135,0,2,1,5,5,0,0,1,1,1,0,5,0,2,0,0.0,986,198,4.97979797979798
1,7,105,82,1,3,6,0,1,0,1,1,1,0,1,0,5,0,5.0,463,81,5.716049382716049
0,1,144,0,1,0,1,5,1,1,1,1,1,0,1,0,3,0,2.0,94,15,6.266666666666667
0,24,17,114,1,1,4,5,0,1,0,0,0,0,1,0,2,0,4.0,334,42,7.9523809523809526
0,12,144,16,1,6,0,0,1,0,2,2,0,0,1,0,2,0,2.0,457,88,5.193181818181818
1,2,105,81,1,1,2,5,1,0,2,2,2,0,1,0,2,0,3.0,126,22,5.7272727272727275
1,12,105,0,0,0,1,1,1,0,1,1,1,0,1,0,2,0,3.0,466,86,5.4186046511627906
1,0,104,101,2,0,3,3,1,1,0,0,0,0,3,0,1,0,3.0,72,13,5.538461538461538
0,2,144,114,0,1,2,3,0,0,1,1,2,0,3,0,2,0,1.0,99,17,5.823529411764706
0,4,144,0,0,0,6,0,1,0,0,0,0,0,1,0,2,0,4.0,462,87,5.310344827586207
1,6,105,0,0,0,6,0,1,0,1,1,1,0,1,0,2,0,3.0,172,32,5.375
1,36,105,0,1,1,4,5,0,0,0,0,0,0,1,80,12,0,2.0,1041,195,5.338461538461538
1,8,125,89,1,1,4,5,1,2,1,1,1,0,1,0,2,0,4.0,204,41,4.975609756097561
0,4,144,0,1,1,0,0,1,0,0,0,1,0,1,0,2,0,2.0,428,86,4.976744186046512
1,8,128,82,0,0,6,0,1,1,0,0,0,0,1,0,12,0,4.0,1466,297,4.936026936026936
0,2,144,0,1,0,1,0,1,1,1,1,1,0,1,20,3,0,1.0,142,25,5.68
0,4,144,0,2,1,2,5,1,0,0,0,1,0,3,0,2,0,1.0,155,31,5.0
0,84,144,114,1,4,6,0,1,1,0,0,2,0,1,0,12,0,4.0,301,57,5.280701754385965
0,2,144,0,0,0,0,0,1,0,1,0,1,0,1,0,2,0,4.0,63,12,5.25
0,2,144,0,2,0,1,5,1,1,0,0,1,0,13,0,2,0,5.0,82,14,5.857142857142857
1,2,105,0,0,2,0,0,1,0,1,0,1,0,1,0,2,1,7.0,340,69,4.927536231884058
0,60,159,0,0,2,4,0,1,2,0,0,0,0,1,180,2,0,3.0,346,65,5.323076923076923
1,2,96,81,0,0,3,5,1,1,1,0,1,0,1,0,12,0,12.0,1588,312,5.089743589743589
0,2,144,0,1,1,6,0,1,0,0,0,1,0,5,0,2,0,5.0,275,49,5.612244897959184
0,36,144,0,1,6,0,0,0,1,0,0,0,0,1,0,2,0,5.0,1006,189,5.322751322751323
0,1,144,0,0,1,3,0,1,1,1,1,1,0,1,1,2,0,2.0,120,20,6.0
1,15,128,0,1,6,0,0,1,0,1,1,2,0,1,0,11,0,1.0,121,23,5.260869565217392
1,3,105,0,1,5,6,0,0,0,1,0,1,0,1,0,12,0,10.0,545,105,5.190476190476191
0,1,144,0,0,1,0,0,1,0,1,1,1,0,1,10,3,0,2.0,98,12,8.166666666666666
0,1,144,0,2,0,1,3,1,0,1,1,1,0,4,0,2,0,5.0,362,71,5.098591549295775
1,4,135,0,0,3,6,0,1,0,0,0,2,0,1,0,2,0,2.0,55,8,6.875
1,2,105,0,1,0,6,0,0,0,1,0,1,0,1,0,3,0,3.0,81,12,6.75
0,2,144,0,0,0,1,5,0,0,0,0,1,0,1,0,2,0,2.0,91,16,5.6875
1,0,105,0,2,0,1,5,1,0,1,1,1,0,3,0,7,0,2.0,126,26,4.846153846153846
1,2,128,0,0,1,0,0,1,1,1,0,1,0,1,0,2,0,2.0,55,11,5.0
0,1,161,114,0,0,6,0,1,0,1,1,1,0,1,0,2,0,5.0,380,72,5.277777777777778
1,12,104,0,1,3,4,0,0,1,2,2,1,0,1,0,12,0,3.0,408,76,5.368421052631579
0,2,22,54,0,0,1,0,1,0,0,0,1,0,1,0,2,0,10.0,474,86,5.511627906976744
0,1,22,114,0,1,0,0,1,0,2,2,1,0,1,0,2,0,1.0,90,18,5.0
0,24,144,119,1,1,0,0,2,0,0,0,0,0,1,0,2,0,3.0,471,89,5.292134831460674
0,24,41,0,1,6,0,0,0,0,0,0,1,0,1,200,0,0,5.0,930,184,5.054347826086956
0,1,144,0,1,4,0,0,0,0,1,1,1,0,1,0,2,0,1.0,109,21,5.190476190476191
1,1,105,0,2,1,4,5,0,0,1,1,1,0,7,0,2,0,1.0,362,67,5.402985074626866
0,1,144,0,2,0,1,5,1,0,1,1,1,0,4,0,2,0,2.0,475,89,5.337078651685394
0,12,144,0,1,1,2,0,1,0,1,1,0,0,1,0,2,0,5.0,795,167,4.7604790419161676
1,5,104,0,0,2,4,0,1,1,1,0,1,0,1,0,4,0,1.0,136,25,5.44
0,17,47,0,0,0,0,0,1,0,0,0,1,0,1,0,2,0,0.0,121,24,5.041666666666667
1,1,105,0,1,6,0,0,0,0,0,0,0,0,3,0,2,0,2.0,408,75,5.44
1,2,128,0,1,1,6,0,0,0,2,2,2,0,1,0,12,0,4.0,276,53,5.2075471698113205
1,2,104,0,0,0,5,0,1,1,1,1,1,0,4,0,2,0,1.0,598,103,5.805825242718447
0,1,144,0,1,4,6,0,1,0,1,1,1,0,1,0,2,0,10.0,841,133,6.323308270676692
1,4,104,0,1,0,1,0,2,1,1,1,1,0,1,0,12,0,7.0,30,6,5.0
0,2,144,0,2,0,3,5,1,0,1,1,1,0,6,0,12,0,6.0,75,15,5.0
1,1,105,82,2,1,2,4,1,0,1,1,1,0,2,0,12,0,14.0,324,52,6.230769230769231
0,50,155,47,0,1,0,0,1,0,1,1,0,0,1,0,7,0,3.0,70,14,5.0
0,3,144,114,1,0,1,5,1,1,1,0,1,0,1,100,2,0,10.0,423,78,5.423076923076923
1,12,90,0,1,0,1,4,1,0,1,0,1,0,1,0,2,0,3.0,437,84,5.2023809523809526
1,4,105,0,1,6,0,0,0,0,1,1,0,0,1,0,12,0,3.0,167,30,5.566666666666666
0,3,144,0,1,1,6,0,1,0,2,2,1,0,1,0,2,0,1.0,11,2,5.5
0,84,30,47,0,0,1,5,0,0,0,0,1,0,2,0,2,0,11.0,1028,193,5.3264248704663215
1,4,105,0,1,0,6,0,0,0,2,2,2,1,1,0,12,0,1.0,411,84,4.892857142857143
0,24,144,0,1,0,6,0,1,0,2,2,1,0,1,0,12,0,2.0,305,59,5.169491525423729
1,3,105,0,0,0,6,0,0,0,1,1,1,0,1,0,12,0,2.0,50,9,5.555555555555555
1,2,104,82,1,2,5,0,0,1,1,1,1,0,2,0,3,0,3.0,93,16,5.8125
0,2,144,0,0,1,0,0,1,0,1,0,1,0,1,0,3,0,2.0,483,90,5.366666666666666
0,12,164,114,1,1,6,0,1,0,2,2,0,0,1,0,2,0,3.0,206,37,5.5675675675675675
1,7,122,67,0,0,6,0,1,2,1,0,1,0,1,350,2,1,5.0,697,131,5.320610687022901
0,84,69,54,0,1,4,0,0,1,2,0,1,0,1,0,2,0,5.0,74,14,5.285714285714286
0,36,144,0,0,0,1,0,2,0,0,0,0,0,1,0,12,0,2.0,40,9,4.444444444444445
1,6,105,0,1,3,6,0,0,0,0,0,0,0,1,0,12,0,2.0,189,35,5.4
0,38,144,0,0,4,6,0,1,1,0,0,1,0,1,80,2,0,2.0,144,26,5.538461538461538
0,1,144,0,1,1,4,5,1,0,1,1,1,0,1,0,2,0,5.0,410,78,5.256410256410256
0,1,144,0,2,0,1,5,1,1,1,1,1,0,7,0,2,0,16.0,372,52,7.153846153846154
0,1,144,0,1,0,2,0,1,0,1,0,1,0,1,0,12,0,7.0,468,90,5.2
0,6,41,0,1,1,2,0,1,1,0,0,1,0,1,0,2,0,1.0,486,97,5.010309278350515
0,2,144,0,1,0,1,1,1,0,1,0,1,0,5,0,2,0,1.0,84,13,6.461538461538462
0,48,144,0,1,1,6,0,1,0,0,0,0,0,1,0,2,0,3.0,294,51,5.764705882352941
0,4,144,0,0,2,0,0,1,0,0,0,1,0,1,155,12,0,1.0,347,68,5.102941176470588
1,5,105,0,1,4,6,0,1,0,1,0,1,0,1,0,12,0,4.0,399,70,5.7
0,1,144,0,1,0,1,0,1,1,1,1,1,0,1,20,3,0,1.0,122,21,5.809523809523809
0,1,144,0,0,1,0,0,1,0,1,1,1,0,1,0,2,0,2.0,563,100,5.63
1,2,105,0,0,2,0,0,1,1,1,1,1,0,1,0,12,0,4.0,231,41,5.634146341463414
1,3,132,101,1,1,4,5,1,0,1,0,1,0,1,50,3,0,2.0,64,10,6.4
0,60,60,0,0,1,6,0,1,1,2,2,2,0,1,0,12,0,2.0,167,30,5.566666666666666
0,1,144,114,1,1,6,0,1,1,1,0,1,0,1,0,2,0,1.0,14,3,4.666666666666667
1,5,104,82,0,2,3,0,1,1,2,2,2,1,1,0,12,0,2.0,623,113,5.513274336283186
0,1,144,114,1,1,0,0,1,1,0,0,1,0,1,0,2,0,2.0,12,2,6.0
0,2,12,114,1,0,0,0,1,0,0,0,0,0,1,0,2,0,7.0,709,135,5.2518518518518515
0,1,144,0,1,1,6,0,1,1,1,1,1,0,1,0,2,0,7.0,197,38,5.184210526315789
0,36,8,0,1,2,0,0,2,1,0,0,1,0,1,0,2,0,1.0,628,120,5.233333333333333
1,5,118,104,1,5,0,0,1,0,0,0,0,0,1,0,2,0,1.0,142,28,5.071428571428571
0,24,144,0,0,0,1,2,1,1,1,0,1,0,1,100,2,0,2.0,336,70,4.8
0,1,144,0,2,1,0,0,1,0,1,1,1,0,7,0,3,0,2.0,118,16,7.375
0,2,144,0,1,0,1,5,1,0,2,2,1,0,1,0,2,0,1.0,76,13,5.846153846153846
1,29,105,0,1,5,0,0,1,0,0,0,0,0,1,0,2,0,2.0,88,14,6.285714285714286
1,3,135,0,2,6,0,0,1,0,1,1,1,0,2,0,12,0,5.0,174,38,4.578947368421052
0,2,44,0,1,0,1,5,1,0,1,1,1,0,1,0,2,0,4.0,33,4,8.25
0,1,144,0,1,0,0,0,1,0,1,0,1,1,1,0,12,0,7.0,565,112,5.044642857142857
0,2,144,0,1,1,6,0,1,0,0,0,0,0,1,0,4,0,1.0,1344,258,5.209302325581396
1,2,105,0,1,0,2,5,1,0,1,1,1,0,1,0,2,0,4.0,603,115,5.243478260869566
1,4,135,0,1,3,6,0,1,0,0,0,2,0,1,0,2,0,2.0,55,8,6.875
0,6,144,0,0,1,6,0,1,0,0,0,1,0,1,0,12,0,3.0,39,8,4.875
0,2,144,114,2,4,6,0,1,0,1,0,0,0,5,0,2,0,5.0,179,28,6.392857142857143
1,1,105,0,1,4,5,5,2,0,1,1,1,0,2,0,2,0,3.0,201,39,5.153846153846154
1,5,88,0,0,0,1,0,0,0,0,0,0,0,1,0,12,0,5.0,27,4,6.75
1,2,135,0,0,1,2,3,1,0,1,0,1,0,1,0,2,0,5.0,284,55,5.163636363636364
1,26,122,101,1,1,4,0,1,1,1,0,1,0,1,0,2,0,2.0,55,10,5.5
0,7,166,114,1,0,1,0,2,0,2,2,0,0,1,0,2,0,9.0,644,114,5.649122807017544
0,72,60,18,1,0,6,0,0,2,0,0,0,0,1,0,2,0,9.0,300,59,5.084745762711864
1,3,105,0,0,0,6,0,1,0,0,0,1,0,1,0,2,0,2.0,548,96,5.708333333333333
0,2,144,114,1,4,0,0,1,1,1,0,1,0,1,0,2,0,5.0,12,2,6.0
1,24,129,0,0,3,4,0,2,1,0,0,0,0,1,0,2,0,5.0,198,35,5.6571428571428575
1,6,105,82,0,3,6,0,1,0,1,1,1,0,1,0,2,0,2.0,136,22,6.181818181818182
0,24,54,114,1,0,6,0,1,0,0,0,0,0,1,0,12,0,3.0,254,42,6.0476190476190474
1,12,105,0,1,1,4,0,1,0,1,0,1,0,1,0,2,0,1.0,75,14,5.357142857142857
0,2,144,0,1,6,0,0,0,0,1,1,1,0,1,0,2,0,1.0,212,43,4.930232558139535
1,3,105,101,2,6,0,0,1,0,0,0,1,0,2,0,12,0,4.0,347,68,5.102941176470588
0,4,144,0,1,1,2,0,1,0,0,0,1,0,1,150,2,0,1.0,1411,281,5.0213523131672595
1,3,105,0,0,5,6,0,1,0,1,1,1,0,1,0,2,0,9.0,883,155,5.696774193548387
0,2,144,0,1,0,1,5,1,1,1,1,1,0,1,20,3,0,1.0,141,25,5.64
0,4,144,0,2,1,4,0,1,0,1,1,1,0,2,200,2,0,2.0,365,70,5.214285714285714
0,4,30,114,0,4,0,0,0,0,1,1,1,0,1,0,2,0,3.0,155,30,5.166666666666667
1,4,120,0,0,5,6,0,1,0,0,0,1,0,1,0,2,1,5.0,150,27,5.555555555555555
0,96,34,0,0,0,2,3,1,2,0,0,0,0,1,0,2,0,9.0,422,74,5.702702702702703
0,24,144,0,1,0,1,0,0,1,0,0,0,0,1,100,3,0,3.0,706,135,5.229629629629629
0,12,144,114,1,3,6,0,1,1,0,0,1,0,1,0,3,0,3.0,209,41,5.097560975609756
0,2,144,0,1,0,6,0,1,0,1,0,1,0,1,0,2,0,1.0,390,69,5.6521739130434785
1,2,105,0,0,1,6,0,0,0,1,0,1,0,1,0,7,0,5.0,412,77,5.35064935064935
0,6,144,0,0,6,0,0,1,0,0,0,0,0,1,0,2,0,1.0,102,19,5.368421052631579
1,12,105,89,0,0,1,0,2,0,2,0,1,0,1,0,12,0,3.0,494,97,5.092783505154639
0,60,51,39,1,0,6,0,0,1,0,0,1,0,1,100,12,0,1.0,71,14,5.071428571428571
1,4,104,0,1,0,5,5,1,1,0,0,0,0,2,0,12,0,19.0,401,77,5.207792207792208
1,2,94,106,1,0,0,0,1,1,1,0,1,0,1,150,2,0,4.0,174,29,6.0
0,1,144,0,0,0,1,1,1,0,1,1,2,0,6,1,12,0,4.0,24,5,4.8
0,1,144,0,2,0,1,0,1,0,1,1,1,0,5,0,2,0,12.0,857,146,5.86986301369863
0,4,144,9,1,4,0,0,2,0,0,0,0,0,1,0,2,0,14.0,273,49,5.571428571428571
0,8,144,0,0,0,1,0,1,0,2,2,0,0,1,0,2,0,2.0,314,63,4.984126984126984
0,4,144,114,2,1,3,5,1,1,1,1,1,0,4,0,2,0,3.0,77,14,5.5
0,5,144,0,1,0,1,0,1,0,2,2,2,0,1,0,2,0,1.0,27,4,6.75
0,3,144,0,0,1,0,0,1,0,0,0,1,0,1,100,12,0,2.0,262,48,5.458333333333333
0,2,144,0,1,0,1,5,0,0,0,0,1,0,1,0,2,0,3.0,91,16,5.6875
0,2,144,114,1,0,6,0,1,1,1,0,1,0,1,0,2,0,4.0,12,2,6.0
0,12,144,0,1,1,6,0,0,0,0,0,0,0,2,0,3,0,4.0,213,40,5.325
1,2,105,0,1,1,5,5,0,0,1,1,1,0,2,0,7,0,4.0,356,71,5.014084507042254
0,24,147,0,0,0,6,0,1,2,2,2,0,0,1,0,12,0,3.0,334,63,5.301587301587301
1,8,105,0,0,1,5,0,1,0,2,2,2,0,1,0,2,0,2.0,63,13,4.846153846153846
1,5,104,0,0,0,6,0,1,1,2,2,0,0,1,0,2,0,5.0,46,9,5.111111111111111
0,48,144,114,0,1,0,0,1,1,0,0,1,0,1,0,2,0,3.0,147,4,36.75
1,84,120,0,0,5,6,0,2,0,0,0,0,0,1,0,12,0,5.0,456,88,5.181818181818182
0,72,22,0,1,0,0,0,2,1,2,2,0,0,1,0,2,0,2.0,282,54,5.222222222222222
0,2,144,0,1,0,6,0,1,1,2,2,0,0,1,0,12,0,3.0,129,22,5.863636363636363
0,12,144,0,0,2,4,0,1,0,0,0,0,0,1,0,2,0,1.0,160,30,5.333333333333333
0,3,144,0,1,0,1,5,0,0,2,2,2,0,1,0,2,0,3.0,351,61,5.754098360655738
1,3,104,0,1,0,1,2,1,1,1,1,1,0,1,0,2,0,3.0,127,20,6.35
0,12,144,0,1,2,3,0,1,1,1,0,1,0,1,0,4,0,3.0,151,31,4.870967741935484
1,3,103,0,1,0,3,5,1,1,0,0,1,0,1,150,2,0,1.0,752,145,5.186206896551724
0,36,144,0,0,1,0,0,2,0,2,2,2,0,1,0,12,0,1.0,309,58,5.327586206896552
1,2,104,0,1,6,0,0,1,1,1,1,1,0,1,0,2,0,12.0,528,100,5.28
1,7,105,82,1,6,0,0,1,0,0,0,0,0,1,0,12,0,3.0,23,5,4.6
1,8,103,0,0,6,0,0,2,2,1,1,2,0,1,100,2,0,3.0,455,94,4.840425531914893
0,1,144,114,1,0,1,3,1,1,1,1,1,0,1,1,12,0,3.0,306,57,5.368421052631579
0,1,144,0,0,0,1,5,1,1,1,1,1,0,1,20,3,0,1.0,141,25,5.64
0,1,144,0,0,1,0,0,1,0,1,0,1,0,1,0,1,0,3.0,153,28,5.464285714285714
0,2,144,114,1,1,2,3,1,0,2,0,0,0,1,0,2,0,3.0,57,8,7.125
1,12,105,0,0,6,0,0,2,0,0,0,0,0,1,0,2,0,2.0,988,188,5.25531914893617
1,2,105,0,0,2,6,0,1,1,1,0,1,0,1,0,6,0,5.0,90,15,6.0
1,6,104,0,0,0,1,4,1,1,1,0,0,1,1,100,6,0,5.0,504,97,5.195876288659794
0,3,144,114,1,0,6,0,1,0,0,0,1,0,1,0,4,0,1.0,170,33,5.151515151515151
1,2,105,0,1,3,6,0,0,0,0,0,1,0,3,0,12,0,7.0,448,91,4.923076923076923
0,8,144,0,0,0,0,0,1,0,0,0,0,0,1,0,2,0,3.0,173,39,4.435897435897436
0,1,144,114,1,0,6,0,1,0,1,0,1,0,2,0,12,0,26.0,910,174,5.2298850574712645
0,48,144,0,1,1,4,0,1,0,0,0,0,0,1,0,12,0,1.0,244,47,5.191489361702128
1,2,105,111,1,0,2,5,0,1,0,0,1,0,1,0,2,0,4.0,344,71,4.845070422535211
0,12,144,0,1,0,1,0,0,1,0,0,2,0,1,0,2,0,1.0,33,6,5.5
0,2,144,114,1,1,0,0,1,0,0,0,1,0,1,30,2,0,4.0,503,89,5.651685393258427
1,3,104,0,1,2,5,5,1,1,0,1,1,0,1,0,2,0,4.0,425,81,5.246913580246914
0,49,159,0,1,1,0,0,1,1,0,0,1,0,2,0,3,0,2.0,458,82,5.585365853658536
0,4,144,0,1,0,1,5,1,0,1,0,2,0,1,0,2,0,2.0,167,32,5.21875
1,3,105,0,1,0,1,4,1,0,2,2,2,0,2,0,12,0,2.0,278,51,5.450980392156863
1,5,105,106,0,2,3,3,0,0,1,1,1,0,1,0,2,0,7.0,671,129,5.2015503875969
0,3,144,0,1,4,6,0,1,1,1,1,1,0,1,0,3,0,3.0,556,105,5.295238095238095
0,2,144,0,0,1,6,0,1,0,0,0,1,0,1,0,2,0,7.0,271,47,5.76595744680851
0,2,144,0,0,0,6,0,1,1,0,0,1,1,1,0,12,0,4.0,298,57,5.228070175438597
1,12,128,0,1,0,1,1,0,1,1,0,0,0,1,150,12,0,19.0,139,24,5.791666666666667
0,3,144,114,1,0,6,0,1,0,1,1,2,0,2,0,2,0,2.0,76,17,4.470588235294118
1,2,128,81,2,1,4,5,0,1,1,1,1,0,4,0,12,0,27.0,544,103,5.281553398058253
1,1,105,0,1,0,1,1,1,1,1,1,1,0,1,0,2,0,4.0,68,12,5.666666666666667
0,5,144,0,2,1,6,0,1,1,2,2,1,0,2,0,2,0,4.0,105,21,5.0
1,1,104,0,0,0,6,0,2,1,1,1,1,0,1,0,2,0,4.0,240,48,5.0
1,6,105,101,0,1,6,0,1,0,0,0,0,0,1,160,2,0,3.0,48,9,5.333333333333333
1,13,104,0,2,3,5,5,0,1,1,1,1,0,4,50,2,0,1.0,287,48,5.979166666666667
1,3,103,0,0,0,6,0,2,2,1,0,1,0,1,50,2,0,4.0,439,88,4.988636363636363
0,9,11,114,1,0,1,0,1,0,0,0,0,0,1,0,2,0,2.0,214,41,5.219512195121951
1,12,105,0,0,0,5,5,2,0,1,0,0,0,1,0,12,0,3.0,491,100,4.91
0,2,144,0,0,1,0,0,1,0,1,0,1,0,1,90,2,0,1.0,85,15,5.666666666666667
0,1,144,0,1,0,4,5,0,0,1,1,1,0,5,0,2,0,4.0,77,11,7.0
1,2,96,0,1,0,1,5,0,1,1,1,1,0,1,0,2,0,5.0,191,36,5.305555555555555
1,2,105,82,0,0,3,5,1,0,1,0,1,1,2,0,12,0,18.0,596,107,5.570093457943925
0,1,144,0,0,0,1,0,1,0,1,1,1,0,1,0,4,0,1.0,700,130,5.384615384615385
1,5,130,0,1,0,3,5,0,0,0,0,0,0,1,0,2,0,3.0,215,43,5.0
1,12,96,82,1,3,5,5,1,0,0,0,0,0,1,0,3,0,5.0,762,138,5.521739130434782
0,1,144,0,1,1,2,0,1,0,1,1,1,0,1,150,12,0,1.0,129,27,4.777777777777778
1,2,105,0,2,1,3,5,0,0,1,0,1,0,2,0,2,0,5.0,507,88,5.761363636363637
0,27,144,0,1,1,3,5,1,0,0,0,1,0,1,0,12,0,7.0,445,89,5.0
0,1,144,114,0,0,1,1,1,0,1,1,1,0,1,20,2,0,5.0,61,11,5.545454545454546
1,12,105,0,1,0,1,0,0,0,2,2,2,0,1,0,3,0,1.0,401,70,5.728571428571429
0,24,69,114,0,2,0,0,1,1,1,1,1,0,1,20,3,0,2.0,139,25,5.56
1,2,105,0,0,5,6,0,1,0,0,1,1,0,1,0,6,0,3.0,987,191,5.167539267015707
0,2,144,0,1,0,1,3,1,0,0,0,1,0,1,0,2,0,2.0,85,17,5.0
1,3,137,0,1,0,6,0,0,0,2,2,2,0,1,0,2,0,7.0,313,53,5.90566037735849
1,3,105,0,1,0,0,0,1,0,2,2,2,0,1,0,12,0,1.0,126,22,5.7272727272727275
0,1,9,0,1,6,0,0,1,2,1,1,1,0,1,0,12,0,4.0,385,82,4.695121951219512
1,30,105,0,0,0,1,5,2,0,0,0,0,0,2,0,5,0,3.0,224,41,5.463414634146342
1,1,122,81,0,4,0,0,1,2,1,0,1,0,1,100,2,0,9.0,628,115,5.460869565217391
0,2,144,54,1,0,1,5,1,1,0,0,1,0,2,0,2,0,22.0,275,39,7.051282051282051
0,3,144,0,1,1,0,0,0,0,0,0,1,0,1,0,2,0,4.0,312,56,5.571428571428571
0,2,144,0,1,0,6,0,1,0,1,1,1,0,1,0,4,1,1.0,806,156,5.166666666666667
1,1,105,0,2,5,6,0,1,0,1,1,1,0,2,0,2,0,3.0,96,15,6.4
0,5,30,0,1,0,1,0,0,0,0,0,1,0,1,200,12,0,2.0,252,47,5.361702127659575
0,12,69,114,1,1,2,3,1,1,1,1,1,0,1,0,2,0,1.0,444,89,4.98876404494382
0,17,144,0,1,4,0,0,2,0,0,0,0,0,1,0,3,0,2.0,238,45,5.288888888888889
0,3,144,0,1,1,5,5,1,2,2,0,2,0,2,0,2,0,4.0,116,16,7.25
0,4,55,114,1,1,0,0,0,0,2,2,2,0,1,0,2,0,5.0,511,99,5.161616161616162
0,2,22,41,1,1,0,0,0,0,0,0,1,0,1,0,2,0,0.0,76,15,5.066666666666666
1,4,105,0,2,0,5,5,0,0,1,1,1,0,3,0,12,0,1.0,84,17,4.9411764705882355
1,3,96,0,1,0,3,5,1,1,1,0,1,0,1,80,12,0,5.0,799,156,5.121794871794871
1,1,105,0,1,0,1,5,0,0,1,1,1,0,3,0,12,0,2.0,61,11,5.545454545454546
0,2,144,114,0,0,1,1,0,1,0,0,1,0,1,0,2,0,5.0,390,75,5.2
0,6,144,0,2,0,1,5,1,0,2,2,2,0,3,0,3,0,2.0,149,27,5.518518518518518
0,8,51,30,1,4,0,0,1,1,0,0,0,0,1,0,2,0,5.0,342,61,5.60655737704918
1,36,103,0,0,0,6,0,2,2,1,1,0,0,1,0,12,0,5.0,209,37,5.648648648648648
0,1,144,0,2,0,1,0,0,1,1,1,0,0,2,0,5,0,3.0,329,64,5.140625
1,1,105,0,2,0,3,5,0,0,0,0,0,0,16,0,12,0,1.0,162,33,4.909090909090909
1,1,105,0,1,0,1,1,0,0,1,0,1,0,1,0,2,0,4.0,1498,315,4.7555555555555555
1,17,104,0,2,0,3,5,2,1,0,0,0,0,2,0,2,0,7.0,383,69,5.550724637681159
0,1,144,0,1,0,1,5,1,1,1,0,1,0,1,0,4,1,6.0,226,44,5.136363636363637
1,4,105,0,0,0,0,0,1,0,0,0,1,0,1,0,2,0,6.0,20,3,6.666666666666667
0,24,144,0,0,0,1,0,1,0,2,2,2,0,1,0,12,0,1.0,81,15,5.4
0,2,144,114,2,0,1,0,1,0,1,1,1,0,5,0,2,0,6.0,611,116,5.267241379310345
1,9,105,82,0,2,0,0,1,1,1,0,0,0,1,30,2,0,4.0,126,21,6.0
1,12,104,82,1,0,1,5,1,1,1,0,0,0,2,0,2,0,14.0,1296,244,5.311475409836065
1,3,104,0,1,0,6,0,0,1,2,0,2,0,1,0,12,0,15.0,743,106,7.009433962264151
0,2,144,0,1,1,0,0,0,0,2,2,2,0,2,0,12,0,1.0,136,27,5.037037037037037
0,4,61,0,0,0,6,0,2,1,2,2,2,0,1,0,2,0,1.0,224,31,7.225806451612903
0,12,144,0,0,1,0,0,1,0,0,0,2,0,1,0,2,2,10.0,4549,883,5.151755379388448
1,2,104,0,1,0,2,0,1,1,1,1,1,0,1,50,2,0,5.0,618,111,5.5675675675675675
1,3,105,0,1,1,4,5,1,0,1,1,1,0,5,0,2,0,8.0,310,51,6.078431372549019
1,2,90,106,2,0,5,5,0,0,1,1,1,0,5,0,2,0,5.0,122,22,5.545454545454546
1,14,103,68,0,4,0,0,2,1,2,2,1,1,1,0,12,0,2.0,21,3,7.0
1,18,104,0,1,2,0,0,1,1,2,2,2,0,1,100,2,0,6.0,128,23,5.565217391304348
1,5,105,82,2,6,0,0,1,0,1,2,2,0,2,0,3,0,4.0,66,11,6.0
0,30,144,0,1,0,2,5,1,0,0,0,0,0,1,0,2,0,1.0,431,82,5.2560975609756095
0,2,144,114,1,0,1,0,1,1,1,1,0,0,1,0,2,0,5.0,14,3,4.666666666666667
0,18,5,0,1,0,1,0,2,0,0,0,0,0,1,350,2,0,3.0,1264,234,5.401709401709402
0,6,144,0,0,1,6,0,1,0,0,0,1,0,1,0,2,0,4.0,197,37,5.324324324324325
1,3,105,82,0,0,5,5,1,0,0,0,1,0,1,0,2,1,4.0,630,112,5.625
0,3,144,0,0,1,0,0,1,0,1,1,1,0,1,0,12,0,5.0,63,9,7.0
0,2,144,0,1,1,4,5,0,0,1,0,1,0,1,0,4,0,4.0,289,56,5.160714285714286
0,2,144,0,0,1,0,0,0,0,1,1,1,0,1,0,12,0,2.0,1322,271,4.878228782287823
1,4,105,0,0,0,0,0,1,0,1,1,1,0,1,0,2,0,3.0,164,28,5.857142857142857
0,24,40,114,0,3,6,0,0,1,2,2,2,0,1,0,12,0,9.0,510,89,5.730337078651686
1,4,105,0,0,0,5,5,1,0,1,1,1,0,1,0,2,0,5.0,97,14,6.928571428571429
1,3,105,71,1,0,6,0,0,0,0,1,1,0,1,1,3,0,0.0,20,3,6.666666666666667
1,2,135,94,2,0,5,5,1,1,1,1,1,0,5,0,2,0,5.0,684,123,5.560975609756097
0,3,144,0,0,1,4,5,1,1,1,0,1,0,1,0,3,0,0.0,487,94,5.180851063829787
0,3,144,131,1,0,2,0,1,0,0,0,0,0,1,0,2,0,10.0,275,43,6.395348837209302
0,48,62,0,1,0,2,0,0,1,0,0,0,0,1,0,2,0,2.0,479,88,5.443181818181818
1,1,105,81,0,5,6,0,1,1,1,1,1,0,1,50,2,0,5.0,514,99,5.191919191919192
1,2,122,0,0,5,0,0,2,2,1,1,1,0,1,500,3,0,2.0,322,54,5.962962962962963
0,96,41,25,0,2,0,0,1,1,1,0,1,0,1,0,3,0,2.0,230,41,5.609756097560975
0,60,69,114,0,4,5,0,1,1,2,2,1,0,1,0,2,0,5.0,902,180,5.011111111111111
0,3,144,0,2,4,0,0,1,1,0,0,1,0,2,0,12,0,4.0,256,46,5.565217391304348
1,2,104,0,2,1,2,0,1,1,1,1,1,0,4,0,3,0,5.0,491,89,5.51685393258427
1,2,105,0,2,0,5,5,1,0,1,0,1,0,2,0,12,0,15.0,155,23,6.739130434782608
1,3,105,0,0,5,6,0,0,0,1,0,1,0,1,0,12,0,5.0,679,134,5.067164179104478
1,9,122,80,1,1,3,5,0,2,0,0,1,1,1,0,2,2,5.0,404,84,4.809523809523809
0,1,144,0,0,0,1,5,0,0,1,1,2,0,1,0,12,0,5.0,380,73,5.205479452054795
1,1,114,68,0,0,6,0,3,1,1,0,1,0,1,0,12,2,3.0,428,87,4.919540229885057
1,1,104,81,2,0,1,5,1,1,1,1,2,0,2,0,4,0,3.0,19,3,6.333333333333333
0,20,144,0,1,0,1,0,1,1,1,1,1,0,1,0,9,0,1.0,170,28,6.071428571428571
0,1,144,0,1,1,0,0,1,0,1,1,1,0,1,0,4,0,2.0,149,31,4.806451612903226
0,3,144,0,1,0,1,0,1,1,0,0,1,0,1,0,2,0,3.0,101,18,5.611111111111111
0,96,60,0,1,4,0,0,1,1,0,0,0,0,1,0,2,0,2.0,8,1,8.0
1,18,122,93,1,4,6,0,1,2,0,0,1,0,1,500,0,0,4.0,243,46,5.282608695652174
0,4,144,0,0,0,0,0,0,0,1,1,1,0,1,0,12,0,10.0,234,35,6.685714285714286
0,2,144,114,2,1,2,0,1,1,1,1,1,0,6,0,12,0,8.0,89,14,6.357142857142857
1,62,138,0,1,1,0,0,2,1,0,0,0,0,1,0,12,0,4.0,1097,207,5.299516908212561
0,24,144,0,1,0,1,3,1,0,0,0,0,0,1,50,3,0,4.0,239,45,5.311111111111111
0,4,144,114,1,1,0,0,1,0,0,0,0,0,1,0,2,0,3.0,86,14,6.142857142857143
0,5,41,0,0,1,0,0,0,1,0,0,1,0,1,0,2,0,1.0,320,60,5.333333333333333
0,3,144,0,0,0,1,0,1,1,0,0,2,0,1,0,3,0,1.0,216,39,5.538461538461538
0,1,5,20,0,5,0,0,1,1,1,0,1,0,1,0,12,0,6.0,21,5,4.2
0,24,8,114,0,3,4,5,1,2,0,0,0,0,1,0,2,0,7.0,458,67,6.835820895522388
0,10,144,0,2,0,1,3,1,1,2,2,2,1,5,0,2,0,1.0,939,174,5.396551724137931
1,3,105,0,0,2,4,0,1,0,1,0,1,0,1,0,2,0,2.0,83,15,5.533333333333333
0,1,144,0,1,0,6,0,1,1,2,2,1,0,1,0,2,0,1.0,107,18,5.944444444444445
0,9,144,0,1,0,1,0,1,0,0,2,0,0,1,0,12,0,1.0,911,176,5.176136363636363
0,1,144,114,1,0,1,0,1,0,1,1,1,0,1,0,2,0,5.0,96,17,5.647058823529412
1,1,104,0,2,1,3,4,1,1,1,1,1,0,4,0,12,0,8.0,416,83,5.0120481927710845
1,12,105,82,0,2,6,0,1,0,1,1,0,0,2,0,12,0,0.0,76,15,5.066666666666666
0,12,144,0,0,1,6,0,1,0,1,0,1,0,1,0,2,0,2.0,206,36,5.722222222222222
1,3,105,0,2,1,3,0,1,0,0,0,0,0,5,100,2,0,5.0,322,52,6.1923076923076925
1,3,105,0,1,0,0,0,2,1,1,1,2,0,1,0,2,0,2.0,110,22,5.0
0,84,65,53,1,6,0,0,1,1,0,0,0,0,1,0,2,0,7.0,173,32,5.40625
1,1,104,0,2,0,5,5,0,0,1,1,1,0,5,0,12,0,14.0,528,102,5.176470588235294
1,24,103,0,1,1,0,0,1,2,0,0,0,0,1,150,7,0,1.0,211,36,5.861111111111111
1,9,122,81,0,0,5,5,2,2,0,0,0,0,1,0,2,0,3.0,193,38,5.078947368421052
0,1,144,0,0,0,5,5,1,1,1,1,2,0,1,250,2,0,1.0,45,8,5.625
0,84,60,25,0,4,0,0,0,2,0,0,0,0,1,50,2,0,4.0,849,170,4.9941176470588236
0,1,144,0,1,0,1,5,2,2,1,0,1,0,1,0,2,0,4.0,757,150,5.046666666666667
1,9,105,0,0,0,4,5,1,1,0,0,0,0,1,0,2,0,2.0,217,44,4.931818181818182
0,17,144,0,1,6,0,0,1,1,1,0,1,0,1,0,2,0,0.0,292,66,4.424242424242424
0,2,144,0,1,0,0,0,1,0,1,1,1,0,1,0,2,0,1.0,112,22,5.090909090909091
1,3,135,0,2,1,5,5,0,1,1,1,1,0,2,0,12,0,2.0,556,103,5.398058252427185
1,2,105,0,1,0,3,5,0,0,1,1,1,0,1,0,2,0,11.0,332,62,5.354838709677419
0,3,41,114,0,0,0,0,2,1,2,0,1,0,1,0,2,0,1.0,1435,292,4.914383561643835
1,2,105,0,0,1,2,3,1,0,0,0,1,0,1,0,2,0,5.0,144,22,6.545454545454546
0,3,144,0,1,0,1,0,1,0,0,0,1,0,1,200,12,0,2.0,236,41,5.7560975609756095
0,2,144,0,1,6,0,0,1,0,1,1,1,0,1,20,3,0,1.0,141,25,5.64
1,2,104,0,2,0,5,0,1,1,1,1,1,0,4,0,2,0,3.0,396,78,5.076923076923077
0,60,152,114,0,4,5,5,2,0,0,0,0,0,1,0,2,0,5.0,370,71,5.211267605633803
0,4,144,0,1,1,6,0,2,0,1,1,1,0,2,0,2,0,2.0,146,24,6.083333333333333
0,24,69,54,0,6,0,0,1,2,0,0,0,0,1,0,2,1,4.0,292,53,5.509433962264151
0,2,144,0,1,0,0,0,1,0,0,1,1,0,1,0,2,0,1.0,786,136,5.779411764705882
0,2,144,0,2,0,1,3,1,0,1,1,1,0,2,0,2,0,4.0,645,119,5.420168067226891
1,3,105,0,2,3,5,5,1,0,1,0,1,0,2,0,6,0,4.0,205,39,5.256410256410256
0,2,144,0,1,1,0,0,1,0,1,1,1,0,1,20,3,0,1.0,144,25,5.76
0,6,30,114,0,0,1,0,0,0,1,0,1,0,1,0,2,0,3.0,667,140,4.764285714285714
0,6,144,0,1,1,0,0,1,1,0,0,0,0,1,0,12,0,0.0,198,33,6.0
1,2,104,81,1,5,6,0,0,1,2,0,2,0,1,0,12,0,13.0,1816,261,6.957854406130268
0,84,144,0,0,0,1,0,0,0,0,0,1,0,1,0,2,1,3.0,355,64,5.546875
0,24,69,4,1,0,1,3,2,1,0,0,0,0,1,0,2,0,2.0,520,108,4.814814814814815
1,4,104,0,1,2,3,0,1,1,1,1,1,0,1,0,12,0,4.0,128,27,4.7407407407407405
0,4,5,114,1,0,2,3,1,0,2,2,2,0,1,0,2,0,3.0,168,29,5.793103448275862
0,6,144,0,1,1,0,0,1,0,1,0,1,0,1,0,3,0,2.0,100,19,5.2631578947368425
1,2,105,0,1,5,6,0,0,0,1,1,1,0,1,50,2,0,4.0,137,26,5.269230769230769
0,1,144,0,1,0,1,0,1,0,1,1,1,0,1,0,2,0,2.0,1158,220,5.263636363636364
0,1,144,114,2,0,1,0,1,1,1,1,1,0,3,0,2,0,6.0,69,12,5.75
1,24,135,0,1,0,5,0,0,0,0,0,0,0,1,0,4,0,4.0,432,87,4.9655172413793105
0,2,144,0,2,1,4,5,1,0,1,0,1,0,4,0,2,0,8.0,451,94,4.797872340425532
0,30,144,0,0,0,0,0,1,1,0,0,0,0,1,0,2,0,1.0,257,52,4.9423076923076925
0,1,144,0,0,1,2,3,1,1,1,0,1,0,1,0,2,0,5.0,259,29,8.931034482758621
0,3,144,114,2,0,1,0,1,1,1,1,1,0,6,0,12,0,5.0,420,80,5.25
1,2,105,0,0,0,0,0,1,0,0,0,0,0,1,100,2,0,3.0,373,68,5.485294117647059
0,3,144,0,1,0,6,0,1,0,0,0,1,0,1,0,12,0,9.0,179,33,5.424242424242424
1,5,105,0,0,3,4,5,1,0,2,2,2,0,2,0,2,0,5.0,264,47,5.617021276595745
1,2,104,0,1,1,6,0,1,0,1,1,1,0,1,0,2,0,2.0,182,36,5.055555555555555
1,1,105,0,0,0,5,5,1,0,1,1,1,0,2,0,2,0,4.0,300,53,5.660377358490566
1,3,105,0,0,0,2,5,1,0,1,0,1,0,4,0,2,0,15.0,425,61,6.967213114754099
1,2,105,0,2,5,6,0,1,0,0,0,1,0,3,0,2,0,3.0,249,47,5.297872340425532
1,4,104,82,1,0,0,0,1,1,1,0,1,0,1,0,2,0,2.0,122,24,5.083333333333333
0,1,69,114,1,0,0,0,1,2,1,0,1,0,1,0,12,0,6.0,70,15,4.666666666666667
1,5,105,0,2,0,6,0,0,0,1,0,1,0,4,0,12,0,3.0,270,56,4.821428571428571
1,1,105,0,0,4,0,0,1,0,1,1,1,0,3,0,2,0,5.0,276,57,4.842105263157895
1,1,104,80,2,1,2,0,1,1,1,1,1,0,2,0,2,0,3.0,317,56,5.660714285714286
1,1,84,0,1,1,2,2,0,0,1,1,1,1,1,0,12,0,3.0,259,48,5.395833333333333
1,2,104,0,2,0,1,5,0,1,1,1,1,0,5,0,2,0,1.0,234,45,5.2
0,24,144,0,0,1,6,0,1,1,0,0,0,0,1,50,3,0,5.0,346,60,5.766666666666667
0,1,144,0,0,0,0,0,0,0,1,1,1,0,1,0,2,0,1.0,109,21,5.190476190476191
0,12,43,114,1,4,0,0,0,0,0,0,0,0,1,0,2,0,3.0,105,21,5.0
1,1,135,0,2,0,1,5,0,0,1,1,1,0,4,0,2,0,2.0,271,52,5.211538461538462
1,6,104,0,0,4,0,0,1,1,2,2,1,0,1,0,2,0,3.0,359,71,5.056338028169014
1,5,105,0,0,6,0,0,1,0,1,0,1,0,1,0,2,0,1.0,66,12,5.5
1,24,104,81,2,1,3,5,1,1,0,2,2,0,6,0,2,0,5.0,90,15,6.0
0,4,69,40,1,0,1,5,1,0,1,0,1,0,1,0,2,0,5.0,308,53,5.811320754716981
0,2,144,0,0,0,1,0,1,0,1,1,1,0,1,20,3,0,1.0,201,32,6.28125
1,1,104,0,1,0,5,5,0,0,1,1,1,0,1,0,12,0,11.0,584,120,4.866666666666666
1,16,105,0,0,0,1,4,2,1,0,0,1,0,1,0,12,0,11.0,345,71,4.859154929577465
1,7,128,0,0,6,0,0,2,1,1,0,2,0,1,0,2,0,1.0,98,17,5.764705882352941
0,24,147,114,1,1,6,0,1,1,0,0,0,0,1,0,5,0,1.0,85,16,5.3125
1,5,105,0,1,1,2,0,0,0,1,1,1,0,1,0,2,0,3.0,183,31,5.903225806451613
1,5,135,0,0,2,6,0,1,1,1,1,1,0,1,0,12,0,3.0,211,31,6.806451612903226
1,3,105,0,1,0,5,5,0,0,1,0,1,0,1,0,3,0,5.0,373,66,5.651515151515151
1,1,105,0,2,0,5,5,1,0,1,1,1,0,4,0,6,0,4.0,198,34,5.823529411764706
1,3,105,0,1,0,3,5,1,0,1,1,2,0,2,0,2,0,4.0,86,17,5.0588235294117645
0,3,14,33,0,0,6,0,1,2,1,0,1,0,1,300,12,0,4.0,94,21,4.476190476190476
1,2,104,82,2,0,5,5,0,1,0,0,1,0,2,200,2,0,11.0,21,4,5.25
1,1,105,0,0,1,0,0,2,0,1,1,1,0,1,0,2,0,4.0,71,16,4.4375
1,12,135,0,0,2,3,0,1,0,2,2,1,0,1,0,2,0,1.0,95,21,4.523809523809524
1,3,105,0,0,5,6,0,1,0,1,0,1,0,1,0,3,0,1.0,172,36,4.777777777777778
0,54,144,0,1,0,0,0,1,1,0,1,1,0,1,0,0,0,2.0,87,14,6.214285714285714
0,1,144,0,0,0,1,0,1,1,0,2,1,0,1,0,2,0,1.0,85,16,5.3125
1,12,105,0,0,6,0,0,1,0,0,0,0,0,1,0,12,0,1.0,39,8,4.875
0,12,69,114,0,1,6,0,1,0,1,1,1,0,1,0,2,0,1.0,308,58,5.310344827586207
0,1,144,0,1,4,6,0,1,1,1,1,1,0,1,0,2,0,10.0,114,20,5.7
0,1,144,0,1,0,1,5,1,0,2,0,1,0,2,0,2,0,6.0,153,27,5.666666666666667
0,122,60,0,0,1,6,0,0,0,0,0,1,0,1,0,2,0,2.0,85,15,5.666666666666667
1,6,104,0,1,0,1,0,1,1,1,0,1,0,1,70,7,0,6.0,367,77,4.766233766233766
0,2,144,0,1,0,1,0,1,0,1,0,1,0,1,0,2,0,1.0,213,40,5.325
0,2,144,0,2,0,0,0,1,0,1,1,1,0,4,0,2,0,3.0,492,99,4.96969696969697
0,1,22,12,2,0,1,0,1,0,1,1,1,0,6,0,12,0,5.0,54,11,4.909090909090909
0,1,144,0,1,6,0,0,0,0,1,1,1,0,1,0,2,0,1.0,143,24,5.958333333333333
1,11,105,0,0,0,6,0,1,0,0,0,0,0,1,0,12,0,3.0,136,27,5.037037037037037
0,1,144,0,0,1,0,0,1,1,1,1,1,0,1,0,2,0,4.0,147,25,5.88
1,2,104,0,0,0,1,4,1,1,1,0,1,0,1,50,2,1,5.0,781,141,5.539007092198582
0,5,166,114,0,0,1,0,1,0,0,0,1,0,1,0,2,0,3.0,105,17,6.176470588235294
1,2,128,81,0,2,3,0,0,1,1,1,1,0,1,0,2,0,1.0,446,68,6.5588235294117645
0,1,144,0,1,0,2,3,1,1,1,0,1,0,1,50,2,0,10.0,1402,246,5.699186991869919
0,2,144,0,1,0,1,5,1,1,1,1,1,0,1,0,2,0,2.0,150,28,5.357142857142857
0,1,144,0,0,0,1,0,1,0,1,0,1,0,1,0,3,0,4.0,149,20,7.45
0,2,144,0,0,0,1,0,1,0,1,1,1,0,1,0,2,0,5.0,123,19,6.473684210526316
1,30,135,81,0,4,0,0,3,1,0,0,0,0,1,0,2,0,5.0,480,94,5.1063829787234045
1,6,105,0,0,3,6,0,1,0,0,0,0,0,1,100,12,0,1.0,59,7,8.428571428571429
1,3,105,0,1,1,5,5,1,0,0,0,1,0,1,0,2,1,8.0,307,59,5.203389830508475
1,5,113,0,0,5,6,0,1,1,1,0,1,0,1,0,2,0,5.0,90,12,7.5
0,1,144,0,1,1,4,5,1,0,1,0,1,0,3,0,2,0,9.0,586,116,5.051724137931035
0,1,144,0,2,0,6,0,1,1,1,1,1,0,7,0,4,0,0.0,231,47,4.914893617021277
0,2,144,0,1,0,1,5,1,1,1,1,1,0,3,0,2,0,6.0,369,72,5.125
0,1,144,0,2,0,1,5,1,1,0,0,1,0,5,0,12,0,5.0,691,131,5.2748091603053435
1,2,104,0,1,4,6,0,0,1,1,1,1,0,1,0,2,0,1.0,144,27,5.333333333333333
1,0,105,0,2,0,3,5,0,0,1,1,1,0,4,100,2,0,0.0,190,34,5.588235294117647
1,12,105,0,0,5,6,0,1,0,1,0,0,0,1,0,2,0,5.0,681,132,5.159090909090909
1,6,135,0,0,1,2,3,1,0,1,0,1,0,1,0,12,0,5.0,329,61,5.39344262295082
1,3,84,0,2,5,6,0,0,0,1,1,1,0,2,0,12,0,2.0,527,95,5.5473684210526315
0,54,8,0,0,2,0,0,2,1,2,2,1,1,1,0,7,0,6.0,1601,279,5.738351254480286
0,12,144,0,0,1,6,0,1,1,2,2,2,0,1,0,2,0,5.0,171,30,5.7
1,4,122,81,1,0,2,0,0,1,1,0,1,0,1,200,2,0,1.0,83,14,5.928571428571429
1,3,104,0,1,2,3,0,0,1,0,0,0,0,1,0,2,0,5.0,132,22,6.0
1,4,105,0,1,2,6,0,1,1,2,0,1,0,1,0,2,0,1.0,485,84,5.773809523809524
0,11,144,0,0,0,1,5,1,0,0,2,1,0,1,0,2,0,4.0,226,41,5.512195121951219
1,5,105,0,1,0,3,4,1,0,1,0,1,0,1,0,2,0,6.0,321,63,5.095238095238095
1,5,105,0,1,0,5,0,0,0,1,1,1,0,1,0,2,0,5.0,265,54,4.907407407407407
0,4,22,114,0,4,0,0,2,1,0,0,0,0,1,0,2,0,4.0,229,46,4.978260869565218
0,2,144,0,2,1,2,0,0,0,1,1,1,0,9,0,12,0,1.0,283,49,5.775510204081633
1,1,105,0,0,0,5,0,1,0,1,1,1,0,1,0,2,1,7.0,173,33,5.242424242424242
1,12,104,0,1,0,5,5,1,1,0,0,0,0,1,0,2,0,1.0,557,106,5.254716981132075
0,12,144,0,2,0,1,3,1,1,2,2,2,0,4,0,12,0,1.0,1567,264,5.9356060606060606
0,1,144,0,2,0,1,3,1,0,1,1,0,0,9,0,4,0,18.0,33,6,5.5
0,3,144,0,1,4,6,0,1,0,1,1,1,0,1,0,2,1,5.0,815,155,5.258064516129032
0,9,144,0,1,1,0,0,0,0,1,1,1,0,2,0,4,0,0.0,159,31,5.129032258064516
0,1,144,0,1,0,1,0,2,0,0,0,1,0,1,0,2,0,1.0,149,29,5.137931034482759
1,4,105,0,1,0,3,5,0,0,0,0,1,0,1,0,3,0,5.0,1400,272,5.147058823529412
0,2,144,0,0,5,6,0,1,1,1,0,1,0,1,0,3,0,2.0,603,108,5.583333333333333
1,12,105,81,2,1,2,5,1,0,1,0,0,0,2,0,7,0,5.0,246,47,5.23404255319149
0,4,144,54,1,1,6,0,1,1,1,1,1,0,1,0,2,0,3.0,125,24,5.208333333333333
0,1,144,0,1,0,1,0,1,1,1,1,1,0,1,0,3,0,1.0,302,56,5.392857142857143
0,1,144,0,0,1,6,0,1,1,1,1,1,0,1,0,3,0,3.0,95,16,5.9375
1,3,104,0,1,3,4,5,1,0,2,2,1,0,1,0,12,0,1.0,231,43,5.372093023255814
0,1,147,0,1,0,1,3,1,1,1,1,1,0,1,200,6,0,8.0,237,38,6.2368421052631575
0,2,144,0,0,0,0,0,1,1,0,0,1,0,1,0,2,0,2.0,151,29,5.206896551724138
1,1,105,82,1,0,3,5,1,0,1,1,1,0,2,0,3,0,3.0,131,25,5.24
1,1,104,81,2,0,6,0,0,1,1,1,1,0,2,0,7,0,2.0,332,67,4.955223880597015
0,1,144,0,1,0,1,5,1,0,1,1,1,0,6,0,2,0,5.0,45,9,5.0
1,1,122,79,1,0,1,1,2,2,1,0,1,0,1,100,12,2,5.0,307,52,5.903846153846154
1,4,105,0,0,1,6,0,0,0,1,1,1,0,1,30,12,0,3.0,434,81,5.3580246913580245
0,2,144,0,1,5,6,0,1,0,1,1,1,0,1,0,12,0,2.0,464,92,5.043478260869565
0,36,144,0,1,0,0,0,1,0,0,0,0,0,1,0,2,0,10.0,457,86,5.313953488372093
0,2,144,0,0,1,0,0,1,1,0,0,1,0,1,0,2,0,2.0,40,7,5.714285714285714
1,24,119,94,2,0,4,5,1,1,1,1,2,0,20,100,2,0,1.0,156,26,6.0
0,5,8,57,0,2,6,0,0,2,0,0,0,0,1,0,2,0,1.0,52,10,5.2
0,2,166,114,1,0,1,0,1,0,0,0,1,0,1,0,2,0,3.0,122,21,5.809523809523809
0,2,144,114,1,0,0,0,1,1,1,1,1,0,1,0,2,0,1.0,189,36,5.25
0,12,144,0,0,4,6,0,1,1,0,0,2,0,1,0,2,0,2.0,20,4,5.0
1,2,105,0,2,1,6,0,1,0,1,1,1,0,3,0,2,0,3.0,109,23,4.739130434782608
0,12,144,10,1,0,6,0,1,0,0,0,0,0,1,0,2,0,1.0,306,62,4.935483870967742
0,2,144,0,2,1,5,5,1,1,1,1,1,0,3,0,12,0,2.0,338,69,4.898550724637682
0,1,144,0,0,2,0,0,1,0,1,1,1,0,1,0,2,0,1.0,75,11,6.818181818181818
0,120,144,0,0,0,1,5,2,2,2,2,2,1,1,0,2,0,4.0,1667,327,5.097859327217125
0,1,144,0,2,0,1,0,2,0,1,1,1,0,5,50,2,0,30.0,3331,585,5.694017094017094
1,2,105,0,2,3,4,5,0,0,0,0,1,0,4,0,12,0,1.0,382,74,5.162162162162162
0,18,38,114,1,0,6,0,1,0,2,0,0,0,1,200,12,0,2.0,349,71,4.915492957746479
1,3,105,0,0,2,0,0,1,0,1,0,1,0,1,0,2,0,1.0,361,58,6.224137931034483
0,1,144,0,1,0,4,0,1,1,1,0,1,0,1,0,12,0,4.0,418,72,5.805555555555555
0,1,144,114,0,1,0,0,1,0,1,1,1,0,1,20,2,0,5.0,65,12,5.416666666666667
0,108,144,0,0,3,6,0,1,0,0,0,0,0,1,0,0,3,4.0,339,74,4.581081081081081
1,2,105,0,1,1,3,3,0,0,1,1,1,0,1,0,12,0,5.0,914,167,5.473053892215569
1,7,105,0,1,1,3,4,1,0,1,0,0,0,1,0,2,0,5.0,114,16,7.125
1,12,105,0,1,6,0,0,1,0,1,1,1,0,1,0,2,0,4.0,743,135,5.503703703703704
0,2,17,36,2,1,4,5,1,0,0,0,0,0,4,0,2,0,5.0,205,35,5.857142857142857
1,2,88,82,1,1,6,0,0,0,1,0,2,0,1,0,2,0,2.0,132,25,5.28
0,3,144,4,1,0,1,0,1,1,0,0,1,0,1,0,2,0,5.0,14,3,4.666666666666667
1,1,161,121,1,1,0,0,0,0,1,0,1,0,1,0,2,0,3.0,274,55,4.9818181818181815
1,2,105,0,1,5,0,0,0,1,1,1,1,0,1,0,12,0,1.0,233,46,5.065217391304348
1,11,105,105,1,1,6,0,1,0,0,0,1,0,1,0,12,0,3.0,205,33,6.212121212121212
0,5,144,0,0,1,3,3,1,1,0,0,1,0,1,0,2,0,1.0,77,13,5.923076923076923
1,3,104,101,0,4,6,0,0,1,1,1,0,0,1,0,2,0,0.0,105,24,4.375
1,3,105,82,1,0,5,0,0,0,1,1,1,0,1,0,2,0,5.0,45,10,4.5
1,1,128,0,0,4,0,0,1,0,1,1,1,0,2,0,3,0,3.0,85,8,10.625
1,1,104,0,2,0,4,0,0,1,1,1,1,1,2,0,2,0,5.0,308,50,6.16
0,1,144,114,0,2,0,0,0,0,1,1,1,0,1,0,2,0,3.0,75,14,5.357142857142857
1,12,103,96,1,0,1,5,1,2,2,2,2,0,1,0,12,0,1.0,122,24,5.083333333333333
0,9,8,44,1,3,4,0,1,1,0,0,1,0,1,0,2,0,1.0,771,126,6.119047619047619
0,2,144,0,2,3,4,0,1,0,1,1,1,0,4,0,3,0,4.0,308,52,5.923076923076923
0,60,65,114,1,0,0,0,1,1,0,0,0,0,1,0,12,1,4.0,737,139,5.302158273381295
1,3,105,0,0,2,3,0,0,0,2,2,2,0,1,0,12,0,4.0,34,6,5.666666666666667
1,8,105,0,1,0,6,0,1,1,1,1,1,0,1,0,2,0,3.0,222,41,5.414634146341464
1,6,105,0,1,0,0,0,0,0,1,1,1,0,1,0,2,0,1.0,179,32,5.59375
0,1,47,114,0,0,1,0,1,1,1,1,1,0,1,0,3,0,5.0,30,4,7.5
0,1,144,0,2,0,1,0,0,0,1,0,1,0,5,0,2,0,7.0,376,67,5.611940298507463
0,11,8,114,1,1,6,0,1,1,0,0,0,0,1,0,2,0,1.0,200,36,5.555555555555555
0,2,144,54,1,0,1,0,0,0,1,1,1,0,1,0,2,0,4.0,125,24,5.208333333333333
0,3,144,0,0,2,0,0,1,1,0,0,2,0,1,0,0,0,1.0,103,19,5.421052631578948
0,1,144,0,1,1,0,0,1,0,1,0,1,0,1,0,2,0,11.0,681,115,5.921739130434783
0,2,144,0,1,1,0,0,1,1,0,0,1,0,1,0,2,0,7.0,332,55,6.036363636363636
0,4,144,114,1,0,1,0,1,1,1,1,1,0,1,0,4,0,7.0,235,41,5.7317073170731705
0,24,47,0,0,0,1,0,2,0,0,0,1,0,1,0,12,0,3.0,258,49,5.26530612244898
1,9,92,0,1,0,0,0,0,0,1,0,0,0,1,0,2,0,1.0,419,82,5.109756097560975
1,6,105,106,1,5,6,0,0,0,1,1,0,0,1,0,2,0,1.0,17,3,5.666666666666667
1,2,105,0,0,2,0,0,1,0,1,1,1,0,1,50,2,0,4.0,604,108,5.592592592592593
1,6,105,0,0,2,6,0,0,0,1,1,1,0,1,0,2,0,1.0,850,166,5.120481927710843
1,4,105,0,1,0,0,0,1,0,1,1,1,0,2,0,2,0,2.0,539,103,5.233009708737864
0,36,144,0,1,0,1,3,1,0,1,0,0,0,1,0,2,0,3.0,792,153,5.176470588235294
0,2,144,0,1,4,6,0,1,1,0,0,1,0,1,80,3,0,1.0,255,42,6.071428571428571
1,20,105,101,1,1,4,5,0,0,1,0,0,0,1,30,2,0,3.0,32,7,4.571428571428571
1,21,103,0,0,4,0,0,1,2,0,0,1,0,1,0,2,0,3.0,20,3,6.666666666666667
1,3,105,0,0,0,2,5,1,0,0,0,1,0,2,200,2,0,5.0,988,186,5.311827956989247
0,4,144,114,1,0,1,0,1,1,0,0,1,0,1,150,2,0,1.0,148,33,4.484848484848484
0,2,144,0,0,1,6,0,0,0,0,0,1,0,1,0,2,0,6.0,285,56,5.089285714285714
1,2,128,81,0,6,0,0,0,1,1,0,1,1,1,0,2,0,5.0,332,49,6.775510204081633
1,2,104,0,0,4,6,0,1,1,1,1,1,0,1,0,12,0,5.0,350,61,5.737704918032787
0,1,144,0,1,0,1,0,1,0,1,1,1,0,1,20,3,0,1.0,122,21,5.809523809523809
0,2,144,0,2,0,5,5,1,1,0,0,1,0,5,0,2,4,22.0,336,51,6.588235294117647
1,2,105,0,0,0,5,5,1,0,1,1,1,0,1,0,2,0,0.0,67,12,5.583333333333333
0,1,144,114,2,0,1,1,0,0,1,0,1,0,3,0,2,0,5.0,345,64,5.390625
0,24,144,0,1,1,4,0,1,2,0,0,0,0,1,390,2,0,4.0,268,54,4.962962962962963
0,1,144,0,1,4,0,0,1,0,1,1,1,0,1,0,2,0,1.0,75,11,6.818181818181818
1,36,105,0,0,0,1,5,2,0,0,0,0,0,1,100,12,0,1.0,109,18,6.055555555555555
1,1,105,82,2,0,6,0,1,0,1,1,1,0,4,0,12,0,2.0,746,148,5.04054054054054
0,5,144,0,0,0,6,0,1,0,0,0,1,0,1,0,2,0,1.0,291,54,5.388888888888889
0,4,144,114,0,0,1,5,1,0,1,0,1,0,1,0,3,0,2.0,144,31,4.645161290322581
1,1,105,82,2,0,3,5,1,0,1,1,2,0,3,0,2,0,2.0,151,27,5.592592592592593
0,24,166,0,1,1,0,0,3,0,0,0,0,0,1,0,2,0,2.0,425,75,5.666666666666667
0,24,144,0,0,1,6,0,1,1,0,0,0,1,1,0,12,0,5.0,1034,11,94.0
1,7,103,0,1,0,1,5,1,2,2,2,1,0,1,0,2,0,3.0,205,37,5.54054054054054
0,1,144,6,0,0,0,0,2,1,0,1,1,0,1,250,7,0,2.0,29,5,5.8
1,12,105,70,0,0,1,0,1,0,0,0,0,0,1,0,2,1,17.0,1858,294,6.319727891156463
1,2,96,0,1,0,1,1,0,0,1,1,1,0,1,0,12,0,5.0,50,10,5.0
1,2,88,106,0,2,3,5,1,0,1,0,1,0,1,0,2,0,3.0,732,105,6.9714285714285715
0,5,22,114,0,4,0,0,1,0,0,0,1,0,1,0,2,0,1.0,325,54,6.018518518518518
1,4,105,82,0,2,0,0,1,0,0,0,1,0,1,0,3,0,4.0,560,104,5.384615384615385
1,1,104,0,1,0,0,0,0,1,1,1,1,0,1,0,2,0,1.0,170,34,5.0
1,2,88,82,2,5,0,0,1,0,1,0,1,0,3,20,2,0,13.0,717,129,5.558139534883721
0,2,144,0,1,0,1,0,1,1,0,0,1,0,1,50,2,0,2.0,138,27,5.111111111111111
0,12,5,114,0,1,0,0,1,1,2,2,1,0,1,0,2,0,1.0,605,116,5.2155172413793105
0,2,144,0,0,0,1,0,1,0,1,1,1,0,1,0,12,0,5.0,45,8,5.625
0,2,144,4,0,1,4,0,1,0,0,0,1,0,3,0,12,0,1.0,102,18,5.666666666666667
0,14,144,0,1,1,0,0,1,0,1,1,0,0,1,0,2,0,4.0,659,126,5.23015873015873
1,36,93,80,0,0,1,5,2,1,0,0,0,0,4,0,12,0,4.0,547,100,5.47
1,12,105,0,0,5,6,0,2,0,0,0,0,0,1,20,12,0,5.0,126,22,5.7272727272727275
1,8,135,0,1,0,2,5,1,1,0,1,0,0,1,150,2,0,5.0,344,63,5.4603174603174605
1,6,88,73,1,1,5,5,0,0,1,0,1,0,2,0,2,0,1.0,554,116,4.775862068965517
0,24,144,0,1,1,0,0,2,0,0,0,0,0,1,50,3,0,4.0,293,60,4.883333333333334
0,2,144,114,0,1,0,0,0,0,1,1,1,0,1,0,2,0,1.0,418,74,5.648648648648648
1,3,104,80,2,0,6,0,1,1,1,0,1,0,2,50,2,0,3.0,102,20,5.1
0,36,5,0,1,0,1,0,3,0,2,2,2,0,1,0,2,0,3.0,160,31,5.161290322580645
1,26,128,81,0,5,0,0,1,1,0,0,0,0,1,50,3,0,3.0,294,60,4.9
0,2,144,0,0,0,1,0,1,0,1,0,1,0,1,0,3,0,6.0,144,19,7.578947368421052
1,2,105,101,2,0,1,5,1,1,1,0,1,0,3,0,4,0,11.0,324,60,5.4
1,36,105,106,0,0,5,0,1,0,0,0,0,0,1,0,12,0,6.0,2190,408,5.367647058823529
1,1,104,0,2,0,1,5,0,0,1,1,1,0,3,0,12,0,4.0,191,37,5.162162162162162
0,5,165,114,1,0,5,5,2,0,0,0,1,0,1,50,2,0,1.0,445,81,5.493827160493828
0,3,144,0,1,1,6,0,1,0,2,0,1,0,1,0,12,0,9.0,222,37,6.0
1,4,93,101,0,2,3,4,1,1,0,0,1,0,1,0,2,0,0.0,202,43,4.6976744186046515
0,2,144,0,1,1,6,0,1,1,2,2,1,0,1,0,2,0,3.0,136,23,5.913043478260869
1,2,105,0,0,2,6,0,1,0,1,0,1,1,2,0,12,0,6.0,280,51,5.490196078431373
1,3,105,0,1,0,1,3,1,0,0,0,1,0,1,0,12,0,2.0,339,59,5.745762711864407
1,2,105,82,1,5,6,0,1,1,1,1,1,0,1,0,2,0,3.0,227,35,6.485714285714286
1,6,105,0,1,3,6,0,0,0,1,1,1,0,1,0,7,0,3.0,236,36,6.555555555555555
0,2,22,114,0,1,2,0,2,1,0,0,1,0,1,0,2,0,5.0,60,10,6.0
0,2,144,0,1,0,0,0,1,0,0,0,1,0,1,0,12,0,10.0,735,140,5.25
0,24,144,0,0,1,0,0,1,1,0,0,2,0,1,0,12,0,2.0,587,104,5.644230769230769
1,2,105,0,0,3,6,0,1,0,0,0,1,0,1,0,7,0,2.0,726,149,4.87248322147651
0,2,144,114,1,4,0,0,1,1,0,0,1,0,1,0,2,0,2.0,12,2,6.0
0,2,144,0,1,1,5,5,2,0,0,0,1,0,1,0,2,3,8.0,340,50,6.8
0,3,144,0,1,1,6,0,1,0,1,0,1,0,1,0,3,0,3.0,220,37,5.945945945945946
1,1,105,0,0,0,1,1,1,0,1,1,1,0,1,0,12,0,1.0,84,15,5.6
0,2,144,0,0,0,1,5,1,1,1,1,1,0,1,0,2,0,3.0,190,33,5.757575757575758
0,9,166,114,1,0,1,0,1,0,0,0,0,0,1,0,2,0,2.0,238,43,5.534883720930233
0,1,144,0,2,1,0,0,0,0,1,1,1,0,5,0,2,0,0.0,194,37,5.243243243243243
1,12,105,0,0,6,0,0,1,0,0,0,1,0,1,0,12,0,2.0,348,72,4.833333333333333
0,72,144,0,2,0,1,0,1,0,2,2,0,0,2,0,2,0,4.0,637,128,4.9765625
1,1,104,82,0,0,1,5,1,1,2,2,1,0,3,0,2,0,4.0,310,57,5.43859649122807
0,12,144,0,0,1,0,0,1,0,0,0,0,0,1,0,2,0,2.0,185,35,5.285714285714286
1,2,104,0,1,0,6,0,1,1,1,1,1,0,1,0,5,0,4.0,821,157,5.229299363057325
0,3,144,0,1,0,1,0,1,0,0,0,1,0,1,50,2,0,2.0,419,80,5.2375
1,4,105,0,1,0,0,0,1,0,0,0,0,0,1,0,2,0,2.0,230,39,5.897435897435898
1,1,104,81,1,0,1,4,1,1,1,1,1,0,2,0,12,0,7.0,541,106,5.10377358490566
1,0,135,0,2,0,4,5,1,0,1,1,1,0,3,0,2,0,9.0,69,13,5.3076923076923075
0,0,144,114,2,0,1,5,0,0,2,2,2,2,5,0,12,0,10.0,233,2,116.5
0,12,144,0,0,6,0,0,1,0,1,1,1,0,1,0,12,0,2.0,159,31,5.129032258064516
0,18,76,0,0,0,0,0,1,0,0,0,0,0,1,0,5,0,20.0,554,98,5.653061224489796
1,2,135,0,1,5,0,0,0,0,1,1,1,0,1,0,2,0,7.0,203,38,5.342105263157895
1,12,104,81,1,0,5,5,1,0,0,0,0,0,1,0,2,0,9.0,166,27,6.148148148148148
1,4,90,0,0,0,5,5,1,1,0,0,1,0,1,0,2,0,7.0,245,40,6.125
0,12,144,0,1,3,4,0,1,1,0,0,0,0,1,0,12,0,2.0,54,8,6.75
1,2,105,0,0,0,6,0,1,0,1,0,1,0,1,0,12,0,8.0,665,132,5.037878787878788
1,16,94,0,1,2,6,0,2,1,0,0,0,0,1,0,2,0,2.0,707,128,5.5234375
1,4,105,0,0,0,6,0,1,0,1,0,1,0,2,0,2,0,5.0,511,96,5.322916666666667
0,4,144,0,0,0,0,0,1,0,0,0,1,0,1,70,12,0,5.0,150,31,4.838709677419355
1,4,104,0,1,5,0,0,1,1,1,1,1,0,1,0,2,0,2.0,40,7,5.714285714285714
1,7,128,0,1,1,6,0,1,0,0,0,0,0,1,0,2,0,2.0,160,30,5.333333333333333
0,60,155,0,1,0,6,0,0,0,0,0,1,0,1,100,3,0,6.0,881,162,5.438271604938271
1,2,105,0,1,1,6,0,1,0,1,0,1,1,1,0,2,0,5.0,882,166,5.313253012048193
0,12,65,0,1,0,1,5,1,1,0,0,0,0,1,0,2,0,3.0,187,38,4.921052631578948
0,4,144,0,1,1,0,0,1,0,0,0,0,0,1,0,4,0,11.0,270,46,5.869565217391305
0,32,144,12,1,1,6,0,1,0,0,1,0,0,1,0,12,0,1.0,148,29,5.103448275862069
0,24,144,0,1,0,1,0,1,1,0,0,0,0,1,0,12,0,2.0,522,91,5.736263736263736
0,1,144,0,2,0,1,3,1,1,2,2,1,0,6,0,2,0,2.0,108,17,6.352941176470588
1,1,83,0,0,1,6,0,1,2,0,0,1,0,1,400,2,0,9.0,1395,249,5.602409638554217
1,31,103,0,1,0,3,5,1,2,0,0,0,0,1,0,12,0,2.0,168,35,4.8
0,48,36,0,0,1,4,0,0,2,0,0,2,0,1,0,12,0,1.0,182,32,5.6875
1,3,137,0,1,6,0,0,1,1,1,1,1,0,1,0,3,0,1.0,131,24,5.458333333333333
1,5,103,80,1,1,4,4,1,1,0,0,0,0,2,30,2,0,10.0,500,94,5.319148936170213
1,48,105,0,0,4,6,0,1,0,1,1,0,2,1,0,2,0,7.0,638,121,5.2727272727272725
1,12,104,0,0,3,4,5,1,1,0,0,0,0,1,0,2,0,3.0,293,52,5.634615384615385
1,1,105,82,1,1,4,5,0,0,1,1,1,0,2,0,12,0,2.0,61,10,6.1
0,84,77,0,1,6,0,0,1,1,2,2,2,0,1,100,2,0,3.0,400,78,5.128205128205129
1,7,105,81,1,1,2,0,0,0,1,0,1,0,1,0,12,0,3.0,42,7,6.0
1,3,128,0,1,1,6,0,1,1,0,0,1,1,1,20,2,0,2.0,20,3,6.666666666666667
1,5,105,101,0,0,1,5,1,1,1,0,1,0,1,0,3,0,5.0,116,21,5.523809523809524
0,24,144,0,0,1,0,0,1,0,0,0,0,0,1,0,2,0,5.0,19,3,6.333333333333333
1,2,104,0,1,0,5,5,0,1,0,0,1,0,1,0,2,0,8.0,212,39,5.435897435897436
0,3,144,0,1,0,1,5,1,1,0,0,1,0,1,200,2,0,2.0,120,24,5.0
1,2,104,0,1,1,6,0,1,1,1,1,1,0,1,0,2,0,5.0,255,48,5.3125
1,9,105,0,2,0,0,0,1,0,1,0,1,0,2,10,12,0,5.0,710,132,5.378787878787879
1,1,105,0,1,0,6,0,0,0,1,1,1,0,1,0,12,0,2.0,137,25,5.48
1,1,105,0,2,0,1,5,0,0,1,1,1,0,4,0,12,0,4.0,354,66,5.363636363636363
0,6,144,0,1,1,4,0,0,0,0,0,1,0,1,0,2,0,4.0,71,15,4.733333333333333
0,3,144,0,1,0,4,4,1,0,1,1,1,0,1,20,3,0,1.0,117,20,5.85
0,7,22,0,1,0,1,0,1,0,1,0,0,0,1,0,0,0,4.0,567,112,5.0625
1,4,104,0,0,0,5,0,1,1,0,0,0,0,1,300,3,0,11.0,90,19,4.7368421052631575
1,60,105,0,1,6,0,0,1,0,0,0,0,0,1,0,2,0,1.0,190,40,4.75
0,2,144,114,1,0,3,5,1,0,0,0,1,0,1,0,2,0,5.0,315,59,5.338983050847458
1,36,104,0,1,0,6,0,2,1,0,0,0,0,2,50,2,0,4.0,425,68,6.25
0,77,8,0,0,2,0,0,1,1,0,0,1,0,1,0,12,0,4.0,567,113,5.017699115044247
1,2,105,0,0,0,6,0,1,1,1,0,1,0,1,0,2,0,5.0,62,8,7.75
0,1,161,114,1,1,4,0,1,0,1,1,1,0,1,0,2,0,8.0,1052,199,5.28643216080402
0,12,144,0,1,1,2,0,1,1,0,0,0,0,1,0,2,0,2.0,217,37,5.864864864864865
0,4,144,0,1,0,1,4,1,1,1,1,1,0,6,0,2,0,5.0,141,25,5.64
0,0,144,0,1,1,6,0,1,0,0,0,0,0,1,0,4,0,9.0,389,76,5.118421052631579
1,2,103,0,1,0,0,0,2,2,1,0,2,0,1,0,2,0,4.0,518,90,5.7555555555555555
1,12,105,0,1,0,1,0,0,0,0,0,0,0,1,0,2,0,8.0,673,128,5.2578125
1,1,135,82,2,2,4,0,1,0,1,1,1,0,2,0,12,0,7.0,854,154,5.545454545454546
0,1,144,0,1,0,1,2,1,0,0,0,0,0,1,0,4,0,3.0,361,67,5.388059701492537
0,3,165,114,1,0,3,0,1,0,1,0,1,0,1,0,2,0,3.0,285,53,5.377358490566038
0,8,144,0,1,0,0,0,1,0,0,0,0,0,1,0,5,0,8.0,459,87,5.275862068965517
0,96,41,0,0,1,0,0,0,1,0,0,1,0,1,0,4,0,5.0,83,15,5.533333333333333
0,60,51,0,0,5,0,0,1,0,1,0,1,0,1,0,12,0,1.0,22,5,4.4
0,24,144,0,1,1,0,0,1,0,0,0,0,0,1,300,2,0,3.0,488,71,6.873239436619718
1,12,140,89,1,0,1,2,1,0,1,1,1,0,1,0,2,0,1.0,157,28,5.607142857142857
1,7,104,0,1,5,0,0,0,1,0,0,0,0,1,0,2,0,2.0,156,29,5.379310344827586
1,7,105,0,1,5,0,0,0,0,0,0,2,0,1,0,12,0,1.0,34,7,4.857142857142857
1,3,128,66,1,3,4,5,0,0,1,1,1,0,1,50,2,0,1.0,20,3,6.666666666666667
1,6,105,0,1,1,5,0,1,0,2,2,1,0,1,0,2,0,1.0,24,4,6.0
1,1,104,0,1,2,0,0,1,1,1,1,1,0,1,0,12,0,3.0,476,88,5.409090909090909
1,12,104,106,0,0,1,4,1,1,2,2,2,1,1,0,12,0,3.0,823,157,5.24203821656051
0,6,144,0,0,1,0,0,1,0,2,2,1,0,1,0,12,0,3.0,187,33,5.666666666666667
0,2,144,0,2,1,5,0,1,0,0,0,1,0,7,0,2,0,2.0,185,36,5.138888888888889
1,12,105,0,2,0,4,5,1,1,0,0,0,0,4,0,2,0,4.0,220,40,5.5
0,2,144,0,2,0,1,5,1,0,1,1,1,0,4,0,12,0,1.0,39,8,4.875
1,9,114,82,1,0,3,5,2,0,0,0,1,0,2,0,2,0,3.0,261,43,6.069767441860465
1,12,105,0,1,2,0,0,1,0,0,0,0,0,1,0,12,0,2.0,770,140,5.5
0,57,41,0,1,1,0,0,1,1,0,0,1,0,1,250,0,0,1.0,101,17,5.9411764705882355
0,15,144,0,0,0,0,0,2,1,0,0,0,0,1,0,12,0,1.0,495,104,4.759615384615385
0,4,144,0,0,0,1,5,1,1,0,0,1,0,1,0,3,0,5.0,269,55,4.890909090909091
0,1,144,31,0,0,1,0,1,0,1,0,1,0,2,0,2,0,3.0,20,3,6.666666666666667
0,13,61,6,0,0,1,5,2,1,0,0,1,0,1,0,2,0,3.0,868,167,5.197604790419161
0,1,144,0,0,1,0,0,0,1,0,0,1,0,1,0,5,0,1.0,283,53,5.339622641509434
0,2,144,0,2,0,1,5,1,1,1,1,1,0,2,0,7,0,2.0,131,23,5.695652173913044
0,36,60,0,0,0,1,5,1,1,0,0,0,0,1,0,2,0,1.0,44,10,4.4
1,4,105,0,1,0,0,0,1,0,1,1,1,0,1,0,2,0,4.0,356,64,5.5625
0,36,144,0,1,1,0,0,2,0,0,0,0,0,1,0,2,0,2.0,202,43,4.6976744186046515
1,2,128,0,1,6,0,0,0,2,0,0,1,0,1,0,2,0,0.0,47,9,5.222222222222222
0,48,54,0,0,0,1,5,1,0,1,1,1,1,1,200,2,0,4.0,885,166,5.331325301204819
1,4,104,0,2,1,4,5,1,1,0,0,1,0,2,0,12,0,11.0,1081,196,5.51530612244898
0,1,144,0,1,0,1,3,1,1,1,0,1,0,3,0,12,0,1.0,57,8,7.125
1,3,104,73,1,0,1,5,1,1,1,0,1,0,1,0,2,0,4.0,902,181,4.983425414364641
1,6,125,0,1,5,6,0,1,1,2,2,2,0,1,0,2,0,5.0,228,44,5.181818181818182
1,2,105,0,1,0,0,0,0,0,1,0,1,0,1,0,2,0,2.0,523,80,6.5375
0,6,144,0,1,0,0,0,1,0,0,0,0,0,1,0,2,0,15.0,320,65,4.923076923076923
0,36,60,0,0,1,4,5,0,2,2,2,2,0,1,0,12,0,2.0,374,73,5.123287671232877
1,2,104,82,1,0,6,0,1,1,1,0,1,0,1,50,2,0,6.0,832,153,5.437908496732026
1,2,105,0,1,0,6,0,1,0,1,1,1,0,1,0,2,0,4.0,131,26,5.038461538461538
0,96,62,0,0,0,4,4,0,1,2,2,2,0,1,0,12,0,3.0,187,30,6.233333333333333
0,9,144,114,0,0,0,0,1,1,0,0,1,0,1,5,12,0,5.0,716,108,6.62962962962963
0,2,144,114,2,0,1,0,1,0,1,1,1,0,5,0,2,0,4.0,144,27,5.333333333333333
1,12,122,0,2,0,6,0,1,1,0,0,1,0,3,0,12,1,9.0,832,157,5.2993630573248405
0,6,144,0,1,0,1,5,1,0,0,0,1,0,1,0,2,0,2.0,317,63,5.031746031746032
0,6,144,0,1,1,0,0,1,0,0,0,1,0,1,0,2,0,13.0,3125,592,5.278716216216216
0,53,41,0,0,1,4,0,0,1,0,0,2,0,1,0,4,0,2.0,186,33,5.636363636363637
0,3,144,0,1,4,6,0,1,0,0,0,0,0,1,300,2,0,3.0,555,87,6.379310344827586
0,12,65,114,1,6,0,0,0,2,2,2,2,0,1,0,12,0,5.0,1246,187,6.663101604278075
0,20,26,54,1,6,0,0,0,1,0,0,0,0,1,400,2,0,2.0,185,39,4.743589743589744
0,18,13,114,0,1,4,5,1,0,0,0,1,0,1,0,3,0,4.0,828,161,5.142857142857143
1,24,111,0,0,1,6,0,1,0,2,2,1,2,1,0,5,0,3.0,303,67,4.522388059701493
1,3,105,0,0,0,1,5,1,0,1,0,1,0,1,0,7,0,3.0,360,69,5.217391304347826
1,2,128,0,0,1,4,0,1,1,1,0,1,0,1,0,2,0,11.0,294,55,5.345454545454546
0,15,144,0,0,4,6,0,1,0,0,0,0,0,1,0,2,0,4.0,89,18,4.944444444444445
0,1,61,35,0,0,1,0,0,0,1,1,1,0,1,0,2,0,1.0,243,49,4.959183673469388
0,1,144,114,2,0,1,0,1,0,1,1,1,0,3,10,7,0,5.0,182,30,6.066666666666666
0,3,144,16,1,1,0,0,1,0,0,0,1,0,1,0,2,0,4.0,66,11,6.0
0,2,22,114,1,1,0,0,1,1,2,2,1,0,1,0,2,0,2.0,130,23,5.6521739130434785
1,2,105,0,0,0,1,5,0,0,1,1,1,0,1,0,2,0,3.0,308,54,5.703703703703703
1,2,105,0,0,5,0,0,1,0,0,0,1,0,1,0,12,0,3.0,164,27,6.074074074074074
1,1,105,82,0,0,5,5,1,0,1,0,1,0,2,0,2,0,4.0,491,90,5.455555555555556
1,24,105,82,1,5,6,0,0,0,1,0,0,0,1,0,12,0,3.0,502,100,5.02
1,32,140,0,1,0,2,5,1,0,0,0,0,0,1,0,2,0,0.0,93,19,4.894736842105263
1,4,105,0,0,3,4,0,0,0,1,0,1,0,2,0,2,0,5.0,457,84,5.440476190476191
1,6,105,0,0,0,6,0,1,0,1,0,1,0,1,10,1,0,7.0,149,24,6.208333333333333
1,5,128,96,1,0,6,0,1,0,0,0,1,0,1,100,2,0,1.0,82,16,5.125
0,1,144,114,0,0,1,5,1,0,1,0,1,0,2,0,2,0,4.0,113,13,8.692307692307692
1,2,105,0,2,0,1,5,1,1,1,1,1,0,3,0,2,2,17.0,557,100,5.57
0,2,144,0,0,0,1,3,1,0,1,1,1,0,1,0,2,0,1.0,148,32,4.625
0,14,144,0,1,1,4,0,0,0,0,0,0,0,1,80,2,0,3.0,262,45,5.822222222222222
0,1,144,35,2,0,5,0,1,0,2,2,1,0,2,0,2,0,3.0,252,46,5.478260869565218
1,1,84,0,0,0,1,3,1,0,1,1,1,0,1,0,12,0,5.0,237,43,5.511627906976744
1,4,104,0,1,0,5,0,1,1,1,1,1,0,1,0,2,0,1.0,122,26,4.6923076923076925
0,36,144,0,1,0,6,0,1,0,1,1,1,0,1,20,3,0,1.0,190,33,5.757575757575758
1,5,105,0,1,0,5,5,1,1,0,0,2,0,1,0,2,0,5.0,349,66,5.287878787878788
0,1,144,0,1,1,0,0,1,0,2,2,1,0,1,0,2,0,4.0,98,15,6.533333333333333
0,7,144,0,1,1,0,0,2,1,2,2,2,0,1,0,2,0,4.0,61,10,6.1
1,12,105,0,1,1,6,0,1,0,1,1,1,0,1,0,2,0,2.0,291,56,5.196428571428571
1,2,105,81,1,0,5,5,0,1,1,0,1,0,2,100,2,0,10.0,391,64,6.109375
1,84,122,0,1,0,0,0,1,2,0,0,0,0,1,250,12,0,3.0,357,64,5.578125
0,8,144,0,1,0,1,0,1,0,0,0,0,0,1,0,2,0,2.0,938,170,5.517647058823529
1,5,105,0,1,0,1,4,0,0,1,1,1,0,1,0,2,0,4.0,287,59,4.864406779661017
1,3,105,0,2,1,0,0,1,0,1,0,1,0,2,0,12,0,3.0,90,16,5.625
0,3,144,0,0,0,1,0,1,1,0,0,1,0,1,0,2,0,2.0,81,13,6.230769230769231
0,36,144,0,0,1,0,0,0,2,2,2,1,0,1,0,2,0,3.0,293,57,5.140350877192983
1,4,140,81,1,1,4,4,1,1,0,0,1,0,1,0,2,1,7.0,267,50,5.34
1,5,135,82,0,2,6,0,1,0,1,0,1,0,1,0,12,0,8.0,1842,329,5.598784194528875
1,2,105,0,0,0,5,0,1,0,1,1,1,0,2,0,2,0,4.0,279,54,5.166666666666667
0,12,47,114,0,0,1,0,2,0,2,2,0,0,1,0,2,0,5.0,266,50,5.32
0,3,144,0,0,1,4,5,1,1,1,1,1,0,1,0,3,0,4.0,81,15,5.4
0,3,13,50,0,0,6,0,1,2,0,0,1,0,1,250,2,0,7.0,84,16,5.25
0,2,144,0,1,0,1,0,1,0,1,1,1,0,1,0,12,0,7.0,391,72,5.430555555555555
0,3,144,0,1,1,6,0,1,1,1,1,1,0,1,0,2,0,2.0,23,4,5.75
1,7,128,82,1,1,4,0,1,0,0,0,2,0,2,0,2,0,4.0,282,56,5.035714285714286
0,2,144,114,2,0,1,5,1,1,1,1,1,0,9,0,4,0,9.0,185,34,5.4411764705882355
0,24,144,0,1,1,0,0,1,1,2,2,2,0,20,0,5,0,1.0,100,19,5.2631578947368425
0,2,144,114,2,0,6,0,1,0,1,1,1,0,9,0,12,0,3.0,317,55,5.763636363636364
0,3,144,35,1,0,1,0,1,0,0,0,1,0,1,0,12,0,2.0,254,47,5.404255319148936
0,2,144,0,1,3,0,0,1,0,0,0,1,0,1,0,12,0,1.0,23,5,4.6
0,5,144,0,1,0,1,5,1,1,0,0,1,0,1,150,3,1,2.0,306,62,4.935483870967742
1,0,104,0,0,0,6,0,1,1,1,1,1,1,1,0,12,0,3.0,424,90,4.711111111111111
1,6,128,81,1,2,6,0,0,0,0,0,0,0,1,0,3,0,3.0,247,40,6.175
1,2,125,80,1,1,4,5,0,1,1,1,1,0,1,0,12,0,0.0,210,46,4.565217391304348
0,60,144,0,1,0,0,0,1,0,2,2,1,1,1,0,12,0,3.0,647,115,5.626086956521739
0,4,144,0,0,0,1,0,1,1,1,0,1,0,1,0,12,0,6.0,60,10,6.0
0,5,166,16,1,0,0,0,1,1,0,0,0,0,1,0,2,0,3.0,232,38,6.105263157894737
1,7,104,0,0,1,2,5,1,1,1,1,1,0,2,0,2,0,4.0,540,113,4.778761061946903
1,7,105,0,1,5,6,0,1,0,1,1,2,0,2,0,2,0,3.0,247,44,5.613636363636363
0,2,144,0,2,0,1,5,1,0,1,1,1,0,11,0,2,0,21.0,717,133,5.390977443609023
0,2,144,0,2,1,4,5,1,0,2,0,1,0,5,0,12,0,1.0,43,6,7.166666666666667
0,2,144,114,2,1,3,3,1,0,0,0,1,0,2,0,12,0,5.0,279,56,4.982142857142857
0,2,144,0,1,1,0,0,0,0,1,2,2,0,1,0,12,0,2.0,709,142,4.992957746478873
1,1,104,82,1,1,0,0,0,1,0,0,1,0,1,0,2,0,6.0,158,32,4.9375
1,9,143,0,0,5,6,0,1,1,0,0,0,0,1,0,12,0,3.0,551,100,5.51
0,36,41,0,1,0,6,0,0,1,2,2,2,0,1,0,2,0,1.0,426,80,5.325
1,8,105,0,0,2,3,0,0,0,1,0,2,0,1,0,2,0,8.0,819,123,6.658536585365853
1,3,105,0,0,6,0,0,0,0,1,0,1,0,1,0,12,0,3.0,816,152,5.368421052631579
0,60,8,0,0,2,0,0,2,1,2,2,2,0,1,0,2,0,1.0,153,27,5.666666666666667
0,36,22,0,0,3,0,0,2,1,0,0,1,0,1,0,2,0,3.0,520,108,4.814814814814815
0,29,8,0,0,1,2,3,2,2,2,2,1,0,1,400,2,0,3.0,374,66,5.666666666666667
1,10,105,0,0,2,0,0,1,0,0,0,1,0,1,0,2,0,5.0,131,24,5.458333333333333
0,3,144,0,0,0,0,0,1,1,1,1,1,0,1,0,7,0,1.0,150,26,5.769230769230769
1,2,104,0,1,5,0,0,0,1,1,1,1,0,1,0,7,0,2.0,121,20,6.05
0,3,144,0,1,0,1,3,1,0,0,0,1,0,1,0,2,0,13.0,288,57,5.052631578947368
0,25,144,114,1,0,1,0,1,0,1,1,1,0,1,0,12,0,1.0,577,113,5.106194690265487
1,1,104,0,1,6,0,0,0,1,1,0,1,0,1,0,6,0,10.0,326,57,5.719298245614035
0,36,144,0,0,0,1,4,1,0,2,2,2,0,1,0,12,0,1.0,163,32,5.09375
1,7,104,0,1,4,6,0,2,1,1,1,1,0,1,0,2,0,4.0,692,137,5.0510948905109485
1,2,128,0,2,1,4,5,0,1,1,0,1,0,2,0,2,0,6.0,121,14,8.642857142857142
0,48,144,0,1,0,4,5,1,1,0,0,0,0,1,0,12,0,5.0,562,18,31.22222222222222
0,4,144,0,1,1,6,0,1,1,0,0,2,0,1,0,2,2,3.0,259,50,5.18
1,2,93,64,1,0,0,0,1,0,0,0,1,0,3,0,2,0,8.0,239,42,5.690476190476191
0,4,144,0,1,1,0,0,2,2,0,0,1,0,1,0,12,0,6.0,921,185,4.978378378378379
0,48,144,114,0,1,2,2,1,1,1,2,1,0,1,0,12,0,1.0,405,79,5.1265822784810124
0,6,144,0,0,6,0,0,1,1,0,0,1,0,1,0,2,0,6.0,172,32,5.375
0,2,144,0,1,1,6,0,1,0,0,0,1,0,1,0,2,0,2.0,691,129,5.3565891472868215
1,2,105,0,0,0,5,5,1,0,0,0,1,0,1,0,2,0,2.0,36,7,5.142857142857143
0,6,144,0,1,1,0,0,1,0,1,1,1,0,1,0,12,0,1.0,142,33,4.303030303030303
1,12,104,0,1,0,3,5,1,1,0,0,1,0,1,0,2,0,2.0,207,31,6.67741935483871
0,2,25,0,1,1,4,0,1,0,1,0,2,0,1,0,12,0,1.0,135,32,4.21875
0,1,144,0,0,1,6,0,1,1,0,0,1,0,1,0,2,0,5.0,393,69,5.695652173913044
0,2,144,0,0,0,6,0,1,1,1,1,1,0,1,0,3,0,5.0,53,7,7.571428571428571
1,3,105,0,1,0,5,5,0,0,1,1,1,0,1,0,2,0,5.0,17,3,5.666666666666667
0,5,144,0,0,1,6,0,1,1,1,1,2,0,1,0,2,0,1.0,194,40,4.85
0,18,144,114,2,1,0,0,1,1,0,0,0,0,2,0,12,0,5.0,624,105,5.942857142857143
1,4,105,0,1,0,1,2,0,1,1,1,1,0,1,0,8,0,2.0,264,54,4.888888888888889
0,22,40,47,0,0,2,5,0,1,0,0,1,0,1,0,2,0,5.0,474,79,6.0
0,72,144,0,0,0,0,0,1,1,2,2,1,0,1,0,12,0,2.0,973,175,5.56
0,2,144,0,0,1,0,0,1,0,2,0,1,0,1,0,12,0,3.0,167,23,7.260869565217392
0,12,144,0,1,1,0,0,0,0,0,0,0,0,1,0,2,0,2.0,88,19,4.631578947368421
0,2,144,0,0,0,0,0,1,0,0,0,1,0,1,0,2,0,1.0,280,51,5.490196078431373
0,24,144,0,0,1,0,0,1,1,2,2,2,0,1,0,12,0,3.0,578,101,5.7227722772277225
0,2,144,0,2,1,4,5,0,0,1,0,1,0,10,0,2,0,8.0,524,90,5.822222222222222
1,3,105,0,1,0,2,5,1,0,1,0,1,0,1,50,12,0,4.0,440,82,5.365853658536586
1,2,105,0,1,1,5,5,1,0,1,1,1,0,4,0,2,0,5.0,271,39,6.948717948717949
0,2,144,33,0,4,6,0,2,0,0,0,1,0,2,0,2,3,11.0,340,50,6.8
0,1,144,0,0,0,1,0,1,0,1,1,1,0,3,0,12,0,4.0,91,14,6.5
0,2,144,0,0,4,6,0,1,0,0,0,1,0,1,0,12,0,3.0,194,32,6.0625
1,3,105,0,1,0,1,5,0,0,1,1,1,0,1,0,2,0,1.0,188,35,5.371428571428571
1,1,104,0,1,2,4,4,1,1,1,1,1,0,1,0,2,0,2.0,356,67,5.313432835820896
0,30,51,30,0,0,0,0,0,0,0,0,0,0,1,0,2,0,3.0,1498,286,5.2377622377622375
0,12,144,0,1,1,6,0,1,0,2,2,0,0,1,0,12,0,3.0,187,39,4.794871794871795
1,12,103,96,0,3,4,5,1,1,0,0,0,0,1,100,12,0,2.0,271,55,4.927272727272728
0,4,144,0,2,0,1,3,1,1,1,1,1,0,5,0,12,0,3.0,325,61,5.327868852459017
0,2,144,0,1,0,0,0,0,0,0,0,1,0,1,0,2,0,5.0,190,38,5.0
1,3,104,0,1,1,3,5,1,1,1,0,1,0,1,0,7,0,5.0,128,21,6.095238095238095
0,2,144,0,1,1,0,0,1,1,0,0,1,0,1,0,2,0,1.0,187,35,5.3428571428571425
0,2,144,0,1,0,1,0,1,0,2,0,1,0,1,0,2,0,3.0,164,31,5.290322580645161
0,2,144,0,1,0,0,0,1,0,1,0,1,0,1,0,12,0,3.0,88,19,4.631578947368421
0,12,144,0,1,4,0,0,0,1,0,0,1,0,1,0,2,0,3.0,54,9,6.0
0,1,144,0,1,1,0,0,1,0,1,1,1,0,2,0,2,0,13.0,80,11,7.2727272727272725
0,7,6,114,1,0,0,0,1,1,2,2,0,0,1,0,2,0,3.0,247,50,4.94
0,2,144,16,2,0,1,0,1,1,0,0,1,0,3,0,2,0,5.0,324,61,5.311475409836065
0,1,144,0,1,0,1,1,1,0,1,0,1,0,1,0,2,0,10.0,225,40,5.625
1,3,119,94,0,1,3,5,0,1,1,2,1,0,2,0,7,0,2.0,524,95,5.515789473684211
0,3,5,114,0,0,1,0,2,1,1,0,1,1,1,300,2,0,3.0,58,12,4.833333333333333
0,9,54,10,0,1,6,0,2,1,0,2,2,0,1,0,2,0,2.0,87,17,5.117647058823529
1,6,105,0,1,6,0,0,1,0,0,0,1,0,1,0,2,0,3.0,314,62,5.064516129032258
1,7,125,82,1,6,0,0,1,0,1,0,1,0,1,150,12,0,2.0,247,49,5.040816326530612
1,1,104,0,1,0,6,0,1,1,1,0,1,0,1,0,2,0,1.0,533,108,4.935185185185185
0,5,144,0,1,2,4,0,1,0,0,0,0,0,1,0,2,0,4.0,262,46,5.695652173913044
1,3,105,80,0,2,0,0,1,1,1,1,1,0,1,0,2,0,3.0,59,13,4.538461538461538
1,1,104,0,1,0,5,0,0,1,1,1,1,0,1,0,12,0,2.0,458,83,5.518072289156627
1,48,105,0,0,0,1,3,1,0,0,0,0,0,1,0,12,0,5.0,202,37,5.45945945945946
1,2,104,82,1,0,1,0,1,1,1,0,1,0,1,0,2,0,4.0,284,57,4.982456140350878
0,3,144,0,1,0,1,5,1,0,1,1,1,0,1,0,2,1,4.0,783,140,5.5928571428571425
1,3,104,0,1,1,4,4,0,1,1,1,1,0,3,0,2,0,9.0,745,138,5.398550724637682
1,4,104,0,0,0,0,0,0,1,1,0,1,0,1,0,2,0,1.0,328,55,5.963636363636364
0,2,47,0,0,0,0,0,2,1,1,1,1,0,1,0,2,1,1.0,21,5,4.2
1,1,105,0,1,5,0,0,0,0,1,1,2,0,3,5,7,0,3.0,11,2,5.5
0,1,144,0,1,0,1,0,1,0,2,2,1,0,1,0,2,0,2.0,127,22,5.7727272727272725
0,9,144,0,1,0,6,0,1,0,0,0,0,0,1,0,2,0,1.0,201,36,5.583333333333333
0,1,5,0,1,0,1,0,1,0,1,0,1,0,2,0,12,0,3.0,209,44,4.75
0,60,54,0,0,0,1,5,1,0,0,0,0,0,1,250,2,0,6.0,1157,216,5.356481481481482
1,6,105,0,1,0,5,5,0,0,2,0,0,0,1,0,12,0,2.0,459,82,5.597560975609756
1,6,105,0,1,0,1,5,1,0,1,1,1,0,1,0,2,0,1.0,24,5,4.8
1,1,105,0,1,0,6,0,1,0,1,0,1,0,1,0,12,0,2.0,112,19,5.894736842105263
1,1,120,0,0,2,6,0,1,0,1,0,1,0,4,0,2,0,1.0,450,76,5.921052631578948
1,12,103,0,0,5,0,0,1,2,2,2,2,0,1,0,2,0,10.0,8,2,4.0
0,1,144,114,1,0,1,3,1,0,1,1,1,0,4,0,2,0,4.0,232,37,6.27027027027027
0,3,144,0,0,0,6,0,1,0,0,0,1,0,1,0,0,0,5.0,561,102,5.5
1,1,103,98,1,4,5,5,1,1,1,0,1,0,1,100,2,0,5.0,1335,233,5.7296137339055795
1,3,105,82,2,0,0,0,0,0,0,0,1,0,2,0,2,0,23.0,1245,231,5.3896103896103895
1,2,104,81,1,5,0,0,1,1,1,0,1,0,1,0,12,0,3.0,155,26,5.961538461538462
1,12,105,0,1,0,1,2,0,1,2,2,2,0,1,0,12,0,2.0,123,18,6.833333333333333
0,3,144,0,2,0,1,3,1,0,2,2,2,0,7,50,12,0,5.0,173,28,6.178571428571429
1,4,83,0,1,4,6,0,1,1,0,0,1,1,1,350,2,0,1.0,205,38,5.394736842105263
0,2,144,4,1,0,1,0,1,1,0,0,0,0,1,0,2,0,26.0,424,78,5.435897435897436
0,3,144,0,1,0,1,5,1,0,1,1,1,0,1,0,2,0,7.0,506,99,5.111111111111111
1,4,105,0,1,0,3,5,1,0,1,0,1,0,1,0,2,0,4.0,248,45,5.511111111111111
0,36,144,0,0,0,1,0,1,0,1,1,1,1,1,0,2,0,3.0,449,84,5.345238095238095
0,2,144,0,1,0,0,0,1,0,1,1,1,0,1,20,3,0,1.0,122,21,5.809523809523809
0,5,144,0,1,4,0,0,1,1,0,0,0,1,2,0,4,0,3.0,510,94,5.425531914893617
1,1,104,82,1,0,4,5,1,1,1,1,1,0,1,0,3,0,5.0,115,18,6.388888888888889
0,1,144,0,1,1,0,0,1,0,1,1,1,0,1,0,4,1,6.0,706,133,5.30827067669173
1,24,140,96,1,0,1,1,1,2,2,1,2,0,1,0,2,0,1.0,168,31,5.419354838709677
0,3,144,0,0,0,1,0,1,0,1,1,1,0,1,0,2,0,5.0,347,66,5.257575757575758
1,2,104,0,0,1,6,0,0,1,1,1,1,0,1,0,2,0,7.0,379,65,5.8307692307692305
0,1,144,0,2,0,6,0,2,0,1,1,1,0,3,0,12,0,2.0,482,85,5.670588235294118
0,120,22,0,1,4,0,0,2,0,0,1,0,1,1,0,12,0,0.0,15,2,7.5
0,2,144,0,2,1,4,0,1,0,0,0,1,0,2,0,4,0,8.0,174,37,4.702702702702703
1,3,140,82,1,0,2,3,1,1,0,0,1,0,1,0,2,0,5.0,871,150,5.806666666666667
1,12,105,0,0,1,5,5,1,0,0,0,0,0,1,0,12,0,3.0,582,111,5.243243243243243
0,48,38,0,0,1,6,0,2,0,0,0,0,0,1,350,2,0,5.0,314,57,5.508771929824562
0,60,81,0,1,0,1,0,0,2,0,0,0,0,1,280,2,0,2.0,142,29,4.896551724137931
0,2,144,0,1,0,1,0,1,0,1,0,1,0,1,0,4,0,1.0,120,24,5.0
1,2,105,0,1,0,1,5,1,0,1,0,0,0,1,0,2,0,5.0,724,136,5.323529411764706
1,12,143,0,1,0,6,0,1,1,0,0,0,0,1,0,12,0,1.0,179,34,5.264705882352941
0,84,144,0,1,1,0,0,1,0,0,0,0,0,1,0,2,0,1.0,637,124,5.137096774193548
1,24,82,0,1,1,3,3,1,1,2,2,2,0,2,0,2,0,3.0,453,91,4.978021978021978
0,60,8,0,0,2,0,0,2,1,0,0,1,0,2,0,2,0,1.0,25,4,6.25
1,1,103,0,2,1,5,0,1,2,1,1,1,0,2,0,2,0,8.0,193,38,5.078947368421052
1,12,104,0,1,0,1,0,1,1,1,1,0,0,1,0,2,0,3.0,404,77,5.246753246753247
1,2,105,82,0,0,5,5,0,0,1,0,1,0,1,0,12,0,14.0,129,26,4.961538461538462
0,4,62,114,1,4,0,0,1,1,0,0,0,0,1,0,2,0,2.0,339,60,5.65
1,3,105,0,2,0,1,5,1,0,1,1,1,0,4,0,2,0,3.0,187,34,5.5
0,2,144,114,0,0,6,0,1,1,0,0,1,0,1,0,2,0,3.0,12,2,6.0
0,12,144,0,1,0,6,0,1,1,0,0,0,0,1,0,12,0,3.0,491,105,4.6761904761904765
0,48,60,0,0,0,1,5,0,2,1,1,1,0,1,50,7,0,1.0,116,23,5.043478260869565
0,10,144,124,1,1,6,0,1,0,0,0,0,0,1,0,2,0,2.0,255,45,5.666666666666667
0,16,6,0,1,0,1,2,1,1,0,0,0,0,1,50,2,0,5.0,161,32,5.03125
0,3,144,0,1,0,1,5,1,1,0,0,1,0,1,0,2,0,9.0,185,39,4.743589743589744
1,3,105,0,1,0,0,0,1,0,1,0,1,0,1,0,2,0,5.0,372,66,5.636363636363637
0,5,144,0,1,0,0,0,1,0,0,0,1,0,1,0,12,0,2.0,147,25,5.88
0,32,17,0,1,1,6,0,0,0,0,0,0,0,1,0,3,0,2.0,283,54,5.2407407407407405
0,26,144,114,0,1,0,0,2,0,0,0,0,0,1,0,2,1,6.0,44,4,11.0
0,61,144,114,0,0,1,0,1,1,1,1,1,0,1,0,2,0,2.0,165,30,5.5
1,1,105,0,1,2,3,5,1,0,1,1,1,0,1,0,3,0,5.0,447,89,5.022471910112359
0,1,144,0,0,0,1,0,1,1,1,1,1,0,1,0,3,0,1.0,133,20,6.65
0,8,47,114,1,0,1,0,2,0,0,1,1,0,1,100,2,0,2.0,291,56,5.196428571428571
0,2,144,114,0,0,1,5,1,0,0,0,1,0,1,0,2,1,3.0,333,64,5.203125
1,24,128,0,0,1,6,0,1,1,0,0,0,0,1,0,12,0,2.0,101,14,7.214285714285714
0,72,41,54,1,5,0,0,1,1,0,0,0,0,1,200,2,0,1.0,578,89,6.49438202247191
0,2,144,0,2,1,3,5,0,0,2,2,2,0,3,0,4,1,3.0,157,30,5.233333333333333
1,7,122,80,0,0,1,4,2,2,0,0,1,0,1,200,12,0,3.0,57,9,6.333333333333333
0,5,144,0,1,0,1,5,1,0,0,1,1,0,1,0,5,0,4.0,322,60,5.366666666666666
1,12,103,0,1,6,0,0,1,1,0,0,0,0,1,0,2,0,4.0,224,43,5.209302325581396
0,24,51,0,1,5,6,0,0,1,2,2,2,0,1,0,2,0,4.0,304,55,5.527272727272727
1,2,105,82,1,0,1,0,1,0,1,1,1,0,1,0,3,0,1.0,194,37,5.243243243243243
1,12,105,0,1,3,0,0,1,0,1,1,1,0,4,0,12,1,2.0,151,23,6.565217391304348
0,1,144,0,1,0,0,0,0,0,1,1,1,0,1,0,2,0,1.0,109,21,5.190476190476191
0,12,144,0,0,0,0,0,0,0,2,2,1,0,1,0,2,0,2.0,83,13,6.384615384615385
0,36,99,114,1,0,1,0,2,1,2,2,2,0,1,0,2,0,1.0,202,38,5.315789473684211
0,84,144,0,0,3,0,0,1,1,0,0,0,0,1,0,3,0,1.0,180,28,6.428571428571429
0,3,144,0,1,1,0,0,1,0,0,0,1,0,1,0,12,0,9.0,179,33,5.424242424242424
0,84,144,0,1,1,0,0,1,1,2,2,1,1,1,0,2,0,0.0,492,91,5.406593406593407
1,10,104,0,0,0,5,5,2,1,1,1,1,0,3,0,2,0,1.0,224,44,5.090909090909091
1,2,105,73,0,5,6,0,0,0,1,1,1,0,1,0,2,0,4.0,115,21,5.476190476190476
1,12,105,0,1,0,6,0,1,0,0,0,0,0,1,0,2,0,2.0,232,45,5.155555555555556
1,2,105,0,1,0,1,4,0,1,0,0,2,1,1,0,2,0,3.0,223,44,5.068181818181818
0,24,47,0,1,0,1,0,1,1,0,0,0,0,1,0,2,0,1.0,543,96,5.65625
1,1,104,81,1,1,5,0,0,1,1,0,0,0,1,200,12,0,3.0,222,40,5.55
0,4,144,0,1,0,1,0,1,0,0,0,1,0,1,0,2,0,3.0,1013,194,5.221649484536083
0,2,144,0,1,1,0,0,0,1,2,2,2,0,3,0,7,0,5.0,65,10,6.5
0,2,144,114,2,0,1,5,1,1,2,2,2,0,5,0,2,0,18.0,184,35,5.257142857142857
0,1,144,0,1,0,0,0,1,0,1,1,1,0,1,0,3,0,1.0,144,21,6.857142857142857
1,2,104,0,1,0,3,3,1,1,1,0,1,0,1,0,2,0,3.0,421,69,6.101449275362318
0,1,144,0,2,0,1,5,1,0,1,0,1,0,17,0,4,0,14.0,281,46,6.108695652173913
1,3,104,0,2,4,5,5,1,1,1,0,1,0,3,0,2,0,2.0,244,42,5.809523809523809
1,12,105,0,1,1,6,0,1,1,1,1,2,0,1,0,2,0,5.0,34,3,11.333333333333334
0,1,144,114,1,0,3,5,0,1,1,1,1,0,1,0,6,0,6.0,642,127,5.05511811023622
0,120,144,0,1,2,4,0,1,0,0,0,0,0,1,0,3,0,3.0,288,49,5.877551020408164
0,1,144,0,1,1,6,0,1,0,1,1,1,0,1,50,2,0,1.0,59,11,5.363636363636363
0,2,144,0,1,1,0,0,1,1,1,1,1,0,1,0,2,0,2.0,145,27,5.37037037037037
0,1,144,0,1,0,5,0,1,0,1,1,1,0,1,0,12,0,1.0,200,38,5.2631578947368425
0,36,51,0,0,3,4,4,1,1,0,0,2,1,1,200,2,0,1.0,128,23,5.565217391304348
0,60,144,114,1,0,0,0,1,1,2,2,2,0,1,0,2,0,3.0,69,12,5.75
1,3,105,0,0,3,0,0,0,0,1,0,1,0,1,0,12,0,1.0,1317,260,5.065384615384615
0,12,144,0,1,2,4,5,1,1,0,0,0,0,1,0,2,0,3.0,963,147,6.551020408163265
1,12,105,0,0,2,5,0,1,0,0,0,0,0,1,0,12,0,2.0,276,57,4.842105263157895
0,18,54,41,1,0,1,5,1,0,0,1,2,0,1,200,2,0,3.0,42,7,6.0
0,12,144,0,1,4,0,0,1,0,0,0,1,0,1,0,3,0,1.0,395,75,5.266666666666667
1,4,105,0,0,3,6,0,1,0,1,1,1,0,1,0,2,0,1.0,173,31,5.580645161290323
0,2,144,0,1,0,1,0,1,1,1,1,1,0,1,0,12,0,5.0,54,12,4.5
1,3,105,82,2,0,1,4,0,0,1,0,1,0,3,0,2,0,2.0,461,85,5.423529411764706
0,3,144,0,1,0,1,0,1,1,0,0,1,0,1,0,2,0,6.0,508,96,5.291666666666667
1,3,135,81,1,0,1,3,1,1,1,0,1,0,1,0,2,0,5.0,345,63,5.476190476190476
0,8,38,0,1,1,6,0,2,0,0,0,1,0,1,100,2,0,4.0,756,148,5.108108108108108
1,1,105,81,1,0,3,5,1,1,1,1,1,0,2,0,2,0,8.0,393,73,5.383561643835616
0,60,51,0,1,5,0,0,1,1,0,0,0,0,1,0,2,0,1.0,662,135,4.9037037037037035
1,7,103,96,1,0,5,0,1,2,2,2,2,0,1,250,2,0,1.0,300,56,5.357142857142857
0,9,5,0,0,0,0,0,2,0,0,0,0,0,1,300,12,0,1.0,61,9,6.777777777777778
1,1,96,82,1,1,4,5,1,1,1,1,1,0,1,0,2,0,2.0,1127,216,5.217592592592593
0,2,144,0,1,0,5,5,1,2,0,0,1,0,1,0,2,0,5.0,395,55,7.181818181818182
0,24,144,27,0,1,0,0,1,0,0,0,0,0,1,0,2,0,8.0,354,70,5.057142857142857
0,1,144,0,0,1,6,0,1,1,1,1,1,0,1,0,2,0,3.0,87,18,4.833333333333333
1,22,105,0,1,1,6,0,1,1,0,0,0,0,1,0,12,0,1.0,706,145,4.86896551724138
0,3,144,0,0,1,0,0,1,1,0,0,2,0,1,0,0,0,1.0,122,23,5.304347826086956
1,7,104,0,1,0,1,2,1,1,1,0,1,0,1,0,12,0,5.0,165,29,5.689655172413793
1,12,105,0,1,1,6,0,1,1,1,1,2,0,1,0,2,0,5.0,20,4,5.0
0,12,144,0,1,3,4,0,1,1,0,0,0,0,1,0,12,0,4.0,165,33,5.0
1,2,105,0,0,2,6,0,1,0,0,0,1,0,1,0,2,0,1.0,186,37,5.027027027027027
1,6,105,0,1,3,0,0,1,0,0,0,0,0,1,100,12,0,4.0,281,49,5.73469387755102
0,30,144,114,0,1,0,0,1,0,2,2,2,0,1,20,2,0,1.0,161,32,5.03125
1,1,103,0,1,0,1,5,1,2,1,1,1,0,1,0,2,0,4.0,162,30,5.4
0,2,99,114,1,0,1,3,1,1,0,0,1,0,1,150,12,0,6.0,928,178,5.213483146067416
1,3,104,0,1,0,5,5,1,1,1,1,1,0,1,30,1,0,4.0,458,86,5.325581395348837
1,9,105,0,0,1,0,0,1,0,1,1,1,0,1,0,0,0,4.0,19,3,6.333333333333333
0,24,65,114,0,1,6,0,1,1,0,0,1,0,1,0,2,0,5.0,205,39,5.256410256410256
0,4,144,0,1,0,4,0,1,0,1,0,1,0,1,0,2,0,5.0,690,131,5.267175572519084
1,1,105,0,1,0,1,0,0,0,2,0,1,0,1,0,12,0,3.0,186,36,5.166666666666667
1,84,122,81,1,0,3,5,1,1,2,2,0,0,1,50,2,0,3.0,486,87,5.586206896551724
1,3,105,0,0,0,0,0,0,0,1,0,1,0,1,0,5,0,6.0,50,9,5.555555555555555
0,84,41,0,0,1,0,0,0,2,0,0,1,1,1,0,3,0,2.0,329,64,5.140625
1,7,104,0,1,1,6,0,1,1,1,0,1,0,1,0,2,0,3.0,243,47,5.170212765957447
1,12,128,81,0,0,6,0,1,1,1,1,1,0,1,250,2,0,3.0,189,32,5.90625
0,3,166,114,1,0,1,0,1,1,0,0,1,0,1,0,2,0,6.0,137,23,5.956521739130435
1,3,105,0,2,0,5,5,1,0,1,0,1,0,3,0,2,0,5.0,499,89,5.606741573033708
1,2,104,0,2,2,3,0,0,1,1,1,1,0,3,0,2,1,5.0,347,68,5.102941176470588
1,15,105,0,0,1,6,0,1,0,0,0,0,0,1,0,3,0,4.0,36,7,5.142857142857143
1,2,105,0,0,2,0,0,1,0,1,1,1,0,1,0,2,0,2.0,24,6,4.0
1,3,135,107,0,3,0,0,1,1,0,0,0,0,1,0,2,0,4.0,145,23,6.304347826086956
0,60,144,0,0,0,0,0,1,0,0,0,0,0,1,0,2,0,3.0,166,32,5.1875
1,1,105,0,2,0,3,5,0,0,1,0,1,0,5,0,5,0,7.0,411,78,5.269230769230769
0,2,144,0,1,0,1,0,1,0,1,0,1,0,1,0,2,0,5.0,463,83,5.578313253012048
0,1,144,0,0,1,0,0,0,0,1,1,1,0,1,0,12,0,3.0,146,28,5.214285714285714
0,12,144,0,1,1,0,0,1,0,1,1,0,0,1,0,0,0,4.0,371,74,5.013513513513513
1,2,104,0,2,0,0,0,2,1,1,1,2,0,2,0,2,0,5.0,288,54,5.333333333333333
1,2,105,0,0,1,6,0,1,0,1,1,1,0,1,0,2,0,3.0,54,6,9.0
0,12,69,0,0,4,0,0,0,2,0,0,0,0,1,300,2,0,1.0,1474,251,5.872509960159363
0,6,144,0,1,0,2,5,0,1,1,1,1,0,1,0,2,0,4.0,85,16,5.3125
0,1,144,0,1,0,1,0,1,0,2,2,1,0,1,0,2,0,1.0,100,21,4.761904761904762
0,3,144,12,1,1,6,0,1,1,1,0,0,0,1,0,2,0,5.0,193,34,5.676470588235294
1,3,104,0,0,0,3,5,1,1,1,1,1,0,1,0,2,0,15.0,225,48,4.6875
1,2,105,0,1,0,6,0,1,0,1,1,1,0,1,0,12,0,5.0,286,50,5.72
0,12,144,131,1,0,1,0,1,0,1,1,0,0,1,0,2,0,1.0,511,98,5.214285714285714
0,6,22,114,1,0,0,0,1,0,0,0,0,0,1,0,2,0,5.0,352,58,6.068965517241379
0,1,144,114,1,0,1,0,1,1,1,1,1,0,1,0,2,0,2.0,12,2,6.0
0,1,144,0,2,0,5,5,1,0,1,1,1,0,6,0,5,0,0.0,104,19,5.473684210526316
0,3,144,0,1,1,0,0,1,0,1,1,1,0,1,0,12,0,1.0,260,49,5.3061224489795915
0,24,64,0,1,3,0,0,0,1,0,0,0,0,1,300,12,0,5.0,600,104,5.769230769230769
1,20,104,73,0,0,6,0,1,1,0,0,0,0,1,0,4,0,7.0,120,19,6.315789473684211
1,12,104,0,1,6,0,0,1,1,1,0,0,0,1,0,2,0,14.0,149,24,6.208333333333333
1,5,105,0,1,0,1,2,1,0,1,0,1,0,1,0,12,0,3.0,305,57,5.350877192982456
1,2,105,0,0,0,6,0,0,0,1,1,1,0,1,0,2,1,5.0,780,159,4.90566037735849
0,1,144,0,0,1,0,0,1,1,1,1,1,0,1,0,3,0,2.0,103,15,6.866666666666666
1,15,122,0,1,1,0,0,1,2,0,0,0,0,1,0,2,0,1.0,19,3,6.333333333333333
0,2,144,0,1,1,0,0,1,0,0,0,1,0,1,0,12,1,4.0,380,72,5.277777777777778
0,12,144,0,2,0,1,0,1,1,1,0,0,0,2,0,2,0,5.0,430,72,5.972222222222222
0,12,144,0,1,2,3,0,1,0,2,2,2,0,7,0,3,0,1.0,301,58,5.189655172413793
1,1,105,0,1,0,6,0,1,0,1,0,1,0,1,0,12,0,3.0,307,57,5.385964912280702
0,18,69,0,1,4,0,0,1,1,2,2,0,0,1,0,2,0,3.0,381,77,4.9480519480519485
1,4,105,0,1,4,0,0,1,0,0,0,0,0,1,100,12,0,1.0,290,56,5.178571428571429
0,8,144,0,0,0,6,0,1,0,0,0,2,0,1,0,2,0,2.0,114,17,6.705882352941177
0,3,144,0,1,1,4,5,1,1,1,0,1,0,1,0,4,0,1.0,143,28,5.107142857142857
1,1,105,0,2,0,5,5,1,0,1,0,1,0,5,50,2,0,5.0,285,49,5.816326530612245
1,12,104,0,0,2,6,0,1,1,0,0,0,0,1,0,12,0,5.0,69,11,6.2727272727272725
0,3,144,0,0,5,6,0,1,0,0,0,1,0,1,100,2,0,2.0,22,4,5.5
1,12,104,0,1,1,4,0,1,1,1,1,1,0,2,0,2,0,4.0,1012,202,5.00990099009901
0,3,144,0,1,0,4,0,2,0,1,0,1,0,1,0,12,0,5.0,594,123,4.829268292682927
1,1,104,0,1,0,0,0,0,0,1,1,2,0,1,0,12,0,2.0,154,31,4.967741935483871
0,60,41,0,0,4,0,0,0,2,0,2,0,1,1,200,2,0,1.0,835,155,5.387096774193548
0,1,144,0,1,3,4,0,1,0,0,0,1,0,1,10,3,0,1.0,350,66,5.303030303030303
1,3,105,0,2,0,4,5,0,0,1,1,1,0,3,0,2,0,3.0,123,23,5.3478260869565215
0,3,22,6,1,2,4,5,1,0,2,0,1,0,1,0,2,0,2.0,54,11,4.909090909090909
1,4,128,94,1,4,6,0,1,1,1,0,1,0,1,50,4,0,2.0,44,7,6.285714285714286
0,12,65,114,1,6,0,0,1,1,2,2,2,0,1,0,2,0,4.0,339,64,5.296875
0,2,144,0,0,0,1,0,1,0,1,0,1,0,1,0,2,0,11.0,229,46,4.978260869565218
1,2,105,81,1,1,3,0,0,1,2,2,0,0,2,0,12,0,4.0,79,14,5.642857142857143
0,2,144,0,2,0,1,5,0,0,1,1,1,0,10,0,12,0,2.0,20,5,4.0
1,4,114,0,0,3,4,5,2,2,0,0,1,0,1,0,2,0,7.0,1988,357,5.568627450980392
1,4,104,82,1,0,3,5,1,1,0,0,0,0,1,30,2,0,5.0,37,6,6.166666666666667
0,3,144,0,1,0,1,5,1,1,1,0,1,0,1,0,12,0,1.0,263,46,5.717391304347826
1,12,105,0,1,5,6,0,1,0,0,0,0,0,1,0,12,0,1.0,34,7,4.857142857142857
0,2,144,114,0,0,0,0,0,0,1,0,1,0,1,0,4,0,1.0,89,16,5.5625
0,2,144,0,1,4,0,0,1,0,0,0,1,0,1,0,2,0,5.0,407,74,5.5
0,12,144,0,1,2,3,0,1,0,2,2,2,0,1,0,2,0,3.0,473,84,5.630952380952381
1,1,84,0,1,0,0,0,1,0,1,0,1,0,1,0,2,0,7.0,712,141,5.049645390070922
1,3,103,81,0,5,0,0,1,2,1,1,1,0,2,0,12,0,5.0,519,102,5.088235294117647
0,5,55,114,0,1,2,0,2,0,0,0,0,0,1,200,12,0,5.0,1892,340,5.564705882352941
1,16,105,0,0,2,3,0,2,0,0,0,0,0,1,0,2,0,4.0,76,14,5.428571428571429
1,3,93,73,2,0,1,5,1,2,1,0,1,0,3,100,2,0,2.0,141,24,5.875
0,2,144,0,1,2,0,0,1,1,1,0,1,0,1,0,2,0,2.0,268,51,5.254901960784314
0,10,144,0,1,0,0,0,1,0,0,0,0,0,1,0,2,0,2.0,180,36,5.0
0,43,144,0,2,1,0,0,1,0,0,0,0,0,2,0,2,0,4.0,1742,330,5.278787878787878
0,2,144,0,1,1,0,0,1,1,0,1,1,0,1,40,3,0,4.0,516,90,5.733333333333333
0,4,144,129,1,0,1,0,0,1,1,1,1,0,1,0,2,0,4.0,754,137,5.5036496350364965
1,5,105,96,2,0,1,0,0,0,0,0,0,0,2,0,12,0,1.0,151,28,5.392857142857143
0,2,144,0,1,1,6,0,1,0,2,2,1,0,1,0,2,0,1.0,127,22,5.7727272727272725
0,10,144,0,1,1,6,0,1,0,0,0,0,0,1,0,12,0,4.0,893,175,5.102857142857143
0,32,40,0,0,1,3,0,1,1,0,0,0,0,1,0,2,0,2.0,14,2,7.0
1,1,105,0,0,2,4,0,0,1,1,1,1,0,1,0,2,0,1.0,40,8,5.0
0,1,144,114,1,4,0,0,1,1,1,1,1,0,1,0,12,0,2.0,160,31,5.161290322580645
1,12,122,80,0,0,6,0,2,1,0,0,0,0,1,200,2,0,12.0,411,77,5.337662337662338
0,4,144,0,1,0,5,0,1,0,0,0,0,0,1,0,2,0,2.0,488,82,5.951219512195122
1,1,82,61,0,1,2,5,0,1,1,1,1,0,1,0,2,0,5.0,397,64,6.203125
1,3,105,82,1,0,0,0,0,1,1,0,1,0,1,0,12,0,5.0,67,12,5.583333333333333
0,12,144,114,1,1,6,0,1,0,0,0,0,0,1,0,2,0,1.0,790,151,5.231788079470198
1,9,122,81,0,2,3,0,1,1,1,0,1,0,1,0,2,0,8.0,215,45,4.777777777777778
1,10,126,0,1,0,5,5,0,0,2,0,1,0,3,50,12,0,3.0,340,62,5.483870967741935
0,1,144,114,2,0,1,5,1,0,1,1,1,0,8,0,3,0,8.0,250,49,5.1020408163265305
0,24,54,114,0,1,6,0,1,0,2,2,1,0,1,0,2,0,4.0,433,81,5.345679012345679
1,5,105,0,0,3,6,0,0,0,1,1,1,0,1,0,2,0,4.0,362,71,5.098591549295775
0,14,144,0,1,1,2,3,0,0,0,0,0,0,1,0,2,0,4.0,116,16,7.25
1,2,105,66,2,1,5,5,0,0,1,1,1,0,4,0,7,0,2.0,230,42,5.476190476190476
1,2,128,81,0,4,5,5,1,1,1,0,1,0,1,0,2,0,1.0,270,53,5.09433962264151
1,8,105,0,0,5,6,0,1,1,0,0,1,0,1,150,12,0,3.0,157,31,5.064516129032258
1,36,105,82,1,1,4,4,1,0,0,0,0,0,1,0,2,0,5.0,1234,232,5.318965517241379
0,3,144,0,2,0,1,3,1,1,2,2,1,0,4,0,2,1,2.0,122,21,5.809523809523809
0,6,144,0,1,4,0,0,1,0,0,0,1,0,1,0,2,1,2.0,389,70,5.557142857142857
1,1,105,0,1,0,1,0,0,0,1,1,1,0,1,0,1,0,1.0,228,38,6.0
1,1,104,82,0,1,2,0,1,1,1,1,1,0,1,0,11,0,2.0,273,57,4.7894736842105265
0,2,144,0,0,0,4,0,1,1,1,1,1,0,1,0,3,0,6.0,38,5,7.6
1,18,122,97,0,4,6,0,2,1,1,1,1,0,1,180,2,0,2.0,469,93,5.043010752688172
0,3,144,114,1,0,0,0,1,0,0,0,1,0,1,0,2,0,2.0,149,29,5.137931034482759
0,24,144,0,1,1,3,0,1,0,0,0,0,0,1,0,12,0,3.0,204,38,5.368421052631579
1,2,133,0,2,2,5,5,0,1,1,1,1,0,7,0,2,0,5.0,171,29,5.896551724137931
0,5,144,0,0,1,4,5,1,0,0,0,0,0,2,0,2,1,20.0,356,60,5.933333333333334
1,8,135,0,0,4,6,0,1,1,1,1,1,0,2,0,2,0,3.0,335,52,6.4423076923076925
1,2,105,0,1,5,6,0,1,0,1,1,1,0,1,100,2,0,5.0,75,14,5.357142857142857
0,1,144,0,1,1,0,0,1,0,2,2,1,0,1,0,2,0,4.0,129,23,5.608695652173913
0,4,144,4,1,0,1,1,2,1,0,0,1,0,1,0,2,0,10.0,322,58,5.551724137931035
0,108,40,25,1,1,0,0,0,2,2,0,1,0,1,0,12,0,2.0,809,159,5.088050314465409
0,4,144,20,0,0,0,0,1,0,0,0,1,0,1,0,2,0,7.0,303,55,5.509090909090909
1,1,105,0,0,0,0,0,0,0,1,1,1,0,1,0,2,0,3.0,227,48,4.729166666666667
1,3,119,0,1,0,1,3,1,2,2,2,2,0,1,0,12,0,11.0,551,101,5.455445544554456
1,3,105,0,1,5,6,0,0,0,1,1,1,0,1,0,5,0,1.0,103,15,6.866666666666666
0,1,144,0,0,4,6,0,1,0,1,1,1,0,1,0,2,0,9.0,845,133,6.353383458646617
0,54,155,0,1,4,6,0,0,0,0,0,0,0,1,100,3,0,3.0,678,127,5.338582677165355
0,12,144,0,1,1,6,0,1,0,0,0,0,0,1,0,2,0,1.0,167,32,5.21875
0,3,5,114,1,0,1,0,1,1,1,0,1,0,1,200,2,0,2.0,472,74,6.378378378378378
1,5,105,0,0,4,6,0,1,1,1,0,1,0,1,0,3,0,3.0,73,13,5.615384615384615
0,3,144,0,0,0,1,0,1,0,0,0,1,0,1,0,5,0,7.0,221,44,5.0227272727272725
0,3,144,0,1,1,0,0,1,0,1,1,2,0,4,0,5,0,4.0,29,5,5.8
1,12,105,0,0,0,6,0,1,0,2,2,1,0,1,0,12,0,3.0,60,12,5.0
1,3,122,82,0,0,1,5,1,0,1,0,1,0,3,0,2,0,5.0,158,25,6.32
0,3,17,16,1,1,6,0,1,0,0,0,1,0,1,500,7,0,1.0,92,14,6.571428571428571
1,1,104,61,1,2,4,5,1,1,1,0,1,0,1,40,2,0,7.0,1087,186,5.844086021505376
1,8,94,0,1,0,3,0,1,1,0,0,0,0,1,0,12,0,1.0,60,9,6.666666666666667
1,6,128,0,0,5,0,0,1,0,0,0,1,0,1,0,2,0,2.0,133,27,4.925925925925926
0,17,144,114,2,0,3,5,1,0,2,2,0,0,2,0,3,0,2.0,299,54,5.537037037037037
1,4,105,0,2,5,6,0,1,0,1,1,1,0,4,0,12,0,4.0,173,30,5.766666666666667
0,4,17,114,0,4,0,0,1,0,1,0,1,1,1,0,2,0,1.0,291,53,5.490566037735849
0,24,144,0,0,6,0,0,2,0,0,0,0,0,1,0,2,0,16.0,353,65,5.430769230769231
1,1,105,0,2,0,3,5,1,0,1,0,1,0,6,0,2,1,9.0,119,21,5.666666666666667
0,2,144,0,1,0,0,0,1,0,0,0,0,0,1,0,2,0,6.0,217,33,6.575757575757576
0,3,47,114,0,0,3,0,1,1,0,0,1,0,1,0,12,0,4.0,485,88,5.511363636363637
1,2,105,0,0,2,6,0,1,0,0,0,1,0,1,0,2,0,11.0,349,68,5.132352941176471
0,3,144,0,1,0,0,0,1,1,0,0,1,0,1,0,2,0,1.0,107,23,4.6521739130434785
0,2,144,0,0,0,1,0,1,0,2,2,1,0,1,0,2,0,1.0,88,16,5.5
0,12,144,0,1,1,0,0,0,0,0,0,0,0,1,0,2,0,3.0,77,12,6.416666666666667
1,36,93,0,1,1,6,0,1,0,0,0,0,0,1,250,4,0,1.0,103,19,5.421052631578948
0,12,144,0,0,4,0,0,2,0,0,0,0,0,1,0,2,0,2.0,196,35,5.6
1,2,105,82,2,0,3,5,1,0,1,1,1,0,3,1,3,0,3.0,130,25,5.2
1,6,105,0,0,0,1,5,1,0,0,0,0,0,1,0,2,0,6.0,519,102,5.088235294117647
1,5,105,0,0,0,1,4,0,1,0,0,1,0,1,0,12,0,3.0,135,21,6.428571428571429
0,1,144,114,0,0,1,0,1,1,1,1,1,0,1,0,2,0,4.0,76,8,9.5
0,12,144,0,1,1,4,0,1,0,0,0,0,0,1,0,2,0,3.0,307,56,5.482142857142857
1,3,105,0,1,1,2,0,0,0,0,0,1,0,3,0,2,0,3.0,627,118,5.313559322033898
1,4,105,0,2,0,3,5,1,1,1,1,1,0,3,0,7,0,9.0,1103,208,5.302884615384615
1,2,135,0,1,0,2,5,1,0,0,0,1,1,2,0,7,0,4.0,547,103,5.310679611650485
0,12,144,0,1,1,6,0,0,1,0,0,0,0,1,0,12,0,4.0,803,145,5.537931034482758
1,1,135,82,0,0,5,5,1,0,1,0,1,0,1,0,2,0,4.0,839,140,5.992857142857143
0,5,144,0,1,1,0,0,0,0,1,1,1,0,1,0,12,0,6.0,38,9,4.222222222222222
1,10,105,0,1,1,0,0,0,0,1,0,0,0,1,0,2,0,3.0,652,127,5.133858267716535
0,4,144,0,1,1,6,0,0,0,1,0,1,0,1,0,12,0,1.0,377,71,5.309859154929577
0,2,144,0,2,0,6,0,1,0,1,1,1,0,4,0,12,0,5.0,128,26,4.923076923076923
1,1,105,0,1,1,0,0,1,0,1,0,1,0,1,0,2,0,9.0,450,80,5.625
0,3,144,0,1,1,2,0,1,1,1,0,1,0,1,0,2,1,1.0,26,5,5.2
1,1,105,0,2,6,0,0,0,0,1,1,1,0,2,0,2,0,2.0,1046,213,4.910798122065728
0,2,144,0,1,1,6,0,1,1,0,0,1,0,1,0,2,0,4.0,188,36,5.222222222222222
0,1,144,0,2,0,1,3,1,1,1,1,1,0,5,0,2,0,11.0,198,36,5.5
0,3,5,114,0,1,0,0,1,0,0,0,1,0,1,0,12,0,4.0,139,26,5.346153846153846
1,60,135,0,0,0,1,3,3,1,0,0,0,0,3,0,12,0,4.0,212,40,5.3
0,120,166,4,0,0,3,0,2,0,2,2,1,2,1,0,3,0,4.0,462,88,5.25
1,1,105,71,2,0,1,4,0,0,1,1,1,0,3,0,2,0,5.0,211,39,5.410256410256411
1,2,105,0,0,0,1,5,0,0,1,1,1,0,1,0,2,0,2.0,55,10,5.5
1,3,144,0,1,0,2,5,0,0,2,2,2,0,1,0,12,0,7.0,238,45,5.288888888888889
0,3,144,35,1,0,1,0,1,0,1,1,1,0,1,50,12,0,4.0,55,9,6.111111111111111
0,84,81,0,1,0,2,5,0,0,0,0,1,0,1,0,2,0,1.0,543,103,5.271844660194175
1,4,101,0,2,0,1,5,1,1,1,1,1,0,3,0,2,0,5.0,926,174,5.32183908045977
0,36,41,0,0,0,5,5,0,0,0,0,0,0,1,300,2,1,8.0,1131,209,5.411483253588517
1,1,104,0,2,0,1,3,1,1,1,1,1,0,5,0,2,0,3.0,301,60,5.016666666666667
0,2,144,0,1,0,1,0,1,1,1,0,1,0,1,1,4,0,2.0,310,62,5.0
1,108,84,0,0,2,0,0,1,1,0,2,0,0,1,0,2,0,4.0,125,24,5.208333333333333
1,3,105,0,1,0,5,5,1,1,1,0,1,0,1,0,2,0,2.0,543,106,5.122641509433962
0,3,13,30,1,4,5,5,1,0,2,0,1,0,1,0,12,0,3.0,459,86,5.337209302325581
0,6,41,0,0,1,0,0,0,0,0,2,1,0,1,200,3,0,2.0,50,10,5.0
0,12,12,114,1,1,4,0,1,0,2,2,2,0,1,0,12,0,2.0,224,37,6.054054054054054
0,2,79,114,1,1,0,0,1,0,2,2,1,0,1,0,2,0,3.0,124,22,5.636363636363637
1,4,105,0,0,2,0,0,0,0,1,1,1,0,1,0,2,0,3.0,466,79,5.89873417721519
1,2,104,0,2,4,6,0,1,1,1,1,1,0,2,0,2,1,4.0,171,28,6.107142857142857
0,72,40,0,0,1,2,5,0,2,0,0,1,0,1,300,12,0,5.0,714,146,4.890410958904109
0,38,17,0,0,1,6,0,0,0,0,0,0,0,1,0,2,0,2.0,151,27,5.592592592592593
0,36,3,0,1,3,0,0,0,0,1,1,2,1,1,0,2,0,1.0,217,43,5.046511627906977
1,2,105,82,1,0,6,0,1,1,1,1,1,0,1,0,2,0,3.0,110,16,6.875
0,6,144,0,0,1,6,0,1,0,0,0,1,0,1,0,12,0,3.0,39,8,4.875
0,84,60,0,0,1,5,5,0,2,0,0,0,0,1,200,2,0,3.0,317,56,5.660714285714286
1,12,105,0,1,6,0,0,1,0,2,2,2,0,1,0,2,0,5.0,227,46,4.934782608695652
1,3,105,82,2,0,5,5,0,0,1,1,1,0,5,0,2,0,4.0,31,7,4.428571428571429
1,4,105,0,1,1,2,2,0,0,1,0,1,0,1,0,2,0,1.0,10,2,5.0
1,1,105,0,0,0,1,5,0,0,1,1,1,0,1,0,2,0,4.0,204,32,6.375
0,3,144,114,0,1,0,0,1,0,0,2,0,0,1,0,2,0,1.0,554,103,5.378640776699029
0,3,144,0,0,1,0,0,1,0,0,0,1,0,1,0,2,0,1.0,150,28,5.357142857142857
1,2,105,0,0,2,4,0,1,0,1,0,1,0,1,0,12,0,10.0,49,7,7.0
0,3,144,0,2,1,0,0,2,0,1,1,1,0,3,0,12,0,1.0,283,49,5.775510204081633
0,24,144,0,0,0,1,1,1,1,0,0,0,0,1,0,2,0,13.0,2858,559,5.112701252236136
0,1,144,0,2,0,4,5,1,0,1,1,1,0,4,10,2,0,4.0,313,64,4.890625
0,9,144,0,1,0,1,0,1,0,2,2,2,2,1,0,2,0,7.0,1194,247,4.834008097165992
0,1,144,0,2,0,1,5,1,0,1,0,1,0,4,0,4,0,7.0,570,117,4.871794871794871
1,1,96,0,1,0,3,4,2,1,1,1,1,0,1,0,2,0,4.0,31,6,5.166666666666667
0,2,144,0,1,1,0,0,1,0,1,1,1,0,1,0,12,0,1.0,334,60,5.566666666666666
0,6,144,114,1,0,1,0,2,0,0,0,1,0,1,50,5,0,3.0,284,53,5.3584905660377355
1,4,105,0,0,5,6,0,1,0,0,0,1,0,1,0,2,0,3.0,133,20,6.65
0,1,22,114,0,1,0,0,1,0,2,2,1,0,1,0,2,0,1.0,83,16,5.1875
0,2,144,0,1,1,0,0,1,0,0,0,1,0,1,0,2,0,9.0,243,44,5.5227272727272725
1,8,105,106,1,0,5,5,1,1,1,1,0,0,1,0,2,0,1.0,239,44,5.431818181818182
0,12,144,0,0,0,0,0,1,0,2,2,2,0,2,0,12,0,3.0,16,3,5.333333333333333
1,6,105,0,0,5,6,0,1,0,0,0,0,0,1,50,12,0,0.0,95,12,7.916666666666667
1,2,105,0,2,0,2,4,1,0,1,1,1,0,4,0,2,0,12.0,142,24,5.916666666666667
0,1,144,0,1,6,0,0,0,0,1,1,1,0,1,0,5,2,5.0,305,61,5.0
0,4,144,0,0,1,6,0,1,0,0,0,1,0,1,0,2,0,1.0,96,18,5.333333333333333
1,12,105,0,0,1,6,0,1,1,0,0,0,0,1,0,3,0,5.0,778,156,4.987179487179487
0,2,144,4,1,1,0,0,1,0,1,1,1,0,1,0,2,0,2.0,481,91,5.285714285714286
1,23,104,0,1,0,6,0,1,1,1,2,2,0,1,0,0,0,1.0,70,14,5.0
1,6,105,0,1,1,3,5,1,0,1,1,1,0,2,0,2,0,2.0,159,29,5.482758620689655
0,2,144,131,2,0,1,5,1,0,0,0,1,0,2,200,2,0,2.0,256,45,5.688888888888889
0,2,144,0,1,0,0,0,1,0,1,0,1,0,1,0,12,0,6.0,139,27,5.148148148148148
0,1,144,0,0,0,1,2,1,1,1,1,1,0,3,0,2,0,4.0,326,64,5.09375
0,1,144,0,1,0,1,5,1,1,1,0,1,0,1,0,2,0,2.0,162,32,5.0625
0,5,144,0,0,0,0,0,1,0,0,0,1,0,1,0,2,1,5.0,519,103,5.038834951456311
0,2,144,0,2,0,1,0,1,0,1,0,1,0,5,0,2,0,1.0,194,37,5.243243243243243
1,4,94,0,1,3,4,5,1,0,1,1,1,0,2,0,2,0,1.0,153,30,5.1
0,15,144,0,1,3,6,0,1,0,1,1,0,0,1,0,3,0,1.0,726,147,4.938775510204081
1,21,135,0,0,3,6,0,1,0,0,0,0,0,1,0,2,0,3.0,212,39,5.435897435897436
1,1,105,0,2,0,6,0,0,0,1,1,1,0,3,0,2,0,5.0,116,22,5.2727272727272725
1,2,105,0,1,4,6,0,0,0,1,1,1,0,1,20,2,1,2.0,25,6,4.166666666666667
0,2,144,0,1,4,0,0,1,0,2,2,1,0,1,0,2,0,2.0,125,22,5.681818181818182
0,12,60,0,0,1,6,0,1,1,0,2,2,0,1,0,2,0,1.0,70,12,5.833333333333333
0,2,144,0,1,1,0,0,1,0,1,0,1,0,1,0,2,0,2.0,76,13,5.846153846153846
0,3,144,0,1,0,1,0,1,1,0,0,1,0,1,0,2,0,2.0,259,49,5.285714285714286
0,12,144,0,1,1,4,5,1,0,0,0,0,0,1,0,12,0,3.0,193,35,5.514285714285714
1,5,137,106,0,0,1,5,1,0,1,1,1,0,2,0,12,0,2.0,78,17,4.588235294117647
1,5,103,81,2,2,0,0,1,1,1,0,1,0,2,0,12,0,3.0,329,57,5.771929824561403
1,14,104,0,0,0,4,5,2,1,0,0,1,0,1,0,2,0,5.0,652,127,5.133858267716535
1,41,105,0,0,5,0,0,2,0,0,0,0,0,1,0,12,0,5.0,483,98,4.928571428571429
1,1,104,82,1,0,1,5,0,0,1,1,1,0,1,0,12,0,5.0,452,79,5.7215189873417724
1,6,105,0,1,0,1,5,1,1,0,0,0,0,1,0,7,0,7.0,103,19,5.421052631578948
1,12,122,97,1,1,4,4,2,2,0,0,1,0,1,250,2,0,1.0,243,47,5.170212765957447
0,48,144,0,0,0,0,0,1,0,2,2,2,0,1,0,2,0,4.0,630,125,5.04
0,2,144,0,1,1,0,0,1,0,1,0,1,0,1,80,2,0,1.0,73,14,5.214285714285714
0,84,54,0,1,0,1,5,1,0,0,0,0,0,1,0,2,0,4.0,267,52,5.134615384615385
1,6,104,0,0,2,0,0,1,1,1,1,1,0,1,50,2,0,5.0,118,22,5.363636363636363
1,6,105,0,2,4,5,5,1,1,1,0,1,0,2,0,12,0,5.0,928,179,5.184357541899441
1,2,103,0,1,5,6,0,1,2,0,0,1,0,2,0,12,0,5.0,17,3,5.666666666666667
0,3,4,114,1,0,1,0,1,1,1,1,1,0,1,0,12,0,2.0,136,28,4.857142857142857
1,7,105,0,1,0,1,5,1,0,0,0,1,0,2,0,2,0,5.0,1062,207,5.130434782608695
0,1,144,0,1,0,1,0,1,0,1,1,1,0,2,0,2,0,5.0,205,36,5.694444444444445
1,1,105,0,2,0,4,0,0,0,1,1,1,0,2,50,2,0,1.0,75,11,6.818181818181818
1,8,120,0,0,2,6,0,1,0,0,0,1,0,1,50,2,0,5.0,374,67,5.582089552238806
1,72,105,0,1,0,1,5,2,0,0,0,0,0,1,0,2,0,1.0,188,32,5.875
1,1,104,0,1,0,2,5,1,1,1,1,1,0,1,0,12,0,5.0,167,30,5.566666666666666
0,1,144,114,1,1,0,0,1,0,0,0,1,0,1,0,2,2,24.0,341,50,6.82
0,1,144,114,0,2,0,0,1,1,0,0,1,0,1,0,2,0,1.0,12,2,6.0
1,3,104,0,2,4,5,5,1,1,1,1,1,0,3,0,12,0,5.0,265,56,4.732142857142857
0,4,144,0,1,1,6,0,1,0,0,0,1,0,1,0,2,0,1.0,112,22,5.090909090909091
1,36,105,0,0,0,6,0,2,1,2,0,0,0,1,0,12,0,5.0,682,128,5.328125
1,60,104,0,0,4,5,5,2,1,0,0,0,0,1,0,12,0,8.0,298,64,4.65625
0,3,144,0,0,1,6,0,1,0,2,2,2,0,1,0,12,0,1.0,354,69,5.130434782608695
1,3,104,0,0,3,4,5,1,1,1,1,1,0,1,0,12,0,2.0,142,23,6.173913043478261
0,1,144,0,1,4,0,0,1,1,1,1,1,0,1,0,2,0,3.0,126,23,5.478260869565218
1,4,122,82,2,0,1,4,1,1,1,1,1,0,6,0,2,0,12.0,490,99,4.94949494949495
1,5,88,0,1,0,4,0,0,0,1,1,1,0,1,0,2,0,1.0,87,17,5.117647058823529
1,2,105,0,2,0,3,5,0,0,1,1,1,0,3,0,2,0,8.0,304,59,5.1525423728813555
0,4,144,114,1,0,1,0,1,0,2,2,2,0,2,0,2,0,5.0,395,70,5.642857142857143
0,1,144,114,1,0,0,0,1,1,1,1,1,0,2,0,3,0,9.0,129,23,5.608695652173913
1,12,128,0,1,1,4,0,1,1,0,0,1,0,1,0,5,0,3.0,120,18,6.666666666666667
1,1,105,0,1,1,3,0,0,0,1,1,1,0,1,0,2,0,6.0,355,70,5.071428571428571
0,12,144,0,2,1,0,0,1,1,2,2,2,0,4,0,12,0,7.0,2150,366,5.8743169398907105
1,2,135,0,2,0,5,5,1,0,1,0,1,0,2,0,12,0,7.0,87,12,7.25
1,48,105,0,0,0,5,5,2,0,0,0,0,0,1,0,2,0,6.0,309,54,5.722222222222222
1,1,84,0,2,0,5,5,0,1,1,0,1,0,5,0,12,1,6.0,497,99,5.02020202020202
0,6,144,0,1,4,0,0,1,1,1,0,1,0,1,0,12,0,6.0,326,63,5.174603174603175
0,2,144,114,1,4,0,0,1,0,0,0,1,0,1,0,3,0,6.0,458,97,4.721649484536083
0,9,144,3,1,0,0,0,0,0,0,0,0,0,1,0,2,0,5.0,149,22,6.7727272727272725
0,1,144,114,2,0,1,0,1,0,0,0,1,0,3,0,2,0,5.0,135,28,4.821428571428571
0,2,79,114,1,1,0,0,1,0,2,2,1,0,1,0,2,0,2.0,123,21,5.857142857142857
0,2,65,114,1,4,0,0,0,1,1,0,1,0,1,0,2,0,2.0,332,65,5.107692307692307
0,4,144,0,1,5,0,0,1,0,0,0,1,0,1,0,2,0,16.0,369,58,6.362068965517241
1,8,122,82,0,6,0,0,1,0,2,0,1,0,1,100,2,0,1.0,35,7,5.0
0,2,144,114,1,4,0,0,1,1,0,0,1,0,1,0,2,0,5.0,12,2,6.0
0,1,144,114,0,1,0,0,1,1,1,0,1,0,1,0,2,0,3.0,12,2,6.0
0,4,144,0,1,1,0,0,1,0,0,0,0,0,1,190,12,0,4.0,122,25,4.88
0,2,144,0,1,1,0,0,1,1,1,1,1,0,1,0,4,0,7.0,286,55,5.2
1,12,122,0,0,0,6,0,1,1,0,0,0,0,2,0,2,0,1.0,238,43,5.534883720930233
1,2,105,0,1,0,3,5,1,0,1,1,1,0,1,50,2,0,3.0,295,51,5.784313725490196
0,48,169,0,0,4,0,0,0,1,0,0,0,0,1,0,2,0,3.0,192,38,5.052631578947368
0,7,43,0,0,0,1,0,0,0,0,0,0,0,1,0,12,0,0.0,417,71,5.873239436619718
0,2,144,114,1,1,6,0,1,1,1,1,1,0,1,0,2,0,5.0,12,2,6.0
