Type,Age,Breed1,Breed2,Gender,Color1,Color2,Color3,MaturitySize,FurLength,Vaccinated,Dewormed,Sterilized,Health,Quantity,Fee,State,VideoAmt,PhotoAmt,desc_length,desc_words,average_word_length
0,9,144,0,0,1,6,0,1,0,1,0,1,0,1,0,2,0,2.0,454,91,4.989010989010989
1,12,103,0,1,5,0,0,1,1,2,0,1,1,1,0,2,0,2.0,276,52,5.3076923076923075
0,12,144,0,1,1,4,5,1,0,2,2,2,0,1,0,3,0,5.0,345,61,5.655737704918033
0,1,144,0,2,0,1,5,1,1,1,1,1,0,9,0,2,0,11.0,108,22,4.909090909090909
1,1,105,0,0,5,0,0,1,0,0,0,1,0,2,0,2,0,1.0,123,23,5.3478260869565215
0,12,8,0,0,2,0,0,2,2,0,0,1,0,1,0,2,0,1.0,73,12,6.083333333333333
0,1,144,16,1,0,1,0,0,0,1,1,1,0,6,0,2,0,5.0,57,12,4.75
0,1,144,114,1,0,1,3,1,0,1,1,1,0,4,0,2,0,4.0,232,37,6.27027027027027
1,60,104,73,1,1,2,5,1,1,0,0,0,0,1,0,12,0,2.0,186,39,4.769230769230769
1,2,105,82,1,0,1,2,1,1,1,1,1,0,2,0,12,0,2.0,137,26,5.269230769230769
0,12,5,114,0,0,1,0,1,1,0,0,0,0,1,0,2,0,10.0,88,17,5.176470588235294
0,18,54,41,1,0,1,5,1,0,0,1,2,0,1,200,2,0,3.0,42,7,6.0
0,2,144,0,1,0,1,5,1,0,1,0,1,0,1,0,12,1,6.0,594,111,5.351351351351352
0,24,144,0,0,1,0,0,1,1,2,2,0,0,1,0,12,0,0.0,12,2,6.0
1,2,105,0,2,2,5,0,0,0,1,1,1,0,2,0,2,0,4.0,161,28,5.75
1,2,104,0,1,0,0,0,0,1,1,0,1,0,1,0,0,0,4.0,518,81,6.395061728395062
1,8,105,0,1,0,1,5,0,0,1,1,1,0,1,0,2,0,5.0,154,27,5.703703703703703
1,12,105,0,1,1,6,0,1,1,1,1,2,0,1,0,2,0,5.0,34,3,11.333333333333334
0,7,5,4,0,0,3,5,1,1,0,0,0,0,1,0,12,0,5.0,584,108,5.407407407407407
1,6,105,0,0,1,2,0,1,0,2,1,1,1,1,0,2,0,4.0,455,87,5.2298850574712645
0,2,144,114,0,4,0,0,1,1,1,0,1,0,1,0,4,0,1.0,118,21,5.619047619047619
1,9,88,96,1,0,1,4,1,1,1,1,1,0,1,0,2,0,1.0,23,3,7.666666666666667
0,10,144,0,1,4,6,0,1,0,0,0,1,0,1,110,2,0,2.0,283,56,5.053571428571429
0,2,144,0,1,0,3,0,1,1,1,1,1,0,4,0,3,0,1.0,42,7,6.0
0,24,54,0,1,0,1,5,1,0,2,2,1,0,1,0,12,0,1.0,736,145,5.075862068965518
1,1,105,0,1,3,6,0,0,0,1,0,1,1,1,0,12,0,3.0,497,104,4.778846153846154
0,24,144,0,0,0,0,0,2,1,0,0,0,0,1,30,5,0,4.0,72,14,5.142857142857143
0,78,69,47,0,0,6,0,1,1,2,2,2,0,1,0,2,0,2.0,355,68,5.220588235294118
0,3,144,0,1,0,6,0,1,0,0,2,2,0,1,0,3,0,1.0,81,15,5.4
1,8,105,0,1,0,2,5,1,0,1,1,1,0,1,10,10,0,4.0,377,61,6.180327868852459
0,2,5,114,0,1,0,0,1,0,0,0,0,0,1,0,7,0,0.0,248,50,4.96
0,67,41,0,1,1,0,0,0,1,0,0,0,0,1,300,12,0,1.0,775,163,4.754601226993865
0,3,144,0,0,1,0,0,1,0,0,0,0,0,1,0,2,0,2.0,74,14,5.285714285714286
0,4,61,4,1,0,1,0,2,1,0,0,1,0,1,600,2,0,2.0,243,45,5.4
1,7,128,96,1,0,2,4,1,1,1,1,1,0,1,0,2,0,3.0,133,25,5.32
1,1,96,82,1,6,0,0,0,0,1,1,1,0,3,0,12,0,1.0,461,87,5.2988505747126435
1,1,105,0,0,0,5,5,1,0,1,1,1,0,2,0,2,0,4.0,300,53,5.660377358490566
0,5,144,114,1,0,6,0,1,0,0,0,0,0,1,0,12,0,1.0,30,5,6.0
1,2,105,0,1,0,5,5,0,0,0,0,1,0,2,0,2,0,0.0,554,96,5.770833333333333
0,36,65,114,0,4,6,0,0,1,0,0,0,0,1,0,2,0,9.0,37,6,6.166666666666667
1,1,128,82,1,1,4,0,1,0,1,1,1,0,1,0,3,0,1.0,60,8,7.5
0,3,144,0,0,1,0,0,1,0,1,0,1,0,1,0,2,0,3.0,568,110,5.163636363636364
0,10,144,0,0,1,0,0,2,1,0,0,0,0,1,0,2,1,4.0,220,36,6.111111111111111
0,4,144,0,0,0,1,0,0,0,1,0,1,0,1,0,2,1,1.0,327,61,5.360655737704918
1,8,105,0,1,2,5,5,1,0,0,0,0,0,1,0,2,1,8.0,427,83,5.144578313253012
1,24,105,0,0,1,6,0,1,0,0,0,1,0,1,0,12,0,4.0,66,13,5.076923076923077
0,30,144,0,0,0,0,0,1,1,0,0,0,0,1,0,2,0,1.0,257,52,4.9423076923076925
1,1,105,0,1,2,5,5,1,0,1,1,1,0,1,0,2,0,1.0,457,86,5.313953488372093
0,12,22,0,1,4,0,0,2,1,0,0,0,0,2,0,2,0,2.0,102,15,6.8
0,2,144,0,1,1,0,0,1,0,2,2,2,0,1,0,2,0,1.0,296,62,4.774193548387097
0,12,144,0,1,0,1,0,2,0,0,0,0,0,1,0,2,0,2.0,247,50,4.94
1,18,122,82,1,4,0,0,1,1,2,0,1,0,2,0,2,0,5.0,94,16,5.875
1,1,105,0,0,0,6,0,1,0,1,0,1,0,1,0,2,0,6.0,837,151,5.543046357615894
0,4,12,114,1,1,0,0,1,0,0,0,1,0,1,0,2,0,4.0,442,91,4.857142857142857
0,36,166,0,1,0,1,0,2,1,2,2,2,1,1,0,12,0,4.0,284,59,4.813559322033898
1,1,105,0,2,0,3,5,0,0,1,1,1,0,5,0,2,1,17.0,352,72,4.888888888888889
1,8,135,0,0,0,5,5,0,0,0,0,0,0,1,0,2,0,4.0,272,51,5.333333333333333
1,10,105,101,1,5,6,0,1,0,0,0,0,0,1,200,2,0,2.0,3809,630,6.046031746031746
1,2,104,0,1,0,1,2,1,1,1,0,1,1,1,0,2,0,2.0,937,171,5.47953216374269
1,2,105,0,1,1,0,0,1,0,0,0,1,0,1,100,12,0,8.0,763,144,5.298611111111111
0,2,144,0,0,1,2,0,0,1,1,1,1,0,1,50,2,0,1.0,139,28,4.964285714285714
1,1,105,0,1,0,5,5,0,0,1,1,1,0,1,0,12,0,1.0,425,80,5.3125
1,1,105,0,2,5,6,0,0,0,1,1,1,0,2,0,7,0,3.0,98,17,5.764705882352941
1,3,105,0,0,0,6,0,1,0,1,0,1,0,1,50,12,0,7.0,813,152,5.348684210526316
0,2,144,0,1,1,0,0,1,0,0,0,1,0,1,0,12,0,7.0,21,5,4.2
1,2,96,82,1,0,1,5,1,0,1,0,1,0,1,0,2,0,5.0,686,135,5.0814814814814815
1,3,105,96,0,3,6,0,2,1,0,0,1,0,1,0,12,0,1.0,63,7,9.0
0,48,8,0,1,2,0,0,2,2,0,0,1,0,1,0,2,0,0.0,160,28,5.714285714285714
1,2,96,0,1,0,4,5,0,1,0,0,1,0,1,0,2,0,1.0,113,20,5.65
0,2,144,0,1,1,0,0,1,0,1,1,1,0,1,20,3,0,1.0,117,20,5.85
1,4,105,0,0,5,0,0,1,0,0,1,1,0,1,0,2,0,15.0,858,161,5.329192546583851
0,3,22,114,1,1,0,0,1,0,0,0,1,0,1,0,2,0,6.0,331,63,5.253968253968254
1,2,104,0,2,0,1,5,1,1,1,1,1,0,4,0,2,0,5.0,214,39,5.487179487179487
0,24,144,0,2,1,6,0,1,0,2,0,2,0,2,0,12,0,2.0,163,31,5.258064516129032
0,1,144,0,1,0,1,0,1,0,1,1,1,0,2,0,2,0,5.0,692,124,5.580645161290323
1,1,105,0,1,3,6,0,1,0,1,0,1,0,2,0,12,0,3.0,325,53,6.132075471698113
1,1,105,82,2,1,2,5,0,1,1,1,1,0,2,0,2,0,3.0,994,193,5.150259067357513
0,2,144,0,2,0,1,5,1,0,0,0,1,0,5,0,12,0,13.0,852,163,5.226993865030675
0,1,144,114,1,0,0,0,1,0,1,1,1,0,1,0,5,0,1.0,110,19,5.7894736842105265
0,0,144,0,2,0,1,5,0,0,1,1,0,0,8,0,4,1,2.0,201,35,5.742857142857143
1,5,122,0,1,0,5,5,1,0,1,1,1,0,1,0,7,0,1.0,256,44,5.818181818181818
1,4,104,0,1,0,6,0,1,1,0,0,0,0,1,0,2,0,2.0,1191,240,4.9625
1,4,105,0,1,6,0,0,0,0,1,1,0,0,1,0,12,0,3.0,167,30,5.566666666666666
1,3,105,0,1,6,0,0,0,0,1,1,1,0,1,0,2,0,5.0,39,7,5.571428571428571
0,60,65,0,0,6,0,0,1,1,0,0,0,0,1,0,2,0,1.0,321,51,6.294117647058823
1,3,105,0,1,5,0,0,1,0,1,1,1,0,1,0,2,0,1.0,34,8,4.25
0,1,144,0,0,0,1,5,1,1,1,1,1,0,1,0,3,0,1.0,133,20,6.65
0,3,144,0,0,1,4,5,1,0,1,0,1,0,2,0,3,0,5.0,186,37,5.027027027027027
0,1,144,0,2,1,4,5,1,1,1,1,1,0,3,0,2,0,4.0,193,34,5.676470588235294
0,1,144,114,0,0,0,0,1,1,1,0,1,0,1,0,2,0,3.0,12,2,6.0
0,72,54,0,0,1,6,0,1,0,0,0,0,0,1,0,2,0,2.0,1402,236,5.940677966101695
1,2,120,0,1,0,5,5,0,0,1,0,2,0,1,50,12,0,2.0,110,23,4.782608695652174
1,2,104,0,0,0,1,3,1,1,1,0,1,0,1,0,3,0,4.0,437,81,5.395061728395062
1,7,105,0,0,0,6,0,1,0,1,1,1,0,1,0,2,0,3.0,121,21,5.761904761904762
1,2,105,0,2,2,6,0,1,0,1,1,1,0,2,30,2,0,2.0,340,59,5.762711864406779
1,20,141,86,0,1,4,0,2,2,0,0,0,0,1,100,7,0,2.0,18,3,6.0
1,48,135,88,2,5,0,0,1,0,0,0,0,0,2,0,2,0,5.0,1335,252,5.2976190476190474
0,120,60,0,2,1,6,0,0,1,0,0,0,0,2,0,12,0,1.0,372,70,5.314285714285714
0,2,144,114,0,0,1,0,1,1,0,0,1,0,1,0,12,0,2.0,108,21,5.142857142857143
0,2,144,0,2,0,1,5,1,0,1,1,1,0,6,0,2,0,5.0,310,56,5.535714285714286
1,0,105,0,2,0,1,5,1,0,1,1,1,0,5,0,12,0,1.0,136,29,4.689655172413793
1,29,105,0,0,0,6,0,0,0,0,0,1,0,1,0,2,0,4.0,388,79,4.9113924050632916
0,2,144,0,0,0,4,0,1,1,1,2,1,0,1,0,12,0,5.0,129,22,5.863636363636363
1,12,104,0,0,0,0,0,2,1,2,2,2,0,1,0,11,0,1.0,104,19,5.473684210526316
0,1,144,0,1,0,6,0,1,0,1,0,1,0,1,0,2,0,3.0,92,16,5.75
1,2,135,107,2,1,6,0,1,0,1,1,1,0,5,0,12,0,5.0,878,171,5.1345029239766085
1,2,96,63,2,2,6,0,1,1,1,0,1,0,2,0,12,0,3.0,416,78,5.333333333333333
0,7,144,0,1,4,6,0,1,0,0,0,0,0,1,0,2,0,4.0,310,56,5.535714285714286
1,2,105,0,0,1,6,0,1,0,1,0,1,0,1,0,2,0,3.0,64,10,6.4
0,24,36,0,1,1,4,0,0,2,0,0,0,0,1,200,2,0,3.0,242,43,5.627906976744186
0,3,144,4,0,1,4,0,1,0,1,0,0,0,1,0,12,0,8.0,70,11,6.363636363636363
1,11,84,81,1,0,5,5,1,1,2,2,1,0,1,250,12,0,3.0,95,17,5.588235294117647
1,3,105,82,2,0,3,4,0,0,1,1,1,0,3,0,2,0,5.0,34,7,4.857142857142857
0,36,47,114,1,0,0,0,2,0,2,2,2,0,1,350,2,1,1.0,766,150,5.1066666666666665
0,29,144,0,1,2,0,0,1,0,1,1,2,0,1,0,12,0,4.0,499,95,5.252631578947368
0,2,22,114,1,1,3,3,1,1,1,0,1,0,1,0,2,0,8.0,419,63,6.650793650793651
0,72,60,0,0,0,6,0,0,0,2,2,2,2,1,0,2,0,3.0,715,146,4.897260273972603
0,10,144,0,0,0,1,3,1,0,1,1,1,0,1,0,2,0,9.0,343,45,7.622222222222222
1,12,105,70,0,0,1,0,1,0,0,0,0,0,1,0,2,1,17.0,1858,294,6.319727891156463
0,2,144,0,0,0,0,0,1,0,2,2,2,0,1,0,12,0,3.0,844,168,5.023809523809524
0,6,144,0,0,1,0,0,0,0,0,0,1,0,1,0,2,0,3.0,71,15,4.733333333333333
1,2,104,0,0,2,6,0,2,1,1,1,1,0,2,0,2,0,16.0,169,30,5.633333333333334
0,1,144,0,0,0,1,0,1,0,1,0,1,0,1,0,3,0,4.0,277,48,5.770833333333333
1,12,105,0,2,0,6,0,1,0,0,0,0,0,2,10,12,0,3.0,893,160,5.58125
0,2,144,4,1,0,1,0,1,0,2,2,2,0,1,10,2,0,2.0,54,9,6.0
0,2,144,54,0,0,1,0,1,1,0,0,1,0,1,0,2,0,4.0,397,76,5.223684210526316
0,1,144,114,1,1,6,0,1,1,1,0,1,0,1,0,2,0,1.0,14,3,4.666666666666667
0,48,60,30,0,6,0,0,0,0,0,0,1,0,1,0,2,0,4.0,483,92,5.25
0,12,144,0,1,0,6,0,1,1,2,2,0,0,1,0,3,0,1.0,229,46,4.978260869565218
0,1,144,35,2,0,1,2,1,1,1,1,1,0,6,50,12,0,5.0,127,23,5.521739130434782
1,41,120,0,1,0,6,0,2,1,0,0,0,0,1,0,2,0,5.0,839,170,4.935294117647059
0,120,166,4,0,0,3,0,2,0,2,2,1,2,1,0,3,0,4.0,462,88,5.25
0,3,144,114,1,0,1,0,1,0,1,1,1,0,1,0,7,0,5.0,137,28,4.892857142857143
0,2,144,114,0,0,1,0,1,1,1,1,1,0,1,0,2,0,5.0,12,2,6.0
1,3,104,0,1,3,4,5,1,0,2,2,1,0,1,0,12,0,1.0,231,43,5.372093023255814
1,5,135,66,1,0,5,5,1,1,1,1,1,0,1,0,2,0,7.0,471,87,5.413793103448276
0,60,144,10,0,0,4,5,1,1,0,0,0,0,1,0,4,0,2.0,543,96,5.65625
1,3,105,0,1,0,0,0,2,1,1,1,2,0,1,0,2,0,2.0,110,22,5.0
0,7,144,48,1,0,6,0,1,0,0,0,1,0,1,100,2,0,3.0,155,24,6.458333333333333
1,1,105,0,1,0,6,0,1,0,1,0,1,0,1,0,12,0,2.0,59,9,6.555555555555555
0,48,43,0,1,0,4,0,1,0,0,0,0,0,1,0,2,0,2.0,428,85,5.035294117647059
0,8,144,0,1,1,0,0,1,0,0,0,0,0,1,0,12,0,1.0,531,106,5.009433962264151
1,22,137,81,0,2,3,0,2,1,0,0,0,0,1,50,4,0,2.0,6,1,6.0
1,5,105,0,2,0,1,0,1,0,1,0,1,0,7,0,2,0,9.0,526,105,5.0095238095238095
1,7,105,0,0,1,6,0,2,0,1,1,1,0,2,0,12,0,3.0,154,24,6.416666666666667
1,7,105,0,0,0,1,0,1,0,1,1,1,0,2,0,12,0,5.0,254,46,5.521739130434782
0,19,144,0,0,2,6,0,2,0,0,0,1,0,1,0,2,0,5.0,340,70,4.857142857142857
0,7,144,0,1,0,1,0,1,0,0,0,1,0,1,0,2,0,4.0,342,59,5.796610169491525
0,18,69,0,1,4,0,0,1,1,2,2,0,0,1,0,2,0,3.0,381,77,4.9480519480519485
1,96,122,101,1,5,0,0,2,1,0,0,0,0,2,0,12,0,5.0,719,139,5.172661870503597
1,1,135,0,2,1,5,5,0,0,1,1,1,0,5,0,2,0,6.0,986,198,4.97979797979798
0,36,144,0,0,4,5,0,0,1,2,2,2,1,1,0,2,0,3.0,581,109,5.330275229357798
1,18,105,0,1,1,0,0,1,0,2,0,0,0,1,0,12,0,3.0,717,138,5.195652173913044
1,9,105,82,0,2,0,0,1,1,1,0,0,0,1,30,2,0,4.0,126,21,6.0
1,13,104,91,1,2,6,0,1,1,0,0,0,0,1,0,2,0,4.0,279,57,4.894736842105263
0,2,99,114,0,0,1,0,2,0,0,0,1,0,1,0,2,0,3.0,109,21,5.190476190476191
0,24,69,54,0,6,0,0,1,2,0,0,0,0,1,0,2,1,4.0,292,53,5.509433962264151
0,60,41,14,1,0,0,0,0,0,2,0,1,0,1,1,2,0,2.0,287,57,5.035087719298246
1,11,105,0,1,0,3,5,1,0,0,0,0,0,1,0,2,0,11.0,539,103,5.233009708737864
1,12,105,0,1,1,3,3,1,0,1,0,0,0,1,0,2,0,1.0,302,44,6.863636363636363
1,12,122,0,1,0,1,1,0,1,0,0,0,0,1,0,5,0,5.0,270,41,6.585365853658536
0,6,144,0,1,1,6,0,1,0,0,0,0,2,1,0,12,0,6.0,794,150,5.293333333333333
0,3,144,0,0,0,6,0,1,0,0,0,1,0,1,0,2,0,1.0,137,26,5.269230769230769
0,2,144,0,0,0,1,5,0,0,0,0,1,0,1,0,2,0,2.0,91,16,5.6875
0,12,144,0,1,6,0,0,1,1,0,0,0,0,1,0,2,0,4.0,294,51,5.764705882352941
1,2,104,80,1,0,1,5,1,1,0,0,1,0,1,10,12,0,3.0,581,103,5.640776699029126
1,3,105,0,0,0,4,4,0,0,1,1,1,0,1,0,2,0,5.0,25,5,5.0
1,2,105,101,1,4,6,0,1,0,1,0,1,0,1,100,2,0,5.0,278,50,5.56
1,3,104,0,1,0,3,5,1,1,1,0,2,0,1,0,2,0,1.0,405,63,6.428571428571429
1,1,105,0,0,0,0,0,0,0,1,1,1,0,1,0,10,0,1.0,39,7,5.571428571428571
0,24,144,0,0,1,0,0,1,1,0,0,0,0,1,0,12,0,3.0,527,92,5.728260869565218
0,6,144,0,1,1,4,0,1,0,0,0,0,0,2,0,12,0,2.0,801,129,6.209302325581396
0,36,47,0,0,0,4,0,2,0,0,0,0,0,1,0,2,0,4.0,1482,286,5.181818181818182
0,36,144,0,1,1,4,5,2,1,1,1,0,0,1,0,7,0,1.0,58,10,5.8
1,36,122,0,0,2,3,4,1,1,2,2,2,0,1,0,12,0,4.0,255,56,4.553571428571429
1,12,103,96,0,3,4,5,1,1,0,0,0,0,1,100,12,0,2.0,271,55,4.927272727272728
0,1,144,0,2,0,1,5,1,0,2,2,1,0,8,0,2,0,8.0,132,19,6.947368421052632
0,7,65,114,0,1,2,5,1,1,2,2,1,0,1,0,2,0,2.0,185,31,5.967741935483871
1,2,105,0,0,0,1,0,1,0,1,1,1,0,1,0,12,0,2.0,298,56,5.321428571428571
1,1,104,0,0,0,5,5,1,1,1,1,1,0,1,0,2,0,8.0,301,61,4.934426229508197
1,2,104,0,0,3,0,0,0,0,0,0,1,0,1,0,2,0,5.0,181,39,4.641025641025641
1,2,104,0,1,2,5,5,1,1,0,0,1,0,1,0,12,0,5.0,347,57,6.087719298245614
1,1,105,0,1,5,0,0,0,1,1,1,2,1,1,0,2,0,1.0,531,107,4.962616822429907
0,2,144,0,2,0,1,5,1,0,2,2,2,0,8,0,3,0,2.0,165,28,5.892857142857143
1,5,105,82,1,0,3,5,0,0,1,1,1,0,1,0,12,0,3.0,261,47,5.553191489361702
1,5,105,0,1,0,0,0,0,0,0,0,1,0,1,100,12,0,3.0,233,44,5.295454545454546
1,2,105,0,0,0,6,0,1,0,1,0,1,0,1,0,12,0,3.0,170,30,5.666666666666667
0,1,144,0,1,1,0,0,1,1,1,1,1,0,2,0,2,0,2.0,431,83,5.192771084337349
0,1,144,0,1,2,0,0,1,0,1,1,1,0,1,0,2,0,1.0,78,16,4.875
0,3,144,76,0,0,4,5,1,0,0,0,0,0,1,0,2,0,4.0,1046,180,5.811111111111111
0,36,37,0,0,0,2,4,0,1,2,0,1,0,1,0,12,0,2.0,854,166,5.144578313253012
0,1,144,0,1,0,1,3,1,0,1,1,1,0,2,0,3,0,2.0,37,8,4.625
1,19,104,101,1,1,6,0,1,1,2,2,1,0,1,0,2,0,6.0,1797,336,5.348214285714286
1,24,105,106,1,0,1,0,1,0,1,0,0,0,1,0,2,0,4.0,836,154,5.428571428571429
1,2,105,0,2,0,1,5,1,0,1,1,1,0,4,0,12,0,5.0,80,16,5.0
0,48,60,0,0,0,1,5,0,2,1,1,1,0,1,50,7,0,1.0,116,23,5.043478260869565
1,1,104,0,0,0,6,0,1,1,1,0,1,0,1,50,2,0,5.0,685,130,5.269230769230769
0,7,17,114,1,1,4,0,1,0,0,0,0,0,1,0,12,0,9.0,207,36,5.75
1,1,122,0,1,6,0,0,1,2,1,1,1,0,1,800,2,0,3.0,103,18,5.722222222222222
0,96,62,0,0,1,0,0,0,1,2,2,1,0,1,0,2,0,1.0,377,71,5.309859154929577
1,1,105,0,1,0,5,5,0,0,1,0,1,0,2,0,2,0,7.0,817,156,5.237179487179487
0,2,144,0,1,1,2,0,1,1,2,2,2,0,1,0,2,0,2.0,109,18,6.055555555555555
1,1,105,0,0,4,6,0,0,0,1,1,1,0,1,0,2,0,1.0,183,36,5.083333333333333
1,6,104,0,1,2,6,0,1,1,1,1,2,0,1,0,12,0,5.0,128,22,5.818181818181818
1,2,104,0,1,0,3,5,0,1,1,0,1,0,1,0,12,0,5.0,578,113,5.115044247787611
0,5,144,114,0,6,0,0,1,0,1,1,1,0,1,0,2,0,2.0,147,4,36.75
1,2,103,0,1,0,1,4,0,2,1,1,1,0,1,0,2,0,5.0,31,10,3.1
1,4,82,82,0,0,1,0,0,0,1,1,2,0,1,0,7,0,1.0,57,11,5.181818181818182
0,22,144,0,0,1,4,0,1,0,0,2,0,0,1,0,4,0,6.0,226,44,5.136363636363637
1,1,105,0,1,5,0,0,0,0,1,1,1,0,1,0,2,0,7.0,335,63,5.317460317460317
1,3,144,0,1,0,2,5,0,0,2,2,2,0,1,0,12,0,7.0,238,45,5.288888888888889
0,2,144,0,1,6,0,0,1,1,2,2,2,0,1,0,0,0,1.0,64,11,5.818181818181818
0,2,144,0,1,1,0,0,1,0,1,0,1,0,4,0,4,0,2.0,452,90,5.022222222222222
0,15,144,0,0,6,0,0,1,0,1,0,0,0,1,0,2,0,5.0,395,81,4.8765432098765435
1,1,135,0,1,0,1,1,1,0,1,0,1,0,1,0,2,0,7.0,171,31,5.516129032258065
1,8,103,0,0,6,0,0,2,2,1,1,2,0,1,100,2,0,3.0,455,94,4.840425531914893
0,2,144,114,1,1,0,0,1,1,1,0,1,0,1,0,2,0,3.0,14,3,4.666666666666667
0,3,144,16,1,4,0,0,1,0,0,0,0,0,1,0,2,0,3.0,403,66,6.106060606060606
1,8,104,0,0,4,5,5,2,1,1,0,1,0,1,0,2,0,1.0,195,33,5.909090909090909
1,2,105,0,1,0,1,3,0,0,1,0,1,0,1,0,12,0,3.0,257,49,5.244897959183674
1,4,135,0,0,3,6,0,1,0,0,0,2,0,1,0,2,0,2.0,55,8,6.875
0,2,144,114,0,1,6,0,1,1,1,0,1,0,1,0,2,0,3.0,14,3,4.666666666666667
1,8,105,0,1,0,0,0,1,0,0,0,1,0,1,0,2,0,1.0,466,87,5.35632183908046
1,34,120,0,2,0,4,5,1,1,1,1,1,0,4,0,3,0,5.0,28,6,4.666666666666667
0,1,144,0,1,1,3,5,1,0,1,0,1,0,3,0,2,0,6.0,140,27,5.185185185185185
0,24,69,114,0,2,0,0,1,1,1,1,1,0,1,20,3,0,2.0,139,25,5.56
1,1,104,0,1,1,4,5,1,1,1,1,1,0,1,0,7,0,2.0,87,15,5.8
1,1,105,82,2,0,5,5,1,1,1,0,1,0,2,0,12,0,3.0,113,17,6.647058823529412
1,1,105,82,2,0,6,0,1,0,0,0,1,0,2,1,12,0,3.0,309,57,5.421052631578948
1,2,105,0,1,1,5,5,1,0,1,1,1,0,4,0,2,0,5.0,271,39,6.948717948717949
0,24,74,0,0,6,0,0,0,2,2,0,2,0,1,0,12,0,1.0,114,23,4.956521739130435
0,2,144,6,1,1,0,0,1,1,0,0,1,0,2,0,3,0,0.0,41,6,6.833333333333333
1,3,105,0,0,1,3,4,1,0,1,0,1,0,1,0,2,0,5.0,53,11,4.818181818181818
0,2,144,0,1,1,6,0,1,0,1,1,1,0,1,0,2,1,8.0,280,57,4.912280701754386
1,9,131,0,0,1,6,0,1,0,0,0,0,0,1,0,4,0,1.0,162,33,4.909090909090909
0,1,144,114,1,1,6,0,1,1,0,0,1,0,1,0,12,0,9.0,226,46,4.913043478260869
0,12,54,0,1,0,1,5,0,0,0,0,0,0,1,300,7,0,1.0,86,16,5.375
1,2,104,0,1,0,1,5,0,1,1,0,1,0,1,0,3,0,3.0,39,7,5.571428571428571
0,3,144,0,2,4,0,0,1,0,1,1,1,0,5,0,2,0,1.0,207,40,5.175
0,24,41,0,0,4,0,0,1,1,0,0,1,0,1,0,2,0,4.0,147,28,5.25
0,12,144,0,2,1,0,0,1,1,2,2,2,0,4,0,12,0,3.0,2150,366,5.8743169398907105
0,11,8,0,1,2,6,0,2,1,0,0,1,0,1,0,2,0,1.0,530,103,5.145631067961165
0,5,144,0,1,1,4,0,2,1,1,0,1,0,1,0,2,0,2.0,29,5,5.8
1,1,105,0,2,2,3,4,1,0,1,1,1,0,4,0,12,0,7.0,471,77,6.116883116883117
0,2,144,0,1,1,3,0,1,1,1,0,2,0,3,0,7,0,4.0,14,4,3.5
0,24,159,0,1,1,4,0,0,1,0,0,0,0,1,0,12,0,6.0,166,34,4.882352941176471
1,24,114,0,1,1,5,0,2,2,1,0,1,0,1,0,12,0,1.0,59,9,6.555555555555555
1,1,104,0,0,4,6,0,1,1,1,1,2,0,1,0,2,2,3.0,227,38,5.973684210526316
0,12,144,0,1,4,0,0,1,0,1,0,0,0,1,0,7,0,5.0,448,91,4.923076923076923
0,24,144,0,0,4,0,0,1,0,0,0,0,0,1,0,12,0,1.0,203,40,5.075
0,48,144,0,1,5,0,0,2,1,0,0,0,0,1,0,12,0,5.0,280,48,5.833333333333333
0,60,41,0,1,4,0,0,0,1,0,0,0,0,1,0,7,0,1.0,86,18,4.777777777777778
0,22,60,0,1,4,6,0,1,0,0,0,1,0,1,0,2,0,3.0,460,80,5.75
0,2,144,0,1,1,6,0,1,0,0,0,1,0,1,0,2,3,2.0,2210,427,5.1756440281030445
0,60,61,0,1,0,5,0,1,1,2,2,2,0,1,0,2,0,2.0,214,42,5.095238095238095
0,1,144,0,0,1,6,0,1,1,0,0,1,0,1,0,2,0,5.0,393,69,5.695652173913044
1,6,105,0,2,4,5,5,1,1,1,0,1,0,2,0,12,0,5.0,928,179,5.184357541899441
1,2,105,0,0,0,6,0,1,0,1,1,1,0,1,0,2,0,2.0,245,44,5.568181818181818
0,1,144,114,0,0,1,0,1,1,1,0,1,0,1,0,2,0,1.0,14,3,4.666666666666667
0,3,144,114,1,0,0,0,1,0,0,0,1,0,1,0,2,0,2.0,149,29,5.137931034482759
0,12,144,0,0,0,1,0,2,1,1,0,1,0,1,0,12,0,6.0,675,143,4.72027972027972
1,1,103,0,0,0,6,0,1,1,1,0,1,0,1,0,2,0,1.0,667,139,4.798561151079137
0,36,69,114,0,0,6,0,1,1,0,0,0,0,1,0,2,0,2.0,223,40,5.575
1,2,105,0,1,0,6,0,1,0,1,1,1,0,1,0,2,0,8.0,245,44,5.568181818181818
1,12,105,0,0,1,0,0,1,0,0,0,0,0,1,350,2,0,3.0,423,78,5.423076923076923
0,1,144,0,1,0,0,0,1,0,2,2,1,0,1,0,2,0,1.0,122,21,5.809523809523809
0,3,144,0,0,0,0,0,1,0,2,2,1,0,1,0,2,0,2.0,91,16,5.6875
1,12,93,0,1,5,0,0,1,0,2,2,2,0,1,0,2,0,3.0,98,20,4.9
1,10,105,0,1,5,6,0,1,0,1,1,1,0,1,0,2,0,4.0,95,20,4.75
0,1,144,0,1,0,0,0,1,0,1,1,1,0,6,0,2,0,8.0,414,74,5.594594594594595
0,3,144,0,0,1,0,0,1,0,1,1,1,0,1,0,2,0,1.0,231,41,5.634146341463414
0,4,144,0,1,6,0,0,1,1,1,1,1,0,1,0,2,0,7.0,1290,251,5.139442231075697
1,3,104,0,1,0,1,5,0,1,1,0,1,0,1,1,2,0,3.0,21,4,5.25
1,1,104,81,1,0,1,4,1,1,1,1,1,0,2,0,12,0,7.0,541,106,5.10377358490566
0,60,60,0,1,0,6,0,0,1,2,0,0,0,1,0,2,0,1.0,461,94,4.904255319148936
0,2,144,0,0,2,4,0,1,0,1,0,1,0,1,0,2,0,4.0,261,48,5.4375
0,1,144,0,2,0,1,0,1,1,1,1,1,1,2,0,4,0,6.0,128,21,6.095238095238095
0,2,144,0,0,1,0,0,1,1,0,0,1,0,1,0,2,0,1.0,223,42,5.309523809523809
1,1,105,0,0,1,3,3,1,0,1,1,1,0,1,0,1,0,4.0,370,62,5.967741935483871
0,4,144,0,2,0,2,3,1,0,0,0,1,0,4,0,12,0,4.0,329,58,5.672413793103448
1,1,105,0,2,0,4,5,1,0,1,1,1,0,5,0,12,0,3.0,232,37,6.27027027027027
1,2,105,106,1,0,5,0,1,0,1,0,1,0,1,0,12,0,11.0,1398,250,5.592
1,2,105,0,1,0,1,5,1,1,1,1,1,0,1,0,12,0,8.0,54,9,6.0
0,12,144,0,1,1,0,0,1,0,0,0,0,0,1,0,2,0,2.0,507,91,5.571428571428571
0,3,144,0,0,1,0,0,1,0,0,0,1,0,1,0,2,0,3.0,283,50,5.66
1,2,105,0,2,0,1,5,1,0,1,1,1,0,2,0,2,0,6.0,459,88,5.215909090909091
0,2,144,0,1,0,1,0,1,1,0,0,2,0,1,0,0,0,1.0,106,19,5.578947368421052
0,36,51,114,0,1,5,0,0,1,2,2,0,0,1,0,2,0,4.0,271,53,5.113207547169812
1,3,122,0,1,0,5,0,0,2,1,1,1,0,1,0,2,0,1.0,16,3,5.333333333333333
1,24,104,81,2,1,3,5,1,1,0,2,2,0,6,0,2,0,5.0,90,15,6.0
0,3,69,39,1,0,5,0,1,1,0,0,0,0,1,300,12,0,9.0,299,43,6.953488372093023
1,1,120,0,0,4,5,5,1,1,1,1,1,0,1,0,2,0,3.0,19,3,6.333333333333333
0,2,144,0,1,1,0,0,2,1,1,0,1,1,1,0,2,0,2.0,337,51,6.607843137254902
1,10,104,82,0,3,6,0,2,1,1,1,1,0,1,0,12,0,1.0,626,122,5.131147540983607
0,11,144,0,0,4,0,0,2,0,0,0,1,0,1,0,4,0,4.0,445,86,5.174418604651163
0,4,144,114,1,0,1,0,1,0,2,2,2,0,2,0,2,0,5.0,395,70,5.642857142857143
0,12,169,0,1,1,2,0,0,1,0,0,0,0,1,0,12,0,4.0,488,95,5.136842105263158
1,1,135,82,0,0,5,5,1,0,1,0,1,0,1,0,2,0,4.0,839,140,5.992857142857143
0,24,144,0,1,1,0,0,1,0,0,0,0,0,1,500,2,0,6.0,17,2,8.5
0,1,144,0,0,0,1,5,1,0,1,1,1,0,1,0,2,0,1.0,46,9,5.111111111111111
1,4,105,0,1,5,0,0,1,1,0,0,1,0,1,0,12,0,4.0,290,49,5.918367346938775
0,3,144,0,0,1,0,0,1,0,2,2,1,0,1,0,2,0,2.0,109,23,4.739130434782608
0,48,144,0,1,1,0,0,1,0,0,0,0,0,1,0,2,0,1.0,200,38,5.2631578947368425
1,17,105,0,1,0,5,5,0,0,0,2,2,1,1,0,2,0,4.0,564,112,5.035714285714286
1,3,104,81,1,0,5,5,0,1,1,0,0,0,3,0,7,0,9.0,347,12,28.916666666666668
0,1,144,9,1,0,1,0,1,0,0,0,0,0,1,0,2,0,12.0,364,66,5.515151515151516
0,2,144,114,1,2,0,0,2,1,1,1,1,0,6,0,7,0,5.0,158,24,6.583333333333333
0,36,60,39,0,0,1,4,0,1,0,0,1,0,1,0,7,0,0.0,49,7,7.0
1,1,105,0,0,0,6,0,0,0,1,1,1,0,1,0,2,0,2.0,187,37,5.054054054054054
1,3,105,0,1,6,0,0,0,0,1,1,1,0,1,0,3,0,2.0,16,3,5.333333333333333
0,2,144,0,1,1,4,0,1,1,1,0,1,0,1,0,12,0,1.0,129,25,5.16
1,5,104,0,0,2,6,0,0,1,1,0,1,0,1,150,2,0,30.0,3248,594,5.468013468013468
1,24,104,0,1,0,6,0,1,1,0,0,0,0,1,0,12,0,3.0,434,77,5.636363636363637
0,1,144,0,1,0,1,0,1,0,2,2,2,0,1,0,2,0,2.0,76,13,5.846153846153846
0,6,8,6,0,1,3,0,2,1,0,0,1,0,1,0,2,0,2.0,188,35,5.371428571428571
0,5,144,0,1,0,0,0,1,1,0,0,1,0,1,0,2,1,15.0,472,77,6.12987012987013
1,4,105,0,0,1,2,0,1,1,1,1,1,0,1,0,2,0,4.0,414,89,4.651685393258427
1,1,105,0,0,4,0,0,1,0,1,1,1,0,3,0,2,0,5.0,276,57,4.842105263157895
0,1,144,114,0,1,6,0,1,1,1,1,1,0,1,0,12,0,3.0,70,13,5.384615384615385
1,0,128,0,2,0,4,5,1,1,1,1,1,0,5,0,2,0,5.0,377,78,4.833333333333333
1,8,105,0,0,5,6,0,0,0,0,0,0,0,1,0,12,0,2.0,358,70,5.114285714285714
0,2,144,0,1,3,6,0,0,0,0,2,1,0,1,0,2,0,4.0,148,27,5.481481481481482
0,48,41,30,0,4,0,0,0,2,0,0,0,1,1,0,12,0,6.0,899,129,6.9689922480620154
0,2,144,114,1,4,0,0,1,1,1,0,1,0,1,0,2,0,8.0,12,2,6.0
1,24,105,0,1,2,6,0,1,1,1,1,0,0,1,0,12,0,2.0,380,75,5.066666666666666
0,2,144,0,2,0,1,5,1,0,1,1,1,0,2,0,2,0,21.0,1510,276,5.471014492753623
0,2,144,0,1,0,6,0,1,1,1,1,1,0,2,0,3,0,3.0,1358,245,5.542857142857143
1,1,105,0,2,3,6,0,1,0,1,1,1,0,6,0,7,0,5.0,94,16,5.875
1,1,104,82,2,0,1,0,1,1,1,1,1,0,2,0,12,0,4.0,179,36,4.972222222222222
1,26,122,101,1,1,4,0,1,1,1,0,1,0,1,0,2,0,2.0,55,10,5.5
1,12,105,0,0,2,3,0,1,0,0,0,0,0,1,0,2,0,2.0,180,34,5.294117647058823
0,2,144,0,1,1,6,0,1,0,1,1,1,0,1,0,2,0,2.0,175,34,5.147058823529412
0,24,150,0,2,1,6,0,1,0,0,0,0,0,2,0,12,0,1.0,550,108,5.092592592592593
0,2,144,114,1,0,0,0,1,1,0,0,1,0,1,0,12,0,3.0,279,47,5.9361702127659575
1,2,135,0,1,0,5,5,1,0,1,1,1,0,2,0,12,0,1.0,172,31,5.548387096774194
1,8,103,0,1,2,3,5,1,2,2,2,1,0,1,0,12,0,1.0,184,32,5.75
0,1,144,0,0,0,1,5,1,1,2,2,2,0,1,0,2,0,5.0,129,21,6.142857142857143
0,0,144,0,0,0,0,0,0,0,2,2,2,0,1,0,2,0,3.0,191,34,5.617647058823529
1,1,105,0,0,3,0,0,0,0,1,1,1,0,1,0,12,0,4.0,326,65,5.015384615384615
1,5,96,0,1,0,1,5,0,0,0,0,0,0,1,200,7,0,6.0,1240,233,5.3218884120171674
0,3,144,114,1,1,6,0,1,0,0,0,1,0,1,0,3,0,4.0,232,41,5.658536585365853
1,3,128,82,1,4,5,0,0,0,1,1,1,0,1,0,2,0,14.0,525,110,4.7727272727272725
0,2,144,0,2,1,6,0,0,0,0,0,1,0,3,0,2,0,10.0,473,86,5.5
0,3,144,0,1,0,0,0,1,0,2,2,2,0,1,0,2,0,3.0,442,85,5.2
0,2,144,0,0,1,6,0,0,0,2,2,2,0,1,0,2,0,1.0,253,42,6.023809523809524
1,2,105,0,1,0,1,5,1,0,0,0,1,0,1,0,2,0,5.0,685,136,5.036764705882353
0,3,144,16,0,0,1,1,2,0,1,0,1,0,1,0,2,0,18.0,240,42,5.714285714285714
0,1,144,0,1,1,0,0,1,0,1,1,1,0,1,20,3,0,1.0,122,21,5.809523809523809
0,12,144,6,0,0,0,0,1,1,2,2,0,0,1,150,5,0,3.0,296,56,5.285714285714286
1,2,105,0,0,2,0,0,0,0,1,1,1,1,1,0,2,0,3.0,579,130,4.453846153846154
0,26,144,0,1,0,0,0,1,0,0,0,0,0,1,0,2,0,2.0,187,34,5.5
1,2,128,0,1,5,6,0,0,0,1,1,1,0,1,0,12,0,4.0,183,37,4.945945945945946
0,24,145,116,0,0,6,0,1,2,0,0,1,0,1,0,2,0,0.0,200,35,5.714285714285714
1,5,128,81,0,1,4,0,1,1,1,1,1,0,1,50,2,0,5.0,270,49,5.510204081632653
1,1,105,0,1,0,2,5,1,0,1,1,1,0,1,0,2,0,3.0,404,81,4.987654320987654
1,3,104,0,0,3,0,0,0,1,1,1,1,0,1,0,12,0,4.0,173,28,6.178571428571429
0,3,144,0,1,6,0,0,1,0,1,1,1,0,1,0,2,0,1.0,325,68,4.779411764705882
0,1,144,0,1,1,4,0,1,0,0,0,1,0,5,0,12,0,10.0,1782,350,5.091428571428572
0,2,144,0,1,0,1,5,1,1,1,0,1,0,1,0,3,0,1.0,1026,181,5.668508287292818
0,1,69,114,1,0,1,0,1,1,0,2,1,0,1,0,2,0,3.0,124,22,5.636363636363637
0,36,164,114,1,1,0,0,0,1,2,2,2,0,1,0,3,0,1.0,187,34,5.5
0,6,164,47,1,1,4,0,0,1,2,0,0,0,1,0,12,0,5.0,461,77,5.987012987012987
0,2,144,0,1,0,1,0,1,0,0,0,1,0,1,0,2,0,1.0,954,168,5.678571428571429
0,1,144,114,2,0,1,1,0,0,1,1,1,0,5,0,12,0,3.0,140,29,4.827586206896552
1,15,105,0,0,3,6,0,2,0,0,0,0,0,1,0,12,0,2.0,137,22,6.2272727272727275
0,12,144,0,1,6,0,0,2,0,0,0,0,0,1,0,12,0,0.0,430,83,5.180722891566265
0,1,144,0,2,1,0,0,1,0,1,0,1,0,2,0,2,0,1.0,44,8,5.5
1,12,93,78,1,5,0,0,1,1,0,0,1,0,1,160,2,0,3.0,371,64,5.796875
1,3,105,0,0,0,0,0,0,0,1,0,1,0,1,0,5,0,6.0,50,9,5.555555555555555
0,24,144,0,1,0,0,0,1,0,0,0,0,0,2,0,2,0,6.0,188,39,4.82051282051282
0,5,144,0,1,1,0,0,1,0,0,0,2,0,1,0,2,0,6.0,425,82,5.182926829268292
0,4,30,114,0,4,0,0,0,0,1,1,1,0,1,0,2,0,3.0,155,30,5.166666666666667
1,5,141,66,1,5,6,0,1,0,1,0,1,0,2,0,12,0,1.0,174,34,5.117647058823529
0,5,40,0,0,1,4,0,0,1,0,0,1,0,1,500,2,0,2.0,924,186,4.967741935483871
1,3,105,0,0,0,5,5,0,0,1,1,1,0,1,0,12,0,2.0,27,6,4.5
0,37,144,0,1,0,6,0,1,0,0,0,0,0,1,80,2,1,5.0,1277,206,6.199029126213592
1,12,105,0,1,0,6,0,1,0,0,0,0,0,1,0,2,0,2.0,232,45,5.155555555555556
0,2,144,0,0,0,1,0,1,0,0,0,1,0,1,50,3,0,2.0,154,21,7.333333333333333
0,24,144,0,0,1,4,5,1,0,2,2,1,0,1,0,2,0,2.0,382,78,4.897435897435898
1,6,143,82,1,0,6,0,1,0,0,0,1,0,1,0,3,0,7.0,697,112,6.223214285714286
0,2,144,114,0,1,0,0,1,1,0,0,1,0,1,0,2,0,4.0,12,2,6.0
1,8,114,97,1,0,1,4,1,2,1,1,1,0,1,100,2,0,4.0,204,41,4.975609756097561
1,7,135,106,2,0,3,5,1,1,0,0,0,0,2,0,2,0,2.0,282,57,4.947368421052632
1,2,105,0,2,0,3,5,0,0,1,1,1,0,3,0,12,0,9.0,659,119,5.53781512605042
1,3,105,0,2,1,6,0,0,1,2,2,2,0,6,0,12,0,5.0,261,52,5.019230769230769
1,3,104,0,0,0,0,0,1,1,1,0,1,0,1,0,2,0,5.0,105,20,5.25
1,12,105,0,1,0,6,0,1,0,2,2,2,0,1,0,2,0,3.0,67,16,4.1875
0,12,144,0,1,1,6,0,1,0,0,0,0,0,1,10,3,0,3.0,921,191,4.821989528795812
1,14,100,66,0,2,6,0,0,2,1,1,1,0,1,0,12,0,2.0,114,24,4.75
0,2,144,0,1,3,0,0,0,0,1,0,1,0,1,0,2,0,2.0,86,16,5.375
0,9,144,0,0,0,1,0,1,0,0,0,0,0,1,0,12,0,5.0,199,37,5.378378378378378
0,2,144,0,0,1,3,0,1,1,0,0,1,0,1,0,2,0,4.0,384,73,5.260273972602739
0,108,47,0,1,0,0,0,2,1,2,2,2,1,1,0,12,0,1.0,355,74,4.797297297297297
0,4,144,114,1,0,6,0,1,0,0,0,1,0,1,100,2,0,8.0,12,3,4.0
0,1,144,114,1,0,6,0,0,0,1,0,1,0,1,0,2,2,9.0,237,43,5.511627906976744
1,21,135,0,0,3,6,0,1,0,0,0,0,0,1,0,2,0,3.0,212,39,5.435897435897436
0,36,13,0,1,1,4,0,2,1,2,2,0,0,1,0,2,0,3.0,299,61,4.901639344262295
0,2,144,114,0,1,0,0,1,1,0,0,1,0,1,0,12,0,1.0,283,51,5.549019607843137
1,12,105,0,0,3,6,0,2,1,1,1,1,0,1,0,12,0,3.0,420,64,6.5625
1,1,105,0,0,0,4,4,1,0,1,1,1,0,1,0,2,2,5.0,882,168,5.25
0,1,144,0,1,1,0,0,1,0,0,0,0,0,1,0,2,0,1.0,206,42,4.904761904761905
1,12,105,0,1,1,0,0,0,0,1,1,1,0,1,0,2,0,5.0,172,31,5.548387096774194
1,4,104,0,0,2,0,0,1,1,0,0,1,0,1,0,2,0,6.0,149,31,4.806451612903226
1,48,120,0,1,0,1,5,1,1,0,0,0,0,1,0,12,0,0.0,384,70,5.485714285714286
0,5,144,0,0,1,6,0,1,0,0,0,1,0,1,0,7,0,5.0,268,44,6.090909090909091
0,2,144,0,1,0,6,0,0,1,1,0,1,0,1,0,2,0,1.0,76,17,4.470588235294118
1,30,104,0,1,4,5,5,1,1,0,0,0,0,1,1,2,0,1.0,156,28,5.571428571428571
0,0,144,0,1,3,6,0,0,1,1,1,1,0,1,0,2,0,1.0,221,46,4.804347826086956
1,2,105,0,0,2,6,0,1,0,1,0,1,0,1,0,5,0,4.0,564,95,5.936842105263158
1,12,105,0,1,3,6,0,1,0,1,0,1,0,1,0,2,0,2.0,453,68,6.661764705882353
1,3,105,0,0,3,6,0,0,0,0,0,0,0,1,0,12,0,7.0,112,19,5.894736842105263
1,1,105,110,1,0,1,0,1,0,1,0,1,0,1,0,2,0,3.0,47,10,4.7
1,6,104,0,2,0,1,0,1,1,0,0,1,0,3,0,12,0,7.0,593,108,5.4907407407407405
1,2,140,81,1,0,1,2,1,1,0,1,1,0,1,50,2,0,2.0,319,61,5.229508196721311
1,12,103,81,0,0,5,5,2,2,0,0,0,0,1,0,2,0,2.0,141,29,4.862068965517241
0,12,144,0,1,4,0,0,0,0,0,1,1,0,1,0,12,0,2.0,511,95,5.378947368421053
0,1,22,114,1,1,0,0,1,0,2,2,1,0,1,0,2,0,1.0,116,21,5.523809523809524
0,6,144,0,1,0,0,0,2,1,0,0,0,0,1,0,4,1,6.0,267,50,5.34
1,2,105,0,0,2,6,0,0,0,0,0,1,0,1,65,12,0,15.0,2730,479,5.69937369519833
0,12,144,0,0,4,6,0,1,1,0,0,2,0,1,0,2,0,2.0,20,4,5.0
1,12,120,0,0,0,6,0,2,1,1,1,1,0,1,0,2,0,3.0,315,57,5.526315789473684
0,4,144,114,1,0,1,0,1,1,1,1,1,0,1,0,4,0,7.0,235,41,5.7317073170731705
0,3,144,0,1,0,0,0,1,0,0,0,1,0,1,0,2,0,6.0,371,72,5.152777777777778
1,2,105,0,2,0,1,4,0,1,1,1,1,0,3,30,2,0,4.0,498,90,5.533333333333333
1,2,105,0,1,4,6,0,0,0,1,0,1,0,1,0,12,0,1.0,695,132,5.265151515151516
1,3,105,0,1,1,0,0,0,1,1,0,1,0,1,0,12,0,2.0,114,21,5.428571428571429
1,6,104,0,1,5,0,0,1,1,1,1,1,0,1,0,2,0,2.0,16,3,5.333333333333333
0,2,144,114,2,0,1,5,1,0,1,1,1,0,6,0,2,0,5.0,200,37,5.405405405405405
0,0,144,0,0,1,6,0,1,0,1,0,1,0,1,0,2,0,4.0,263,51,5.1568627450980395
1,7,104,82,1,1,4,5,1,1,1,1,1,0,2,0,12,0,5.0,265,48,5.520833333333333
1,10,105,72,0,0,6,0,2,0,2,2,2,0,1,0,12,0,3.0,542,109,4.972477064220183
1,8,104,0,1,1,0,0,1,1,1,1,1,0,1,0,3,0,2.0,128,21,6.095238095238095
0,3,144,0,1,0,1,1,2,0,2,2,2,0,2,0,3,0,1.0,97,18,5.388888888888889
0,2,144,114,1,0,3,0,0,0,0,0,2,0,1,0,2,0,1.0,506,102,4.96078431372549
0,12,144,0,0,1,6,0,1,0,1,0,1,0,1,0,2,0,2.0,206,36,5.722222222222222
0,77,51,0,0,5,0,0,1,0,0,0,0,0,1,0,12,0,3.0,81,12,6.75
0,24,8,0,1,2,0,0,1,2,0,0,0,0,1,0,2,0,0.0,234,32,7.3125
1,7,135,0,1,0,3,4,1,1,1,1,1,0,1,0,2,0,1.0,187,36,5.194444444444445
0,3,144,0,0,1,0,0,1,1,0,0,1,0,1,50,2,0,2.0,78,16,4.875
1,5,143,0,0,0,6,0,0,1,1,1,1,0,2,0,2,1,4.0,888,161,5.515527950310559
1,12,104,0,1,2,0,0,1,1,1,1,1,0,1,0,7,0,3.0,400,86,4.651162790697675
1,6,105,0,0,0,0,0,1,0,0,0,1,0,1,0,2,0,4.0,16,3,5.333333333333333
1,12,104,0,1,6,0,0,1,1,1,2,2,0,1,0,0,0,1.0,10,2,5.0
1,2,104,81,1,5,0,0,1,1,1,0,1,0,1,0,12,0,3.0,155,26,5.961538461538462
1,24,84,63,1,5,6,0,0,0,0,0,0,0,2,0,2,0,3.0,168,28,6.0
0,3,144,0,2,1,2,3,1,0,1,0,1,0,7,15,2,1,14.0,536,97,5.525773195876289
0,3,8,52,2,0,1,1,1,0,2,2,2,0,3,0,7,0,3.0,230,38,6.052631578947368
0,7,144,114,0,0,1,2,1,0,0,0,2,0,1,0,7,0,0.0,140,29,4.827586206896552
0,1,144,0,1,0,1,5,1,1,1,1,1,0,1,0,3,0,2.0,94,15,6.266666666666667
1,1,84,0,1,0,1,0,1,0,1,1,1,0,1,0,12,0,5.0,215,37,5.8108108108108105
0,5,144,0,0,2,3,0,0,0,0,0,1,0,1,0,2,0,5.0,290,53,5.471698113207547
0,12,144,0,1,2,3,0,1,1,1,0,1,0,1,0,4,0,3.0,151,31,4.870967741935484
0,2,144,0,1,0,1,0,1,1,0,0,1,0,1,0,2,0,1.0,29,5,5.8
1,2,105,0,0,0,1,4,0,0,1,0,1,0,5,0,12,0,5.0,123,25,4.92
0,2,144,0,1,1,6,0,0,0,0,0,1,0,1,0,12,0,2.0,534,100,5.34
0,1,144,114,1,0,1,0,1,1,1,1,1,0,1,0,2,0,1.0,12,2,6.0
0,60,166,0,1,0,0,0,2,0,0,0,0,0,1,300,2,0,2.0,267,39,6.846153846153846
0,14,144,0,1,1,2,0,1,0,0,0,0,0,1,0,2,0,5.0,385,70,5.5
1,4,104,0,0,6,0,0,1,1,0,0,0,0,1,0,2,0,5.0,1800,323,5.572755417956657
1,6,128,82,0,2,0,0,1,1,1,1,1,0,1,0,2,0,2.0,292,58,5.0344827586206895
1,12,105,0,0,0,6,0,1,0,2,2,1,0,1,0,12,0,3.0,60,12,5.0
1,2,105,0,0,1,2,5,1,0,1,1,1,0,1,0,3,0,2.0,116,22,5.2727272727272725
1,36,105,106,0,0,5,0,1,0,0,0,0,0,1,0,12,0,6.0,2190,408,5.367647058823529
0,96,13,0,1,1,0,0,2,1,0,0,0,0,1,350,12,0,2.0,90,18,5.0
1,3,105,0,1,0,6,0,0,0,1,1,1,0,1,0,12,0,1.0,241,45,5.355555555555555
0,3,144,0,0,6,0,0,1,0,0,0,0,0,1,0,2,3,5.0,105,21,5.0
1,4,105,81,1,0,3,5,0,0,2,2,2,0,2,0,2,0,5.0,228,38,6.0
0,24,144,0,0,0,3,0,1,0,1,1,1,0,1,0,2,0,2.0,765,146,5.239726027397261
1,9,105,0,1,1,6,0,1,0,1,1,1,0,1,0,12,0,1.0,325,62,5.241935483870968
1,24,105,0,0,3,0,0,1,0,1,1,1,1,1,0,12,0,2.0,732,132,5.545454545454546
0,1,144,114,1,4,0,0,1,0,1,1,1,0,1,0,3,0,1.0,115,23,5.0
0,4,144,0,0,1,0,0,1,1,0,0,1,0,1,0,2,0,1.0,44,8,5.5
1,3,105,0,0,1,0,0,1,0,1,1,1,0,1,0,2,0,3.0,50,8,6.25
1,4,105,0,0,0,1,5,2,0,1,1,1,0,1,0,12,0,3.0,1,1,1.0
1,1,105,0,2,0,3,5,0,0,1,1,1,0,3,0,2,0,7.0,524,103,5.087378640776699
1,12,140,0,1,0,1,1,0,1,0,0,0,0,1,300,2,0,4.0,320,56,5.714285714285714
0,2,144,0,1,6,0,0,1,1,1,0,1,0,1,0,3,0,1.0,59,8,7.375
0,60,144,0,0,1,4,5,1,1,2,2,2,0,1,0,2,0,2.0,767,146,5.2534246575342465
0,5,144,0,1,0,0,0,1,0,2,2,2,0,1,0,12,0,2.0,223,41,5.439024390243903
0,12,144,0,0,0,2,0,2,1,0,0,2,0,1,0,12,0,2.0,229,46,4.978260869565218
1,24,103,0,0,0,6,0,1,2,0,0,1,0,1,200,2,0,1.0,360,69,5.217391304347826
0,1,144,0,1,1,2,3,1,1,1,1,1,0,1,0,2,0,3.0,205,39,5.256410256410256
0,5,144,0,0,1,0,0,1,0,0,0,1,0,1,0,2,0,4.0,253,45,5.622222222222222
1,2,135,94,2,0,5,5,1,1,1,1,1,0,5,0,2,0,5.0,684,123,5.560975609756097
1,84,122,86,1,4,0,0,1,2,0,0,0,0,2,0,12,0,2.0,583,111,5.252252252252252
0,1,144,0,2,1,0,0,0,0,1,1,1,0,5,0,2,0,0.0,194,37,5.243243243243243
0,3,144,114,1,0,1,5,1,1,1,0,1,0,1,0,2,0,0.0,170,34,5.0
0,2,144,0,0,0,1,0,1,1,1,0,1,0,1,0,2,0,4.0,602,127,4.74015748031496
0,37,144,0,0,0,0,0,2,0,0,0,0,0,2,0,2,0,2.0,19,3,6.333333333333333
0,2,144,0,1,0,1,0,1,0,0,0,0,0,1,0,2,0,5.0,662,127,5.21259842519685
0,6,144,0,1,0,1,0,1,0,0,0,0,0,1,150,2,0,3.0,499,86,5.8023255813953485
1,5,105,0,2,5,6,0,0,0,0,0,0,0,2,0,12,0,5.0,30,5,6.0
0,2,144,0,1,3,0,0,1,1,1,0,1,0,1,0,12,0,0.0,139,26,5.346153846153846
1,15,104,0,1,6,0,0,1,1,1,0,1,0,1,0,4,0,1.0,61,10,6.1
1,3,105,0,1,2,6,0,1,0,1,1,1,0,1,10,10,0,2.0,428,74,5.783783783783784
0,2,144,0,0,2,0,0,1,1,0,0,1,0,1,0,2,0,1.0,295,56,5.267857142857143
1,12,83,62,0,0,5,5,1,1,2,2,2,0,1,0,12,0,1.0,172,36,4.777777777777778
1,84,105,0,0,0,5,5,2,0,0,0,0,0,1,0,12,0,5.0,27,7,3.857142857142857
0,15,144,0,1,1,0,0,1,0,1,0,1,0,1,0,2,0,4.0,356,63,5.650793650793651
1,0,105,0,1,2,4,5,1,0,1,0,1,0,1,0,2,0,1.0,562,110,5.109090909090909
1,12,109,85,1,0,0,0,1,1,0,1,0,0,1,0,2,0,3.0,116,23,5.043478260869565
1,4,104,0,0,4,0,0,1,0,1,1,2,0,3,0,2,0,2.0,26,1,26.0
1,3,105,96,0,0,1,5,0,1,1,1,1,0,3,0,4,0,6.0,73,15,4.866666666666666
1,2,105,0,1,0,6,0,1,0,1,0,1,0,1,0,2,0,5.0,571,103,5.543689320388349
0,1,144,0,0,0,1,0,1,1,1,1,1,0,1,0,3,0,1.0,131,22,5.954545454545454
0,2,144,0,1,1,0,0,1,1,1,0,1,0,1,0,2,0,1.0,34,6,5.666666666666667
1,9,135,82,1,1,2,0,1,0,1,1,1,0,1,0,2,0,3.0,571,118,4.838983050847458
0,2,144,0,1,0,2,0,1,1,1,1,1,0,1,0,2,0,3.0,332,66,5.03030303030303
0,1,144,114,2,1,4,0,1,0,1,1,1,0,2,0,12,0,3.0,144,31,4.645161290322581
0,2,144,0,0,1,5,5,0,0,0,0,1,0,1,0,2,0,4.0,91,16,5.6875
0,2,166,114,1,0,1,0,1,0,0,0,1,0,1,0,2,0,4.0,123,22,5.590909090909091
1,3,104,0,1,5,6,0,1,1,0,0,1,0,1,0,12,0,8.0,225,42,5.357142857142857
0,3,144,0,1,4,0,0,1,1,1,1,1,0,1,0,2,0,5.0,32,6,5.333333333333333
1,11,105,82,0,0,1,1,2,0,0,2,2,0,1,0,2,0,0.0,70,12,5.833333333333333
0,7,91,69,1,1,0,0,2,1,0,0,1,0,1,0,2,0,1.0,12,2,6.0
0,36,36,0,2,1,4,0,1,1,2,2,2,0,4,0,12,0,5.0,254,56,4.535714285714286
1,24,105,0,0,0,1,0,1,0,2,0,0,0,1,0,2,0,2.0,189,37,5.108108108108108
0,2,144,0,0,1,0,0,0,0,1,0,1,0,1,0,2,0,5.0,527,101,5.217821782178218
1,5,105,0,1,0,1,4,0,0,1,1,1,0,1,0,2,0,4.0,287,59,4.864406779661017
1,3,105,0,1,0,6,0,1,0,2,0,1,0,1,0,12,0,5.0,56,13,4.3076923076923075
1,2,104,0,0,0,6,0,0,1,0,0,1,0,1,0,3,0,1.0,68,13,5.230769230769231
1,2,104,80,0,0,1,5,1,1,2,0,1,0,2,0,3,0,1.0,74,12,6.166666666666667
1,8,104,0,2,1,4,4,2,1,0,0,1,0,2,100,3,0,3.0,102,18,5.666666666666667
1,2,105,0,0,0,0,0,0,0,1,1,1,0,1,0,12,0,4.0,508,102,4.980392156862745
1,4,105,82,2,0,1,5,1,0,0,1,1,0,2,0,2,0,0.0,264,51,5.176470588235294
0,36,41,0,0,1,0,0,0,1,2,2,1,0,1,0,2,0,3.0,192,39,4.923076923076923
0,2,144,0,1,0,3,5,1,2,0,0,1,0,1,0,2,0,5.0,161,25,6.44
1,1,135,82,2,2,4,0,1,0,1,1,1,0,2,0,12,0,7.0,854,154,5.545454545454546
0,1,144,114,2,0,4,5,1,0,1,0,1,0,3,0,2,2,28.0,344,51,6.745098039215686
1,36,105,0,0,0,6,0,2,1,2,0,0,0,1,0,12,0,5.0,682,128,5.328125
0,4,144,0,1,0,6,0,1,0,0,0,0,0,1,0,2,0,1.0,118,22,5.363636363636363
0,2,144,0,1,4,0,0,1,0,0,1,1,0,1,0,2,0,2.0,971,171,5.678362573099415
1,4,104,0,1,1,2,5,1,1,1,1,1,0,1,0,2,0,3.0,93,11,8.454545454545455
0,89,165,122,1,0,6,0,2,0,0,0,0,0,1,0,2,0,1.0,28,6,4.666666666666667
0,3,144,0,1,0,1,0,1,0,2,2,2,0,1,0,2,0,6.0,466,97,4.804123711340206
0,2,144,0,1,0,1,0,0,0,1,1,1,0,1,0,2,0,1.0,192,40,4.8
0,2,144,0,0,0,1,3,1,0,0,0,1,0,1,0,2,1,14.0,562,103,5.456310679611651
1,10,105,0,0,0,6,0,1,0,1,1,0,0,1,0,2,0,7.0,125,20,6.25
0,6,22,114,1,0,0,0,1,1,0,2,2,0,1,0,2,0,4.0,14,3,4.666666666666667
1,12,105,0,1,1,6,0,1,0,0,0,0,0,1,0,5,0,4.0,21,3,7.0
0,2,144,4,1,0,1,0,1,1,0,0,0,0,1,0,2,0,26.0,424,78,5.435897435897436
1,2,105,0,1,0,0,0,0,0,1,0,1,0,1,0,2,0,4.0,254,49,5.183673469387755
1,6,105,0,2,0,6,0,1,0,1,1,1,0,2,0,2,0,6.0,124,19,6.526315789473684
1,3,105,0,2,0,4,4,0,0,0,0,1,0,4,0,2,0,12.0,482,90,5.355555555555555
0,4,144,0,1,1,0,0,1,0,1,0,1,0,1,80,2,0,1.0,127,23,5.521739130434782
0,1,144,76,0,0,1,0,2,1,0,0,1,0,1,0,2,0,3.0,279,47,5.9361702127659575
1,2,105,82,1,0,5,5,0,0,1,1,1,0,3,0,12,0,4.0,174,34,5.117647058823529
0,3,144,0,1,0,6,0,1,0,1,0,1,0,1,50,3,0,4.0,316,59,5.3559322033898304
0,3,144,0,0,0,1,3,1,0,1,0,1,0,1,0,2,0,5.0,275,54,5.092592592592593
1,2,135,82,1,0,5,0,1,0,1,0,1,0,1,0,12,0,22.0,1859,334,5.565868263473054
0,2,144,0,0,1,6,0,1,0,0,0,1,0,1,0,2,0,3.0,288,54,5.333333333333333
0,108,159,126,0,1,0,0,0,2,0,0,0,0,1,0,4,0,3.0,367,71,5.169014084507042
0,1,144,114,0,0,6,0,1,1,1,0,1,0,1,0,2,0,4.0,12,2,6.0
0,48,159,0,1,1,2,0,0,2,0,2,2,1,1,0,12,0,3.0,219,37,5.918918918918919
0,5,144,0,0,4,0,0,1,0,2,2,2,0,1,0,12,1,10.0,685,133,5.150375939849624
0,4,144,0,2,1,0,0,1,1,0,0,0,0,3,0,2,0,3.0,326,59,5.52542372881356
0,1,144,0,2,0,1,5,2,0,1,1,1,0,4,0,12,0,3.0,420,78,5.384615384615385
1,36,105,0,0,0,1,5,1,0,0,0,1,0,1,0,12,0,4.0,341,68,5.014705882352941
1,2,105,82,2,0,1,1,1,0,1,1,1,0,4,0,2,0,3.0,397,78,5.089743589743589
1,4,105,82,0,0,6,0,1,1,0,0,1,0,1,0,0,0,1.0,187,31,6.032258064516129
0,6,144,0,1,2,0,0,1,0,0,0,0,0,1,0,2,0,6.0,203,38,5.342105263157895
0,3,22,114,1,1,0,0,1,0,2,2,1,0,1,0,2,0,2.0,125,22,5.681818181818182
0,1,65,114,2,0,1,5,1,1,1,0,1,0,2,0,2,0,13.0,733,131,5.595419847328245
1,5,105,0,0,2,6,0,0,0,1,1,1,0,1,0,2,0,3.0,219,41,5.341463414634147
0,1,144,0,1,0,1,0,1,0,1,0,1,0,1,0,3,0,3.0,248,39,6.358974358974359
0,1,69,114,1,0,0,0,1,2,1,0,1,0,1,0,12,0,6.0,70,15,4.666666666666667
0,2,144,0,0,0,6,0,1,1,1,0,1,0,1,0,3,0,1.0,122,19,6.421052631578948
1,0,105,0,2,0,0,0,0,0,1,1,1,0,5,0,12,0,2.0,321,62,5.17741935483871
0,2,144,0,2,0,1,0,1,0,0,0,1,0,2,0,2,0,1.0,419,62,6.758064516129032
1,3,135,81,1,0,1,3,1,1,1,0,1,0,1,0,2,0,5.0,345,63,5.476190476190476
1,60,128,0,1,1,0,0,2,0,0,0,0,0,1,0,12,0,2.0,57,9,6.333333333333333
1,3,135,0,2,6,0,0,1,0,1,1,1,0,2,0,12,0,5.0,174,38,4.578947368421052
0,84,30,0,0,1,4,0,0,0,0,0,1,0,1,0,2,0,1.0,391,81,4.827160493827161
0,3,144,0,1,1,0,0,1,0,0,0,1,0,1,0,12,0,5.0,31,5,6.2
1,1,104,0,1,5,6,0,1,1,1,1,1,0,1,0,2,0,3.0,236,47,5.0212765957446805
0,12,144,0,0,0,0,0,1,0,0,0,0,0,1,0,7,0,2.0,248,52,4.769230769230769
1,3,105,0,0,0,6,0,1,0,0,0,1,0,1,0,5,0,9.0,774,156,4.961538461538462
1,17,105,0,1,0,1,5,1,0,1,1,1,0,1,0,2,0,1.0,193,30,6.433333333333334
0,3,144,35,0,0,6,0,2,1,0,0,1,1,2,0,2,0,9.0,340,50,6.8
1,2,105,0,1,0,6,0,0,0,1,1,1,0,1,0,2,0,2.0,166,30,5.533333333333333
1,2,105,0,1,0,1,0,1,0,1,1,1,0,1,0,2,0,11.0,864,160,5.4
1,2,105,82,2,0,1,5,1,0,1,1,2,0,2,1,12,0,5.0,363,62,5.854838709677419
1,2,105,0,2,0,1,5,0,0,0,0,1,0,6,100,12,1,5.0,180,34,5.294117647058823
1,2,105,0,1,1,6,0,1,0,1,1,1,0,1,0,2,1,5.0,115,23,5.0
1,1,105,0,0,2,4,5,1,0,1,0,1,0,1,0,2,0,4.0,871,159,5.477987421383648
0,2,144,0,2,0,1,2,1,0,1,1,1,0,20,0,2,0,2.0,890,158,5.632911392405063
1,2,105,96,0,2,3,5,0,1,1,1,1,0,1,0,2,0,3.0,417,89,4.685393258426966
1,2,105,0,1,0,5,5,0,0,1,0,1,0,1,0,2,0,1.0,326,71,4.591549295774648
0,7,43,0,0,0,1,0,0,0,0,0,0,0,1,0,12,0,0.0,417,71,5.873239436619718
0,1,144,0,1,0,5,0,1,0,1,1,1,0,1,0,12,0,1.0,200,38,5.2631578947368425
0,3,144,0,2,0,6,0,1,0,1,1,1,0,2,0,12,0,5.0,278,45,6.177777777777778
1,12,103,81,0,2,6,0,2,2,2,2,2,1,1,0,2,0,5.0,312,61,5.114754098360656
0,2,144,0,2,0,6,0,1,0,1,1,1,0,2,0,2,0,1.0,84,15,5.6
0,17,144,0,1,3,0,0,2,0,0,0,2,0,1,100,3,0,1.0,148,30,4.933333333333334
0,2,144,0,1,1,0,0,1,0,1,0,1,0,1,0,2,0,2.0,402,79,5.0886075949367084
0,1,144,0,1,0,1,0,1,0,0,0,2,0,1,0,2,0,4.0,95,19,5.0
1,36,96,0,1,0,3,5,1,0,2,2,1,0,1,0,2,0,4.0,199,32,6.21875
1,2,105,0,1,0,3,5,0,0,1,1,1,0,1,0,2,0,8.0,394,74,5.324324324324325
0,60,60,0,0,3,4,5,0,1,0,0,1,0,1,0,12,0,8.0,586,100,5.86
1,1,128,0,1,1,5,5,0,1,1,1,1,0,1,0,0,0,5.0,356,60,5.933333333333334
1,36,122,0,1,1,0,0,1,2,1,1,1,0,1,100,2,0,1.0,120,22,5.454545454545454
0,3,5,53,1,0,0,0,1,1,0,0,1,0,1,0,2,0,9.0,1203,214,5.621495327102804
1,3,105,0,1,5,6,0,1,0,1,0,1,0,1,50,2,0,7.0,957,174,5.5
1,6,90,0,1,3,6,0,1,0,1,1,1,0,1,0,12,0,1.0,126,24,5.25
1,2,128,82,2,0,2,0,0,1,1,1,1,0,3,0,2,0,8.0,202,38,5.315789473684211
1,3,105,0,1,0,3,5,1,0,1,1,1,0,1,0,2,0,1.0,33,7,4.714285714285714
0,1,144,114,2,0,4,0,0,0,1,1,1,0,6,0,5,0,1.0,259,46,5.630434782608695
0,24,144,0,1,0,0,0,1,0,0,0,0,0,1,0,2,0,1.0,85,17,5.0
0,1,65,114,2,0,1,0,0,0,1,1,1,0,6,0,2,0,11.0,48,8,6.0
0,12,144,0,0,2,3,0,1,0,0,0,0,0,1,200,2,1,10.0,231,41,5.634146341463414
0,2,144,0,2,0,1,5,1,0,1,1,1,0,4,0,1,1,1.0,76,13,5.846153846153846
0,2,144,0,1,1,0,0,1,0,0,2,1,0,1,0,2,0,4.0,125,21,5.9523809523809526
0,0,144,114,2,0,6,0,1,0,1,1,1,0,5,0,2,0,1.0,158,32,4.9375
1,1,105,0,0,3,6,0,0,0,1,0,1,0,1,0,2,0,4.0,76,12,6.333333333333333
0,52,60,0,0,1,4,5,0,1,0,0,2,0,1,100,2,0,4.0,306,58,5.275862068965517
1,12,105,0,1,6,0,0,0,0,2,2,2,0,1,0,2,0,1.0,469,93,5.043010752688172
0,2,144,0,2,0,1,0,1,0,0,0,1,0,2,0,2,1,4.0,595,106,5.613207547169812
1,6,105,80,0,3,4,0,1,1,2,0,2,0,1,30,2,0,5.0,68,12,5.666666666666667
0,1,144,0,0,0,1,0,1,1,1,1,1,0,1,0,3,0,1.0,131,22,5.954545454545454
0,2,144,114,0,0,1,5,1,0,1,0,1,0,1,80,2,0,3.0,52,9,5.777777777777778
1,4,138,0,1,0,5,5,1,1,1,1,1,0,1,0,3,0,1.0,179,28,6.392857142857143
0,1,144,0,2,0,1,5,1,1,1,1,1,0,7,0,2,0,10.0,142,24,5.916666666666667
1,5,104,0,0,2,4,0,1,1,1,0,1,0,1,0,4,0,1.0,136,25,5.44
1,2,105,0,0,2,6,0,0,0,0,0,1,0,1,0,2,0,2.0,261,50,5.22
1,4,105,0,1,0,1,5,1,1,1,1,1,0,2,0,2,0,3.0,440,77,5.714285714285714
1,1,105,0,1,5,6,0,0,0,1,1,1,0,1,0,2,0,7.0,320,66,4.848484848484849
1,2,105,0,1,1,3,4,1,0,2,2,1,0,1,0,2,0,1.0,1116,209,5.339712918660287
0,26,144,0,1,1,6,0,1,0,0,0,0,0,1,0,2,0,2.0,156,29,5.379310344827586
1,6,105,0,1,0,6,0,0,0,1,0,1,0,1,0,4,0,5.0,47,8,5.875
1,3,105,0,1,0,6,0,1,1,1,1,1,0,1,0,12,0,3.0,755,149,5.067114093959732
0,2,144,0,0,6,0,0,1,0,0,0,1,0,2,0,12,0,11.0,347,66,5.257575757575758
1,2,105,0,0,1,6,0,1,0,1,1,1,0,1,0,2,0,5.0,236,48,4.916666666666667
0,1,144,0,2,0,1,5,1,0,0,0,1,0,3,0,2,0,29.0,446,84,5.309523809523809
0,1,144,0,2,0,4,0,2,0,1,1,1,0,5,0,3,0,10.0,126,23,5.478260869565218
1,2,105,0,1,2,3,5,1,0,1,1,1,0,1,0,2,0,3.0,98,19,5.157894736842105
0,3,144,114,0,0,1,0,2,0,1,0,1,0,1,50,5,0,4.0,393,78,5.038461538461538
1,2,105,0,0,3,6,0,1,1,1,1,1,0,1,0,2,0,3.0,16,3,5.333333333333333
1,9,96,0,1,0,3,5,1,1,0,0,1,0,1,0,5,0,4.0,418,80,5.225
0,1,144,0,1,0,1,0,1,0,1,0,1,0,1,0,2,1,5.0,1501,275,5.458181818181818
0,18,32,21,1,1,6,0,1,1,1,0,1,0,1,0,12,0,3.0,410,85,4.823529411764706
1,2,104,0,0,3,0,0,2,1,1,0,2,0,1,40,2,0,4.0,689,109,6.321100917431193
0,60,80,0,0,1,0,0,1,1,2,0,1,0,1,0,2,0,1.0,104,24,4.333333333333333
0,84,17,0,1,1,6,0,0,0,0,0,0,0,1,0,12,0,3.0,280,51,5.490196078431373
1,36,105,0,1,0,0,0,1,0,1,1,1,0,7,0,12,0,3.0,522,101,5.1683168316831685
1,2,105,0,2,0,1,5,0,0,0,0,1,0,2,0,2,0,2.0,658,126,5.222222222222222
1,4,105,0,1,0,3,0,1,0,1,0,1,0,1,30,2,0,1.0,346,63,5.492063492063492
1,7,122,84,1,2,3,5,0,2,0,0,1,1,1,0,2,0,5.0,395,77,5.12987012987013
1,17,104,0,1,6,0,0,2,1,2,2,1,0,1,25,7,0,2.0,88,15,5.866666666666666
1,2,105,0,2,0,5,5,1,0,1,1,1,0,3,0,2,0,16.0,280,57,4.912280701754386
1,3,105,0,1,0,6,0,0,0,1,1,1,0,1,0,5,0,1.0,103,15,6.866666666666666
1,16,104,0,1,0,6,0,1,1,1,0,1,0,1,0,2,0,1.0,70,13,5.384615384615385
0,3,144,0,2,0,0,0,1,0,1,1,1,0,2,0,7,0,3.0,226,43,5.255813953488372
1,3,105,0,1,3,5,5,1,0,0,0,0,0,1,100,2,0,2.0,137,24,5.708333333333333
0,48,144,0,1,2,4,0,1,1,1,0,0,0,1,0,1,0,1.0,348,68,5.117647058823529
0,12,47,0,1,0,1,0,1,0,2,2,2,0,1,0,12,0,5.0,233,40,5.825
1,6,122,0,1,0,6,0,1,2,2,2,2,0,1,0,12,0,7.0,28,5,5.6
0,9,144,0,1,1,0,0,1,0,0,0,0,0,1,0,2,0,9.0,54,11,4.909090909090909
1,4,104,0,1,2,6,0,1,1,1,1,1,0,1,150,10,0,3.0,233,38,6.131578947368421
0,5,144,0,1,0,1,0,1,0,0,0,0,0,1,0,2,0,5.0,245,45,5.444444444444445
0,3,144,0,1,0,4,0,1,0,0,0,1,0,1,0,2,0,5.0,1235,226,5.464601769911504
0,2,65,114,1,0,6,0,0,1,1,1,1,0,3,0,6,0,5.0,210,38,5.526315789473684
1,2,105,0,0,2,6,0,1,0,1,0,1,0,1,0,12,0,4.0,95,17,5.588235294117647
0,2,22,0,0,0,1,5,1,1,2,0,2,1,1,150,12,0,4.0,732,107,6.841121495327103
0,3,144,0,2,0,1,3,1,2,1,1,1,0,5,0,2,0,7.0,275,53,5.188679245283019
0,1,144,0,1,1,4,0,1,1,1,1,1,0,1,0,3,0,2.0,244,46,5.304347826086956
1,2,105,0,2,0,1,0,1,0,1,0,1,0,2,0,2,0,3.0,415,78,5.32051282051282
1,2,104,0,2,0,2,5,1,1,1,1,1,0,3,0,2,0,3.0,385,76,5.065789473684211
1,3,114,96,1,1,2,0,0,1,1,0,1,0,1,100,12,0,5.0,421,81,5.197530864197531
1,12,104,0,1,1,6,0,1,1,2,0,2,0,2,0,2,0,4.0,23,4,5.75
0,12,144,0,1,0,2,5,1,1,0,0,0,0,1,100,3,0,5.0,282,42,6.714285714285714
1,24,122,81,1,0,1,4,1,1,2,2,1,0,1,0,12,0,2.0,340,66,5.151515151515151
0,3,144,0,1,0,1,0,0,1,0,0,0,0,1,0,4,1,5.0,383,64,5.984375
0,2,144,0,0,0,1,5,1,0,1,0,1,0,1,0,12,0,3.0,372,74,5.027027027027027
1,4,105,0,0,0,1,5,0,0,0,0,1,0,1,0,12,0,1.0,118,22,5.363636363636363
0,48,144,0,1,1,6,0,1,0,0,0,0,0,1,0,2,0,10.0,521,110,4.736363636363636
0,2,144,0,1,0,1,3,1,0,1,1,1,0,1,0,3,0,4.0,213,36,5.916666666666667
1,3,105,0,0,4,6,0,0,0,0,0,1,0,1,0,12,0,1.0,30,5,6.0
1,8,103,0,1,0,6,0,1,2,1,0,1,0,1,100,12,0,5.0,281,63,4.4603174603174605
0,36,8,114,0,2,0,0,3,1,0,0,0,0,1,0,2,0,1.0,307,51,6.019607843137255
0,3,144,0,1,0,1,0,1,0,1,1,1,0,1,0,2,0,3.0,338,68,4.970588235294118
1,6,105,0,1,5,0,0,1,0,1,1,1,0,1,0,2,0,3.0,277,46,6.021739130434782
0,2,144,0,1,1,0,0,1,1,1,0,1,0,1,0,3,0,2.0,483,90,5.366666666666666
0,2,144,0,2,1,5,0,1,0,0,0,1,0,7,0,2,0,2.0,185,36,5.138888888888889
1,5,105,106,0,0,1,0,0,0,2,2,2,0,1,0,12,0,5.0,350,70,5.0
1,2,104,0,2,0,2,5,1,1,1,1,1,0,3,1,12,0,2.0,55,11,5.0
0,4,144,0,1,1,0,0,0,0,1,1,1,1,2,0,2,0,4.0,379,70,5.414285714285715
0,3,144,0,1,1,0,0,2,0,0,0,1,0,1,0,2,0,3.0,323,58,5.568965517241379
1,1,105,0,0,0,0,0,0,1,1,1,1,0,1,0,2,0,3.0,58,11,5.2727272727272725
1,11,105,82,1,0,3,5,1,0,0,0,0,0,1,0,2,0,5.0,96,3,32.0
0,1,144,114,0,1,0,0,1,1,0,0,1,0,1,0,2,0,1.0,12,2,6.0
0,1,161,114,0,0,4,0,1,0,1,1,1,0,1,0,2,0,5.0,485,90,5.388888888888889
1,2,84,0,1,5,0,0,0,0,1,1,2,0,1,0,2,0,0.0,76,15,5.066666666666666
1,6,105,82,0,0,6,0,1,0,1,1,1,0,2,0,2,0,5.0,625,123,5.08130081300813
1,2,105,82,0,1,4,5,0,0,2,0,1,0,1,0,12,0,1.0,123,21,5.857142857142857
1,0,105,0,0,2,3,5,0,0,1,1,1,0,1,20,2,1,5.0,740,146,5.068493150684931
0,12,144,0,1,4,6,0,1,0,1,1,0,0,1,0,2,0,8.0,453,81,5.592592592592593
1,3,105,0,0,0,6,0,1,0,1,1,1,0,1,15,2,0,6.0,78,18,4.333333333333333
0,1,147,0,1,0,4,5,1,1,1,1,1,0,1,200,6,0,5.0,174,29,6.0
1,1,104,0,1,0,0,0,0,1,1,1,1,0,1,100,2,0,5.0,296,52,5.6923076923076925
1,6,105,82,2,4,5,0,1,0,0,0,0,0,2,0,2,0,8.0,348,70,4.9714285714285715
1,4,105,0,0,0,2,5,0,0,0,0,1,0,2,40,12,0,5.0,28,4,7.0
1,3,104,0,1,1,4,4,0,1,1,1,1,0,3,0,2,0,9.0,745,138,5.398550724637682
0,3,144,35,0,0,1,0,1,0,1,1,1,0,1,0,12,0,2.0,83,14,5.928571428571429
1,3,105,82,0,3,6,0,1,0,1,0,1,0,1,0,2,0,11.0,238,47,5.0638297872340425
0,6,144,0,1,0,2,5,0,1,1,1,1,0,1,0,2,0,4.0,85,16,5.3125
0,36,144,0,1,0,1,3,1,0,1,0,0,0,1,0,2,0,3.0,792,153,5.176470588235294
1,2,105,0,1,1,3,4,1,0,1,0,0,0,1,0,2,0,11.0,577,112,5.151785714285714
0,3,144,114,2,0,1,3,1,1,1,1,1,0,7,0,12,0,5.0,368,67,5.492537313432836
1,24,105,0,1,0,1,5,2,1,0,0,0,0,1,0,12,0,3.0,338,68,4.970588235294118
1,4,140,0,1,0,3,3,1,0,1,1,1,0,1,0,2,0,1.0,37,5,7.4
1,12,104,0,1,3,4,5,1,1,2,2,0,0,1,0,12,0,4.0,935,171,5.4678362573099415
0,1,144,0,1,0,6,0,1,0,1,0,1,0,2,0,2,0,8.0,447,89,5.022471910112359
0,2,144,0,2,0,1,5,0,1,0,0,1,0,4,0,2,0,5.0,485,83,5.843373493975903
0,36,22,114,1,0,0,0,1,2,0,0,0,0,1,0,2,0,2.0,658,131,5.022900763358779
0,2,144,0,2,0,3,5,1,0,1,1,1,0,3,0,12,0,2.0,160,28,5.714285714285714
0,2,144,0,1,1,3,5,1,0,2,2,2,0,2,0,3,0,1.0,138,26,5.3076923076923075
1,3,105,0,0,2,0,0,1,0,1,0,1,0,1,0,2,0,1.0,361,58,6.224137931034483
0,2,144,114,0,0,1,5,1,0,1,1,1,0,4,0,2,0,4.0,392,73,5.36986301369863
1,5,103,108,1,0,3,5,2,0,1,1,1,0,1,0,2,0,2.0,103,18,5.722222222222222
0,48,8,0,0,2,0,0,2,1,0,0,1,0,1,0,1,0,3.0,304,57,5.333333333333333
1,4,104,0,0,2,6,0,1,1,1,0,1,0,1,0,12,0,4.0,928,183,5.0710382513661205
1,2,105,0,1,1,0,0,0,0,1,1,1,0,1,0,2,0,1.0,311,64,4.859375
0,2,144,0,2,0,1,5,1,0,1,0,1,0,5,0,2,0,5.0,521,100,5.21
1,1,104,0,0,5,0,0,0,1,1,0,1,0,1,0,12,0,5.0,108,21,5.142857142857143
1,4,128,65,1,1,4,0,0,0,1,1,1,0,1,0,12,0,3.0,607,108,5.62037037037037
1,36,105,0,1,1,4,0,1,0,0,0,0,0,1,100,12,0,3.0,1172,211,5.5545023696682465
1,4,105,82,1,1,0,0,0,0,1,1,1,0,1,0,2,1,2.0,47,11,4.2727272727272725
1,1,105,0,1,2,5,5,1,0,1,1,1,0,1,0,12,0,8.0,427,84,5.083333333333333
0,12,8,30,0,1,6,0,1,1,0,0,1,0,1,0,12,0,2.0,294,63,4.666666666666667
0,5,144,0,0,1,0,0,1,0,0,0,0,0,1,0,2,0,5.0,252,43,5.8604651162790695
0,5,22,114,0,4,0,0,1,0,0,0,1,0,1,0,2,0,1.0,325,54,6.018518518518518
1,1,105,0,2,5,0,0,0,0,1,0,1,0,2,0,4,0,5.0,110,23,4.782608695652174
0,1,144,114,0,1,6,0,1,0,1,1,1,0,2,0,2,0,6.0,20,3,6.666666666666667
1,48,105,0,1,0,1,2,1,0,0,0,0,0,1,0,2,0,1.0,228,45,5.066666666666666
0,39,144,0,1,1,0,0,1,0,0,0,2,0,1,0,2,0,1.0,260,48,5.416666666666667
1,3,104,0,1,1,6,0,0,1,0,0,1,0,1,0,2,0,3.0,300,53,5.660377358490566
1,12,103,96,1,0,1,5,1,2,2,2,2,0,1,0,12,0,1.0,122,24,5.083333333333333
1,1,105,106,2,0,1,4,1,0,1,0,1,0,3,0,12,0,26.0,733,121,6.0578512396694215
1,3,135,101,0,4,5,0,1,0,1,0,1,0,1,0,12,0,12.0,1691,308,5.490259740259741
0,2,144,0,1,0,1,5,1,0,1,0,1,0,1,0,12,0,4.0,586,109,5.376146788990826
1,2,105,0,2,0,5,5,0,0,1,1,1,0,5,0,2,0,0.0,147,25,5.88
0,15,8,0,0,1,2,0,2,1,0,0,2,0,1,0,12,0,0.0,280,48,5.833333333333333
1,2,105,0,1,5,6,0,1,0,1,0,1,0,1,0,12,0,2.0,140,22,6.363636363636363
1,1,105,0,0,1,6,0,0,1,1,1,1,0,1,0,12,0,2.0,173,36,4.805555555555555
1,4,105,0,1,0,3,5,1,0,0,0,1,0,1,0,12,1,3.0,226,43,5.255813953488372
1,3,104,0,0,3,4,5,1,1,2,0,2,0,1,0,12,0,1.0,285,55,5.181818181818182
1,3,135,0,0,0,1,2,1,0,1,1,1,0,1,0,2,0,4.0,287,57,5.035087719298246
1,2,105,0,2,0,1,5,0,0,1,0,1,0,2,0,12,0,25.0,459,88,5.215909090909091
1,4,105,0,0,2,6,0,1,0,1,0,1,0,1,0,12,0,5.0,607,111,5.468468468468468
0,12,144,0,1,1,6,0,0,1,0,0,2,0,1,0,12,0,3.0,682,123,5.544715447154472
1,17,104,89,0,6,0,0,1,1,0,0,1,1,1,50,7,0,3.0,1706,304,5.6118421052631575
0,1,144,0,0,0,1,0,1,1,1,1,1,0,1,0,3,0,1.0,118,20,5.9
0,4,144,114,1,0,1,0,1,1,0,0,1,0,1,0,2,0,4.0,12,2,6.0
1,2,105,0,0,1,4,0,0,0,1,0,1,0,1,0,12,0,3.0,104,16,6.5
0,4,164,130,0,0,4,5,1,0,2,0,1,0,1,0,4,1,11.0,462,81,5.703703703703703
0,24,144,0,0,4,6,0,1,0,0,0,1,0,1,0,12,0,2.0,445,82,5.426829268292683
1,1,105,0,0,0,1,5,0,0,1,0,1,0,4,0,2,0,5.0,511,100,5.11
1,1,104,82,0,1,2,0,1,1,1,1,1,0,1,0,11,0,2.0,273,57,4.7894736842105265
1,2,105,0,0,3,6,0,2,0,1,0,2,0,1,0,2,0,5.0,237,40,5.925
0,8,159,126,0,1,3,3,1,2,1,0,1,0,1,0,10,0,1.0,21,2,10.5
0,3,144,0,2,1,0,0,1,0,1,1,1,0,4,0,2,0,5.0,697,129,5.403100775193798
0,6,144,114,2,0,1,5,1,1,2,2,2,0,5,0,3,0,2.0,629,106,5.933962264150943
0,3,144,0,0,1,0,0,1,1,0,0,1,0,1,1,4,0,7.0,296,62,4.774193548387097
0,1,144,0,2,0,4,5,0,0,1,1,1,0,6,0,12,0,2.0,245,48,5.104166666666667
0,4,144,0,1,1,0,0,1,0,0,0,1,0,1,0,2,0,2.0,428,86,4.976744186046512
0,18,163,114,0,4,0,0,1,1,0,0,0,0,1,200,2,0,2.0,360,52,6.923076923076923
1,7,137,0,1,0,1,0,1,1,0,0,1,0,1,0,12,0,3.0,584,121,4.8264462809917354
1,9,104,0,1,6,0,0,1,1,0,0,1,0,1,40,2,0,4.0,116,19,6.105263157894737
0,12,144,114,0,0,4,0,1,0,0,0,0,0,1,0,2,0,3.0,100,20,5.0
0,2,144,53,0,4,0,0,1,1,1,1,1,0,1,0,2,0,3.0,534,103,5.184466019417476
0,4,144,6,1,0,1,0,1,1,1,0,1,2,1,100,0,0,0.0,302,56,5.392857142857143
0,4,144,0,1,4,0,0,1,1,1,1,1,0,1,0,2,0,2.0,38,9,4.222222222222222
1,11,105,0,1,6,0,0,1,0,0,0,0,0,1,0,2,0,1.0,134,24,5.583333333333333
1,60,135,0,0,0,1,3,3,1,0,0,0,0,3,0,12,0,4.0,212,40,5.3
0,2,144,0,1,1,0,0,1,1,0,0,1,0,1,80,3,0,1.0,255,42,6.071428571428571
0,1,144,0,1,4,6,0,0,0,2,2,2,0,1,0,2,0,5.0,233,47,4.957446808510638
0,12,144,0,1,0,0,0,1,0,0,0,0,0,1,0,2,0,7.0,462,88,5.25
1,9,105,0,1,4,0,0,1,0,1,1,1,0,1,0,2,0,2.0,26,5,5.2
0,8,144,0,0,2,4,0,1,0,0,0,0,0,1,110,2,0,4.0,354,59,6.0
1,2,135,0,2,3,5,5,0,1,1,1,1,0,2,0,2,1,2.0,172,29,5.931034482758621
0,60,26,0,0,6,0,0,0,2,0,0,0,0,1,0,12,0,5.0,508,89,5.707865168539326
1,4,104,0,1,1,0,0,0,1,1,1,1,0,1,0,12,0,1.0,159,31,5.129032258064516
1,5,135,0,0,3,4,0,1,0,0,0,1,0,1,0,2,0,4.0,353,67,5.268656716417911
0,84,45,33,0,0,0,0,2,2,0,0,1,0,1,0,12,0,4.0,349,51,6.8431372549019605
0,5,144,114,2,0,6,0,1,0,2,2,1,1,2,0,2,0,5.0,1017,189,5.380952380952381
0,36,144,0,0,0,6,0,1,1,1,1,1,0,1,0,4,0,5.0,582,115,5.060869565217391
0,2,144,0,1,1,6,0,1,0,1,0,1,0,1,0,2,0,1.0,207,38,5.447368421052632
1,36,122,0,1,0,1,1,1,1,0,0,0,0,1,0,12,1,2.0,360,72,5.0
0,24,144,0,1,6,0,0,1,0,2,2,2,0,1,0,12,0,2.0,535,99,5.404040404040404
1,1,104,0,2,1,3,5,0,1,1,0,1,0,5,0,2,0,5.0,507,81,6.2592592592592595
0,3,144,0,1,1,2,0,1,1,0,0,1,0,2,0,12,0,2.0,705,129,5.465116279069767
1,36,104,0,0,5,6,0,1,1,0,0,1,0,1,0,12,0,5.0,132,20,6.6
1,4,104,0,1,0,6,0,1,1,0,0,1,0,1,0,6,0,7.0,125,22,5.681818181818182
1,8,103,82,0,2,3,5,2,0,1,0,1,0,1,50,2,0,5.0,901,140,6.435714285714286
0,1,144,114,1,0,6,0,0,0,1,1,1,0,2,0,2,0,4.0,438,79,5.544303797468355
1,1,105,0,0,0,4,0,0,0,1,0,1,0,1,0,2,0,4.0,544,100,5.44
0,60,10,0,1,5,0,0,2,0,1,0,0,0,1,0,2,0,2.0,45,9,5.0
0,3,69,0,0,0,0,0,2,2,0,0,1,0,1,0,12,0,1.0,39,7,5.571428571428571
1,5,105,82,0,0,0,0,1,0,0,0,0,0,1,0,2,0,4.0,232,45,5.155555555555556
0,1,69,0,2,1,2,4,0,1,2,2,2,0,8,0,7,0,3.0,56,10,5.6
1,2,135,72,1,0,6,0,1,1,1,0,1,0,1,0,2,0,5.0,246,43,5.72093023255814
1,1,105,0,2,0,1,0,0,0,1,1,1,0,2,0,12,0,4.0,670,123,5.4471544715447155
0,4,144,131,0,1,0,0,2,0,0,0,1,0,1,235,2,0,4.0,855,153,5.588235294117647
0,72,60,0,0,1,5,5,0,2,0,0,0,0,1,150,12,0,11.0,154,23,6.695652173913044
1,60,104,0,0,4,5,5,2,1,0,0,0,0,1,0,12,0,8.0,298,64,4.65625
1,12,105,0,0,1,2,5,1,1,1,0,1,0,1,0,4,1,4.0,760,144,5.277777777777778
0,72,60,0,1,1,2,5,1,1,2,2,1,0,1,0,12,0,7.0,621,105,5.914285714285715
0,1,144,59,0,0,1,5,1,1,1,0,1,0,1,80,2,2,10.0,612,116,5.275862068965517
1,1,105,0,0,0,1,5,0,0,1,1,1,0,1,0,2,0,4.0,204,32,6.375
0,9,144,0,1,0,1,3,1,0,0,0,0,0,1,0,2,0,2.0,531,98,5.418367346938775
0,6,62,0,0,0,1,5,0,1,0,0,1,0,1,0,3,0,3.0,16,3,5.333333333333333
0,2,144,114,1,0,1,3,1,1,1,1,1,0,3,0,2,0,3.0,227,39,5.82051282051282
0,2,144,0,2,0,1,0,1,0,0,0,1,0,12,0,12,0,6.0,162,30,5.4
1,4,104,0,2,0,6,0,1,1,1,1,1,0,2,0,3,0,3.0,30,6,5.0
0,2,144,114,1,0,1,0,1,1,1,1,1,0,1,59,2,0,1.0,38,6,6.333333333333333
1,4,105,0,0,0,1,0,1,1,1,1,1,0,1,0,12,0,1.0,217,36,6.027777777777778
0,2,144,0,2,1,4,0,0,0,1,1,1,0,3,0,2,0,1.0,137,22,6.2272727272727275
1,3,105,0,1,0,0,0,0,0,1,1,1,0,1,0,2,0,2.0,179,32,5.59375
0,24,144,0,0,2,4,0,1,0,0,0,0,0,1,80,2,3,20.0,1627,314,5.181528662420382
1,2,122,0,0,0,6,0,1,2,1,0,1,0,1,600,2,0,5.0,119,20,5.95
0,72,5,0,1,0,1,0,2,1,1,0,2,1,1,0,2,0,2.0,681,126,5.404761904761905
0,2,144,0,1,0,0,0,1,0,1,0,1,0,1,0,3,0,5.0,347,60,5.783333333333333
0,1,144,0,1,0,1,5,0,1,1,1,1,0,1,0,2,0,15.0,65,13,5.0
0,1,144,114,1,1,0,0,1,0,0,0,1,0,1,0,2,2,24.0,341,50,6.82
1,12,105,0,1,1,4,5,1,0,1,1,1,0,1,0,2,0,1.0,264,56,4.714285714285714
1,5,105,0,1,0,1,4,0,0,0,0,2,0,1,0,7,0,2.0,136,27,5.037037037037037
1,2,105,0,0,0,6,0,0,0,1,1,1,0,1,0,12,0,1.0,142,22,6.454545454545454
1,6,135,0,0,0,5,0,1,1,0,0,0,0,1,0,2,0,6.0,326,60,5.433333333333334
1,2,105,0,2,0,2,4,1,0,1,1,1,0,4,0,2,0,12.0,142,24,5.916666666666667
1,2,96,0,1,0,1,5,1,1,1,1,1,0,1,0,12,0,4.0,405,72,5.625
1,24,93,0,1,5,0,0,1,1,0,0,0,0,1,0,12,0,1.0,176,37,4.756756756756757
1,12,105,0,1,6,0,0,0,0,1,1,1,1,1,0,2,0,2.0,233,49,4.755102040816326
1,2,128,82,2,4,0,0,1,0,1,0,1,0,2,0,2,0,1.0,529,95,5.568421052631579
1,3,105,0,1,0,2,0,1,0,0,0,1,0,1,0,2,0,2.0,544,96,5.666666666666667
1,3,105,0,0,6,0,0,1,0,2,0,1,0,1,0,2,0,3.0,113,17,6.647058823529412
1,12,105,0,1,0,6,0,1,0,1,0,0,0,1,30,2,0,1.0,593,114,5.201754385964913
0,1,69,114,0,1,4,0,1,1,0,0,1,0,1,200,2,0,2.0,2988,558,5.354838709677419
0,12,144,0,0,0,1,5,1,1,2,2,2,0,1,0,2,0,6.0,691,139,4.971223021582734
1,2,104,0,2,0,3,4,1,1,1,0,2,0,9,0,2,0,5.0,183,38,4.815789473684211
1,1,105,0,2,0,1,5,0,0,1,1,1,0,5,0,2,0,1.0,529,97,5.453608247422681
1,24,105,101,2,0,4,5,1,0,0,0,0,0,5,0,2,0,8.0,548,106,5.169811320754717
0,2,144,0,2,0,1,5,1,0,2,2,1,0,6,0,2,0,5.0,1104,192,5.75
0,3,144,0,1,1,6,0,1,0,0,0,1,0,1,50,2,0,2.0,1085,185,5.864864864864865
0,5,144,0,1,0,0,0,1,0,1,1,0,0,1,0,7,0,1.0,67,13,5.153846153846154
0,2,144,0,1,0,1,0,1,0,0,0,1,0,1,0,2,0,1.0,206,42,4.904761904761905
0,24,47,0,0,0,1,0,2,0,2,2,0,0,1,0,2,0,2.0,109,18,6.055555555555555
0,7,69,131,0,1,6,0,1,0,0,0,0,0,1,0,2,0,3.0,69,10,6.9
0,5,144,0,1,1,0,0,1,1,0,0,0,0,1,0,4,0,1.0,138,28,4.928571428571429
0,2,144,0,0,3,0,0,1,0,1,0,1,0,1,0,12,0,2.0,132,23,5.739130434782608
0,3,144,0,1,4,0,0,1,1,0,0,1,0,1,0,2,0,1.0,15,4,3.75
0,3,144,114,0,1,0,0,1,0,1,1,1,0,1,0,2,0,3.0,235,44,5.340909090909091
0,24,64,0,1,3,0,0,0,1,0,0,0,0,1,300,12,0,5.0,600,104,5.769230769230769
1,2,105,0,1,4,6,0,0,0,1,0,1,0,1,0,12,0,4.0,223,40,5.575
0,2,144,0,0,0,1,0,1,0,0,0,1,0,1,0,2,0,5.0,285,49,5.816326530612245
1,4,103,0,0,3,0,0,2,2,1,0,1,0,1,150,2,0,1.0,129,18,7.166666666666667
0,2,144,0,0,1,0,0,1,1,0,0,1,0,1,0,2,0,1.0,195,37,5.27027027027027
0,36,164,0,0,0,1,0,1,0,0,0,2,0,1,0,2,0,2.0,725,132,5.492424242424242
0,36,51,0,1,5,0,0,0,2,2,0,2,0,1,0,2,0,0.0,560,104,5.384615384615385
0,6,144,0,0,0,1,5,1,0,0,0,0,0,1,150,12,0,11.0,278,48,5.791666666666667
1,1,105,0,0,0,0,0,0,0,1,1,1,0,1,0,2,0,1.0,182,35,5.2
1,18,82,82,1,1,2,0,1,0,1,0,0,0,1,0,12,0,2.0,476,93,5.118279569892473
1,4,105,81,1,0,6,0,1,1,0,1,1,0,1,0,2,0,4.0,646,115,5.6173913043478265
1,2,115,0,1,0,6,0,1,0,1,0,1,0,1,0,3,0,7.0,744,143,5.2027972027972025
0,2,144,0,1,1,0,0,0,0,1,1,1,0,1,0,2,0,2.0,74,16,4.625
1,4,135,0,1,3,6,0,1,0,0,0,2,0,1,0,2,0,2.0,55,8,6.875
0,2,144,0,1,5,6,0,1,0,1,1,1,0,1,0,12,0,2.0,464,92,5.043478260869565
1,4,105,0,1,0,1,5,0,1,1,0,1,0,1,0,12,0,2.0,217,45,4.822222222222222
1,2,105,0,1,4,6,0,0,0,0,0,1,0,1,0,2,0,3.0,616,102,6.03921568627451
1,3,104,0,0,2,3,5,0,1,2,2,2,0,1,0,2,0,4.0,45,9,5.0
0,48,144,0,1,1,6,0,0,1,0,0,0,0,1,0,2,0,2.0,568,108,5.2592592592592595
1,5,119,80,2,0,5,5,1,1,0,0,2,0,3,0,12,0,6.0,78,15,5.2
1,5,105,0,1,0,5,0,0,0,1,1,1,0,1,0,2,0,5.0,265,54,4.907407407407407
0,84,150,0,1,6,0,0,1,0,0,0,0,0,1,0,2,0,1.0,105,20,5.25
1,7,105,0,1,0,6,0,1,0,0,0,0,0,1,0,2,0,5.0,269,52,5.173076923076923
0,2,144,114,1,6,0,0,1,0,1,1,1,0,1,0,2,0,2.0,177,36,4.916666666666667
1,62,105,0,0,0,0,0,2,0,0,0,0,0,1,0,12,0,2.0,316,67,4.7164179104477615
0,6,144,0,1,0,1,0,1,0,0,0,1,0,1,0,2,0,3.0,274,53,5.169811320754717
0,2,144,114,0,0,1,0,1,1,1,0,1,0,1,0,2,0,3.0,12,2,6.0
1,3,104,0,1,1,0,0,0,1,1,1,1,0,1,0,12,0,2.0,383,66,5.803030303030303
0,2,144,0,1,0,1,0,1,0,0,0,1,0,1,0,2,0,3.0,104,21,4.9523809523809526
0,12,144,20,0,2,0,0,0,0,0,0,0,0,1,0,12,0,5.0,940,174,5.402298850574713
0,6,144,0,0,5,0,0,1,0,2,2,2,0,1,0,2,0,0.0,208,41,5.073170731707317
1,4,104,0,1,0,5,0,1,1,1,1,1,0,1,0,2,0,1.0,122,26,4.6923076923076925
1,0,105,0,2,0,6,0,0,0,1,1,1,0,2,0,12,0,0.0,488,104,4.6923076923076925
0,12,144,0,0,0,1,0,1,1,1,1,1,0,1,0,7,0,1.0,912,175,5.211428571428572
0,35,8,16,1,2,0,0,1,1,1,0,0,0,1,50,7,0,2.0,31,6,5.166666666666667
1,48,105,105,0,5,6,0,2,0,0,0,0,0,1,0,2,0,10.0,369,72,5.125
0,3,144,0,1,0,1,5,1,0,1,1,1,0,4,0,12,0,4.0,578,97,5.958762886597938
0,1,144,0,1,1,0,0,1,0,1,1,1,0,1,0,12,0,14.0,211,39,5.410256410256411
0,2,144,0,1,0,1,5,1,1,0,0,1,0,1,0,2,0,3.0,65,13,5.0
0,12,65,114,1,1,2,0,0,1,2,2,2,0,1,0,2,0,5.0,214,46,4.6521739130434785
0,36,144,0,2,0,1,0,2,0,2,2,0,0,2,0,2,0,1.0,149,27,5.518518518518518
1,4,121,0,1,1,3,5,0,0,1,0,1,1,1,0,2,0,1.0,209,36,5.805555555555555
1,51,105,0,0,2,3,5,1,0,0,0,0,0,1,0,12,0,1.0,781,160,4.88125
0,4,144,0,1,1,0,0,1,0,0,0,0,0,1,0,12,0,5.0,592,116,5.103448275862069
1,24,128,82,1,1,4,0,0,0,0,2,0,0,1,0,2,0,3.0,465,89,5.224719101123595
1,12,104,0,1,0,1,5,1,1,2,2,2,1,1,0,2,0,1.0,196,39,5.0256410256410255
0,1,144,114,1,4,6,0,1,0,1,1,1,0,1,0,2,0,10.0,683,133,5.135338345864661
1,7,105,0,0,3,6,0,1,0,0,0,0,0,1,50,2,0,5.0,143,28,5.107142857142857
0,2,144,45,1,0,1,5,1,1,1,0,1,0,1,50,2,0,4.0,233,43,5.4186046511627906
0,1,144,0,1,1,0,0,1,1,1,0,1,0,1,0,12,0,16.0,106,21,5.0476190476190474
0,1,144,0,1,1,6,0,1,1,1,0,1,0,1,0,4,1,5.0,222,44,5.045454545454546
1,0,128,106,2,1,4,0,1,0,1,1,1,1,3,0,2,0,1.0,112,27,4.148148148148148
1,12,105,81,2,4,5,5,1,0,2,2,2,0,20,0,2,0,0.0,576,110,5.236363636363636
1,1,128,0,0,6,0,0,0,0,1,0,1,0,1,0,12,0,1.0,562,101,5.564356435643564
1,2,84,0,0,2,0,0,2,1,0,0,1,0,1,0,12,1,4.0,167,33,5.0606060606060606
0,20,144,0,1,0,1,0,1,1,1,1,1,0,1,0,9,0,1.0,170,28,6.071428571428571
1,3,105,0,1,0,3,5,1,1,1,1,1,0,1,0,12,3,10.0,1108,199,5.567839195979899
0,15,144,114,0,0,1,5,1,0,0,0,0,1,1,0,12,0,3.0,156,31,5.032258064516129
1,4,104,81,0,0,6,0,0,1,1,0,1,0,1,50,2,0,3.0,183,28,6.535714285714286
1,3,105,82,2,0,1,4,0,0,1,0,1,0,3,0,2,0,2.0,461,85,5.423529411764706
1,2,104,0,1,3,0,0,0,1,1,1,1,0,1,0,12,0,3.0,674,136,4.955882352941177
0,12,163,0,0,1,0,0,1,1,0,0,0,0,1,0,2,0,2.0,197,40,4.925
1,2,88,81,1,0,1,4,0,1,1,1,1,0,3,0,12,0,7.0,786,149,5.275167785234899
0,8,144,0,1,4,0,0,1,0,1,1,1,0,1,20,3,0,1.0,144,25,5.76
0,2,144,0,1,0,6,0,1,0,0,2,2,0,1,0,3,0,1.0,81,17,4.764705882352941
0,4,144,0,1,1,0,0,0,0,1,1,1,0,1,20,3,0,1.0,113,19,5.947368421052632
1,3,122,66,1,0,3,5,1,0,1,1,1,0,1,0,12,0,1.0,91,17,5.352941176470588
0,72,144,16,0,2,3,5,1,1,2,2,2,0,1,0,2,0,2.0,767,146,5.2534246575342465
1,3,105,82,1,0,6,0,0,0,1,1,1,0,1,0,2,0,3.0,147,23,6.391304347826087
0,2,144,114,0,0,0,0,1,0,1,1,1,0,1,0,2,0,3.0,369,76,4.855263157894737
0,2,144,0,0,1,0,0,1,0,1,1,1,0,1,0,12,0,1.0,39,8,4.875
0,6,18,0,1,1,6,0,0,0,0,0,1,0,1,500,12,0,3.0,660,109,6.055045871559633
1,2,105,0,2,0,6,0,1,0,1,1,1,0,5,0,5,0,4.0,366,70,5.228571428571429
1,2,110,101,2,0,4,4,0,0,1,0,1,0,3,0,12,0,11.0,64,9,7.111111111111111
1,8,105,0,1,0,6,0,1,0,0,0,1,0,1,50,12,0,2.0,343,66,5.196969696969697
0,4,22,114,1,0,0,0,1,0,0,0,1,0,1,5,2,0,2.0,16,3,5.333333333333333
1,0,135,0,2,0,4,5,1,0,1,1,1,0,3,0,2,0,9.0,69,13,5.3076923076923075
1,60,126,0,0,5,0,0,2,1,0,0,0,0,1,300,2,0,14.0,893,165,5.412121212121212
0,1,144,114,2,0,1,5,1,0,1,1,1,0,8,0,12,0,3.0,189,33,5.7272727272727275
1,4,135,0,0,0,1,0,1,1,1,1,1,0,1,0,2,0,5.0,244,40,6.1
0,4,144,0,0,6,0,0,1,0,0,0,1,0,1,0,12,0,1.0,36,6,6.0
0,1,144,54,1,0,6,0,1,0,1,1,1,0,1,0,2,0,2.0,236,38,6.2105263157894735
1,2,105,0,0,2,6,0,1,0,1,1,1,0,1,0,2,0,5.0,74,13,5.6923076923076925
0,2,47,114,1,0,0,0,1,0,1,1,1,0,1,0,12,0,1.0,58,9,6.444444444444445
1,2,105,0,0,0,5,5,1,0,0,0,1,0,4,100,2,0,5.0,111,20,5.55
0,12,144,0,0,0,1,5,1,1,0,0,0,0,1,0,7,0,6.0,1540,270,5.703703703703703
0,8,144,0,0,1,6,0,1,0,1,1,1,0,1,0,4,0,1.0,437,94,4.648936170212766
0,2,144,0,0,0,1,0,1,1,1,1,1,0,1,0,2,0,6.0,638,117,5.452991452991453
1,2,105,0,2,0,2,5,1,0,1,1,1,0,6,0,12,0,19.0,917,180,5.094444444444444
1,51,138,63,0,1,0,0,1,1,0,0,0,0,2,0,2,0,5.0,621,115,5.4
0,120,144,0,1,2,4,0,1,0,0,0,0,0,1,0,3,0,3.0,288,49,5.877551020408164
0,2,144,0,0,0,0,0,1,0,1,2,1,0,1,0,2,0,4.0,186,35,5.314285714285714
0,6,144,0,1,1,0,0,1,0,1,0,1,0,1,0,3,0,6.0,349,60,5.816666666666666
0,4,144,0,1,1,0,0,1,0,1,0,1,0,1,0,3,0,1.0,750,144,5.208333333333333
0,2,144,0,1,4,0,0,1,1,0,0,1,0,1,0,2,0,8.0,199,38,5.2368421052631575
1,2,105,0,0,2,5,0,0,0,1,0,1,0,2,0,12,0,3.0,533,100,5.33
0,48,144,114,0,4,6,0,0,2,0,0,2,0,2,0,12,0,5.0,195,40,4.875
1,2,105,0,1,6,0,0,1,0,1,1,1,0,1,0,3,0,0.0,203,44,4.613636363636363
1,12,105,0,1,0,1,4,0,0,0,0,0,0,1,0,2,0,6.0,704,133,5.293233082706767
1,6,128,0,0,5,0,0,1,0,0,0,1,0,1,0,2,0,2.0,133,27,4.925925925925926
1,8,103,0,1,4,6,0,2,2,1,1,2,0,1,100,2,0,5.0,586,122,4.80327868852459
0,2,22,114,1,0,6,0,2,0,1,1,1,0,1,0,1,0,16.0,207,40,5.175
0,2,144,0,0,1,0,0,1,0,1,1,1,0,1,1,7,0,3.0,18,3,6.0
0,3,144,0,0,6,0,0,1,1,1,1,1,0,1,50,12,0,4.0,87,17,5.117647058823529
0,15,144,0,1,1,6,0,2,0,0,0,0,0,1,300,12,0,5.0,393,68,5.779411764705882
0,12,144,114,1,4,6,0,1,0,2,2,2,0,1,0,5,0,5.0,53,9,5.888888888888889
0,12,144,0,1,1,2,0,1,1,2,0,2,0,1,0,2,0,8.0,343,62,5.532258064516129
1,7,103,96,1,0,5,0,1,2,2,2,2,0,1,250,2,0,1.0,300,56,5.357142857142857
1,2,105,0,2,0,1,5,0,1,1,1,1,0,4,0,2,0,2.0,373,76,4.907894736842105
1,6,105,0,1,0,5,0,1,0,0,0,0,0,1,50,12,1,10.0,1595,307,5.195439739413681
1,1,105,0,0,0,2,0,0,0,1,1,1,0,3,0,12,0,3.0,535,102,5.245098039215686
0,24,144,0,0,4,0,0,1,1,0,0,1,0,1,0,2,0,2.0,231,46,5.021739130434782
1,6,105,82,2,0,1,5,1,0,0,0,0,0,4,0,2,0,15.0,40,6,6.666666666666667
0,49,60,0,0,1,4,5,0,2,0,0,0,0,1,0,0,0,1.0,110,22,5.0
1,1,105,0,2,0,3,5,1,0,1,0,1,0,6,0,2,1,9.0,119,21,5.666666666666667
0,2,144,0,1,0,1,0,1,0,1,0,1,0,1,0,2,0,3.0,185,33,5.606060606060606
1,16,105,0,0,0,6,0,1,0,0,0,0,0,2,500,12,0,3.0,633,111,5.702702702702703
1,5,103,0,1,5,0,0,1,1,1,0,1,1,1,100,3,0,6.0,331,70,4.728571428571429
0,2,144,0,1,0,4,5,1,1,1,1,1,0,1,0,2,0,5.0,367,72,5.097222222222222
0,60,54,0,0,0,1,5,1,1,1,0,1,1,1,0,12,0,5.0,1392,285,4.88421052631579
1,4,88,0,1,0,1,4,0,0,1,2,1,0,1,50,2,0,5.0,282,52,5.423076923076923
1,3,122,80,2,1,3,4,0,1,1,1,1,0,4,30,12,0,5.0,410,81,5.061728395061729
1,2,128,0,0,1,4,0,1,1,1,0,1,0,1,0,2,0,11.0,294,55,5.345454545454546
1,1,104,0,0,0,6,0,0,1,1,1,1,0,1,0,2,1,1.0,171,31,5.516129032258065
0,2,144,0,1,1,0,0,1,1,1,0,1,0,1,0,2,0,2.0,51,9,5.666666666666667
0,24,22,114,0,3,0,0,2,0,2,2,0,1,1,0,12,0,2.0,35,6,5.833333333333333
1,3,105,0,1,0,1,3,1,0,0,0,1,0,1,0,12,0,2.0,339,59,5.745762711864407
0,2,144,0,1,1,6,0,1,0,1,1,1,0,6,0,3,0,2.0,111,22,5.045454545454546
1,1,105,0,1,0,1,1,1,0,1,1,1,0,1,0,2,1,18.0,330,59,5.593220338983051
0,84,41,0,0,0,0,0,0,1,0,0,0,0,1,0,2,0,5.0,333,66,5.045454545454546
0,1,60,52,2,0,6,0,1,1,1,1,1,0,5,0,2,0,0.0,218,36,6.055555555555555
1,1,105,82,2,1,2,5,1,1,1,0,1,0,2,0,2,0,2.0,50,9,5.555555555555555
0,20,144,0,0,0,0,0,1,0,0,0,1,0,1,0,5,0,5.0,1256,259,4.8494208494208495
1,1,104,0,2,0,1,2,0,1,1,1,1,0,4,0,2,0,6.0,60,9,6.666666666666667
0,2,144,0,1,1,3,0,1,0,1,0,1,0,1,0,2,0,4.0,1217,237,5.135021097046414
0,2,144,0,1,1,0,0,1,1,0,0,1,0,1,0,2,0,3.0,205,43,4.767441860465116
1,2,105,0,1,5,6,0,1,0,0,0,1,0,1,0,12,0,2.0,108,16,6.75
0,2,144,0,0,0,0,0,1,0,1,0,1,0,1,0,2,0,4.0,63,12,5.25
0,4,144,0,1,0,1,5,1,0,0,0,0,0,1,0,12,0,13.0,77,13,5.923076923076923
1,72,103,81,1,0,1,4,1,1,2,2,2,0,1,0,2,0,5.0,527,99,5.3232323232323235
0,3,144,0,1,1,6,0,1,1,0,0,1,0,1,0,2,0,2.0,178,39,4.564102564102564
0,1,144,114,1,0,3,0,1,0,1,1,1,0,1,0,3,0,2.0,112,21,5.333333333333333
1,2,105,82,0,0,3,5,1,0,1,0,1,1,2,0,12,0,18.0,596,107,5.570093457943925
0,36,62,124,0,1,0,0,0,2,0,0,1,0,1,0,2,0,5.0,112,23,4.869565217391305
0,3,144,0,0,0,1,5,1,0,1,0,2,0,3,0,2,0,3.0,165,30,5.5
1,1,105,0,1,0,4,5,1,0,1,1,1,0,2,0,12,0,1.0,154,32,4.8125
0,1,144,114,0,0,1,0,1,1,1,1,1,0,1,0,2,0,1.0,12,2,6.0
1,1,105,106,0,2,0,0,0,0,1,0,1,0,1,0,2,0,12.0,665,116,5.732758620689655
0,12,10,0,1,0,0,0,3,0,0,0,1,1,1,0,12,0,3.0,351,74,4.743243243243243
0,12,144,0,1,4,0,0,1,0,0,0,0,0,1,0,12,0,5.0,667,129,5.170542635658915
1,2,104,81,2,0,1,0,0,0,1,1,1,0,4,0,2,0,5.0,387,67,5.776119402985074
0,2,144,0,0,0,1,5,1,1,1,1,1,0,4,0,2,0,5.0,302,52,5.8076923076923075
1,3,105,0,0,1,6,0,0,1,1,0,1,0,1,0,2,0,3.0,248,45,5.511111111111111
1,4,103,0,1,0,1,0,1,2,0,0,1,0,1,0,7,0,3.0,106,18,5.888888888888889
1,3,105,82,2,0,3,4,0,1,1,1,1,0,6,0,2,0,5.0,51,10,5.1
1,3,128,0,2,0,1,5,0,1,1,1,1,0,4,50,2,0,1.0,144,27,5.333333333333333
1,3,105,0,1,3,6,0,0,0,1,1,1,0,1,0,12,0,0.0,42,9,4.666666666666667
1,1,105,0,0,2,0,0,1,0,1,1,1,0,1,0,2,0,5.0,349,68,5.132352941176471
1,3,105,0,0,5,6,0,0,0,1,1,1,0,1,0,0,0,5.0,362,71,5.098591549295775
0,24,144,12,1,4,6,0,1,1,0,0,0,0,1,350,12,0,4.0,251,42,5.976190476190476
1,8,105,0,1,0,5,0,1,0,1,1,0,0,1,0,2,0,5.0,1888,310,6.090322580645161
1,1,103,80,0,0,6,0,0,2,1,1,1,0,1,0,2,0,7.0,1024,196,5.224489795918367
1,5,128,0,0,6,0,0,1,0,1,1,1,0,1,0,12,0,4.0,154,31,4.967741935483871
0,1,144,0,2,0,1,5,2,1,1,1,1,0,6,0,2,7,21.0,377,74,5.094594594594595
1,7,105,0,1,1,5,0,1,0,1,0,1,0,1,0,2,0,3.0,15,3,5.0
0,2,144,0,0,1,6,0,1,0,0,0,1,0,1,0,2,0,7.0,271,47,5.76595744680851
1,26,105,89,0,2,4,0,2,1,0,0,0,0,1,100,2,0,4.0,313,44,7.113636363636363
1,1,105,0,0,5,0,0,1,0,1,1,1,0,1,0,2,0,3.0,261,49,5.326530612244898
0,1,144,0,1,1,4,0,1,0,1,1,1,0,2,0,12,0,2.0,28,5,5.6
1,3,105,0,1,3,6,0,1,0,1,1,1,0,1,0,7,0,5.0,210,40,5.25
0,2,144,0,2,0,1,5,1,0,1,1,1,0,3,0,2,0,12.0,35,6,5.833333333333333
0,2,23,17,1,0,1,3,1,0,1,0,2,0,1,0,12,0,1.0,135,32,4.21875
1,5,135,0,0,0,1,4,1,0,0,0,1,0,1,0,2,0,6.0,1289,232,5.556034482758621
0,84,60,0,0,1,6,0,1,1,2,2,2,0,1,0,2,0,3.0,171,29,5.896551724137931
0,36,61,0,2,1,5,5,2,1,0,1,0,0,4,320,2,0,4.0,408,78,5.230769230769231
0,2,144,0,1,0,1,0,1,1,1,1,1,0,1,20,3,0,1.0,142,25,5.68
0,18,144,0,0,0,1,0,1,0,0,0,0,0,1,300,2,0,1.0,497,74,6.716216216216216
0,2,144,0,1,4,0,0,1,0,1,0,1,0,1,0,6,0,7.0,798,158,5.050632911392405
0,42,144,0,0,1,0,0,2,0,1,1,1,1,1,0,3,0,3.0,320,63,5.079365079365079
1,24,96,0,2,0,2,2,1,0,0,0,0,0,5,0,12,0,5.0,132,25,5.28
0,4,144,114,0,1,6,0,1,0,1,1,1,0,1,0,12,0,3.0,86,14,6.142857142857143
0,3,144,0,1,1,4,5,1,0,1,1,1,0,3,200,12,0,5.0,313,57,5.491228070175438
0,3,144,0,0,1,0,0,1,0,0,0,1,0,1,0,2,0,5.0,164,29,5.655172413793103
0,2,144,0,2,0,1,0,1,0,0,0,1,0,4,0,12,0,4.0,287,52,5.519230769230769
0,2,144,0,0,0,0,0,1,1,2,2,2,0,1,0,0,0,1.0,76,13,5.846153846153846
0,36,51,0,0,5,6,0,0,0,2,2,1,0,1,200,2,0,2.0,418,79,5.291139240506329
1,2,105,0,2,2,6,0,1,0,1,0,1,0,2,0,12,0,12.0,1440,258,5.5813953488372094
0,3,144,0,1,1,6,0,1,1,0,0,1,0,1,0,2,0,5.0,298,61,4.885245901639344
1,36,96,0,1,0,3,5,0,0,0,0,0,0,1,0,12,0,7.0,887,173,5.127167630057803
0,1,144,0,1,1,0,0,1,0,1,0,1,0,1,0,2,0,1.0,377,66,5.712121212121212
1,5,105,0,1,6,0,0,1,0,1,0,1,0,1,0,12,0,3.0,1276,239,5.338912133891213
1,3,105,0,0,0,5,0,0,0,0,0,2,0,1,0,12,0,8.0,130,20,6.5
1,2,105,0,2,0,3,5,0,0,1,1,1,0,4,0,2,0,4.0,419,84,4.988095238095238
0,7,144,0,1,0,0,0,0,0,0,0,0,0,1,0,12,0,25.0,434,84,5.166666666666667
0,2,144,114,0,6,0,0,1,0,1,1,1,0,1,0,2,0,3.0,191,41,4.658536585365853
1,1,103,0,0,2,0,0,0,2,1,1,1,0,1,0,2,0,3.0,259,50,5.18
0,3,45,114,1,2,0,0,1,0,0,0,1,0,3,0,2,0,3.0,310,56,5.535714285714286
0,24,144,0,1,0,5,5,1,0,0,0,0,0,1,0,2,0,1.0,235,46,5.108695652173913
0,3,144,0,0,0,0,0,1,0,1,0,1,0,1,0,2,0,4.0,384,73,5.260273972602739
1,3,105,0,0,2,6,0,1,0,0,0,0,0,1,0,2,1,16.0,194,35,5.542857142857143
1,2,105,0,1,3,4,0,0,0,1,1,1,0,1,0,2,0,3.0,31,7,4.428571428571429
0,24,144,114,2,4,6,0,0,1,1,1,1,0,4,0,12,0,0.0,85,15,5.666666666666667
0,3,144,0,1,1,0,0,1,0,1,1,1,0,1,50,12,0,2.0,143,27,5.296296296296297
1,6,105,106,0,2,6,0,0,0,0,0,1,0,1,100,12,0,6.0,2989,513,5.826510721247564
1,5,104,0,0,0,1,0,1,1,1,1,1,0,1,0,2,0,3.0,167,33,5.0606060606060606
0,2,144,0,1,2,0,0,1,1,1,1,1,0,1,0,2,0,21.0,434,80,5.425
0,84,150,0,1,6,0,0,1,0,2,2,2,0,1,0,12,0,1.0,346,79,4.379746835443038
1,4,105,0,0,3,6,0,0,0,1,0,1,0,1,0,2,2,4.0,232,44,5.2727272727272725
1,7,103,82,0,5,6,0,1,1,2,0,1,0,1,0,2,0,12.0,732,147,4.979591836734694
1,1,84,63,2,1,2,0,0,0,1,1,1,0,2,0,2,0,1.0,165,31,5.32258064516129
0,84,144,0,1,1,0,0,1,0,0,0,0,0,1,0,12,0,16.0,1398,256,5.4609375
0,5,144,0,1,0,1,3,1,0,2,2,2,0,1,0,2,0,3.0,364,65,5.6
1,1,105,0,1,0,1,0,0,0,1,1,1,0,1,0,1,0,1.0,228,38,6.0
0,3,144,0,0,0,0,0,1,1,1,0,1,0,1,0,7,0,1.0,134,29,4.620689655172414
0,4,8,114,1,2,0,0,2,1,0,2,2,0,1,0,2,0,1.0,556,99,5.616161616161616
0,5,144,0,1,3,4,0,1,0,1,0,1,0,1,0,2,0,1.0,61,11,5.545454545454546
1,1,105,0,2,5,6,0,1,0,1,1,1,0,2,0,2,0,3.0,96,15,6.4
0,3,144,0,1,1,0,0,1,0,0,0,0,0,1,0,12,0,6.0,130,21,6.190476190476191
0,1,165,54,1,0,6,0,1,0,0,0,0,0,1,0,2,0,27.0,389,69,5.63768115942029
0,24,60,0,1,1,6,0,0,1,0,0,0,0,1,0,2,0,1.0,16,3,5.333333333333333
0,30,5,114,1,0,1,0,1,1,1,1,1,0,1,0,7,0,3.0,162,30,5.4
1,12,105,0,1,2,0,0,1,0,0,0,0,0,1,0,12,0,2.0,770,140,5.5
0,1,144,0,1,0,1,5,1,1,1,1,1,0,1,0,3,0,1.0,105,15,7.0
0,2,144,114,1,1,6,0,1,1,0,0,1,0,1,0,2,0,5.0,12,2,6.0
1,5,84,0,1,2,3,3,1,0,2,2,1,0,1,0,2,0,2.0,137,27,5.074074074074074
1,2,105,82,2,0,5,0,0,0,1,1,2,0,2,0,12,0,5.0,719,132,5.446969696969697
1,2,104,0,1,0,3,5,2,1,1,0,2,0,1,40,2,0,4.0,660,106,6.226415094339623
1,2,105,82,0,0,6,0,0,0,1,1,1,0,1,0,12,0,3.0,587,113,5.1946902654867255
0,3,166,114,1,0,1,0,1,1,0,0,1,0,1,0,2,0,6.0,137,23,5.956521739130435
0,2,144,0,2,0,1,0,0,1,1,1,1,0,9,0,4,0,6.0,312,56,5.571428571428571
1,1,105,0,1,0,2,5,1,1,2,2,2,0,1,0,2,0,4.0,78,15,5.2
0,2,5,114,1,0,1,0,1,1,1,1,1,0,1,0,2,0,1.0,48,10,4.8
1,2,104,0,2,2,3,0,0,1,1,1,1,0,3,0,2,1,5.0,347,68,5.102941176470588
0,36,62,0,0,1,4,5,1,1,2,2,2,0,1,0,2,0,3.0,165,30,5.5
0,2,144,0,2,0,4,0,1,0,1,1,1,0,4,0,5,0,6.0,102,15,6.8
0,5,144,114,0,3,0,0,2,0,0,0,0,0,1,50,5,0,2.0,488,92,5.304347826086956
0,1,144,0,2,0,3,5,1,1,1,1,1,0,3,0,2,0,5.0,385,70,5.5
0,2,144,0,0,0,1,0,1,0,1,0,1,0,1,0,2,0,1.0,184,41,4.487804878048781
1,4,122,80,0,1,4,0,1,2,0,0,2,0,1,0,2,0,1.0,322,65,4.953846153846154
1,1,84,0,0,0,1,5,0,0,1,1,1,0,1,0,9,0,1.0,22,3,7.333333333333333
0,1,17,41,0,1,0,0,1,1,2,2,2,0,1,0,7,2,11.0,1566,297,5.2727272727272725
1,5,105,0,0,0,0,0,1,0,1,0,1,0,1,0,2,1,12.0,260,47,5.531914893617022
0,3,147,114,1,0,4,5,1,1,1,0,1,0,1,0,2,0,9.0,507,94,5.3936170212765955
0,3,144,0,1,0,4,5,1,1,1,1,1,0,2,0,2,0,4.0,83,18,4.611111111111111
0,3,144,0,1,1,6,0,1,0,2,2,1,0,1,0,2,0,3.0,199,37,5.378378378378378
1,7,104,0,0,0,6,0,1,1,0,0,0,0,1,0,2,0,5.0,175,32,5.46875
0,2,144,114,1,1,6,0,1,1,1,0,1,0,1,0,2,0,1.0,12,2,6.0
0,1,144,0,0,1,6,0,1,1,1,1,1,0,1,0,3,0,2.0,103,17,6.0588235294117645
1,4,104,106,0,2,4,5,1,1,0,0,1,0,2,0,12,0,11.0,944,186,5.075268817204301
0,1,144,114,0,0,1,5,1,1,1,0,1,0,1,0,2,0,1.0,14,3,4.666666666666667
0,84,50,0,0,6,0,0,2,2,0,0,2,1,1,280,12,0,2.0,183,29,6.310344827586207
0,7,149,0,1,1,0,0,1,0,2,2,2,0,1,0,2,0,2.0,67,10,6.7
0,84,81,0,1,0,2,5,0,0,0,0,1,0,1,0,2,0,1.0,543,103,5.271844660194175
0,1,144,0,1,0,0,0,0,0,1,0,1,0,2,0,2,0,7.0,357,70,5.1
0,96,22,0,0,2,6,0,1,0,0,0,2,0,1,0,2,0,4.0,50,8,6.25
0,4,69,40,1,0,1,5,1,0,1,0,1,0,1,0,2,0,5.0,308,53,5.811320754716981
1,3,105,0,0,3,6,0,1,0,0,0,1,0,1,0,12,0,27.0,71,14,5.071428571428571
1,1,105,0,1,0,3,5,0,0,1,1,1,0,2,0,2,0,3.0,131,24,5.458333333333333
0,2,144,0,2,0,1,5,1,1,0,0,1,0,13,0,2,0,5.0,82,14,5.857142857142857
1,36,104,0,0,1,6,0,2,1,1,0,1,0,1,0,3,0,1.0,92,20,4.6
0,1,144,0,2,0,1,0,0,0,1,1,2,0,6,0,5,0,0.0,446,83,5.373493975903615
1,12,135,0,0,0,5,0,1,0,1,0,1,0,1,0,2,0,3.0,8,1,8.0
0,1,144,114,0,0,1,0,1,1,1,0,1,0,1,0,2,0,1.0,14,3,4.666666666666667
0,2,144,0,1,0,0,0,1,0,0,0,1,0,1,0,12,0,2.0,117,20,5.85
0,2,144,114,1,1,0,0,1,1,0,0,1,0,1,0,2,0,1.0,12,2,6.0
1,3,105,101,2,6,0,0,1,0,0,0,1,0,2,0,12,0,4.0,347,68,5.102941176470588
0,3,144,114,0,4,0,0,1,0,2,2,2,0,1,0,2,0,2.0,384,74,5.1891891891891895
0,1,144,0,2,1,6,0,1,0,0,0,1,0,2,0,2,8,26.0,625,121,5.1652892561983474
0,12,144,0,1,1,2,5,0,0,2,2,2,0,1,0,4,0,5.0,522,95,5.494736842105263
0,2,144,114,1,1,6,0,1,0,0,0,2,0,1,50,2,0,3.0,195,38,5.131578947368421
0,1,144,0,0,1,6,0,0,1,1,1,1,1,1,0,2,0,2.0,138,25,5.52
0,1,144,0,0,0,1,0,1,1,1,0,1,0,1,0,12,0,7.0,101,18,5.611111111111111
1,5,105,0,0,2,4,5,1,0,1,0,1,0,1,0,12,0,5.0,292,53,5.509433962264151
1,36,143,0,1,0,6,0,0,0,1,0,0,0,1,0,2,0,9.0,208,35,5.942857142857143
1,2,105,82,1,5,6,0,1,1,1,1,1,0,1,0,2,0,3.0,227,35,6.485714285714286
0,1,144,0,0,0,0,0,1,1,0,0,0,0,1,0,2,0,3.0,205,41,5.0
0,4,60,0,1,0,1,5,0,2,0,0,1,0,1,400,2,0,3.0,68,12,5.666666666666667
0,24,175,0,1,6,0,0,1,2,0,0,0,0,1,0,2,0,1.0,327,60,5.45
0,3,144,0,0,0,1,3,1,1,0,0,1,0,1,0,2,0,7.0,386,56,6.892857142857143
1,4,104,0,1,0,6,0,0,1,2,2,1,0,1,50,2,0,3.0,75,13,5.769230769230769
0,1,144,0,0,4,6,0,1,0,1,1,1,0,1,0,2,0,9.0,845,133,6.353383458646617
0,1,144,0,1,1,4,5,1,1,1,1,1,0,1,0,3,0,0.0,265,47,5.638297872340425
1,23,105,0,2,0,2,5,1,0,1,0,0,0,3,100,2,0,11.0,609,123,4.951219512195122
1,2,105,0,1,0,1,5,1,0,1,0,0,0,1,0,2,0,5.0,724,136,5.323529411764706
0,5,144,0,0,1,3,3,1,1,0,0,1,0,1,0,2,0,1.0,77,13,5.923076923076923
0,1,144,0,2,0,1,2,1,0,2,2,2,0,6,100,3,0,3.0,815,143,5.699300699300699
0,36,47,114,0,0,1,0,2,0,0,0,0,0,1,0,2,0,4.0,146,4,36.5
0,12,144,114,1,1,2,2,1,1,2,2,2,0,1,0,2,0,4.0,282,51,5.529411764705882
0,2,144,0,1,1,0,0,0,0,2,2,1,0,1,0,2,0,2.0,325,61,5.327868852459017
1,9,114,0,1,3,6,0,2,1,0,0,1,0,1,200,2,0,2.0,234,44,5.318181818181818
1,2,128,0,1,1,0,0,1,0,1,1,1,0,1,0,2,0,3.0,262,48,5.458333333333333
1,8,125,89,1,1,4,5,1,2,1,1,1,0,1,0,2,0,4.0,204,41,4.975609756097561
1,11,103,0,0,0,6,0,1,0,1,1,1,0,1,50,2,0,2.0,374,76,4.921052631578948
0,2,144,0,1,0,1,0,1,0,2,2,1,0,1,0,2,0,1.0,123,21,5.857142857142857
1,2,105,101,0,0,6,0,1,0,1,1,1,0,1,0,1,0,1.0,54,12,4.5
0,2,144,0,0,4,0,0,1,0,0,0,1,0,1,0,12,0,3.0,155,26,5.961538461538462
0,12,69,114,0,0,0,0,1,1,2,2,2,0,1,0,12,0,3.0,1199,235,5.102127659574468
0,24,43,0,0,4,0,0,1,0,1,0,0,0,1,100,2,0,2.0,54,8,6.75
1,18,105,82,1,0,6,0,1,0,0,0,0,0,1,0,2,0,3.0,74,6,12.333333333333334
0,2,144,0,1,3,0,0,1,1,1,0,1,0,1,0,4,0,1.0,120,24,5.0
1,12,104,0,1,1,4,0,1,1,1,1,1,0,2,0,2,0,4.0,1012,202,5.00990099009901
1,2,122,80,0,6,0,0,1,2,1,1,1,0,1,350,12,0,4.0,141,25,5.64
0,5,144,114,1,3,6,0,0,0,0,0,0,0,1,0,2,0,8.0,286,58,4.931034482758621
1,3,104,0,2,0,3,4,0,1,1,1,1,0,2,0,12,0,6.0,520,99,5.252525252525253
1,3,104,0,0,0,5,0,1,1,1,1,1,0,1,0,12,0,2.0,170,32,5.3125
0,2,144,0,1,0,6,0,1,0,1,0,1,0,1,0,2,0,1.0,390,69,5.6521739130434785
0,7,74,114,1,1,6,0,1,1,2,2,2,0,1,0,2,0,1.0,794,146,5.438356164383562
1,3,98,104,0,1,2,0,0,0,2,2,2,0,1,0,12,0,1.0,47,7,6.714285714285714
0,12,144,0,0,0,2,5,1,0,2,2,2,0,1,0,3,0,3.0,265,48,5.520833333333333
0,5,144,0,0,1,4,0,0,0,2,2,2,0,1,0,2,0,1.0,331,64,5.171875
1,5,105,0,0,6,0,0,1,1,2,2,2,0,1,0,2,0,3.0,212,36,5.888888888888889
1,14,122,0,1,5,0,0,1,1,0,0,1,0,1,0,9,0,9.0,37,6,6.166666666666667
0,1,144,0,0,4,6,0,1,0,0,1,1,0,1,0,11,0,1.0,789,165,4.781818181818182
1,12,105,0,1,1,0,0,1,0,1,1,1,0,1,0,0,0,1.0,36,7,5.142857142857143
1,12,105,0,0,1,0,0,0,0,0,0,0,0,1,0,2,0,4.0,177,32,5.53125
0,36,144,9,2,0,2,0,2,0,0,0,0,0,2,0,2,0,5.0,202,36,5.611111111111111
0,84,30,47,0,0,1,5,0,0,0,0,1,0,2,0,2,0,11.0,1028,193,5.3264248704663215
0,0,144,114,2,1,6,0,1,0,2,2,2,0,2,0,2,0,5.0,169,34,4.970588235294118
1,36,93,0,1,1,6,0,1,0,0,0,0,0,1,250,4,0,1.0,103,19,5.421052631578948
1,4,105,0,1,2,5,5,0,0,0,0,1,0,1,0,12,0,4.0,507,99,5.121212121212121
1,7,103,106,0,0,6,0,2,2,1,1,1,0,1,0,2,0,5.0,382,68,5.617647058823529
0,6,5,0,0,0,0,0,1,0,0,0,1,0,1,0,2,0,1.0,92,17,5.411764705882353
0,4,144,0,0,0,2,0,2,0,0,0,1,0,1,0,2,0,1.0,124,22,5.636363636363637
0,1,144,0,1,4,0,0,1,0,1,1,1,0,1,0,2,0,1.0,534,104,5.134615384615385
1,3,105,0,0,1,0,0,1,0,0,0,1,0,1,100,2,0,3.0,452,70,6.457142857142857
0,2,144,0,0,0,4,0,1,0,1,1,1,0,1,0,12,0,4.0,191,40,4.775
0,3,144,0,1,1,0,0,1,0,0,0,1,0,1,50,2,0,4.0,124,22,5.636363636363637
1,4,83,0,1,4,6,0,1,1,0,0,1,1,1,350,2,0,1.0,205,38,5.394736842105263
0,3,144,0,1,1,0,0,1,0,1,1,1,0,1,0,12,0,1.0,260,49,5.3061224489795915
1,4,88,101,0,6,0,0,1,1,1,1,1,0,2,100,2,0,1.0,34,4,8.5
1,4,105,0,0,5,6,0,1,0,0,0,1,0,1,0,2,0,3.0,133,20,6.65
1,12,105,0,0,0,0,0,1,1,2,2,1,1,1,0,12,0,3.0,187,36,5.194444444444445
0,3,144,0,1,1,0,0,1,1,0,0,1,0,1,0,2,0,5.0,53,11,4.818181818181818
1,11,105,0,1,0,6,0,1,0,0,0,0,0,1,0,2,0,3.0,196,37,5.297297297297297
0,2,144,0,1,1,6,0,1,0,1,1,1,0,1,0,2,0,2.0,149,27,5.518518518518518
1,24,105,0,0,5,6,0,1,0,1,1,0,0,1,0,2,0,1.0,25,5,5.0
0,24,62,0,0,0,0,0,1,1,1,0,0,0,1,0,4,0,1.0,84,19,4.421052631578948
1,2,105,0,0,0,0,0,0,0,1,0,1,0,1,50,2,0,1.0,267,47,5.680851063829787
1,4,105,0,1,1,6,0,1,0,0,0,1,0,1,0,2,0,1.0,211,38,5.552631578947368
0,7,26,0,0,6,0,0,0,1,0,0,1,0,1,0,12,0,1.0,350,66,5.303030303030303
1,12,105,0,0,1,6,0,1,1,0,0,0,0,1,0,3,0,5.0,778,156,4.987179487179487
0,4,5,4,0,1,0,0,0,1,2,2,2,0,1,150,2,0,0.0,5,1,5.0
1,5,105,0,1,1,5,5,1,0,2,2,2,0,1,0,2,0,5.0,812,151,5.377483443708609
0,2,146,114,0,0,2,0,1,0,1,0,1,0,1,0,2,0,3.0,280,52,5.384615384615385
1,1,105,0,2,1,4,5,0,0,1,1,1,0,4,0,3,0,5.0,29,6,4.833333333333333
0,2,144,0,0,1,0,0,1,0,1,1,1,0,1,0,2,0,3.0,379,75,5.053333333333334
0,1,144,0,2,0,1,5,2,0,1,1,1,0,8,0,2,0,4.0,2146,399,5.37844611528822
1,0,105,0,2,0,1,5,1,0,2,0,0,0,18,0,2,0,21.0,984,189,5.2063492063492065
1,4,105,0,0,3,6,0,1,0,1,1,1,0,1,0,2,0,1.0,173,31,5.580645161290323
1,14,104,0,1,1,0,0,1,2,1,0,2,0,1,0,12,0,1.0,164,41,4.0
0,3,165,114,0,0,6,0,1,0,0,0,2,0,1,0,2,0,3.0,19,5,3.8
1,2,105,0,1,5,6,0,1,0,1,0,1,0,1,0,5,1,7.0,224,39,5.743589743589744
1,6,105,0,0,5,0,0,0,0,0,0,0,0,1,0,12,0,9.0,1012,169,5.988165680473373
1,5,104,0,1,5,6,0,1,1,1,1,1,0,1,0,2,0,3.0,125,21,5.9523809523809526
0,16,69,114,1,0,1,0,1,0,0,0,0,0,1,300,2,0,1.0,489,71,6.887323943661972
0,2,144,0,0,0,1,0,2,0,1,1,1,0,1,0,2,0,6.0,801,143,5.601398601398602
1,3,105,0,1,0,6,0,2,0,1,1,1,0,1,0,12,0,4.0,248,45,5.511111111111111
1,2,105,0,1,1,0,0,0,1,1,1,1,0,1,0,4,0,1.0,152,29,5.241379310344827
1,2,105,0,1,0,3,5,1,0,1,1,1,0,1,50,2,0,3.0,285,48,5.9375
1,7,105,0,0,5,6,0,1,0,1,0,1,0,1,0,2,0,1.0,54,10,5.4
0,24,144,0,0,2,0,0,2,1,1,0,0,0,1,0,2,0,8.0,3655,695,5.258992805755396
0,10,144,0,0,0,1,0,1,0,0,0,0,0,1,0,12,0,6.0,629,114,5.517543859649122
0,12,144,0,1,2,4,5,1,1,0,0,0,0,1,0,2,0,3.0,963,147,6.551020408163265
0,6,144,0,0,2,0,0,1,0,0,0,0,0,1,150,2,0,2.0,328,59,5.559322033898305
1,1,105,0,0,1,6,0,0,0,1,1,1,0,1,0,2,0,4.0,337,62,5.435483870967742
0,6,144,0,1,0,0,0,1,0,0,0,0,0,1,0,2,0,4.0,390,76,5.131578947368421
1,2,105,80,1,6,0,0,0,0,1,1,1,0,1,0,12,0,4.0,156,32,4.875
1,2,104,0,1,2,0,0,0,0,0,0,1,0,1,0,2,0,2.0,277,55,5.036363636363636
0,12,69,114,1,1,4,0,1,1,2,0,1,0,1,0,2,0,5.0,481,93,5.172043010752688
0,3,144,35,1,0,1,0,1,0,1,1,1,0,1,50,12,0,4.0,55,9,6.111111111111111
0,3,144,114,0,0,0,0,1,1,0,0,1,0,1,0,2,0,1.0,233,49,4.755102040816326
1,2,105,0,1,0,5,5,1,0,2,0,2,0,1,0,12,0,1.0,44,9,4.888888888888889
0,2,144,114,2,1,3,3,0,0,1,1,2,0,6,0,2,0,4.0,66,11,6.0
1,1,105,0,2,0,1,4,1,0,1,1,2,0,5,0,12,0,5.0,536,100,5.36
0,60,69,114,0,4,5,0,1,1,2,2,1,0,1,0,2,0,5.0,902,180,5.011111111111111
1,14,104,0,0,0,4,5,2,1,1,1,1,0,1,0,12,0,5.0,276,54,5.111111111111111
1,7,105,0,2,1,4,5,1,0,1,1,1,0,2,0,12,0,6.0,624,112,5.571428571428571
0,4,144,0,1,1,6,0,1,1,0,2,2,0,1,0,2,0,1.0,32,5,6.4
1,2,105,0,1,0,3,0,1,0,1,1,1,0,1,0,12,0,2.0,1567,285,5.4982456140350875
0,60,164,0,0,1,0,0,0,2,0,0,0,0,1,150,2,0,2.0,540,105,5.142857142857143
0,7,144,0,1,0,0,0,1,0,0,0,0,0,1,0,2,0,3.0,247,51,4.8431372549019605
1,3,104,0,1,5,6,0,1,1,1,1,1,0,1,0,2,0,6.0,24,4,6.0
1,8,105,106,1,1,0,0,1,0,0,0,0,0,1,0,12,0,1.0,440,82,5.365853658536586
0,2,144,0,0,0,1,0,0,0,1,1,1,0,1,0,12,0,1.0,91,16,5.6875
1,1,105,0,2,1,3,4,0,1,1,1,1,0,5,0,2,0,7.0,328,60,5.466666666666667
0,4,144,9,1,4,0,0,2,0,0,0,0,0,1,0,2,0,14.0,273,49,5.571428571428571
0,1,144,114,1,1,2,5,0,0,1,0,1,0,1,0,5,0,2.0,50,12,4.166666666666667
1,3,105,0,1,3,0,0,0,0,1,1,1,0,1,0,12,0,7.0,84,14,6.0
1,1,105,0,1,0,3,5,0,0,1,1,1,0,1,0,12,0,0.0,222,43,5.162790697674419
1,4,128,0,1,1,4,0,1,0,1,1,1,0,1,100,12,0,5.0,173,31,5.580645161290323
0,5,17,130,1,0,1,5,1,0,2,2,1,0,1,0,2,0,5.0,287,55,5.218181818181818
1,2,104,0,2,3,6,0,0,1,1,1,1,0,5,0,2,0,2.0,180,31,5.806451612903226
1,3,105,0,2,0,3,5,1,0,1,1,1,0,2,0,12,0,1.0,73,15,4.866666666666666
1,12,143,0,0,0,0,0,0,1,0,0,0,0,1,50,2,0,1.0,665,115,5.782608695652174
1,2,105,0,2,1,3,5,1,0,2,2,2,1,2,0,3,0,4.0,316,62,5.096774193548387
1,13,103,96,1,0,2,5,1,2,0,0,1,0,1,0,2,0,4.0,126,23,5.478260869565218
1,1,105,0,1,0,0,0,0,0,1,1,1,0,1,0,2,0,1.0,147,29,5.068965517241379
1,48,105,0,0,2,6,0,1,1,1,1,1,0,1,0,2,0,3.0,540,100,5.4
1,2,105,0,0,0,1,0,0,0,1,1,1,0,1,100,2,0,4.0,309,56,5.517857142857143
1,6,125,0,1,5,6,0,1,1,2,2,2,0,1,0,2,0,5.0,228,44,5.181818181818182
0,12,144,10,2,1,4,5,1,1,0,0,0,0,2,0,4,0,4.0,55,12,4.583333333333333
1,12,88,82,1,0,6,0,1,0,0,0,1,0,1,0,2,0,4.0,245,30,8.166666666666666
0,4,144,0,1,0,1,0,1,0,0,0,1,0,1,0,2,0,1.0,251,50,5.02
0,2,144,0,0,0,6,0,1,0,2,2,2,0,1,0,5,0,1.0,66,14,4.714285714285714
1,7,105,82,1,6,0,0,1,0,0,0,0,0,1,0,12,0,3.0,23,5,4.6
0,1,144,0,0,0,0,0,0,0,1,1,1,0,1,0,2,0,5.0,337,65,5.184615384615385
1,2,105,0,2,1,5,0,0,0,1,1,1,0,3,0,6,0,3.0,212,36,5.888888888888889
0,7,144,0,1,1,2,2,1,1,0,2,0,0,1,0,3,0,4.0,622,115,5.408695652173913
1,2,105,0,2,0,3,5,1,0,1,1,1,0,4,0,2,0,4.0,918,185,4.962162162162162
0,1,144,114,1,0,1,0,0,0,1,1,0,0,1,0,12,0,2.0,168,32,5.25
1,3,128,0,1,0,5,0,1,1,0,0,1,0,1,150,12,0,6.0,208,42,4.9523809523809526
0,1,144,0,1,1,0,0,1,0,0,0,1,0,1,0,2,0,1.0,259,52,4.980769230769231
0,1,144,0,2,1,6,0,1,1,1,1,1,0,7,0,2,0,5.0,310,55,5.636363636363637
0,48,8,0,1,2,3,3,1,1,2,0,2,0,1,0,2,0,3.0,246,51,4.823529411764706
1,10,122,0,0,1,4,0,2,2,0,0,1,0,1,100,0,0,2.0,210,44,4.7727272727272725
1,5,105,106,0,0,1,5,1,0,0,0,0,0,1,0,2,0,1.0,165,32,5.15625
0,2,55,114,1,1,0,0,1,0,2,2,1,0,1,0,2,0,4.0,118,21,5.619047619047619
0,48,65,114,1,0,1,3,1,1,0,0,2,0,1,0,2,0,3.0,352,64,5.5
0,3,144,0,0,1,0,0,1,0,0,0,1,0,1,0,12,0,3.0,31,4,7.75
0,8,144,0,0,0,1,5,1,0,0,0,0,0,1,0,12,0,11.0,360,66,5.454545454545454
0,8,69,114,1,0,1,5,1,1,0,0,1,0,1,0,2,0,7.0,2110,387,5.452196382428941
0,1,144,0,1,0,1,0,1,1,1,0,1,0,1,0,2,1,13.0,673,114,5.9035087719298245
0,6,60,32,0,0,1,0,0,2,2,0,1,0,1,300,12,0,6.0,400,72,5.555555555555555
1,1,84,0,1,0,1,3,1,0,1,1,1,0,1,0,12,0,7.0,527,97,5.43298969072165
0,9,22,55,0,0,0,0,2,0,2,0,1,0,1,0,7,0,5.0,574,95,6.042105263157895
1,2,105,0,0,0,5,0,1,0,1,0,1,0,1,0,12,1,2.0,951,170,5.594117647058823
0,8,144,0,1,1,6,0,1,1,1,1,1,0,1,0,2,0,2.0,116,24,4.833333333333333
1,2,105,0,0,0,1,0,0,0,1,0,1,0,1,50,2,0,5.0,356,63,5.650793650793651
0,17,144,0,1,4,0,0,2,0,0,0,0,0,1,0,3,0,2.0,238,45,5.288888888888889
0,2,144,0,1,1,0,0,1,0,1,1,1,0,1,0,2,0,5.0,633,122,5.188524590163935
1,18,105,0,1,0,0,0,1,1,0,0,0,0,1,0,12,0,0.0,197,40,4.925
0,48,144,0,0,1,6,0,1,0,0,0,0,0,1,0,2,0,4.0,568,109,5.2110091743119265
1,1,104,0,1,2,0,0,1,1,1,1,1,0,1,0,12,0,3.0,476,88,5.409090909090909
0,12,144,0,0,4,0,0,1,1,0,0,1,0,1,0,2,0,1.0,102,16,6.375
0,4,144,54,1,1,6,0,1,0,0,0,1,0,1,0,2,0,16.0,366,67,5.462686567164179
1,4,135,113,1,5,6,0,0,1,1,1,1,0,1,0,2,0,5.0,93,19,4.894736842105263
0,2,144,114,1,0,6,0,1,1,1,0,1,0,1,0,2,0,4.0,12,2,6.0
0,1,144,0,1,1,0,0,1,1,2,1,2,0,1,0,2,0,1.0,74,13,5.6923076923076925
0,1,144,0,1,1,0,0,2,0,1,0,1,1,1,0,12,0,3.0,481,96,5.010416666666667
0,24,47,0,1,0,1,0,3,0,0,0,0,0,1,0,2,0,2.0,317,55,5.763636363636364
1,5,135,0,1,0,5,5,0,0,2,2,2,0,1,0,12,0,1.0,112,22,5.090909090909091
1,3,104,0,2,0,3,5,1,1,1,1,1,0,2,0,2,0,6.0,192,36,5.333333333333333
0,2,144,0,1,0,6,0,1,0,1,0,1,0,1,0,4,0,1.0,334,67,4.985074626865671
0,72,8,0,1,2,4,0,2,2,0,0,0,0,1,0,2,0,0.0,234,32,7.3125
0,24,60,0,1,1,4,5,1,1,2,2,2,0,1,0,7,0,0.0,125,25,5.0
1,12,104,0,2,0,3,5,1,1,1,1,1,0,3,0,2,0,4.0,101,13,7.769230769230769
0,120,47,0,0,0,0,0,2,2,0,0,1,0,1,0,12,0,2.0,315,68,4.632352941176471
0,2,22,114,2,0,1,0,1,1,1,1,1,0,3,50,2,0,3.0,417,80,5.2125
0,2,144,0,1,4,0,0,1,0,1,1,1,0,1,0,2,0,3.0,639,123,5.195121951219512
1,22,105,0,1,1,2,0,1,0,0,0,0,0,1,0,2,0,3.0,137,22,6.2272727272727275
1,3,135,0,0,3,6,0,1,0,2,2,2,0,1,0,7,0,4.0,42,10,4.2
1,6,105,0,0,0,0,0,1,0,1,1,1,0,1,0,2,0,2.0,211,39,5.410256410256411
0,2,144,0,2,1,3,0,0,0,1,1,1,0,2,0,2,0,1.0,252,46,5.478260869565218
0,4,144,0,0,1,0,0,1,0,0,0,1,0,1,0,2,0,4.0,443,89,4.977528089887641
1,2,143,0,1,0,6,0,0,0,1,0,1,0,1,100,2,0,2.0,46,9,5.111111111111111
1,12,143,0,1,0,6,0,1,1,0,0,0,0,1,0,12,0,1.0,179,34,5.264705882352941
0,36,152,35,0,0,1,0,3,0,0,0,1,0,1,0,2,0,2.0,699,136,5.139705882352941
0,2,144,0,1,1,4,5,1,2,0,0,1,0,1,0,12,0,5.0,213,39,5.461538461538462
1,1,105,0,2,0,1,5,0,0,1,1,1,0,2,0,3,0,2.0,527,104,5.0673076923076925
0,6,144,0,1,1,0,0,1,0,0,0,0,0,1,0,12,0,1.0,143,30,4.766666666666667
1,3,105,0,1,6,0,0,1,0,0,0,1,0,2,0,7,0,2.0,36,6,6.0
0,18,144,114,1,0,1,2,2,0,0,0,0,0,4,0,3,0,3.0,574,114,5.035087719298246
1,1,105,0,0,0,1,3,1,0,1,1,1,0,1,0,2,0,1.0,356,69,5.159420289855072
1,12,135,0,1,0,5,0,0,1,2,2,0,1,1,0,2,0,5.0,233,47,4.957446808510638
0,36,144,0,1,0,1,0,1,0,1,1,0,0,1,0,2,0,3.0,3,1,3.0
0,1,28,114,1,4,0,0,1,0,1,1,1,0,1,0,6,0,3.0,112,18,6.222222222222222
1,1,119,0,1,0,1,4,1,1,1,1,1,0,1,0,2,0,3.0,32,7,4.571428571428571
1,3,105,0,1,0,5,5,0,0,2,2,2,0,2,0,5,0,2.0,16,3,5.333333333333333
1,5,105,0,1,1,5,0,1,0,1,0,1,0,1,0,2,0,5.0,1165,221,5.271493212669683
0,3,69,114,0,1,6,0,1,0,1,1,1,0,1,0,2,0,2.0,276,50,5.52
0,4,144,0,1,1,2,0,1,0,0,0,1,0,1,0,2,0,2.0,130,26,5.0
1,3,105,0,0,1,6,0,1,0,0,0,1,0,1,0,12,0,10.0,947,175,5.411428571428571
0,1,144,0,0,0,4,5,1,1,1,0,1,0,1,0,2,0,3.0,430,90,4.777777777777778
1,12,104,0,0,6,0,0,0,0,0,0,0,0,1,0,12,0,5.0,430,82,5.2439024390243905
0,21,144,0,1,1,0,0,1,0,0,0,0,0,1,0,2,0,4.0,222,41,5.414634146341464
1,3,105,0,1,5,6,0,0,0,1,1,1,0,1,0,5,0,1.0,103,15,6.866666666666666
1,6,130,0,0,0,5,5,0,0,0,0,0,0,1,0,2,0,3.0,219,43,5.093023255813954
1,17,105,0,1,0,1,5,0,0,2,2,0,0,1,0,2,0,3.0,430,84,5.119047619047619
0,24,144,0,1,1,4,5,1,1,0,0,0,0,2,0,2,0,6.0,249,45,5.533333333333333
1,2,104,0,1,0,3,5,1,1,1,1,1,0,1,100,2,0,4.0,247,46,5.369565217391305
1,2,104,82,2,4,5,5,2,1,1,0,2,0,5,30,2,0,5.0,64,9,7.111111111111111
0,3,144,0,1,1,0,0,1,0,1,1,1,0,1,0,12,0,3.0,11,2,5.5
1,4,84,0,0,5,6,0,1,0,1,1,1,0,1,0,12,0,2.0,492,98,5.020408163265306
0,3,144,0,1,1,0,0,1,0,0,0,1,0,1,50,2,0,2.0,32,7,4.571428571428571
0,12,144,0,1,1,6,0,1,0,0,0,0,0,1,250,2,0,4.0,89,18,4.944444444444445
0,2,144,0,0,1,0,0,1,0,1,0,1,0,1,90,2,0,1.0,85,15,5.666666666666667
1,3,104,0,1,1,3,5,1,1,1,1,1,0,2,0,12,0,2.0,116,23,5.043478260869565
0,24,8,0,0,3,0,0,2,2,0,0,1,0,1,100,2,0,1.0,297,58,5.120689655172414
1,2,135,82,2,0,6,0,1,0,1,1,1,0,7,0,12,0,6.0,370,77,4.805194805194805
1,2,103,89,2,1,5,5,0,1,0,0,1,0,3,0,12,0,4.0,870,166,5.240963855421687
1,36,122,0,0,4,0,0,1,2,0,0,0,1,1,0,12,0,1.0,84,16,5.25
0,24,144,0,1,0,0,0,1,0,0,1,0,0,1,0,12,0,1.0,179,36,4.972222222222222
1,3,105,0,1,6,0,0,1,0,1,1,1,0,1,0,2,0,2.0,144,29,4.9655172413793105
0,2,144,16,1,1,0,0,1,1,0,0,1,0,1,0,2,0,0.0,160,28,5.714285714285714
1,1,104,0,0,0,6,0,1,1,1,1,1,0,1,0,2,0,3.0,298,53,5.622641509433962
0,60,144,0,1,1,0,0,1,0,0,0,0,1,1,0,2,0,3.0,905,167,5.419161676646707
1,3,105,0,0,2,6,0,0,0,0,0,1,0,1,0,12,0,5.0,234,41,5.7073170731707314
1,2,105,82,0,1,0,0,0,0,1,1,1,0,1,0,2,0,5.0,12,2,6.0
0,4,144,0,2,1,2,5,1,0,0,0,1,0,3,0,2,0,1.0,155,31,5.0
0,2,144,0,0,0,6,0,1,0,1,1,1,0,1,0,2,0,4.0,615,114,5.394736842105263
0,1,144,0,2,0,1,5,1,0,1,1,1,0,3,0,4,0,9.0,623,134,4.649253731343284
1,12,103,81,0,0,6,0,2,1,0,0,0,0,1,0,2,0,2.0,140,29,4.827586206896552
0,1,144,114,2,0,1,3,1,1,1,0,1,0,4,0,12,0,5.0,353,63,5.603174603174603
0,3,5,114,1,0,5,0,2,1,1,1,1,0,1,0,1,0,2.0,221,44,5.0227272727272725
1,8,104,0,1,1,3,0,1,1,2,2,0,0,1,0,2,0,3.0,56,5,11.2
1,2,105,0,0,3,6,0,1,0,0,0,1,0,1,0,12,0,1.0,160,28,5.714285714285714
1,3,104,0,1,0,3,5,1,1,1,0,1,0,2,0,3,0,3.0,217,46,4.717391304347826
1,12,103,0,0,5,0,0,1,2,2,2,2,0,1,0,2,0,10.0,8,2,4.0
0,11,144,0,1,6,0,0,1,2,2,2,2,0,1,0,2,0,1.0,52,8,6.5
0,30,51,0,1,5,6,0,0,1,0,0,1,0,1,0,12,0,4.0,650,129,5.038759689922481
1,9,104,0,1,3,6,0,2,0,1,0,0,0,1,0,7,0,4.0,125,25,5.0
1,24,119,94,2,0,4,5,1,1,1,1,2,0,20,100,2,0,1.0,156,26,6.0
0,2,144,0,1,0,1,5,1,1,1,1,1,0,8,0,8,0,8.0,419,79,5.30379746835443
0,0,144,0,1,0,1,0,0,0,1,1,1,0,1,0,2,0,4.0,1169,229,5.104803493449782
0,2,144,0,1,0,0,0,1,0,1,0,1,0,1,0,3,0,4.0,708,136,5.205882352941177
0,24,69,0,1,6,0,0,1,1,2,2,2,1,1,0,2,0,0.0,235,43,5.465116279069767
1,48,104,0,0,5,6,0,1,0,0,0,0,0,1,0,2,0,4.0,879,152,5.782894736842105
0,3,144,0,1,4,6,0,1,0,0,0,0,0,1,300,2,0,3.0,555,87,6.379310344827586
1,6,104,0,0,5,6,0,1,1,0,0,0,0,1,120,2,1,5.0,698,128,5.453125
1,67,126,0,0,5,0,0,1,1,0,0,0,0,1,0,2,0,1.0,443,82,5.402439024390244
0,2,144,0,1,0,0,0,1,0,1,1,1,2,2,0,12,0,2.0,257,49,5.244897959183674
1,12,105,101,1,1,4,5,2,1,0,0,1,0,2,0,2,0,2.0,232,46,5.043478260869565
0,2,144,0,2,0,0,0,1,1,1,2,1,0,6,0,3,0,5.0,86,18,4.777777777777778
0,1,144,0,1,1,0,0,1,0,1,0,1,0,1,0,5,0,2.0,582,115,5.060869565217391
0,18,144,0,1,1,6,0,0,0,0,0,1,0,1,0,2,0,5.0,250,46,5.434782608695652
0,2,144,0,1,0,3,0,1,0,0,0,1,0,1,0,2,0,4.0,177,30,5.9
1,14,135,0,0,2,0,0,1,0,2,2,0,0,1,0,2,0,1.0,521,99,5.262626262626263
1,2,126,94,0,5,0,0,0,1,1,0,1,0,1,0,4,0,2.0,49,9,5.444444444444445
0,24,144,0,0,4,6,0,2,0,2,2,2,0,1,0,2,0,2.0,184,35,5.257142857142857
1,1,105,0,1,0,1,0,1,0,1,1,1,0,1,0,12,0,1.0,103,20,5.15
0,5,65,114,1,1,6,0,1,1,2,0,0,0,1,0,2,0,1.0,149,29,5.137931034482759
0,1,144,0,2,0,1,5,1,0,1,1,1,0,4,0,2,0,8.0,123,23,5.3478260869565215
1,1,105,81,2,0,1,5,0,0,1,1,1,0,2,0,12,0,11.0,1044,179,5.832402234636872
0,17,144,0,0,0,0,0,1,1,0,0,0,0,1,150,12,0,1.0,707,134,5.276119402985074
1,48,83,82,0,0,6,0,2,0,0,0,0,0,1,20,2,0,4.0,539,101,5.336633663366337
1,1,105,0,2,0,3,5,1,0,1,1,1,0,3,0,7,0,3.0,207,37,5.594594594594595
1,3,105,0,1,1,0,0,0,0,1,0,1,0,1,0,12,0,2.0,201,37,5.4324324324324325
0,2,144,0,1,0,1,3,0,1,0,0,1,0,2,0,12,0,15.0,299,52,5.75
0,1,144,16,0,4,0,0,1,0,0,0,1,0,1,0,1,0,1.0,703,137,5.131386861313868
0,2,144,0,0,0,6,0,1,1,0,0,1,0,1,0,2,0,2.0,17,3,5.666666666666667
0,6,144,0,1,1,6,0,1,2,0,0,0,0,1,0,2,0,4.0,416,74,5.621621621621622
0,2,144,0,1,4,6,0,1,0,1,0,1,0,1,0,12,0,2.0,110,20,5.5
0,86,60,0,0,0,5,0,1,2,0,0,1,0,1,0,5,0,2.0,16,3,5.333333333333333
0,2,144,0,0,0,3,0,2,0,1,1,1,0,1,0,4,0,5.0,188,40,4.7
1,3,135,0,0,0,5,0,1,0,1,0,1,0,1,0,2,0,3.0,148,25,5.92
1,3,105,0,0,0,5,5,1,0,0,0,1,0,1,0,2,0,3.0,372,73,5.095890410958904
0,15,8,16,1,2,4,0,1,0,2,0,2,0,1,0,3,0,3.0,603,116,5.198275862068965
0,2,144,0,1,0,1,0,1,0,0,0,0,0,1,0,2,0,1.0,89,16,5.5625
0,1,144,0,1,0,6,0,1,1,1,1,1,0,1,0,2,0,6.0,372,69,5.391304347826087
0,2,144,0,1,1,0,0,1,1,1,0,1,0,1,0,2,0,1.0,122,20,6.1
1,2,105,0,0,5,6,0,2,0,1,0,1,0,1,0,12,0,5.0,312,59,5.288135593220339
1,1,105,0,2,1,3,5,1,0,1,1,1,0,3,0,7,0,6.0,757,144,5.256944444444445
1,5,105,0,1,1,3,0,1,1,0,0,0,0,2,50,12,0,2.0,134,28,4.785714285714286
0,2,22,114,0,1,6,0,1,1,1,1,1,0,1,0,12,0,1.0,124,27,4.592592592592593
0,2,144,0,1,1,0,0,1,1,0,0,1,0,1,0,2,0,1.0,279,52,5.365384615384615
0,3,144,0,0,1,0,0,1,0,2,2,1,0,2,0,2,0,1.0,34,6,5.666666666666667
1,3,105,0,2,0,6,0,1,1,2,2,2,0,2,0,2,0,3.0,213,32,6.65625
0,1,144,0,2,0,1,5,1,0,1,0,1,0,9,0,2,0,8.0,103,19,5.421052631578948
0,4,144,0,1,0,1,4,1,1,1,1,1,0,6,0,2,0,5.0,141,25,5.64
0,6,144,0,0,6,0,0,1,0,0,0,0,0,1,0,2,0,1.0,102,19,5.368421052631579
0,6,144,0,1,4,0,0,1,0,0,0,1,0,1,0,2,1,2.0,389,70,5.557142857142857
1,4,105,0,0,2,0,0,1,0,0,0,1,0,1,0,12,0,2.0,501,96,5.21875
0,36,22,0,1,0,0,0,2,1,2,2,0,0,1,0,2,0,5.0,441,65,6.7846153846153845
0,3,144,0,2,1,4,0,1,0,0,0,1,0,4,0,3,0,2.0,307,55,5.581818181818182
0,3,144,114,0,0,6,0,1,0,1,1,1,0,1,0,2,0,3.0,239,45,5.311111111111111
0,6,144,0,2,0,1,5,1,0,2,2,2,0,3,0,3,0,2.0,149,27,5.518518518518518
1,14,105,0,2,0,1,4,1,1,1,1,1,0,4,0,2,0,2.0,413,73,5.657534246575342
0,2,54,114,1,1,6,0,1,0,1,0,1,0,1,0,2,0,7.0,194,35,5.542857142857143
1,5,105,71,0,0,0,0,1,1,0,0,1,0,1,120,2,0,1.0,183,32,5.71875
0,3,144,0,0,1,0,0,1,0,0,0,1,0,1,0,2,0,1.0,139,27,5.148148148148148
0,2,166,114,1,0,1,0,1,0,0,0,1,0,1,0,2,0,3.0,122,21,5.809523809523809
1,1,105,0,1,0,3,5,1,0,1,0,1,1,2,0,2,0,7.0,1007,176,5.721590909090909
1,1,103,113,1,0,6,0,1,2,0,0,1,0,1,0,2,1,10.0,1085,186,5.833333333333333
0,17,144,0,1,0,5,0,2,1,0,0,0,0,1,0,2,0,5.0,815,146,5.582191780821918
1,4,105,81,1,2,6,0,1,0,0,0,1,0,1,0,2,1,1.0,165,31,5.32258064516129
0,2,144,0,1,1,4,0,1,0,1,0,1,0,1,0,7,0,1.0,148,30,4.933333333333334
1,4,92,0,0,0,0,0,1,2,0,0,0,0,4,0,2,0,1.0,689,128,5.3828125
1,3,104,82,2,0,1,3,0,1,1,1,1,0,3,0,5,0,5.0,293,53,5.528301886792453
1,6,135,0,0,2,0,0,0,0,2,2,2,0,1,1,2,0,3.0,172,31,5.548387096774194
1,5,104,82,2,4,5,5,0,0,0,0,1,0,4,0,2,0,4.0,395,66,5.984848484848484
1,3,105,0,1,5,6,0,1,0,1,1,1,0,1,0,2,2,20.0,1964,398,4.934673366834171
0,12,144,0,0,1,0,0,1,1,0,0,0,0,1,0,2,0,2.0,94,20,4.7
0,2,144,0,2,0,1,5,1,0,0,0,2,0,3,0,12,0,3.0,868,140,6.2
0,2,165,114,1,0,1,5,1,0,1,0,1,0,1,0,12,0,7.0,27,4,6.75
0,1,144,0,1,0,6,0,1,1,1,1,1,0,1,0,3,0,2.0,137,20,6.85
1,12,105,0,1,2,5,5,1,0,0,0,0,0,1,250,3,0,3.0,417,64,6.515625
1,3,104,0,1,1,6,0,1,1,1,1,1,0,1,0,12,0,4.0,63,10,6.3
1,8,105,82,0,0,0,0,1,0,1,1,0,0,1,0,12,0,5.0,192,40,4.8
0,9,144,0,1,2,3,3,0,1,0,0,0,0,1,0,2,0,3.0,227,46,4.934782608695652
1,3,105,0,0,3,4,0,1,0,1,1,1,0,1,0,2,0,3.0,184,32,5.75
1,1,105,0,2,0,2,0,0,0,1,0,1,0,5,0,2,0,1.0,166,33,5.03030303030303
1,2,105,0,0,1,4,5,0,0,1,0,1,0,1,0,2,0,10.0,247,46,5.369565217391305
0,25,54,0,0,0,1,5,1,0,0,0,0,0,1,0,12,0,1.0,329,58,5.672413793103448
0,0,144,0,1,0,6,0,1,0,1,0,1,0,1,0,2,0,9.0,462,91,5.076923076923077
0,2,144,0,1,4,0,0,1,1,0,0,1,0,1,0,12,0,5.0,99,17,5.823529411764706
1,1,105,0,2,0,4,5,0,0,1,0,1,0,3,0,12,0,3.0,37,5,7.4
1,3,104,0,0,0,6,0,0,1,1,1,1,0,1,0,2,0,4.0,794,145,5.475862068965517
0,2,144,0,1,0,1,0,0,0,1,0,2,0,1,0,2,0,2.0,292,56,5.214285714285714
0,18,47,16,0,1,0,0,2,0,0,0,1,0,1,0,12,0,1.0,61,12,5.083333333333333
1,3,105,106,0,0,5,5,0,0,0,0,1,0,1,0,3,1,4.0,44,10,4.4
1,2,104,82,0,5,6,0,2,1,0,1,1,0,1,100,12,0,3.0,290,54,5.37037037037037
0,1,144,0,0,1,6,0,1,0,1,1,1,0,3,0,2,0,17.0,678,118,5.745762711864407
0,2,144,0,1,1,0,0,1,0,1,1,1,0,1,0,2,0,4.0,437,81,5.395061728395062
1,1,104,81,2,5,6,0,0,1,1,1,1,0,4,0,2,0,7.0,55,9,6.111111111111111
1,4,105,0,0,5,6,0,1,1,1,1,1,0,1,0,12,0,1.0,74,14,5.285714285714286
1,3,105,0,1,0,3,5,1,0,0,0,1,0,1,0,2,0,1.0,25,3,8.333333333333334
0,1,144,0,0,0,1,0,1,1,1,1,1,0,1,0,3,0,1.0,133,20,6.65
0,8,166,114,0,1,0,0,2,0,2,2,1,0,1,0,2,0,6.0,448,90,4.977777777777778
1,0,104,0,2,0,1,5,1,1,1,1,1,0,3,0,2,0,4.0,269,47,5.723404255319149
0,2,144,114,1,4,0,0,1,1,1,1,1,0,2,0,2,0,0.0,59,12,4.916666666666667
1,3,119,94,0,0,2,0,1,1,1,0,1,0,2,0,2,0,1.0,166,32,5.1875
0,1,144,0,1,4,0,0,1,0,1,0,1,1,1,0,2,1,7.0,999,193,5.176165803108808
0,3,22,114,1,4,6,0,2,1,2,2,0,0,1,0,2,0,3.0,231,45,5.133333333333334
1,1,104,0,0,1,0,0,0,1,0,0,1,0,1,0,12,2,6.0,1488,257,5.78988326848249
1,1,120,0,0,4,0,0,0,0,1,1,1,0,1,0,2,0,1.0,38,8,4.75
1,2,135,82,0,0,1,0,0,0,1,0,1,0,1,0,12,0,4.0,258,44,5.863636363636363
0,24,144,0,0,1,0,0,1,0,0,0,0,0,1,0,2,0,5.0,19,3,6.333333333333333
1,2,105,82,1,0,6,0,1,0,1,0,1,0,1,0,2,0,11.0,297,54,5.5
1,5,103,81,1,3,0,0,2,2,1,1,1,0,1,0,12,0,5.0,14,3,4.666666666666667
0,36,13,0,0,5,6,0,2,1,0,0,0,1,1,200,2,0,5.0,1032,204,5.0588235294117645
1,12,105,0,0,5,6,0,2,0,0,0,0,0,1,20,12,0,5.0,126,22,5.7272727272727275
0,2,144,0,0,0,1,1,1,1,0,0,1,0,1,0,2,0,5.0,285,49,5.816326530612245
1,1,104,0,2,2,4,4,1,1,1,1,1,0,4,0,7,0,4.0,167,31,5.387096774193548
1,2,105,82,1,1,6,0,1,0,1,1,1,0,1,0,12,0,3.0,387,63,6.142857142857143
0,1,147,0,1,0,6,0,1,1,1,1,1,0,1,200,6,0,5.0,198,33,6.0
1,2,105,0,2,0,1,0,1,0,1,1,1,0,3,0,4,0,3.0,584,104,5.615384615384615
1,4,104,0,2,0,1,5,1,1,1,1,1,0,2,100,12,0,8.0,145,25,5.8
1,3,105,101,1,0,3,5,0,0,1,1,1,0,1,0,12,0,4.0,137,27,5.074074074074074
1,6,105,0,1,3,6,0,0,0,1,1,1,0,1,0,7,0,3.0,236,36,6.555555555555555
1,25,104,0,1,1,5,5,1,1,0,0,2,0,1,0,2,0,2.0,93,15,6.2
1,24,105,0,1,1,3,5,1,0,1,1,0,0,1,0,2,0,1.0,27,4,6.75
1,3,105,0,0,0,6,0,1,1,1,0,1,0,2,0,12,0,19.0,55,8,6.875
0,1,144,0,0,0,5,5,1,1,1,1,2,0,1,250,2,0,1.0,45,8,5.625
0,7,149,114,1,1,4,5,1,1,0,0,0,0,1,0,12,0,4.0,24,5,4.8
1,2,105,0,0,0,1,0,0,0,1,1,1,0,1,0,3,0,5.0,597,130,4.592307692307692
1,2,103,81,2,0,1,4,0,1,1,0,1,0,2,0,12,1,5.0,262,47,5.574468085106383
1,4,105,0,2,0,3,5,1,0,1,1,1,0,2,0,12,1,8.0,736,137,5.372262773722627
1,6,105,0,2,2,3,5,2,0,0,0,2,0,2,0,12,0,5.0,166,33,5.03030303030303
0,1,38,133,2,0,1,5,1,1,1,1,1,0,9,100,6,0,5.0,1878,267,7.033707865168539
0,5,69,114,1,6,0,0,1,1,1,1,1,0,1,50,2,0,4.0,109,17,6.411764705882353
1,0,135,81,0,1,2,0,1,1,1,1,1,0,1,0,2,0,4.0,742,130,5.707692307692308
1,9,128,82,0,4,0,0,1,0,0,0,0,0,2,0,2,0,4.0,223,44,5.068181818181818
0,12,144,50,0,5,6,0,1,2,0,0,0,0,1,0,2,1,4.0,990,178,5.561797752808989
0,49,144,49,1,1,2,0,1,1,0,0,0,0,1,9,2,0,2.0,182,37,4.918918918918919
1,7,125,82,1,6,0,0,1,0,1,0,1,0,1,150,12,0,2.0,247,49,5.040816326530612
1,1,104,0,2,0,4,4,1,1,1,1,1,0,2,0,2,0,2.0,71,15,4.733333333333333
1,1,105,0,2,0,3,5,1,0,1,0,1,0,4,0,2,0,11.0,781,154,5.071428571428571
1,28,128,0,0,1,0,0,2,1,1,1,2,2,1,0,4,0,0.0,278,45,6.177777777777778
1,2,104,0,1,5,6,0,0,1,1,0,1,0,1,0,12,0,10.0,194,37,5.243243243243243
